4.035299022898114707e+00 5.947580512258060281e+00 4.842514457147527374e+00 3.160800798663734756e+00 3.033500850254197800e+00 5.262796323093188455e+00 3.959044178893801891e-01 2.804181580469019330e+00 1.742091512148415067e+00 5.029259875391089984e+00 6.998278911514581591e-01 1.628082804464791922e+00 5.390230480527369306e-01 5.687488872258468220e+00 3.735903612148270270e+00 3.677668779861285042e+00 7.198311839287059311e-01 5.426135164121340004e+00 1.368159345201485300e+00 1.127322080524102210e+00
6.133659599307816457e+00 4.131293156231509833e+00 5.414238528877308276e+00 6.322171803610703300e-01 2.281004922662388967e+00 2.560323261631092695e+00 5.942642959477846709e+00 4.765135694579154535e-01 2.688061055213484263e+00 6.008600549898340581e+00 2.453558706958324453e+00 5.750878108556336521e+00 1.020530045120883411e+00 5.775832257396460001e+00 4.385824213731424059e+00 5.055556147053423821e+00 3.552730115160101398e+00 2.830665801975156270e+00 4.430563476301714765e+00 1.474330517361998272e+00
4.599562812692699509e+00 2.308577701640270319e-01 4.174024220766476390e+00 4.541378649068235518e+00 6.271210004476547972e+00 4.997845035295810590e+00 6.215966289683889201e+00 4.464138120915749575e+00 4.915474108883026716e+00 5.032468165541452265e+00 4.987903298963932142e-01 3.617911585670093633e+00 1.727988825100363446e+00 5.079786766581113611e+00 4.649206455893847512e+00 2.856318036136607841e+00 4.883941344762154912e+00 2.400613582249605749e+00 2.113901152987051058e-01 9.617208845887399438e-01
1.989652796917874333e+00 1.239160460791004281e+00 2.740486571072970889e+00 3.774424767579017681e-01 4.414110860351585508e+00 4.028737066324440619e+00 5.645289962715796861e+00 4.638679832613227028e+00 3.710099165483505157e+00 4.444771349609238698e+00 2.222969420514266492e+00 4.030262432694529551e+00 1.491290773994386587e+00 5.035479970305627440e+00 3.198196865933517596e+00 1.555906498670686755e+00 4.199553092116198094e+00 6.191265188957319587e+00 5.156306872613460435e+00 7.225987424426028038e-01
6.176982549571053971e-01 4.828792418538679243e+00 5.406904107942290594e+00 1.523157255244856456e+00 3.419211810504724447e+00 2.322409820022663940e+00 1.527363260745644435e+00 4.408988974825658325e-01 2.106958252017533118e-01 4.383627018131153186e-01 1.619367925985749634e-01 1.693656484443119892e+00 3.182188613667849442e+00 3.558255079955604749e+00 3.645731734713285821e+00 1.663633619893821525e+00 5.853485155987803168e+00 5.590625706996747546e+00 3.468592543941511064e+00 1.678766574142252610e+00
4.819708685668327441e-01 5.262616718887476175e+00 3.662053834463220525e+00 1.861548231068237857e+00 3.669325235811981667e+00 3.923271957095950224e+00 1.669871810926924827e+00 4.112898293971955610e+00 3.304939229255008382e+00 1.952648448474368914e+00 5.791644208894485502e+00 2.840817818962725561e+00 3.103550528890177240e+00 5.640335065882693399e+00 2.395599074109411752e+00 4.210908018647242734e+00 4.426772252389094220e+00 8.167905855743113896e-01 4.692234882565845311e+00 2.823318264337857375e+00
5.001945759128703095e+00 3.273089687726606023e+00 1.342178285684851036e-01 2.132329824790103245e+00 4.190346582559437039e+00 5.835677957916909797e+00 1.581818039294394795e+00 1.456686876567760081e+00 5.142696241886862474e+00 1.541406821490219681e+00 3.292695509012296129e-01 1.547601708083588656e+00 1.851306450180500551e+00 3.659559075675719253e+00 3.333611287040534776e+00 5.080306719414195982e+00 6.088066016682209813e+00 1.161520726829071704e+00 2.701164973969652827e+00 6.176653518142459554e+00
5.127052354884269469e-01 4.153111557657068964e+00 2.525851942044879728e+00 1.615137326957297947e+00 4.087124964909507163e+00 2.999427664920183645e+00 3.192259316928247159e+00 1.730533686859073272e+00 5.567712363555719079e+00 3.730351645851305076e+00 7.026244265365753083e-01 5.724388081624062430e+00 5.663770645428386707e+00 5.047665597614598099e+00 4.608304433551944079e+00 1.595490670534820188e+00 6.019118163601133276e+00 3.887123631577323657e+00 4.301092547247590048e+00 5.993204900163600080e+00
6.658608891465092050e-01 2.735125336810368513e+00 5.844740384058385807e+00 3.443834798477875658e+00 3.755398966145363282e+00 3.502020355073751645e+00 1.285866445269140179e+00 2.701670363036773326e-01 3.171378347360678251e+00 9.026783332201125942e-01 2.453898775983261782e+00 3.006213753416723922e+00 4.802424371944669090e+00 4.657455842432701942e+00 3.119354500984203415e+00 4.552007356810998218e+00 4.996030557847888964e+00 3.895851128524790763e+00 5.745615583859877695e+00 2.512021557848956199e+00
5.526022195162409112e+00 2.162299401619049100e+00 2.061463300490894657e+00 3.464520231062383715e+00 4.576854704508831695e+00 6.247494610041989915e+00 4.807539072335116792e+00 9.001993655449881393e-01 9.144214218415894768e-01 4.852041871672636120e+00 1.736856081281826225e-02 5.480968291589354280e+00 3.824441340327693784e+00 5.621021980999009848e+00 4.546370838232137501e+00 2.356080776199016569e+00 5.225377969191066008e+00 1.432679501960890001e+00 1.210899995676158802e+00 2.163115060055340155e+00
1.311717264789976078e-01 5.640473689176372929e+00 2.939247885983454989e+00 4.525848731550095039e-01 2.738849179062389005e+00 1.753432067606512268e+00 1.784965378396751456e-01 4.899095950538074895e+00 6.105512859669065540e-01 5.525904453807039651e+00 2.084748521383413600e+00 2.575617564255928915e+00 5.255882497738931569e+00 5.462556537774988286e+00 5.109388880555845169e+00 4.142611066204765713e+00 6.267671446384259326e+00 5.394651423122432732e+00 1.167566975530198947e+00 2.793553397253137671e+00
5.033835767742336209e+00 6.283080734324040684e+00 2.892791670056754416e+00 5.769616517110653930e+00 4.884312154438481990e+00 3.606346483533624969e+00 5.896736465107461911e-02 4.156366360699727203e+00 2.441292933627615014e+00 5.176694604139322919e+00 3.903946382545237181e+00 6.068348234902855687e+00 3.621399406491800033e+00 3.719631507799925796e+00 4.656961741314741943e+00 3.911084217904957416e+00 1.017334937884201818e+00 5.522054078574242908e+00 2.001580358159932516e+00 3.535868679327818231e-01
1.459750209312675739e+00 3.780373190662240201e+00 2.738066970209180440e+00 3.862299746024088432e+00 5.258099936151578113e+00 5.629653093402557928e+00 1.379543647210309087e+00 1.395993607711155438e+00 6.155152769722870287e-01 2.873910267333702695e+00 2.308328292091131217e+00 3.013237410909421765e+00 1.200505304092977399e+00 3.993971168365356039e+00 5.966514206464925252e+00 2.757614431207579653e+00 5.851100554903990947e+00 3.186853281793879944e+00 2.324113252028704668e+00 2.678193046270545885e+00
4.796989998355426721e+00 2.320518670039282139e+00 8.486687780981266860e-01 2.318018221503614029e+00 2.994129347741352198e+00 3.965555230351252014e+00 4.806364896003437970e+00 6.259621715225403449e+00 6.004367644285681038e+00 5.739841859257713175e+00 8.245469135089249502e-01 1.159262752271371030e-02 1.952877172790117966e+00 4.684464997157614441e+00 1.485475149747528256e+00 4.176124697305222178e+00 1.242969445594408029e+00 6.144319216633269853e+00 2.350327721743157294e+00 5.007563865003955783e+00
3.125565308386002883e+00 2.366202970586078536e+00 2.239298169914762049e+00 4.275201740062684053e+00 1.775648346183675619e+00 7.996260433678810120e-01 2.077696777179929732e+00 4.926926439337982799e+00 5.434434106154193422e+00 1.022703575322687408e+00 3.022752581973040531e+00 3.520822760147832131e+00 2.802513416638080734e+00 5.662941925410705402e+00 2.171875791735504713e+00 5.808627163801095783e+00 3.091684773705786871e+00 3.639678500460439281e+00 4.508313526827806506e+00 3.679217236325912910e-01
4.011735951061072392e+00 4.894409508687267873e+00 3.097323905630751995e+00 5.165630739540769234e+00 5.554843406524960336e+00 4.051849987299514844e+00 4.123202845328792776e+00 3.281891648576982234e-01 4.274720236960631858e+00 1.305493453600274245e+00 2.701804541451216402e+00 1.509172310036947851e+00 2.014455524040176915e+00 2.007804973157111927e+00 5.437436075610911246e+00 1.877980961568259666e+00 5.966119987611541831e+00 5.926301474016669069e+00 2.694942033926015945e+00 2.894268678993539012e+00
5.366907748723420468e+00 6.666202715783358101e-01 2.315675790869091144e-01 1.385559148700810317e+00 2.149865227211717134e+00 1.926803241399581479e+00 2.340984390280195004e+00 3.224583140035058193e+00 2.248795424275182864e+00 1.357813942306630883e+00 4.097180643472819739e+00 5.227607760191863129e+00 1.812621930464807463e+00 4.010697866901741016e+00 8.529256097864369446e-01 3.036405557916239228e+00 6.176373304085689853e+00 2.217977296417519284e+00 3.618755081280257802e+00 2.574090920782574177e+00
2.137294719954602407e+00 3.762124763551496276e+00 4.533470855084257067e+00 4.231220609257419163e+00 4.301320139226943340e+00 3.677953670432366096e+00 3.954561718420046112e+00 8.239871076375993378e-03 2.135235810296655767e+00 8.492337647777550846e-02 4.384489589188240721e+00 6.197100956346898393e+00 1.966738934993309762e+00 2.271227793648225912e+00 5.906222155668954255e-01 4.254020553526655313e+00 4.200829316745818609e+00 2.522296371029510986e-01 3.070130886389976776e+00 2.126842170457847736e+00
3.559269153777278483e+00 3.493472454476729716e+00 3.176367576597430187e+00 4.032709863223633562e+00 3.178296654171281488e-01 3.934538764018973289e+00 4.286505030643131597e+00 1.240848224750863205e+00 1.002117929911590100e+00 2.579808029497922650e+00 3.555725768811403231e+00 4.224681715872963927e+00 4.286930487915911137e+00 3.107346110551938878e+00 3.964170369763436508e+00 1.398012476962921413e+00 6.145283148086004843e+00 1.144360076524926217e+00 4.139461479926412224e+00 2.039498141535107667e+00
6.148804249804459943e+00 3.887094109904619454e+00 5.927329031130905257e+00 4.220713251483013906e+00 2.782435717853883328e-01 2.693346816241681374e+00 1.682153917469072724e+00 9.755338692055763872e-01 5.679984544663122747e+00 5.784935873294192454e+00 2.777991895471295436e+00 5.157810399808116841e+00 5.476904642072041085e+00 6.331122799094516251e-01 5.532855929386287563e+00 5.976417721547169215e+00 2.729820593033102316e+00 1.694733177599784257e+00 9.882871460186708479e-01 1.638572360736332945e+00
3.432749852116348865e+00 2.387078080022328574e+00 2.891168009403245254e+00 1.665352407055729067e+00 5.368640921289826728e+00 4.195249712838577949e+00 2.163261370802835870e+00 5.729474941305142899e+00 2.787103793709805544e+00 4.207640588929061565e+00 2.034113191851894875e+00 4.390796600470961764e+00 9.643302648147871192e-01 2.541652493309252137e+00 2.127463796119873241e+00 1.049651733713241608e+00 4.999229076454568599e+00 1.653585428695839576e+00 4.885077166461467613e+00 3.717287394540799372e+00
3.063358740428276494e+00 2.325781503232315223e-02 3.716022244735399660e-01 2.162745253995792982e+00 4.955943684897792245e+00 3.907307565645968261e-01 9.572929857589316249e-01 5.986487028852229386e+00 5.353812378133235406e+00 4.920778352514436627e+00 3.452558471864455303e+00 5.951047722224559244e+00 4.925689425796470289e+00 1.989717427374446235e+00 1.822143738414399472e+00 3.084298021221347774e+00 5.734175915761169362e-01 4.889919167987611281e+00 3.016334834745659221e-01 1.742720195442339470e+00
5.855460815426977855e-02 2.774092254022961779e+00 3.632592967643737403e+00 1.930520924047808284e-01 5.517491855937973533e+00 7.039841021620825146e-01 2.518862342767187013e+00 3.754726683508198715e+00 3.916878846718528706e+00 2.131694072390685868e+00 2.951948710599333392e+00 5.822269715706604565e+00 3.649496605761741286e+00 5.868936747366567452e+00 5.549253621595894082e+00 1.114667478848476945e+00 2.419650550277940404e+00 5.675619626657609551e+00 2.105947167449416124e+00 1.376299875107027448e+00
6.028204368049874695e+00 1.297424986416225057e+00 3.469648071543478096e+00 4.386500228483363628e+00 5.398948449685615492e-01 4.872427111029983493e+00 5.826599328664499033e+00 3.705170575846512104e+00 2.577499133092414851e+00 1.597591663296629605e+00 5.181377151941244819e+00 4.146144437864544230e+00 9.462621267304888173e-01 4.475720628419590952e+00 7.589411416399010069e-01 3.476161991657750416e+00 5.328604204019170787e+00 3.310938073155935246e+00 5.239994055258018868e+00 2.141688238996013016e+00
5.878342769453126948e+00 1.334986789392241580e+00 4.773211329449938423e-01 4.864316876287633207e+00 3.210886701545911937e+00 6.045787951071011079e+00 4.982464122733708756e+00 2.204320206383587166e+00 2.994921636252179109e+00 1.339499314619408687e-01 5.835007816266350567e+00 4.007852270798069050e+00 1.264264723238859078e+00 1.427500457350256990e+00 3.130752635379438154e+00 2.602303433990527992e+00 2.929192779734439256e+00 6.268440907854935240e+00 3.219282757327192268e+00 6.189028406606117194e+00
5.434559903197140329e+00 2.703948829386757513e+00 2.726175545206754425e+00 5.126544222399741280e+00 3.352347666119173120e+00 4.073036460037353201e+00 1.340685973407548470e+00 4.943522331807436387e+00 4.134742763667336618e+00 2.844479550796769285e+00 5.831137584857358114e+00 2.333580483498172597e+00 5.272843481356791706e+00 5.811168611307936160e+00 8.130996677918918281e-02 4.176955567956545323e+00 9.302707476370756234e-01 5.185727814480535436e+00 5.315210676052610772e-01 1.538664883979085296e+00
5.280859603225853682e+00 4.411548305397210434e+00 4.186520990187699631e+00 3.040972059351040868e-01 5.787713859474617806e+00 1.647690374645268685e+00 8.963526738539195904e-01 5.626185057684612190e+00 7.646000438260147636e-01 4.925027781508996227e+00 5.343690701763879503e+00 1.122753548276000268e+00 3.539527820987807161e+00 2.413230702369735692e+00 3.671371939287660258e+00 8.355621738800310394e-02 5.555370535830335577e+00 3.361137562716868032e+00 1.803058236185538288e+00 1.266232310384548254e-01
4.985576091586453096e+00 1.502918016586292094e+00 5.822157671621010167e+00 4.862689724763370691e+00 4.123779421680215940e+00 4.350254959698294677e+00 6.135494115180725849e+00 5.382191876302467648e+00 1.388905462177619565e+00 1.241533366025272089e+00 5.407161992547064422e+00 2.651936606739623503e+00 2.997176352509120623e+00 2.948700347921804354e+00 2.182408252101348367e+00 1.957977456401079897e+00 2.648574875453407529e+00 5.872593966227453777e+00 3.363504457664317826e+00 2.174969073598933100e+00
1.007240269824236867e+00 1.883307944511440235e+00 5.723131195006198046e-01 4.676828293566964057e+00 2.566260748358477617e+00 2.524372372643316709e+00 2.683844432627914500e+00 2.428066620376888807e+00 5.672728494324539739e+00 4.973938636576773042e+00 2.190216561653040905e+00 5.873871745671312150e-02 4.919611392884549517e+00 4.183429409017491274e+00 5.971873787410291179e+00 4.792410303620645351e+00 4.098186738030725529e+00 5.495990046832613274e+00 8.906747177145144523e-01 3.736812899243879826e+00
4.396726497298260039e-01 2.771154407179058365e-01 5.432196357960516586e+00 4.320517461363706069e+00 3.741652446086720207e+00 3.419818241314382057e+00 3.544565560659332260e+00 2.086534548045862802e+00 2.078655659758527730e+00 4.124495681667092128e+00 2.924678732684339089e+00 3.680626936161910834e+00 2.120595810854844832e+00 1.944381544676767826e+00 8.722458945548873244e-01 3.826456419721589786e+00 8.569056884581230937e-01 5.342095104616276124e+00 4.904487641316258362e+00 5.757821879712658131e+00
2.277355547781833245e+00 3.085586883573050887e+00 8.255949648112813621e-01 4.065673758967501827e-01 5.984000715533823289e+00 4.542645711067093472e+00 5.149916989656990296e+00 1.830142116727554891e+00 2.755832217582958044e-01 1.984203970785911153e+00 5.329980836819893320e+00 3.301645055382300686e+00 3.402577782289926134e+00 2.705605131311013878e+00 6.640676652515975498e-01 6.074171958247005954e+00 4.641715154705742252e-01 3.392588217277185514e+00 1.938243098992128433e+00 9.284472027938699412e-01
3.291058155542889718e+00 3.146203943156141158e-01 6.132700367368632222e+00 2.796948043337000200e+00 6.080286344580400737e+00 4.858552386129836087e+00 2.891472973040766892e+00 8.672920957942409359e-01 7.268747864126974267e-01 8.565488117608439644e-01 4.650538191868374582e+00 6.132476171355343730e+00 8.278589663215270011e-01 4.855414586906720231e+00 3.098265472897101969e+00 2.127541830370127673e+00 5.554177245029504384e+00 2.297260072874477144e-01 4.537058345333781162e+00 4.233225218284413671e+00
