5.043391158227120918e+00 4.006510688346154758e+00 5.574739597606571451e+00 4.843064894299173417e+00 2.477832154806246301e+00 2.207808263164589224e+00 5.291229088753029330e+00 2.297409452251962136e+00 4.846354656599278776e+00 1.605461776625221937e+00 5.998531833279344916e+00 2.346380978065912171e+00 4.500771878819736393e+00 3.928101378880499261e+00 5.577799132115007552e+00 1.407838794501332647e+00
3.188966839870193137e+00 2.457846250424038814e+00 2.750429243298747828e+00 2.267123025334566666e+00 1.575312049435003414e-01 6.955166357332730476e-01 3.240374323360772468e+00 1.727150934114735747e+00 3.851617987763603868e+00 6.002055897164561671e+00 3.995664420321200616e+00 4.909549828309232922e+00 3.512414366347902828e+00 8.231640081955058363e-01 6.950935865332820152e-01 6.878639107728836688e-01
1.878360778686261945e+00 3.671831490829153388e+00 4.251075917720294584e+00 2.037497230877083343e+00 6.269164144191219812e+00 7.270962900988251487e-01 3.889885292040329290e-01 4.777818058438263016e+00 5.462016916059519112e+00 3.585845761166611023e+00 2.911924583198494343e+00 4.107531468182085810e+00 5.874497237553071294e+00 4.693658864764218563e+00 6.159629349871563520e+00 4.466999914234995650e+00
2.617170797101350921e+00 2.687030393149017815e+00 7.240965793258635763e-01 6.387490042683994229e-01 5.869273708056180539e+00 6.174490097674405042e+00 4.716688506123320468e-01 4.063391578758779321e-01 4.059822365381179132e+00 5.276588210395178891e+00 2.705976545665072841e+00 5.703532238415316868e+00 1.131442376640460656e+00 3.035369787950795928e+00 1.543618693745567594e+00 4.293158582380191213e+00
4.746585946868971284e+00 4.334407941290769450e+00 4.406173110762130030e+00 3.542207891683205823e+00 2.890102998391367972e+00 1.228807214435043038e+00 1.640030290952760206e+00 4.221855540822834207e+00 9.332940477536402213e-01 3.274719989200194359e-01 3.491361230749015498e-02 3.423035386031176852e+00 6.239503359662704973e+00 1.825951632177099881e+00 1.847346764295932253e+00 4.495676518931102095e+00
3.329460133212299500e+00 3.827441540567039446e+00 6.572985738882017315e-02 1.675310125096995062e+00 5.439681860442717287e+00 3.770986932176888740e+00 4.423256471111349342e+00 4.012643886228938861e+00 2.912777787735519652e+00 5.153871741244045346e+00 2.838559425512193535e+00 8.211145222347033812e-01 7.481773287017547958e-01 2.806126318362720085e+00 1.512327005209001429e+00 4.284828941070611741e+00
3.146380400004702871e+00 2.521916550096372944e+00 2.841455370156968474e+00 5.945082923694747556e+00 4.841842437353348849e+00 3.780013526682614255e+00 5.289485346033895752e+00 1.224467649658959711e+00 3.581731485730138331e+00 3.504099533378882692e-01 8.052945590410353072e-01 3.385346726893840419e+00 3.266390099198344998e+00 3.280745899386680264e+00 9.725322790390940053e-01 4.792717726871389416e+00
4.431678922230560147e+00 3.280993469256534123e+00 2.784347094462234828e+00 3.273148733773057817e+00 2.000968990824550708e+00 4.001410177912272381e+00 2.516521443642238509e+00 1.079325225991139003e+00 3.165432741176978038e+00 8.977123487488027909e-01 4.970655793720823112e+00 1.156592777373155467e+00 2.669340626644283176e+00 6.005265919793438378e+00 4.698835477755188172e+00 4.768572673044643828e+00
9.040533195795069643e-01 4.585190427672973357e+00 3.983227903721851426e+00 5.113597518297410716e+00 5.505388493777093828e+00 3.111198629221050282e+00 1.030508232816066405e+00 3.225929787459637321e+00 1.041704553052047594e-01 9.348773714068542295e-01 3.283200194260734506e+00 3.634214804930069320e+00 5.716475394763276263e+00 2.693779115665293045e+00 5.922717682281454010e+00 2.145894216915196662e+00
2.106399714245112964e-01 2.033986852920303789e+00 4.546059448459974561e+00 5.069008695786588525e+00 4.888469889803433444e-01 5.273018213539224952e+00 5.751758489832906385e+00 2.052383003110122228e+00 3.874667229676401980e+00 4.605274701036137230e+00 8.962112434145717010e-01 4.864530498397085650e-02 1.996779652374313763e+00 8.285776814327424633e-01 9.026275193168885602e-01 5.817535022142743095e+00
6.108986333768636534e+00 1.061793512462732014e+00 5.214234846584446359e+00 5.389201988667644549e-01 2.414080528872434780e-02 6.037913126686072829e+00 1.200920760573453538e+00 5.498665255221572679e+00 5.216209018757335336e+00 4.966798069870003829e+00 4.301791681097116848e-02 3.088885183191389050e+00 5.570417365933262310e-01 1.571209702971916533e+00 5.285256866698778033e+00 1.706628488484257078e+00
6.259452149944812582e+00 1.372664789973354060e-01 5.754537089864328436e+00 6.239564908599042781e+00 3.921994936591438830e+00 5.269859562493466321e-01 4.601566195249744418e+00 5.251032772967876738e+00 5.684332332246300190e-01 1.107098794947076331e-01 2.591067414186231321e+00 5.866559394839280017e+00 5.711840074745015983e+00 3.456929373481410384e+00 3.122318154688275449e+00 4.564135030171097007e+00
2.368684999519092838e+00 9.515000687186443429e-01 4.333862896044010427e+00 3.630092523891180978e+00 4.404465365089377471e+00 5.091552933819216697e+00 4.082170739893768996e+00 5.931124455879679402e+00 2.210176615457325244e+00 3.778152431300477510e+00 6.059924503589258826e+00 3.421386529217561812e+00 4.527083139274704848e+00 1.187664018447030179e+00 1.758090409881505334e+00 8.834685413409202326e-01
3.312070764138883017e-01 3.243234179199522838e-01 3.012207326528707263e+00 4.683932890596744336e+00 7.905373297049195225e-02 3.673500959717145964e+00 4.494522575409286347e+00 1.353252646673101856e+00 3.715236274133023375e+00 3.994267542506273472e+00 1.986548678408887270e+00 4.428307826325380780e+00 4.157292512989992694e+00 2.023777087252788487e+00 5.374879305599179702e+00 4.402860824901077663e+00
5.484519245453519432e+00 5.242259226613851908e+00 5.110523452931698074e+00 5.126605736370049016e+00 1.873251725746745810e+00 3.479181225331917648e+00 5.842015010266616848e+00 2.198946686013548035e+00 6.219484390869129520e+00 1.912603580248545487e+00 1.071476385218567973e-01 5.301811982751833519e+00 1.783967461658158893e+00 4.054361276016440030e+00 4.637302121681406319e+00 3.408701232938496695e+00
3.487663593686204155e+00 2.523269892237711698e+00 6.072530958960602021e+00 3.557897392593717178e+00 6.000533112552681736e+00 4.681954166156416797e+00 2.245811036640849245e+00 3.942176991726409785e+00 2.876199844107571124e+00 4.042272959559262802e+00 5.888677391460763744e+00 1.627993631181410938e+00 9.513547543839298015e-01 5.255345065591947140e+00 1.615594258841948738e+00 6.177841373344269194e+00
5.968825904963302342e+00 2.133323133071627797e+00 3.702365245219787049e+00 2.145658451380120901e+00 2.019162441449404710e+00 3.163382913919393080e-01 1.311570624689780029e+00 9.313138674825905960e-01 2.228144565482875983e+00 5.759514379976260479e-01 4.031978100113105867e+00 3.059546562101559619e+00 2.869987032948769556e+00 4.275239264812346285e+00 4.448852198570397043e+00 4.516117732856316458e+00
3.497080849421098758e+00 1.591574812654543036e+00 2.642588360256286073e+00 4.345846970078254046e+00 4.193765895060755255e+00 4.400490698869682582e+00 3.047229540652762303e+00 5.663236362425923431e+00 1.705655147160781704e+00 2.216546711122708402e+00 2.690347639585056072e+00 4.798494934899343534e+00 1.008746253643541646e+00 2.973031229779556472e+00 5.918226963636951332e+00 3.358724458452415185e+00
8.701351270278009364e-01 2.619349677924169284e-01 4.125954363978143746e+00 5.263477148898151547e+00 2.545142134822608870e-01 3.694978162416652778e-01 3.597070910768745966e-02 5.732450557828504323e+00 1.936472244299000556e+00 2.194923148170959237e+00 3.408773322685966001e+00 1.240025221810881817e+00 3.780098425905591863e+00 4.011395669331984770e+00 1.919256443263811951e+00 4.255840819011738052e-01
4.970316940166599196e+00 1.466121600607656505e+00 1.742777407665273337e+00 5.716671706921346185e+00 9.346040090657051769e-01 1.448266095417740651e+00 5.683395386678171235e+00 4.296354528781500814e-01 8.256863921978244703e-01 2.844982823111569026e+00 2.251651598710535218e+00 2.605509527740528242e-01 1.276133823430037006e+00 1.332473955818725075e+00 3.037155876715446734e+00 3.825430268934610467e+00
2.999695312248848111e+00 1.110884154314505379e+00 5.324927939981330738e+00 4.881083047900879990e+00 5.711963662430477484e+00 2.388830438427514413e-01 2.568020566102888314e+00 2.891872993157169613e+00 5.862386289666096095e-01 4.168881302833086444e+00 2.508935557147858209e+00 6.444291085943743003e-01 1.809064859999410579e+00 5.946991833723166643e+00 1.956396589982328127e+00 5.154203212865112960e+00
4.597297881137687448e+00 4.491007552486276033e+00 5.690938899702271403e-01 1.541285443078457496e+00 2.397912607455884526e+00 2.509873855177597424e+00 1.961237644440426420e-01 2.151869469939132085e+00 5.137737332955661707e+00 2.402963066328539732e+00 3.165937206385787128e+00 3.370505892642407630e+00 4.751681248125260382e+00 4.648251897582933445e-01 6.075437930574777212e+00 5.879342280309183266e+00
3.509715279802772869e+00 3.716578498342967052e+00 5.950343602825102884e+00 2.161743898311865753e+00 1.124463829788707958e+00 5.053296483977564257e+00 4.004986562256316773e+00 2.635765115179968809e+00 6.268466892605501606e+00 5.099133736068016454e+00 4.409430875869611022e+00 6.229821799550399497e+00 3.353301561687209276e+00 7.012682793475930598e-01 3.900988728961395591e+00 1.975078456105345825e+00
2.077298398122278567e+00 3.047279263310028075e+00 6.203293495630621379e+00 3.104694219786495513e+00 1.692954911618150149e+00 9.011730178566559335e-01 9.981061964369786210e-01 3.557113769989383112e+00 6.195203473082655954e+00 3.248745939780789405e-01 1.707998823096928520e+00 5.300772428856361351e+00 7.333469170516078162e-01 1.513225960643132639e+00 4.350850918028972281e+00 4.578261905556389344e+00
5.361484634055740273e+00 4.056687441851264175e+00 4.720357736425427331e-01 5.962099525142126488e+00 3.079384389812383827e+00 2.580673012015927803e+00 9.312245074684076807e-01 5.016322270549037121e+00 4.697686089231588036e-01 4.051836930865967190e+00 4.156960286958904405e+00 4.920287104648941146e+00 4.151615549992071941e+00 5.107077698149387501e+00 3.184437833655139549e+00 6.373690250247591171e-01
2.722233669218293350e+00 4.637392050958695222e+00 4.290289393765040593e+00 5.161349858321917949e+00 6.595226886224174745e-01 3.085008262397136436e-01 1.586209638059723259e+00 1.821635676355813915e+00 4.247888258205061440e+00 1.185989902995214784e+00 4.590124115766403001e+00 3.533688084028980825e+00 3.234779024805781167e-01 3.237994273994006633e+00 1.090698198631539162e+00 5.085790120785349977e+00
1.172582862907919132e+00 3.110949648893265973e+00 8.373405808604079681e-01 4.163257550876476643e+00 2.482979578505657703e-01 4.101367084131775087e+00 9.618431095301238631e-01 8.077045812032115357e-01 1.692158860013699639e+00 3.171983979253739427e+00 3.018087629713181563e+00 2.148365100577910969e+00 1.348014460900482936e+00 2.391901638128676399e+00 1.166541006094137023e+00 1.572726512322199843e+00
5.569615212226033396e-01 2.180925017789642872e+00 4.865796240875035039e+00 4.012301392895063046e+00 1.092124341252253217e+00 1.133354860139400122e+00 4.100525421701976647e+00 5.499748087403236951e+00 1.911563345117223589e+00 4.124113605987039577e+00 5.528303979402889645e+00 4.093648410228126089e+00 6.668063363579342928e-01 4.893144769137532712e+00 6.135738664999358605e+00 1.332933329969670844e+00
1.193122328785446662e+00 2.419918432683779486e+00 1.448415337502927835e+00 5.693503741990664224e+00 2.378486701640277090e+00 1.113552957509223784e+00 1.354535622720839827e+00 3.934396670487560144e+00 3.572504595703512864e-01 5.685531681710276342e-01 4.054383080985771493e+00 2.764024896526676503e-02 3.685333184975825294e+00 6.209116405700030761e+00 1.427983157059811825e+00 6.405240457498803108e-01
2.176769006204916757e+00 5.474924824063234219e+00 5.979117943531621293e+00 3.946082404173410385e+00 6.316778527224872208e-01 5.905835657992225762e+00 4.029253200459777418e+00 2.738216049393460860e+00 2.393649037350083386e+00 4.582125167145287836e-01 3.592749147906574431e-02 7.296660897301542326e-01 3.929023550377051421e+00 5.752590708351180915e+00 3.680547334384963065e+00 6.509504233609163526e-01
3.786618557580393230e+00 3.712295491249339996e+00 1.811940607253872182e+00 5.108529064914738349e+00 5.778016191592043604e+00 2.353134248813255169e+00 8.137048800228370293e-01 5.756460251174077669e+00 1.740984419375077197e+00 9.493847777746210470e-01 2.974960255166704926e+00 1.991853928206550051e-01 6.124510978818523022e+00 6.022062062913827951e+00 2.141265535869307346e+00 1.570162792218284364e+00
1.918660197808506940e+00 6.009638010082828607e+00 3.850438542371895867e+00 3.897416663292417649e+00 6.044513378511376267e+00 4.053040025483153563e+00 5.593975067577447113e+00 6.264750806251048409e+00 4.551342851329450490e+00 1.717942753688600943e+00 2.996687188349955733e+00 5.527066738318895389e+00 4.354340693370882143e+00 6.239339074120540118e+00 3.913205802739218253e+00 1.801326617577908129e+00
