2.661712630050251160e+00 2.355820264364027139e+00 4.566724795670938697e+00 3.829573650972676324e-01 4.527099879279050110e-01 5.100668986288351192e+00 4.471530126058814503e+00 9.803897327471939871e-01 5.653168584202706626e+00 2.266032308972025344e+00 5.009944785598015926e+00 3.603269316507127229e-01 2.810781008107923640e+00 4.522143767414388726e+00 4.143789481413937992e+00 1.285391491503057981e+00
1.965845020366467688e+00 6.281760148905343399e+00 7.861203774949427903e-01 4.822175955216363441e+00 1.486441573967496099e+00 6.036711792193907300e+00 2.049248914084907280e+00 3.037926047575267408e+00 5.927285466610138442e+00 4.130398512524395827e+00 4.437691562423188962e+00 3.929882965053346222e+00 3.129044469703636366e+00 2.226792695328809302e+00 8.882999612064323980e-02 3.174623016016733690e+00
4.053002113860045164e+00 4.562320524632272445e+00 5.244802628707501135e+00 3.976351280086110496e+00 2.746642979219505953e+00 2.714120441799988459e+00 4.115793006125991305e+00 4.864213936840775077e+00 4.718601652720802342e+00 4.544083018667280705e+00 3.796257612167211359e+00 5.118900116950183765e+00 4.587720535028039670e+00 4.831411794353009270e+00 3.473112148827761203e+00 1.011389129448510449e+00
6.276456255618118263e+00 1.856409582339843212e+00 1.079996127515089999e+00 1.333928453223900412e-01 4.143980072375248902e+00 2.220062974410711210e+00 4.638020827530560553e+00 1.606090131263095300e+00 5.937498381020169802e+00 1.374245405027726408e+00 4.328210448995369219e+00 7.715212967959138302e-02 5.250943017266499702e+00 5.131640025623831924e+00 4.948095960897526346e+00 2.326373774264791194e+00
5.844879473407035952e+00 3.699664119435758014e+00 4.360769505891753717e+00 5.845872543270270505e+00 1.932861602796744682e+00 3.737715830500078606e+00 8.601155030397947820e-01 1.951633395635093970e+00 1.873697385283645822e+00 5.119003269444934112e+00 4.051051024935964584e+00 6.257472499744932470e+00 7.451302771516791212e-01 1.706537350738692060e+00 5.598963049484060761e+00 1.708006946632498080e+00
2.339679370516890788e+00 3.514313171219949350e+00 6.709913744776097033e-01 1.861888269999819823e+00 2.450172349574748054e+00 5.134944840511794339e+00 4.914522882529706926e+00 1.084325796186926594e+00 1.716329299406831987e+00 1.987953138603905767e+00 2.062880726572753787e+00 3.462717181824100932e-01 5.107372844809312973e+00 4.958516689947352618e-01 3.606890819489829703e+00 2.100709264894497164e+00
4.278604086044103028e+00 4.963268080780794733e+00 3.380678728530007948e+00 2.936949203331153502e+00 1.487689257267590826e+00 3.497989913325200373e+00 2.957599697125249616e+00 5.622372088876340435e+00 5.592634608133603358e+00 7.650837861922477057e-01 5.507523471320763253e-01 1.562346144709755302e+00 2.303431089142438104e+00 1.269377990836445091e+00 1.098905092774625558e+00 8.678376905724964896e-01
3.829580447613296634e+00 2.929822648987409295e+00 3.043051628132208641e+00 7.370686467682688869e-01 2.264224272170484387e+00 4.490092363897855599e+00 2.343972355455621326e+00 4.269878845099004949e-01 3.124699448205300323e-01 4.348314417374099072e+00 5.608606253935744412e+00 6.097416284707964707e+00 4.487899761757319084e+00 4.983938511697886042e+00 4.520616313284349097e+00 2.261393105438875395e+00
4.914929756893434143e-01 2.905098034372879834e+00 2.479790514775778387e+00 2.967518946282830417e+00 5.477830085188308828e+00 4.191998650679612304e+00 5.172045000438129314e+00 2.032999686029423714e+00 3.903653700861759557e+00 3.233599757092568083e+00 2.785403176035794015e+00 1.948393110481594637e-01 5.714093590137506062e+00 3.986932006911098725e+00 3.130626554840647557e+00 3.869320948832394080e+00
1.781855010539673989e+00 6.174332788739750555e+00 2.859954265394936357e+00 2.499950892964914947e-02 4.556367055627989160e+00 5.379689604629766642e+00 3.949230417488404310e+00 5.381883657318589087e+00 4.122884964104332362e+00 3.406002341372737607e+00 2.050326659236206162e+00 5.546712616878012980e+00 3.305036911573207004e+00 5.575013470396932291e+00 1.454240946301096349e+00 3.186838580888820549e-01
6.376302167332326132e-01 1.308385562540925307e+00 4.111229041585197308e+00 2.108108531148410680e+00 5.443673701796226005e+00 5.037745639686300514e+00 1.412763642984593782e+00 6.120819566506767728e+00 7.869939723752100713e-01 4.427573104055981368e+00 7.479587597409156352e-01 4.719712282047463070e+00 3.084940444052068464e+00 1.867475194395411986e+00 5.571032724177718443e+00 3.547680962946780259e+00
5.175730582238386113e+00 6.068452632295162630e+00 3.631887422964718226e+00 4.142561629069881235e+00 2.263715295056527133e+00 3.852891075647530084e+00 9.031210796614754788e-01 4.396265680343955928e+00 2.514059653047748602e-02 2.717152908533046585e+00 1.084722018631660401e+00 1.778602752954282273e+00 1.507308497696516536e+00 4.777562047323031358e+00 4.928096129828884564e+00 3.059281114776659649e+00
4.583933520400888639e+00 4.667521121180393529e+00 4.464669989582430887e+00 1.729805308592061053e+00 4.686200332365441312e+00 5.537813666492070297e+00 1.205183621806996230e+00 6.432400078449035385e-01 2.045199362100768692e+00 5.595573412767114618e+00 4.576478230788819879e+00 4.174372893350798641e+00 1.031599118317080427e-01 5.685817398108724774e+00 6.233006245366338405e+00 5.438467173349927464e+00
1.646277906598614171e+00 5.921676870332650111e+00 1.995504051783460464e-01 2.465933379189563457e+00 2.586247148389420492e+00 5.951986124262919731e+00 7.523080166612513553e-01 1.184970973530054428e+00 4.869865516389891291e-01 4.838810111549480375e+00 2.472290529251376601e+00 5.685365846891510699e+00 4.317050970335460036e+00 4.075256857422942858e+00 3.852421278775720381e+00 4.547992585001970234e+00
3.174887060233116731e+00 4.820282951082031531e+00 4.332140763919688498e-01 4.828031363060354408e+00 1.636278257779580025e+00 5.534618530406421044e+00 1.126884014226996911e+00 5.625473320719840409e+00 2.901901681252510912e+00 1.052696541025697874e+00 6.212740867714224180e+00 2.802292364349922682e+00 4.600833596653774116e+00 4.008069344349621588e+00 5.577118922915186516e+00 1.117560754530920963e+00
3.555250351216101556e-01 6.696371275036244741e-01 5.882545777542804721e+00 6.200063374151555173e+00 4.295034941636022729e+00 5.156511137132882006e+00 1.245318286828516419e+00 5.386591926136137687e+00 1.689226666600685212e+00 1.875301988536143716e+00 4.390846375661995538e+00 9.987837238626572356e-01 1.098680154456939562e+00 5.653776192732826722e+00 1.392785281122556285e+00 7.963758159522896785e-01
1.870798423508210684e+00 3.339683701809407879e+00 1.194503412428573830e+00 1.451433558060700513e+00 3.447589872588543436e+00 6.249765031268927018e+00 8.036005685708873525e-01 5.770446416110798893e+00 1.175053683599508680e+00 1.175834263419728076e+00 6.040596029839687020e+00 4.647262027924444538e+00 2.885628537580325670e+00 1.100032255695631900e+00 1.363217720057099180e+00 1.288934085850237166e+00
3.460840989782004939e+00 5.587560109476344294e+00 6.064400735986381186e+00 7.925382522856698753e-01 5.857349928743346368e+00 5.553299797945022043e+00 5.939885077903929833e+00 2.635527960235211520e+00 5.055530416453065889e+00 3.037639894720071787e+00 1.670146141870253897e+00 4.905527611445524627e+00 4.030219314350111937e-01 5.187102683303543849e+00 3.322069045448097224e+00 7.553831818663453435e-02
4.910139820768262275e+00 4.674075465836669885e+00 6.886958191554274356e-01 5.004928836195413844e+00 3.693548220259736059e+00 1.640397180751585360e+00 5.666699192648184891e+00 4.704317367861494681e+00 2.631534024374552416e+00 3.421036522439829586e+00 2.330675783154672498e+00 1.115606053228053840e+00 3.527052797174321519e+00 2.290356562968752119e+00 3.939305307900148545e+00 2.169698732009666564e+00
6.157690761765551857e-01 4.031074940367894710e-01 4.835615984762050346e+00 2.293413043286694375e+00 3.131787121891827397e+00 1.183424826492980086e+00 1.357487639756989939e+00 2.224420695528966929e-01 6.194046140096475028e+00 1.508488198653068491e+00 5.625654762221663496e+00 1.045021480735074393e+00 4.179434184505189526e-02 2.016125138913612336e+00 3.100912871365047785e+00 4.964946603135051983e-01
4.171051026512844651e+00 1.512248583685665393e+00 5.330832321615138980e+00 4.211745980123883903e+00 1.267227550855367202e+00 3.554237455998680573e-01 3.602833802840410993e+00 4.703444042247219237e+00 1.403474694178268312e+00 3.825384966865557068e+00 7.898529494524126893e-01 1.961641544263504455e+00 5.329957291478961245e+00 1.398074022677005646e+00 2.111916611323497506e+00 3.311883687091988993e+00
4.982660279540197301e+00 3.296203742148684501e+00 1.337632861778183191e+00 5.694867091127512992e+00 1.929864695094444915e+00 5.477270461888708475e+00 3.341000258451027438e+00 3.529872949247828018e+00 2.219925436504732730e+00 3.815453447369651307e+00 4.261086481204991117e+00 4.251537053444856440e+00 3.848548391824976544e+00 3.635605022644885498e+00 1.871431476437298014e-01 2.765468711600564067e+00
2.176889412893734388e+00 5.194854194723842689e+00 3.113769632692674705e+00 2.493780420032151168e-01 5.631921600061801314e+00 1.274789046224312772e+00 4.593490912508808588e-01 3.573624028433335820e+00 3.330426534861858912e+00 1.270083253796040257e+00 8.548691550337277345e-01 4.308685554174568111e+00 1.369366721182201818e+00 1.155476184826528918e+00 4.154039905821131029e+00 4.545347745167903852e+00
1.032382246762941325e+00 4.246419438399938961e+00 5.213763418057375532e+00 5.301046380465293417e+00 3.601442260304994925e+00 5.391856860245312077e+00 4.130931100635136133e+00 2.698777520505685423e+00 3.937223973111098729e+00 3.657051191981894878e+00 4.998813200816009328e+00 5.734945176249751420e+00 1.635298634607536883e+00 3.609556633823376881e+00 2.018659504965984730e-01 2.290554086562725633e+00
1.366279062875178418e+00 4.212742899886127823e+00 2.480658082524108021e+00 1.588923487350315300e+00 2.671967853496164835e+00 1.546702553883392284e+00 1.766423000494685924e+00 6.216321277042970550e+00 4.895434080196085169e+00 3.196080759520241177e+00 5.254802641289733955e+00 5.702708587320616473e+00 3.951642843778998326e+00 3.158766896268799251e-01 6.208258156012789186e+00 4.731149834156866518e+00
2.861908660576355956e+00 5.038603139884829218e+00 3.291372798781744713e+00 3.733090461232905000e+00 8.324533354554176645e-01 3.837564586136749778e+00 1.062317196669997799e+00 4.408220912543348469e+00 1.729493535164103646e+00 4.414612718488292842e+00 1.602933258096226776e+00 6.164421978440467242e+00 2.521169390941478738e+00 5.662296688393006150e+00 3.079897363639200858e+00 3.173660728578481471e+00
3.200659775103910754e+00 2.041311639050892079e+00 1.133424194715197286e+00 5.520746983994670565e+00 5.998274903645841150e+00 5.890232548347180241e+00 4.250962676523159622e+00 3.209992344730936420e-01 3.967481767492881062e+00 5.581179349485818619e+00 2.495431876192801379e+00 5.496560309988824500e+00 4.187775164214896151e+00 5.387201256859795784e+00 2.852130171156639360e+00 6.947521344332530102e-01
9.211866694001431544e-01 4.665588171778774829e+00 5.734623447034186139e-01 1.682988289491968548e+00 2.691630052186247957e-01 1.770531882073336227e+00 4.327902593385014818e+00 5.280041327067657164e+00 3.188574629792592319e+00 2.267154007439894148e+00 5.933024029657703480e+00 5.100943753163652339e+00 1.093359780087862276e+00 2.610708252791106965e+00 5.004464828151285793e+00 5.002527993732354794e+00
5.130960248147196090e+00 4.330187734882966488e+00 3.061724193416593298e+00 1.089868754837618692e+00 2.528304553160521717e+00 5.553762597725529382e+00 9.656424397000538118e-01 2.590710449552298567e+00 3.471622783507563259e+00 5.823405852219964096e+00 5.197186476439479286e-01 8.666196674835872082e-01 6.058247839647601829e+00 6.272402277801218951e+00 4.002850300260455185e+00 4.104615621910560286e+00
4.198044997611848572e+00 3.221793568414696107e+00 2.555904439220618940e+00 3.862684412389157718e+00 1.062134107277360684e+00 6.192809459501287250e-01 3.543963265450864597e+00 4.012796151697290092e+00 5.050016120544422726e-01 1.963916950773284542e+00 4.593259647791406941e+00 1.663808867368814726e+00 3.135816982057780145e+00 3.463567022016148300e+00 3.738206480648146979e+00 7.067997148665104978e-01
1.979050373880251623e+00 5.172555569031034750e+00 2.498791991597832496e+00 5.127902870709113436e+00 2.434244502339297511e-01 5.409026737278187724e+00 2.064622775165465995e+00 1.683586158236744845e+00 7.616686948398447565e-02 4.424794230886828217e+00 5.123057096305483782e+00 5.782187306256397541e+00 6.033653687351315575e+00 4.137489635935119203e+00 4.382111995440683749e+00 5.653362258031639165e+00
4.544714501485779934e+00 5.140367312876456651e+00 5.432729023735713980e+00 1.929182740432993981e+00 5.616459955067713672e+00 1.436588547016883988e+00 5.562204024578036865e+00 2.538091149867598872e+00 4.868869742740233875e+00 5.469033801728939714e+00 1.058831057177656687e+00 1.031999409838460169e+00 4.515762691547174690e+00 3.065454677747584178e+00 6.113583594283118927e+00 3.021858723040505179e+00
