2.586665885453120151e+00 3.069219761126112278e+00 1.211126100579632166e-02 2.868947657214392599e+00 1.697978882783834909e+00 3.721301117993892404e+00 5.043290407505311101e+00 8.533491901059745421e-01 3.539364421970235153e+00 2.981234155700386079e+00 1.052946911581103429e+00 1.152081399876188295e+00 4.755973580513533250e+00 3.914690678559890280e+00 4.738284607808100901e+00 5.363195394448167619e+00
8.274806195344755477e-02 1.004725427368247104e+00 4.302448829211840575e+00 3.019620833648848368e+00 5.243036996555042961e+00 2.047987995142796169e+00 6.672082531614004219e-01 2.963204633781292063e+00 4.424769038808592292e+00 4.725355034212117000e-01 1.534877810918939600e+00 2.026571785606769538e+00 5.705484942040824237e+00 3.993359106971546169e+00 5.661071098321854400e+00 6.096937550773835035e+00
6.049247193063208350e+00 2.167028176480799928e+00 3.732324741459222661e+00 2.532855237826555417e+00 4.280218720156420353e+00 5.632090328113062760e+00 7.856396628879547261e-01 6.769879856213616431e-01 9.399976299469524621e-01 5.824494172453014151e+00 2.812755278024247740e+00 1.844502488589399469e+00 3.150149836737064835e+00 2.865925386207051950e+00 4.520977926394925461e+00 5.096568737086487388e+00
2.343660017313570432e+00 1.063234328270322049e+00 4.806180620697386274e+00 4.139260874604453022e+00 3.615202980587566284e+00 1.781346353133546945e+00 6.281749752640293671e+00 1.435655787633934866e+00 5.951064721513946054e+00 5.616167504287895795e+00 6.267788224928748653e-01 1.245525460888990271e-01 4.756912178514253853e+00 4.428979007912702492e+00 3.218265528167857159e+00 6.779895905601546202e-01
5.008292196879127189e+00 4.477539692164756779e+00 2.395448839736081137e+00 3.154917667035410211e+00 2.604289301134601331e+00 5.989137091874855434e-01 5.986027054679921022e+00 5.132376154010279912e+00 1.324670292096486346e+00 2.359808554227139865e+00 2.233582006539059694e+00 5.646931345145146608e+00 4.406532944151425824e+00 4.746994112222642226e-01 6.091597334669127228e+00 1.048135096517588627e+00
7.277678642164820966e-01 2.372727767820961287e+00 5.793318039816234943e+00 3.344441301112346387e+00 2.990349529754891655e+00 4.108092800249646181e+00 2.045991202268570675e+00 5.990521844144332420e+00 2.878879655036375995e-01 2.927324841297282099e+00 4.331223237972715800e+00 5.426711954603858246e+00 5.207353127947455640e+00 3.270919616500646221e+00 5.979357541786713526e+00 5.656544910526095649e+00
1.220895350610908814e+00 5.448149452514920554e+00 2.551810681188949381e+00 1.812288642314275444e+00 5.027041237833507203e+00 5.856570924998695027e+00 2.195888850218366883e+00 3.699512524278957049e+00 1.541096888951448252e+00 2.826566820011497505e+00 4.674548175358793856e+00 1.065161554671225419e+00 4.940458852754511909e+00 6.030487672849890401e+00 1.697752914882812103e+00 4.366723757609985768e+00
3.425103734127589838e+00 1.172996648922448371e+00 3.824714369705330519e+00 5.592434418568183574e+00 9.808226504854256067e-01 2.834879169979035662e+00 4.686696462766897220e+00 2.846012272904395068e+00 4.717615318153761450e+00 2.654368118588864345e+00 3.579742309348618701e+00 6.279525903585679636e+00 1.041701293968195108e+00 1.083244761830210123e+00 1.748145374089188797e+00 4.024285189249225070e+00
8.201480649120465038e-01 5.705638900110407086e+00 1.237204746695045543e+00 5.896938126379242640e+00 4.693122196956731607e-01 8.993218810048201339e-01 7.782802412042723050e-01 2.876182407362545046e+00 3.039112147254571017e+00 2.085915210424349464e-01 1.363653115394046988e+00 5.085854476553572923e+00 4.090835485106935288e+00 2.310486825322584536e+00 4.865005246420178509e+00 2.793716293623399238e+00
3.007610103012878344e+00 4.770848475142734912e+00 5.973399905532506438e+00 5.648397028508927775e+00 4.595540168911067980e+00 5.341899350880028763e+00 1.459039057544671447e+00 1.659295032733467679e-01 5.029833747486788020e+00 4.530043113900623197e+00 4.271485418545353241e-01 1.531648017493098424e+00 5.212342641384958952e+00 4.217686290716175179e+00 2.070980954411854924e+00 1.584313498268618892e+00
1.053101820413916645e+00 2.569652498185351686e+00 6.216118919696834055e+00 7.471729305037186908e-01 1.486816581967605355e+00 5.191088273186842628e+00 5.833344464200274082e+00 5.256756723753726490e+00 3.189990081650169729e-01 2.177541238244017130e+00 3.766473904318371257e+00 1.720340684605039749e+00 3.813643726652904409e+00 2.542694062632047558e+00 3.416857324886457548e+00 2.006083211785985476e+00
8.487757976940334403e-01 6.123336798226858946e+00 4.151861199314937245e+00 2.681352040002663362e+00 3.818107115423276188e+00 2.294041590302954070e+00 6.835151734867437323e-01 1.390118712746247764e-01 4.201116949436666026e+00 3.544686908399475200e+00 2.402324940401507014e+00 2.839826149373706254e+00 5.521048347067595508e+00 7.010793372060307449e-02 2.221931591944533935e+00 4.502802040304541897e+00
5.156921466180412139e+00 3.482797669187973177e+00 7.986156482027076398e-02 2.796716666874821566e+00 5.000935641941565812e+00 3.398132335977197105e+00 4.700180899835340043e+00 7.112995928944958468e-01 2.148396729940589278e+00 3.658012820062975123e+00 2.787590185005812682e+00 4.972121744034647683e+00 1.884498246897824414e+00 4.927684563592657163e+00 1.487094743060610291e+00 3.987033184622701398e+00
3.158520506128816407e+00 4.087353557704927809e+00 3.737138885475857375e+00 9.178209974739496291e-01 1.429936430680313952e+00 4.801961676408861734e+00 1.127884268739144380e+00 1.839572174531171056e+00 1.177492772599049387e+00 7.290611792323592466e-02 3.857616218260426333e+00 5.778812851748922341e+00 5.814873820730690923e+00 3.455338676763734629e+00 3.769074280492743068e+00 5.429811142932197576e+00
5.337850937475157487e+00 8.198791298294805241e-01 3.949033265995425701e+00 3.850674667617093760e+00 1.466985764613893073e+00 9.439358949553454670e-01 3.460614621495185617e+00 3.115789212051675694e+00 5.511934735549552933e+00 5.127887620703998728e+00 2.112235881576595364e+00 1.564566263154119508e+00 5.748961589626713220e+00 4.334782426573148939e+00 1.749660266133952868e+00 2.567454352797377215e+00
3.611115409622545958e+00 1.818424643472787317e+00 5.811641847770699698e+00 1.500639918554187213e+00 5.875922963113101166e-02 5.071821898420733277e+00 5.903270735362615707e-01 4.569071412332795568e+00 2.364656683256429748e+00 5.375732931813158366e+00 5.555224117799300920e+00 2.386600310722625018e+00 2.048278655380903146e+00 9.275909490754246089e-01 2.063099351020781569e+00 4.873125838076333149e-01
3.908530259174331500e-01 1.109419443912729841e+00 1.917104772038654037e+00 2.465891203523762787e+00 3.432837100601014768e+00 1.393072420377255760e+00 1.939525968353423169e+00 1.848968729913848863e+00 2.540990468455369466e+00 2.959464934514624002e+00 9.508040751190851431e-03 6.069714585548727781e-01 4.660068925028282294e+00 4.445795776607457839e+00 3.075728374918330843e+00 2.459502375787209871e+00
3.660788664715495688e+00 2.347145797301149805e+00 2.386393103260362469e+00 2.363819564722654754e+00 3.903163047300681310e+00 2.702336926894390867e+00 3.941937443624344173e+00 1.889942616990343202e-02 4.751425939365335083e+00 5.107990609199402954e+00 3.337365953711539213e+00 4.292710910183796358e+00 1.218759779395536258e+00 1.706829526130293040e+00 1.877222941689546287e+00 5.175459508885516868e+00
1.298778154630286785e+00 4.817861513048601552e+00 5.638973145138808540e+00 1.841777797895923996e+00 4.877648185204762399e+00 3.354439161586095786e+00 4.774494653788917020e+00 6.043878335048050943e+00 4.726671085977551812e-01 6.160623507721861181e+00 4.390536006765648480e+00 1.057892001835133433e+00 4.337907676707053461e+00 4.650903622400486270e+00 3.719094701470298414e+00 7.006341430694164041e-01
8.995233511617652944e-01 2.743509399552635397e+00 4.163053347312430930e+00 2.489511801927431822e+00 9.677780493982647281e-01 1.441996643881342965e+00 3.389674682000803685e+00 2.949920665066565473e+00 6.333046804958875065e-01 6.080747923204413929e+00 6.529989464638837893e-01 4.383322021748544128e-01 3.436394850788780264e+00 1.993122557677944107e+00 1.286918143357281830e+00 2.142301353906531425e+00
2.543504855318905022e+00 3.973020758964206145e+00 1.593075457958758934e+00 3.703145404584684997e+00 1.326871048294563926e-01 4.347733424285957909e-02 3.017573621883374635e+00 2.065031127649272324e+00 5.081401003804009164e+00 5.195710115193169720e+00 4.856206173994909725e-01 3.933462290225112623e-01 2.737921340306169071e+00 4.480547148707418437e+00 6.856572132549225429e-02 1.411472353183185868e+00
3.956175716053286440e+00 3.112671757859509114e+00 5.846137647473196530e+00 3.071652453990894482e+00 5.601340971659361401e+00 1.247333760286670312e+00 4.576033803121636878e-01 7.680216333154611386e-01 1.858710573778578512e+00 4.589119605154571069e+00 2.398846441609820079e+00 1.145540396298525998e+00 6.282589056825161222e+00 1.610357235361676020e-01 5.860413189646254573e+00 1.809625921047448793e+00
3.532796722325613814e+00 5.675822354644262546e+00 1.044757533693260854e+00 1.823101326440361492e+00 3.453076104343422603e+00 2.873659465010689029e+00 2.044908284407004062e-01 3.192205563140328550e+00 4.522845451153397534e+00 3.136023026307211747e+00 5.564243911688899757e+00 2.237800233047357867e+00 3.191823069645048694e+00 3.770782140723356601e+00 5.266062569915014535e+00 1.511568232270218415e+00
5.492039315659803300e+00 5.143488384877892727e+00 2.108918775215522512e+00 2.847722337488569178e+00 3.417545790737741118e+00 3.818558430863237874e+00 4.381095737868050399e+00 4.466028035756021808e+00 1.389123014941364920e+00 5.656306185275003173e+00 1.261715391894933536e+00 5.254341006847368378e-01 5.132520784886522858e-01 3.971625454355819929e-01 4.963693433371707542e+00 2.841189274919436514e+00
1.391012138097149187e+00 2.094837470684854708e+00 1.469089133203739683e+00 5.647480093547974533e+00 5.420925538913074604e+00 4.299469405357490004e+00 2.612769799051976594e-01 1.313575008991076931e+00 5.862890450352594485e+00 2.890017429818925176e+00 1.056375385385049714e+00 4.340193012125800998e+00 3.124260845391571895e+00 5.572931275643255411e+00 2.386485048737086778e+00 1.331607841097093070e+00
2.359515717551539105e+00 5.915135752944200576e-01 2.740631155286891829e+00 4.360328740622676058e+00 4.475890420237508494e+00 8.154196748445696752e-01 1.788942230325802463e+00 5.979573332380147654e+00 2.703539160739952818e-01 4.455056652311069953e+00 1.901864088767068139e+00 2.217075138463475981e-01 1.344388486847733821e+00 2.835182234187040073e+00 4.056740194637782793e+00 1.438637747413686441e+00
1.016173425116086104e+00 5.726739805737106614e+00 2.388424660114497833e+00 5.500962948460500712e+00 9.670266163344041210e-01 3.062893748373045621e+00 1.381193570882701449e+00 1.209105033809215746e+00 3.818738870225466098e+00 4.799325888779172544e+00 2.208979080986869903e+00 2.894659523562166381e+00 6.236245018105559090e+00 5.408388225268452310e-01 2.677022231785743056e+00 6.462382449711002730e-01
2.184081407904045147e+00 8.144138393704034584e-01 1.875291967149695649e-01 2.050399850503816790e+00 5.384959987397797576e+00 9.208391620193948635e-01 4.668328935354556286e+00 1.282689198587777968e+00 2.501327059720127366e+00 5.117107981366912917e+00 5.119567951667553629e+00 1.234477351462986316e+00 6.104861643280283801e+00 2.559087806591641812e+00 5.897776454792461820e+00 4.166976474085029913e+00
1.982541030575075691e+00 3.505595369300900987e+00 6.110750227098804555e-01 4.276839969656984763e+00 1.459754805566736424e+00 5.519275402356848659e+00 4.911468465754426305e+00 1.310887815776835275e-01 6.715201264181425156e-02 3.323550749924456760e+00 7.275849843563820807e-01 3.152611388406523663e+00 5.829269892475162251e+00 5.333780780965344803e+00 5.726510959226984276e+00 2.359139392017752801e+00
1.492400643419411199e-01 3.612252065349951469e+00 4.792347684760803195e-01 3.687596614242008464e+00 3.882372989658948281e+00 3.078052596059399182e+00 4.461277176518336773e+00 4.320920608438619581e+00 2.339194774533209120e+00 1.719171889962413324e+00 3.006341123564119644e-01 1.745953439884465830e+00 1.784006460771244029e+00 9.926253383139485020e-01 3.371454901350102507e+00 5.502946951183547597e+00
3.469132068199974217e+00 2.468879798355183119e+00 3.218014659908415176e+00 1.269909389181707704e+00 3.581156886638906744e+00 2.989128412050773287e-01 5.408539864518983720e+00 3.050158759044200529e+00 4.141500621798610560e+00 6.750382816395521235e-02 3.280829323272414388e+00 6.135078875514721197e+00 3.960622364409759122e+00 5.500483721092711775e+00 9.630255982746588339e-02 2.953445585661233608e+00
6.415364197164986626e-01 5.131952039316876046e+00 5.289812851893497259e-01 1.903677683839350154e-01 3.154212971455375492e+00 4.797946695080787194e+00 7.925933119243955272e-01 4.966894991800521630e+00 4.815086932999220970e+00 5.546652220208309281e+00 5.866414024825117757e+00 1.476275309448375372e+00 2.254848083516973301e+00 6.190833925155346584e+00 4.116442023835973352e+00 4.090664768693068609e+00
