3.542484587794890949e+00 3.125735019628148592e+00 2.790400276091071358e-02 5.544568226983051851e+00 3.294136585218085944e+00 3.503300174742485673e+00 9.204068484207805767e-01 5.324789798604832924e+00 2.703365977331585235e+00 2.521652547363916863e+00 4.613815112943256302e+00 7.149079574886344490e-01 1.462820651998939514e+00 3.257698262930045718e+00 3.924343572629079180e+00 3.800306598021487292e-01
5.418459502339779910e+00 5.381557471593880315e+00 2.317601061183112598e+00 4.370097640981235543e+00 6.033578857770612203e+00 6.210185288539319615e+00 3.995969085009609678e+00 2.460987770440236311e+00 6.765353660733982588e-01 1.548323617121472706e+00 2.218960467149202032e+00 1.147520671401971670e+00 5.834184397498532348e+00 2.970027168456744082e+00 5.901079015649579596e+00 3.715764958381971295e-01
3.357205813383089321e+00 3.535471406594990817e+00 1.152212031778832468e+00 6.214857816325131346e+00 1.755905413342740751e+00 1.234472224889801684e+00 3.765643480179155400e+00 3.632203809876873635e+00 3.664984554178106535e+00 5.960048607146187116e+00 2.202007752026888809e+00 2.590591818280000513e+00 2.916731407497519246e+00 2.638852171273357250e+00 9.257296280040395731e-01 3.978176637960811224e+00
3.522828055414629400e+00 1.798921691488855501e+00 4.522489453855961239e-01 1.171691172458332320e+00 2.397526298145572277e+00 4.570313037116938482e+00 1.349272130020302329e+00 6.173239200138366911e+00 1.546727757955274951e+00 4.070234227799032212e+00 9.324882928126330128e-01 1.128307820479003826e-01 2.160879486733553456e+00 6.042871883845820413e+00 2.701210831365099541e+00 2.841989112779255144e+00
4.515403581412783751e+00 4.971788052906817024e-01 5.599175487885011293e+00 3.589165620464402018e+00 5.629635668022253681e-01 3.535252637494261663e+00 2.490067279340422601e+00 2.752953439648934797e+00 3.144930971377907447e+00 6.153857554043153932e+00 2.945799773216353667e+00 6.060459478960385837e+00 2.160014200084038105e+00 2.857849289098634671e+00 3.807959837325316066e+00 1.979372583357202897e+00
2.726773609234691698e+00 2.715825134821062914e+00 1.758092970616204509e+00 3.068074256446345238e+00 1.732868203567833110e+00 9.936950868115380642e-01 6.222266383112286192e+00 2.768960938526242810e+00 1.861365456224836290e+00 2.495591818391165617e+00 3.852598690742472964e+00 4.563385840390159487e+00 3.444461750728272875e+00 4.875530910306162369e+00 2.542893043984091328e+00 3.483870638509983575e+00
1.167907902594530034e+00 1.052713537646524866e+00 3.723915602074723719e+00 4.074241073531770674e+00 3.624068532139744114e+00 1.504906895416194268e-01 4.970401262113116836e+00 1.607912004603126999e+00 3.907301069297594687e+00 1.361308458074347971e+00 2.236453605941286504e+00 4.059042112945375202e-01 4.119873409031561962e-01 3.168488653563265700e+00 2.113667515613980363e+00 7.074606812900438024e-01
6.177139351896252073e+00 4.605763032277991442e+00 5.255105627005044688e+00 5.128342111921585733e+00 5.622292373219843320e+00 4.631503565695020086e+00 1.625758237070772105e-01 4.145861014699335989e+00 4.036422248491533082e+00 3.902385547238776731e+00 3.711787607323903337e+00 1.567035279549661375e+00 2.922129612304780188e+00 4.460560301215619639e+00 1.445611799156929500e+00 2.701842480245817857e+00
4.334849981085514337e+00 6.038934873839171935e+00 3.375849793137150279e+00 5.173257904410295538e+00 2.101651980644342554e+00 7.863760070960011950e-01 2.692361316936175974e+00 1.938777502688099785e+00 2.035217702426619812e+00 2.947334828956917896e+00 3.400880978051931347e+00 4.982017019813104852e+00 9.139949616468130422e-01 1.437052943184403908e+00 6.092792737119874680e+00 2.963658526429184814e-01
3.538630299653265698e+00 1.961918606415571364e+00 5.177509083046079041e+00 4.345991796041974276e+00 7.396954512734540410e-01 5.700592968177958797e-01 2.233003977291832864e+00 3.897500156070144772e+00 2.692572863380124026e+00 4.133498499767608081e+00 6.354506195661222545e-01 2.799348089646787496e+00 2.607965615160239281e+00 4.454638098659968293e+00 3.071823226683374930e+00 3.536285619141628978e+00
5.661111459926417844e+00 1.693413623643639676e+00 3.865906427485757746e+00 3.945586843329321886e-02 1.501468774425338326e+00 3.027916603830175024e+00 3.518680681752837547e+00 5.375110262567492470e+00 4.366553215411819622e+00 5.706197802416077103e+00 4.710528921023058757e+00 3.130984174758190797e+00 6.218572787606984065e+00 1.366793828782255860e+00 4.190858470173287387e+00 4.203609676943097284e+00
2.642215329935761581e+00 5.343308329120063149e+00 4.550244743574102912e+00 9.180073028368981314e-01 2.198016391961424634e-02 3.549361560524707748e+00 1.783870933651197088e+00 4.311591100089140483e+00 1.371614883745016777e-01 5.847070436553631012e+00 3.135014491291169825e-01 2.725351110682791234e+00 1.406321891916689992e+00 6.002483202898177161e+00 2.440570818160404887e+00 1.268758632342777526e+00
1.751762555283360001e+00 3.017749511260389816e+00 6.184438779149798115e+00 2.762696564268767307e+00 5.107530479137794011e+00 3.003059983972441671e+00 4.775783404177765590e+00 2.103487074151666913e+00 2.397642076806375311e+00 4.775163568032006367e+00 2.809004494872578306e+00 3.524470045422373410e+00 4.828559494745764624e+00 2.106895353996964260e-01 2.041886271486543780e+00 4.925235261268926301e+00
2.971971512618818423e+00 3.336283867995432306e+00 4.729509442326561980e-02 5.709507977343728946e+00 1.200297062196014286e+00 5.043331925784189984e+00 9.072921240711898094e-02 1.746313643180522401e+00 4.169383118305497682e+00 3.310423377516740651e+00 1.305191821068119262e+00 1.093800815507947943e+00 3.125962889042528836e+00 5.744496827682232798e+00 3.349171043267260117e+00 3.558494404489072505e+00
2.806370762309994826e-01 1.703062948235904761e+00 1.245535437264710943e+00 2.777085741353520820e+00 4.097174943446701967e+00 1.569135304697051758e+00 6.448037199864460334e-01 4.239891715430767150e+00 1.627326122310048584e+00 1.389510206277471127e+00 2.814831986739111613e+00 2.928734302355985974e+00 2.676097981681860638e+00 1.236951680221392152e-01 1.558595334812129252e-01 1.093662378253880130e+00
2.788768092839749357e+00 4.712439507611116518e+00 2.978394652302892354e+00 2.259199102385580193e+00 3.220480587257713356e+00 2.884432241686536891e+00 4.796560904613414777e+00 3.655925681706543973e+00 6.932446370010724168e-01 5.652707188418558459e+00 5.874911051101813220e-01 2.719204629947833893e-02 4.474018685649563842e+00 5.181148166774978137e-01 2.508669058429513932e+00 4.169863305672561360e+00
2.400205065611413779e+00 2.195774630612003175e+00 2.143015702957482116e+00 3.564848171206958849e+00 1.102232212378308374e+00 2.867969998454625635e+00 3.917685161962361384e+00 1.008309416562048089e+00 2.571605330073611362e-01 1.634039854128018776e+00 4.543398625280452130e+00 5.364976800546434887e+00 3.062147515818784971e+00 2.670248355750446390e+00 8.009828230911817393e-01 1.058817651877191235e+00
3.066280011345855261e+00 7.889007869454657262e-01 1.841167429786335408e+00 3.300992600851593295e+00 5.573373488201152526e+00 5.140694594624354963e+00 2.041164829681646253e+00 4.868488737490072715e+00 1.757589825904913861e+00 2.206322335651881072e+00 3.077395691915801201e+00 3.638950197612632387e+00 2.673065584204989520e+00 6.113552952903670956e+00 3.537398254246879148e+00 5.365818252466395322e+00
2.248194538354315153e+00 4.515449226666810922e+00 5.468346804685375595e+00 6.805216252481521844e-02 1.251311816151029266e+00 3.603166337300114375e-01 2.277204629349925125e-01 3.963823195997111769e-03 2.377165507971462421e+00 2.196238303160630567e-01 5.598031376945102444e+00 3.028937703867944364e+00 3.894831550284025279e-01 3.707509538399487603e+00 3.808493256624410073e-01 5.338248895755213219e+00
5.275930161101542559e+00 8.754444955298105180e-01 3.348036809183729812e+00 1.639787565384200230e+00 2.589829129399997321e+00 2.673632220219008371e+00 5.201222563104531460e+00 6.204642896136734365e+00 2.432932493685866948e+00 3.830066631649537534e+00 3.042019322996909469e+00 3.540983747443174234e+00 1.788680963490859810e+00 2.737958422969014594e-01 4.819071136504495811e+00 5.785884834149467970e+00
4.472992837586774684e+00 1.273605114983153985e+00 4.813711569909694177e+00 3.159619143942715702e+00 4.208689366372234453e+00 3.016865970858764179e+00 4.961762412057654892e+00 3.751276739691379980e+00 4.335669404575600794e+00 9.621845419474035488e-01 2.938104348229018559e+00 1.222730274530678951e+00 6.208252672865579136e+00 4.220072304891572479e+00 3.531149925441341875e+00 1.383552923189933281e+00
2.667040112417016662e+00 1.329944046784010681e+00 5.028390536152258505e+00 4.762032861423524999e+00 7.440742613710795705e-01 2.557664921046487017e+00 2.461753817357194674e+00 4.076593012234433822e+00 3.553068219640783010e+00 3.272251540529365510e+00 1.735885004487930094e-01 4.804684927983299936e+00 3.316890590572734165e+00 3.617162753769097794e+00 4.356583965116409551e+00 5.490823954739852297e+00
6.134411014929729511e+00 6.066645200237001934e-01 5.035081236300849916e+00 5.772102596732540114e+00 2.095391518769121053e-01 1.231256771396583183e+00 3.323360002673130253e+00 3.456743977959038094e+00 3.775052024635649150e+00 1.154963522549297794e+00 2.465349552659551247e+00 3.301621170425726337e+00 4.983075942057034524e+00 1.432999159604037287e-01 1.898860397831376279e+00 5.825969001412699022e+00
4.630526990806783871e+00 3.011500548719660664e+00 4.934781970588890232e+00 1.619465006101416416e+00 5.137090067352068523e+00 3.369451322711782826e+00 4.154906114224043101e+00 2.610229966331091056e+00 5.463298773472035075e-01 3.842992380604319802e+00 1.128851824693380523e+00 1.187341975222717450e+00 1.327350942285867585e+00 2.483791476016905975e+00 2.274670380995476471e+00 3.806856229516863088e+00
1.807916705985003425e+00 5.929900579862960264e+00 4.148206477941371872e+00 2.159429740476855653e+00 1.069172259216510268e+00 4.022256269608346813e+00 4.241638356003406329e+00 5.520345923292005352e+00 3.745016865330704547e+00 8.667915554127871847e-01 3.479100734283930407e+00 1.559656573753636977e+00 6.041317275041272694e+00 1.037720016147092528e+00 1.438579117104314076e+00 5.092051722480157583e-01
1.556372196474438141e+00 5.039535424956051557e+00 5.760242429560224586e+00 6.014998816298612105e+00 2.006346627564034701e+00 2.178109063233503395e+00 2.583601062228336076e+00 2.311710546544886835e+00 3.114435021879562893e+00 1.121806023637782479e+00 2.047173938701507101e+00 5.104818282218707814e+00 3.813290043413224861e+00 5.991989137446033453e+00 5.939831042995768584e+00 4.873234258736566793e-01
1.674430836696949809e+00 3.475152787773393426e-01 2.547683112417052698e+00 3.767889067618888088e+00 5.690428252260773867e+00 1.431631415574486921e+00 4.220827086503235570e+00 1.191047057119783981e+00 4.368977219341076967e+00 2.485509219978595308e+00 1.714057688504568189e+00 3.471863965984571365e+00 6.162937431717238290e+00 6.188037469140851954e+00 5.357709514734810163e+00 3.548277192566016591e+00
2.955589516114466964e+00 4.940112610720497344e+00 2.404358540916730291e+00 2.800159454131509573e+00 5.638976993517759162e-01 4.746789989368047635e+00 2.580506218509312610e+00 4.884097097283413902e+00 5.711951573473595722e+00 9.928671074100189342e-01 5.618608661072580723e+00 1.559642629858456031e+00 1.951713840904020891e+00 5.716730931985292585e+00 4.407383119923118819e+00 3.883948430380967043e+00
6.253946502195025126e+00 2.143343262604566757e+00 1.976119847654350892e+00 5.642015727708866279e+00 5.954004110439960890e-02 8.927858707345247558e-01 6.129098245945004741e+00 4.727208860893233222e+00 1.626124643282513160e+00 1.038039260753599757e+00 5.032088806603432829e+00 7.353375812617557461e-01 4.490674900803486302e-01 1.592061942200631464e+00 3.212522563315267643e+00 2.963296921095027958e+00
4.526803994018708810e-01 9.393431157286462607e-01 3.750328657262970378e+00 2.483309364496025129e+00 6.214673672921625425e+00 5.415204709216173917e+00 2.279157475953083267e+00 2.516652655218740708e+00 3.908994243655854017e+00 7.439118358827651045e-01 2.741511131171066484e+00 3.177250805280666501e+00 1.547628876380599205e+00 3.216945828358486636e+00 3.140667310901013587e-01 3.276498115005217482e+00
1.521004832711945642e+00 3.840420443406280082e+00 3.431529861701427819e+00 5.827183365430973483e-01 3.453623822326381987e+00 4.976663520704700971e+00 3.330395995961658251e+00 1.212861963111621089e+00 2.268121135593533122e+00 7.788134897208088825e-01 1.745408767253546323e+00 3.722925597972330358e+00 6.057962288013466257e+00 1.217917820171422250e+00 6.207155144622952925e+00 3.965951945020213643e+00
4.247166501280504214e+00 2.505267741914523061e+00 4.035228120473205671e+00 5.197644936907837021e+00 2.353769310856262675e-01 1.655497323908922125e+00 1.121920141447954933e+00 5.618189718587712989e+00 4.284755735242462116e+00 2.816852879620023398e+00 2.296050559340664599e+00 3.429099944379352394e+00 4.203022490463550476e+00 2.363278943534473930e-01 5.488293627798795926e-01 4.114881386517964756e+00
