2.681803342885031860e+00 2.504458627313792540e+00 1.767396854770621584e+00 5.281933098785384750e+00 3.567622006858697237e+00 5.392642087897693948e+00 2.152450362720191857e-01 1.896562183500438481e+00 3.814238568385758921e+00 2.627794291328918064e+00 7.781561111359505123e-01 3.216564641388405033e+00 2.873881574392714633e+00 2.418672181966090573e+00 2.288099409276232343e+00 3.266377613559259263e+00
4.132210828040334682e+00 4.716728963930203022e+00 2.286211091731944034e+00 5.438268356731652098e+00 5.070917359238105604e+00 3.540336433807021344e+00 4.319550089685646022e+00 3.199454474472060550e+00 3.733140310145920404e-01 5.990929655176693847e-02 1.799542569527808222e+00 4.544725940088810034e+00 3.531964218580711190e+00 3.377476081883137748e+00 8.386670271515771491e-01 1.438638204810064547e+00
6.684228881829163971e-01 1.451516818246795237e+00 8.405800658178325113e-01 5.063202346784855479e+00 2.061525925432973860e+00 5.258959900310223645e+00 1.292106259137624225e+00 6.967688533363621817e-01 4.113534318342628282e+00 3.531560466635835560e+00 3.044852131762513014e+00 1.689104475523474092e+00 2.969415259990589195e+00 5.032143797159819520e+00 5.424989398998791401e+00 5.857727237265406561e-01
2.458940065618943294e+00 1.487682678382276746e+00 6.572085506755792617e-01 4.793155094145481243e+00 5.127096587652438586e+00 6.149821018803978134e+00 5.988481006575828047e+00 4.281307479012697925e+00 5.664883847383304527e+00 3.771971546969447697e+00 3.270101627342166584e+00 8.444906389465778318e-01 1.057429972832468978e+00 5.612332732381304368e-01 1.418886106550305781e+00 6.761351223537780397e-01
1.619720390077761696e+00 3.149167444969531715e-01 1.641326997118115749e-01 1.481427950837042484e+00 3.559251659824133274e+00 3.616342391858984762e+00 2.363954864546271128e+00 5.893905536991641547e+00 4.083831341747617971e-01 1.467092068222134893e+00 1.905557859615516936e+00 3.442091722202323401e-01 1.946861156789627234e+00 2.836366119506175121e-01 2.862601732393024179e+00 3.502767176285088713e-01
7.412868708868947110e-01 3.636922234981821322e+00 2.536447874973107641e+00 5.158117549737502472e+00 2.616202976797280311e+00 4.862707314613349041e+00 5.506371925948331025e+00 3.111808925916101032e+00 5.007304118527787118e+00 2.367504613444642025e+00 4.854114787849120205e+00 6.186656409164752013e+00 4.881258273264298952e-01 1.480741510177225606e-01 3.733768044333663827e+00 4.097218419104756038e+00
2.038952012176933781e+00 3.142881588294189399e+00 6.240176947670518892e+00 1.795512041604655940e+00 6.229834279528295937e+00 2.577426590988414201e+00 1.548779925205466257e-01 4.721567161051618000e-01 4.606045540199320776e+00 1.344538619531019608e+00 4.691059961624158170e+00 2.180872133716744266e+00 2.125755998715784578e+00 5.933720783453854120e-01 3.971520750898909213e+00 3.936093815350901082e+00
5.258618140241011041e+00 4.320362245531952361e+00 3.720014524006419521e+00 4.938659377496165681e-01 1.312462511665043241e+00 2.215865262806607561e+00 2.801700035102546948e+00 6.222093575833890000e+00 4.548108854405950474e+00 2.602151288901808357e+00 3.875532998747695412e+00 1.244980801167844264e+00 6.020479881991883886e+00 4.744238390624679447e+00 5.529153307070041601e-01 1.031144450453405748e+00
4.322333496798502317e+00 6.244659606586105305e+00 5.740108210487674611e+00 5.188641720729643581e+00 5.206031204705327653e+00 5.931034170797256699e+00 2.911674009509990668e+00 6.104095864972242325e+00 6.791200167969286827e-01 3.812706430320145223e-01 1.948056330325421026e+00 6.180222353958064740e-01 2.956523037671679344e+00 4.269483848901315604e+00 3.675849485644212322e+00 3.623660027825500674e+00
3.670726891552757998e+00 4.514310543819927801e+00 5.542145959906938479e+00 3.362459006830167407e+00 1.033550977223284262e-01 5.585368316409718759e+00 3.862770285848821317e+00 1.398881241336854986e+00 3.254273269909941479e+00 4.202378387876807508e+00 1.800307998224135897e+00 6.029827973515438977e+00 3.389099211424329461e+00 4.915714845544806089e+00 6.162718985617378742e+00 4.034709648431824114e+00
6.095916787107884538e+00 1.745485634036728406e+00 1.348386104550310494e+00 3.017040481241910488e+00 3.272032707593600875e+00 2.688962098394287015e+00 6.169318709987932969e+00 1.364799667662648819e+00 4.869798845970954915e+00 2.324255096742108506e+00 5.312013175574656465e+00 4.166830910792989506e+00 1.041515090516136575e-02 3.767250229543960494e+00 1.211971820036500613e+00 5.382837792317168635e+00
1.844768884272585119e+00 3.861107793691219037e+00 1.732349739478809658e+00 8.053348844095651327e-01 1.498393039915628666e+00 3.340106321424293423e+00 8.437375838812893880e-01 5.875465054832738510e+00 2.197085035356980687e-01 6.576189407694940647e-02 8.147169845584271985e-02 5.109014605218243688e+00 1.297913510758839539e+00 3.386947491847963398e+00 5.472905819677134964e+00 7.831898578302690650e-01
6.241360079949007655e+00 5.827563646842656375e+00 3.284914632361528586e+00 4.408399682460568236e+00 3.688529809073387344e+00 2.118208717490278836e+00 3.199697375018788037e+00 1.695482795357733663e-01 1.553368987777401955e+00 3.927364780909821107e+00 4.346393191282781565e+00 5.904645670759713916e+00 3.436722220131658290e+00 5.173639521965556654e+00 4.457923053712611328e+00 5.942224568687314523e+00
6.165251069597038835e+00 2.771120234817961325e+00 2.251193759530790039e+00 3.002373419632668572e+00 4.533045415336405703e+00 4.785213410541182100e+00 5.820095198814689397e+00 1.919201205190373516e+00 2.079102076452564507e+00 1.776015981652602438e+00 2.177029651053912662e+00 3.601595442814431891e+00 4.237209420897518619e+00 2.290717648611969359e+00 7.564844108983324045e-01 2.808427821014465309e+00
5.850576621612630035e+00 6.206033515026598835e+00 4.605052006569114731e+00 1.602750879633550118e+00 4.844962890531343547e+00 4.988834458928913307e+00 5.226941577679487416e+00 2.320124920027930582e+00 1.945856964096530195e+00 2.359936983858674786e+00 1.759325867699960133e+00 3.666287980009162450e-01 1.510804332367211789e+00 2.248371526771155260e+00 3.489218013820468145e-01 4.489207513658655557e+00
5.150669871016201995e+00 4.986834354475298881e+00 3.426453388399475664e+00 1.574360204153888720e-01 4.403080275924814657e+00 3.160516844659148727e+00 5.569269678679685809e-01 5.957066393770564794e+00 5.837259671307680087e+00 2.582723275773997518e+00 5.789268744936743261e+00 8.742702617654170005e-01 2.029195118958956989e+00 3.738677416920857421e+00 7.927232355934441532e-01 4.418394020701232883e+00
1.983482091714841911e+00 3.829687804915808513e+00 5.933299956871334935e+00 9.650544881585243484e-01 4.934160986730889986e-02 4.164109790896765695e+00 5.680770050425429929e+00 5.093164945927550313e+00 3.340149255254403204e+00 2.801721590249999227e+00 5.713629817446857828e+00 1.820069348547629917e-01 6.230537214103621935e+00 4.584213506088148371e+00 5.843507108415649576e+00 5.743003321045622167e-01
1.353933143127998617e+00 3.723682438985209675e-01 2.953888928636579703e+00 1.844184185653973407e-01 4.493192214967027809e+00 9.061591657978050884e-01 4.132439964436964708e+00 2.891512624848301960e-01 1.714544503356719041e+00 6.629551982353335537e-01 5.989424549439290146e+00 5.209675108548293743e+00 2.047730202788069498e+00 3.962131247830401826e+00 1.703875239509929029e+00 7.442691121102423812e-01
6.019169042171811590e+00 4.068577034583019447e+00 2.369979757044644142e+00 3.055093647413888558e+00 4.765671129133526862e-01 1.145952230182182063e+00 1.916208161245518682e-01 1.474260259979935372e-01 3.683588483726516483e+00 2.440948072491246013e+00 4.228667405683268932e+00 6.278653092568011296e+00 6.134441734873107288e-01 2.175265383791674001e+00 2.781830486106303457e+00 6.204809045890059771e+00
5.534552728996721349e+00 2.731781560416651766e-01 2.945339418852772173e+00 3.948910267348898717e+00 1.772197238472024150e+00 5.712148189355190198e+00 5.335160688964328379e+00 3.861797775290459089e+00 9.020851878620006481e-01 2.521386936420575875e+00 1.356275258217970681e+00 8.716294447635214437e-01 1.514014561450709673e+00 5.838082841385199728e+00 1.789357184712896398e+00 5.544148675427210016e+00
5.470112515775881867e+00 3.375418017376543123e+00 6.183148496667053351e+00 5.475234156189867640e+00 5.007317707011383234e+00 1.536785344818147658e+00 1.294908813922388324e+00 4.128702007004397601e+00 5.716526265717675415e+00 4.911546613947478157e+00 4.888720265423724065e+00 5.285822854119583969e-01 8.238693576438501642e-01 9.851411331734090115e-01 3.142100507233678286e+00 3.357432348050872761e+00
2.937578481763898353e+00 5.917369244215353596e+00 7.904222069704074372e-01 6.174222161268907882e+00 5.729658401970553427e+00 4.165332236102861074e+00 3.085058736532125145e+00 9.511673891642586920e-01 1.654382273283966365e-01 1.260436693201357317e+00 5.730801126510957744e+00 1.539667870726393106e+00 4.929079159152966128e+00 3.363400219636278443e+00 5.549544992287958500e+00 4.333232557277852948e+00
1.916244678581921379e+00 5.350752705713953006e+00 1.795672139780516430e+00 5.402756132580946336e+00 4.578928612238652995e+00 4.000798038604551188e+00 4.019088563222184440e+00 5.521418705033210195e+00 4.474308750063041296e-01 5.886787342615424912e+00 4.764301556014169492e+00 3.724460823883357641e+00 2.376299202830839175e+00 1.982822698200093159e+00 2.900568704210032767e+00 1.845267473711023343e-01
5.828639014548147035e-01 1.600458718321496443e+00 4.822753613009110651e+00 2.121721057801806420e+00 1.121325892634550625e+00 3.649184622009345347e+00 6.193450899760536643e+00 1.851850078336077399e+00 2.188030249607592737e+00 2.858198244333815197e+00 6.118604715435556063e-01 4.196875369962042690e+00 4.874080991460010281e-01 9.080056540945394272e-02 5.302941189717582660e+00 5.590439036912112414e+00
5.075990938200454217e+00 1.725101449605303650e+00 3.503444158725168123e+00 5.599803647755186020e-01 3.435082086242744026e+00 3.392254476785796502e+00 5.690657145309844900e+00 4.534004954426813505e+00 2.150568697011205066e-01 4.406233912652973039e+00 4.790020363144386728e+00 3.609950201644440693e+00 6.076779340483551728e+00 4.774294646156829636e+00 2.721259357121970535e+00 5.792642460074747923e+00
3.158411899599552708e+00 4.517381232336740382e+00 6.775884926498004779e-01 2.335172884427788365e+00 3.415422833351985599e+00 4.418201043951214047e+00 4.179787933831609514e+00 9.186491563912541070e-01 1.357624427207134499e+00 5.151180442444713847e+00 4.796506522642332904e+00 4.177188150757170426e+00 4.137721308727424496e-01 1.809557216601569651e+00 3.418096840229564837e+00 6.200833638242889911e+00
2.065156744572542724e+00 4.460255646037593280e+00 5.988511108019819673e+00 1.532010414381360430e+00 2.315274408318266808e+00 5.675036437629805697e+00 2.562721021494001494e+00 4.900565102253081839e+00 2.113112868417034829e+00 9.520070723529074908e-01 4.480010954711666216e+00 4.858546757356187129e+00 1.984571791192039969e+00 4.410407457695863620e+00 9.720251540112148092e-01 2.312517022852092818e+00
3.535156946384391041e+00 5.920751643368888928e+00 6.167467416517013135e+00 7.105477525866498167e-01 8.051175193303351518e-01 2.469634131678977607e+00 2.650973423356607905e-01 1.352112053115914314e+00 2.186376489435329251e+00 4.130793162614851077e+00 2.018681611050198832e+00 4.772633497916241474e+00 1.565673447422016862e+00 2.998755676743560805e+00 4.482916930482715223e+00 2.428230912622152626e+00
1.764853995864610336e+00 3.735653232333177254e+00 8.764857233451741614e-01 3.521475258006375508e+00 5.104927215208655333e+00 3.477807629065726491e+00 5.744542481930633215e+00 1.573161553237503840e+00 4.193315497714694140e-01 2.388415725776333876e+00 8.619219263720787616e-01 1.831099415357112292e+00 4.878010958090007954e+00 2.323770923411272449e+00 9.669724370233884203e-01 2.998039118208523091e-01
1.873064710876495953e+00 5.595966686556924863e+00 1.095332315604797824e+00 3.338861755792347896e+00 2.355807270620757787e+00 3.094048308119094148e+00 1.116251340787862922e+00 2.479287867925973110e+00 5.370251201696403243e+00 1.450549203365174344e+00 3.222594418368216029e+00 1.380176359337776715e+00 1.522707639478475317e+00 4.134070578604311486e+00 4.751670008852692639e+00 5.828626215577815017e+00
2.516523185873630997e+00 1.247289239082193246e+00 4.076017431104013156e+00 2.051980494878839212e-01 3.808817211555523663e+00 5.595611745109362545e+00 5.381950967701741639e+00 1.709345256908762156e+00 2.891585195226602956e+00 1.911681001859804718e+00 4.568365058517463773e+00 1.709210470875987875e+00 3.241695282827740332e+00 3.324335526190044909e+00 2.856089683872095719e+00 1.038865354130710239e+00
4.128325710408083715e+00 2.623223872070202578e+00 2.360788540345200470e+00 2.159628508616997955e+00 1.474878422010819756e+00 3.317946955013280519e+00 4.156194541478938298e+00 1.106647795043160354e+00 4.098904932735393913e+00 4.686577814651426976e+00 4.028298220025796184e+00 1.388542918510607294e+00 6.725971347360931718e-01 5.068536843251641777e+00 5.570052793837016125e+00 3.482386414899878879e+00
