3.210040332262501295e+00 3.934043484666231993e+00 1.027899149562798709e+00 1.834531729610077988e-01 2.247353896929749961e+00 1.769412693273066495e+00 5.140838562275110490e+00 2.102890767791216309e+00 3.778091522747730302e+00 1.095008321396933493e+00 1.875227238626633319e+00 5.555125791352769404e+00 4.037342019283946648e+00 1.736933995070468084e+00 7.723019815112530662e-01 1.383257457248217248e+00
6.072355223126326251e+00 4.100232479871368518e+00 1.012633232261068494e+00 2.706014514582901320e+00 5.115466509386431326e+00 5.512023791416484464e+00 9.711209565049767622e-01 3.385229637100645395e+00 2.873662682123339973e+00 4.938800321134535487e+00 1.242250211801454896e+00 4.332320452563930502e+00 4.111726567429818679e+00 1.049363951783097854e-01 5.367179949883791323e+00 6.162669092935191273e+00
4.757104921563096056e+00 3.131978160442652648e+00 1.970662875901839195e+00 4.948814796424915841e+00 8.489931839206878994e-01 3.725898016052896500e-01 2.323232488099852056e+00 3.169744024880684297e+00 4.369918314601515696e+00 1.760727364786947247e+00 5.328608033613120298e+00 5.989695505037243711e-02 5.229908858614997769e+00 1.710929364179480272e+00 3.336706069214271597e+00 5.602149448155318012e+00
5.818037473552112537e+00 9.255656962426069001e-02 4.349495292219641485e+00 6.305917367208736801e-02 1.357634300940020911e+00 2.803624893779087301e+00 1.610402976853037016e+00 2.049735427715354275e-01 2.144270887449625018e+00 3.294317401320334238e+00 4.387659503748216755e-02 2.037715611413157379e+00 1.425575480274346551e+00 4.071528590955833415e+00 4.990149699248145332e+00 1.638355774751655725e+00
6.037156343359445287e+00 3.033320928188131482e+00 4.089813198278140050e+00 4.179887572459304756e+00 1.080856097863718945e+00 2.904960807954816815e+00 5.281394572992068603e+00 3.261002285713427096e+00 1.935697019042903477e+00 4.474473744879304604e+00 2.405471293598834492e+00 1.527231333441316473e-02 1.795174431244000779e+00 3.570896133015390106e+00 5.011647313828010430e-01 7.870968934203956824e-01
4.124052788748453935e+00 2.379732263590991437e+00 1.212400104069343953e+00 4.960928909176799628e+00 8.491853742752535350e-01 3.050888289761639616e+00 2.254754822395566460e+00 6.033986332009654063e+00 3.241709047852345815e+00 1.391191073533616374e+00 3.156580735437508167e+00 2.593565572990312873e+00 2.119976669231038890e+00 5.951662364171573572e+00 4.904470589877496067e+00 5.813513443905388378e+00
2.149519349095261322e+00 3.165746370342998883e+00 5.639873425017734476e+00 4.892122504005798511e+00 2.607094763770476664e+00 6.733376098357167772e-01 9.060487521363700392e-01 5.208946423818467508e+00 3.585208354954768861e+00 3.099049242687331507e+00 4.936619415603412664e-01 2.798498771909629923e+00 3.461006382166245121e+00 3.584609820723550389e+00 5.272107493338784590e-01 1.006463956448159003e+00
5.737120785175005899e+00 1.588258939185108298e+00 2.982924751140134667e+00 5.740378457033663118e+00 3.354529669003856185e+00 4.128477387307894375e+00 5.485478746498513303e-01 5.069946556924755932e+00 6.032678189126678525e+00 5.152269851657523603e+00 3.481864071975737218e+00 2.419036378072721760e+00 2.248712460772579469e+00 5.613870089432118071e+00 5.876414935611173007e+00 2.258613681608577561e+00
3.740594569138522285e+00 1.435010198054359698e+00 2.806531269888304703e+00 4.871751237538759050e+00 5.320866220719169704e+00 8.439882013430711760e-01 1.580971427905013771e+00 4.515195527540774911e+00 1.760755168329619647e+00 2.323360957633648027e+00 1.698243452716555302e+00 5.791451746878751194e+00 2.325140655755164154e+00 1.352667249804066607e+00 3.679618262075099899e+00 1.676268712216927526e+00
2.667578542192814428e+00 1.697074111089735604e+00 5.391735200290407093e+00 5.186193579000051734e+00 5.531930311445501403e+00 1.997020672754803439e+00 1.770112084196385327e+00 5.890400517377664791e+00 1.793590746261771063e+00 1.901972537473526570e+00 3.174996527544010405e+00 3.096268905927418214e+00 5.042896496474377876e+00 2.848088966160643665e+00 5.359804194690079626e+00 1.601951482420293171e+00
5.519529883135946058e+00 3.761315460501165830e+00 6.246377380863383344e+00 6.223187222013973674e+00 5.806497264291899718e+00 2.856399109489357269e+00 2.791449168182886353e+00 6.165118477858674950e+00 2.040093099203155180e+00 4.647156886217373994e+00 4.564736955912353622e+00 5.081419456479079777e+00 1.501008408718561338e+00 4.944010611015745571e-01 2.677224646442760481e+00 3.220308372784927098e+00
8.040642141834974943e-01 1.442390775010671922e+00 1.701884829379420871e+00 1.168617900451226488e+00 1.512256927852071442e+00 6.158606726043013957e+00 1.393902776099087859e+00 3.626288429133783242e-01 4.176693589718672578e-02 5.164094594262719440e+00 3.278629219873002931e+00 4.734651631069485944e+00 2.183129944980666703e+00 6.267921364172996057e+00 2.568333667285881416e-01 5.977040986919393006e+00
5.968664953089965586e+00 4.853105194497349117e+00 5.887726915796363869e+00 5.813122695076053503e+00 1.395819831250919574e+00 2.587917624217060286e+00 5.696399916997171076e+00 4.163133988200502955e+00 1.910810989065633514e+00 8.541862296501298024e-01 1.051493093813545165e+00 3.198314795875108807e+00 1.662812898989461718e+00 3.479106889335041863e+00 3.416696352836726458e+00 5.720550210495427557e-01
1.280160920812988934e+00 1.198949230879209127e+00 5.417244797104925347e+00 3.068093333630877773e+00 3.126003940679322302e+00 8.432503276517403501e-01 5.764085110070164220e+00 4.686017011269526300e+00 8.781772731422897438e-02 5.038935121582929888e+00 3.992306844348984640e+00 3.154853953354063378e+00 6.037487124402966643e+00 5.864331473088824076e+00 1.960606505180327641e+00 2.365711834259255131e+00
3.457462962149482788e+00 5.559043238555946509e+00 1.059035931952077680e+00 6.308624298846305933e-01 5.961041684686333220e+00 7.762043191512884022e-01 1.655739431958452856e-01 2.291070559597244038e+00 1.263700526379933242e+00 5.735351753495708138e+00 1.677645727497130368e+00 4.851610070586028556e+00 3.161686889651708299e+00 9.773268572952528155e-01 3.950538513182908495e+00 1.878398955964112327e+00
3.558909643311303217e+00 3.668856767574793509e-01 2.732594723337574916e+00 2.823673183896568517e+00 5.950125746107501001e+00 3.026001745242952179e+00 4.635398026327028909e+00 1.242474516903975035e+00 2.655550230923334531e+00 4.046430272953343427e-02 1.360938654594910480e+00 4.012393012588521657e+00 2.610091110386105751e+00 1.644667935849059237e+00 2.986747265693430117e-02 4.971559557969279730e+00
5.352567094055070029e+00 6.017601509447903396e+00 4.491378480452729249e+00 5.349790528668590284e+00 5.434185903335357892e+00 2.526023805159298696e-01 6.127642118126595427e+00 1.694433515444215166e+00 4.024858339353547088e+00 2.829050361985784967e+00 5.322342047767612883e+00 4.778095223379204004e-01 3.407485526456998315e+00 6.228536220992074490e+00 4.992543085485486642e+00 3.536235438887227023e+00
3.533435193477462821e+00 5.205003828747258865e-01 1.384846614908950002e+00 4.910907968131553503e+00 5.101938613994695615e+00 3.129477498451535222e+00 2.246939449591251581e+00 2.301944404349138384e+00 2.451234586171394891e+00 3.228761459414096091e+00 5.055567681734673968e+00 2.727427712533743165e+00 1.907792712564356341e+00 3.801963309492780496e+00 6.023718126491451469e-02 3.322406698341732412e+00
5.377435240716224030e+00 8.023498936316149355e-02 5.389862955888297336e+00 3.769248569577272168e+00 1.909430002044729902e+00 5.641713395516195995e+00 2.278523948354547635e+00 2.286919398829744043e+00 2.875707918256474649e+00 2.973331558357219961e+00 6.146694849632869051e+00 4.968117434131068544e-01 6.915802656931824277e-01 6.836598949587888718e-01 1.464689629050046404e+00 3.887307680132847665e-01
6.084739758535886445e+00 5.482108600775456253e+00 6.039702309517879009e+00 2.880462155018684189e+00 2.063230769291980682e+00 3.201918397524508908e+00 3.648094521818369129e-01 1.586033060188088317e+00 7.062531766593709293e-01 3.427928986886140894e+00 4.238363514281024536e+00 1.288898098394222869e+00 4.058048250181995442e+00 6.519150043239936299e-01 4.981219481053951625e+00 3.027512118566271226e+00
5.831129692236275197e+00 9.040759518918045634e-01 5.384572064782289225e+00 4.429026028837980355e+00 1.290740719374349199e+00 4.298478541076554471e+00 1.740614874660163292e+00 5.232162048481818317e+00 3.366933613996391461e+00 3.352072203411863516e+00 3.022697163922027475e+00 1.670476098032235290e+00 5.113274005639872222e+00 4.961381792156446480e+00 3.243928726354314840e+00 5.952170051002299900e+00
6.068669457544424439e+00 3.841674829917272938e+00 8.234912040153007373e-01 6.697484455264232639e-03 3.579573720537767567e+00 1.155551605620752653e+00 2.770850409536144809e+00 4.548710085351215682e+00 3.776556674347460341e+00 3.839525282259084182e+00 5.456822202198672755e+00 1.233989508185678735e-01 3.048631031358221222e+00 2.683462812337804149e+00 4.861427190875420301e+00 2.117817705091494140e+00
3.005969919817840452e+00 5.259966046675108586e+00 1.406477743757126531e+00 3.498061114934095439e+00 9.858939868274242402e-01 1.119478130045802766e+00 1.437118112472731690e+00 3.847882895054701713e+00 2.388162171866639927e+00 2.380244144186051347e+00 6.093068421940607271e-01 8.713984601176306688e-01 3.499943082123796234e+00 1.377853952769319434e+00 4.473885174315928026e+00 5.113619347361447076e+00
2.064437543260686070e+00 2.157398609827670732e+00 4.207556100054380188e+00 1.826947384800123197e+00 2.612484996563191775e+00 1.285253101064976367e+00 3.407723371241324184e+00 6.163875081819956137e-01 3.518440973284295836e-01 1.103835020385480092e+00 2.305910745579249632e-01 2.857359045493069960e+00 3.236480925248208518e+00 2.371528258596212968e+00 5.885419169997707201e+00 1.867211460945096491e+00
5.916738337558390404e-01 6.079091918694658148e+00 5.000172164935819730e+00 5.759377172307440951e+00 5.539307109976462584e+00 3.580750545895872161e+00 5.438420413697939715e+00 1.090328449264859945e+00 9.617987570159868271e-01 3.152773239840750197e+00 9.259736653452026456e-01 1.256755740388419529e+00 3.316123610939865518e+00 1.421117209740862197e+00 2.429547183859289916e+00 1.502885069840056653e+00
2.251969070652060534e+00 5.048085160154303086e-01 1.338750014741079575e+00 5.620501309336724205e+00 2.411590047461733555e-01 2.783631505442375254e+00 1.131029997740355064e+00 4.905105346501703045e-01 2.788661897985236671e+00 1.370331967289235120e+00 2.057790075963644938e+00 2.619360404601155157e+00 3.166045058910398335e-01 8.295572510520541343e-01 4.397660937949037674e+00 5.973628838380869333e+00
3.987308674686295795e+00 2.519502947009368832e+00 3.971035395368591292e+00 2.809031771869408445e+00 5.711890024460244852e+00 5.531577186989506956e+00 5.059673967328457422e+00 1.795446633388007474e+00 5.776695958893618421e-01 5.884002819538849849e+00 2.993164401732305802e+00 5.421495191503221678e-01 2.393950332233540923e+00 1.732244759488191344e+00 5.841022537118372604e+00 2.664365617296357680e+00
4.856782062920141918e+00 1.851014939791390423e+00 5.285473023764914124e+00 6.214847497759748762e+00 2.559109303274533342e+00 2.661116651376013387e+00 3.697591771451794074e+00 3.137946823686607045e-01 1.167483289035135208e+00 8.708377802319364758e-01 5.412144239283102287e+00 3.637399090577255745e+00 4.545166615163712009e+00 5.991247060877130437e+00 3.478277741205982210e+00 5.200296865330705565e+00
2.365600094577811507e+00 2.856362616737160742e+00 1.620009410739139399e+00 2.387072131169916567e+00 3.009984840840353115e+00 2.751403644577366414e+00 3.860141173115370528e+00 4.210257939174521624e+00 5.420485886532280695e+00 3.280305136062251492e+00 4.749965240720825044e+00 3.855697820499685680e+00 4.448162925847762295e-02 1.965663319623157934e-01 4.555234448912651501e+00 2.123219103100598415e-01
4.371511183951006352e+00 3.370330276206861431e+00 1.678820526974334815e+00 4.519764541465401742e+00 7.054880670923888708e-01 6.201630104098783569e+00 2.447135174830194604e+00 9.465853961141056372e-01 4.439374239887459161e+00 4.216257362507955797e+00 3.499596966136813592e+00 9.798297701158948936e-01 6.038818071937694043e+00 9.088624237270409578e-01 4.039904816858282954e-01 4.341993807914526826e+00
5.627737459624134964e+00 1.923019843052296007e+00 2.232519377920779924e+00 3.489428606858869131e+00 5.658154282705727844e+00 1.632601595860968757e+00 5.076889521257408333e+00 4.283790892808974071e+00 6.283105477504089542e+00 1.337262513164600986e+00 2.444747427326594114e+00 4.084238338815927571e-01 1.136286596410107652e+00 3.624805260556631215e+00 3.645480334155029034e+00 3.990370259320191959e+00
2.078576864066518759e+00 4.683523609236044827e+00 5.096603763860818148e+00 5.464873734077006162e+00 1.216446669555389937e+00 2.436445886144138928e+00 3.130005698100068123e+00 5.774557924416749088e+00 4.566580802433433561e+00 4.504883074782911834e+00 6.176305191780200765e+00 1.828833083669216819e+00 3.559424724872241708e+00 4.337848205132186052e+00 2.167237745592409226e+00 5.507138398956045400e+00
