5.137552996069364220e+00 4.786260057802103063e+00 1.119819891985182281e+00 4.092624052818048419e+00 6.007330888857769224e+00 7.216870230595670010e-01 3.800662004858526899e+00 6.725252377127771686e-01 4.491342954416649991e-01 1.337604707126937686e+00 4.587614931955261710e+00 1.032589215756892775e+00 4.293534380809438389e+00 2.409194107818479758e+00 5.784265169580875110e+00 4.571568262804802885e+00 1.457813686509984996e-01 6.149783021975055775e+00 4.639849738994082706e+00 5.993911236398891340e+00
1.517297245314313869e+00 4.183849443290475478e-01 5.334700330371785704e+00 4.437381991146790661e+00 2.430140364786296914e+00 3.087975076087838389e+00 5.682287168962459667e+00 5.978387715829498461e+00 1.807467368385625495e+00 1.004891124574344152e+00 7.238138042747682688e-01 4.809300311174212084e+00 6.234134654951124788e-02 3.806077226737839325e+00 5.386401787697592702e+00 4.508860479377479358e+00 2.953169499260640055e-02 2.390268649457384098e-01 7.124351160756157153e-01 2.155219167705169081e+00
4.063260670678443098e+00 3.397909845969949050e+00 4.460545713830036618e+00 4.444375636945464336e+00 3.181765110769778637e+00 4.742256821026296976e+00 5.379786455298981585e-01 3.177871223238565856e-01 3.178319777441530825e+00 1.880100520078392456e+00 1.246863346130562045e+00 4.331287779340797783e+00 1.603515062177786277e+00 5.038572723194321590e+00 1.081819627793635830e+00 1.773834332058811691e+00 8.638611070629701461e-01 3.610787619590011488e+00 5.423117574173912381e+00 2.085455613517677609e+00
1.468085821068750629e+00 3.806692926041898239e+00 4.526234714384888558e-02 2.985763551603565435e+00 3.469628139074714124e+00 6.180159641378623725e+00 2.548547635681770895e+00 4.869849934140854764e+00 2.281691564636350034e+00 1.404787083043614437e+00 6.058441828194726098e-01 1.997107179713724090e+00 1.291888911710862564e-01 4.150252696656275830e+00 4.726026040607640866e+00 3.499048613229161386e+00 2.738924884332492926e+00 1.216929571388743581e+00 3.007003233089488692e+00 5.501613824401489161e+00
6.009832378747600456e-01 5.158360602619916691e+00 2.692044736166134378e+00 6.123452377826988702e+00 2.771310843772606169e+00 2.874671538132460125e+00 5.839559554024275734e+00 5.228478317570499634e+00 2.323763621049719230e+00 4.258942651960117565e-01 1.685939346235294289e+00 4.662295633910978232e+00 4.223671891096418274e-01 3.168173742816552174e+00 5.062630709156790143e-01 1.615927845414446562e+00 2.437236450158322576e+00 1.706916025439713325e+00 4.457100033638133674e+00 6.226561049586514685e+00
4.373056697007603688e+00 3.181426738946318000e+00 7.859782863067655834e-01 8.405483780036040464e-01 1.409380974990076085e+00 3.087443787294036568e+00 3.410654487644275257e+00 9.727489963786629668e-01 1.296431787151871018e-01 2.105888757748020534e+00 2.378515207965543610e+00 5.845469465302373102e+00 9.706674119323621674e-01 1.577093875360581210e+00 3.984147821434607550e+00 6.243240602928785243e+00 5.148885727680038826e+00 1.208843595740892507e+00 1.572660458729541411e+00 8.897261327585301860e-01
4.037623750982163529e+00 5.383886318241379865e-01 1.460979339653209585e+00 4.196706794629453618e+00 4.102022289688179946e+00 5.362560050601399286e-01 4.128395418432281083e+00 1.516335903190194401e+00 4.291292768928839152e+00 4.271253449428960569e-01 3.611775480232453539e+00 3.805360703521806442e+00 3.949874135293508726e+00 4.421619246853445873e+00 5.692383910752337961e+00 2.238429699119824701e+00 3.125211314181246536e-01 4.799856662756216252e+00 3.040458416703890165e+00 3.921771593421162549e+00
5.175140717635957621e+00 3.735942039498795886e+00 2.077655846103974469e+00 2.128305375064268201e+00 5.645638538031328757e+00 2.618373921066642629e-02 9.246599566580063767e-01 2.498255611009209343e+00 2.447486668768518725e-01 6.137680376778274827e+00 5.264344571399027117e+00 4.285318449479914804e+00 5.080884326452366651e+00 3.557168230770449746e+00 2.563341932181598892e+00 4.538184630425268762e-01 5.912172015499950195e-01 4.337047691816684036e+00 2.081149054498482975e+00 2.765955761765891197e+00
3.067678575192462898e+00 7.928884188354408113e-01 1.931787587197123290e+00 3.604377883246651759e+00 4.933940002047233264e+00 5.215826819747421794e+00 4.189762634283026088e+00 3.873282469914402615e+00 3.035358588243393108e+00 5.300866998754308335e-02 1.589674674612853167e+00 4.737262648624973593e+00 6.213152584528710554e-01 3.334551547809882610e+00 4.794112057050928799e-01 2.722963703847132599e+00 3.879409709960552011e+00 6.125231605438277604e+00 4.097072095204097764e+00 4.711395688766075174e-01
1.309157714802541728e+00 4.492151054396640752e+00 2.586479353500393152e+00 9.364182059351747189e-02 2.189848991155847191e+00 4.670594814189068522e+00 1.362639946293890958e+00 4.432816870568097478e+00 4.081122402034211838e+00 7.110000433154366473e-01 5.738335428528563931e+00 8.869587436660905100e-01 1.119373679370261887e-01 3.249571243239788743e+00 6.032505362691873430e+00 5.482997938779484492e+00 3.433235787191617039e+00 6.242481879130632016e+00 2.357232555211602687e+00 3.354783067322298917e-01
2.451260465994701043e+00 4.597600674506129081e+00 3.244943162117523539e+00 2.907957627944624424e+00 4.287820040415527778e+00 5.337071132944033458e+00 2.653285839739969454e+00 2.056072876994459453e-01 1.914330429306217995e+00 1.326179805248055787e+00 3.768627824172729568e+00 2.404421150477886737e+00 2.428016282728815867e+00 5.783152955855486610e+00 2.174119309105081221e+00 5.986285020952800906e+00 1.850841713259642862e+00 2.611912668421557893e+00 2.184233489212644486e+00 2.470494121312411639e+00
4.759738677146834185e+00 1.449802084862754914e-01 3.169946601564588851e-01 6.055851960128557643e+00 1.372855363051345423e-01 8.233438194246670561e-01 5.777001581386175033e+00 6.245515422371561876e+00 1.720332540769198060e+00 2.824326038393902838e+00 1.555138003651132195e+00 3.634376057504383084e+00 2.158055782660106003e-01 5.521786398014199015e+00 4.836303173617777951e+00 5.031413489450788035e+00 1.988073554652702191e+00 5.558945146414228766e+00 3.321091507959434974e+00 5.600922705829563419e+00
2.538616317942195000e+00 5.961380416512355396e+00 5.701001166478446791e+00 5.493553832722374963e+00 3.604638175809778300e+00 1.088347073860266967e+00 1.878305046965061731e+00 4.717792300536198802e+00 4.176612681091259383e+00 5.558935132930293399e+00 1.573425687761585312e+00 4.829036768784148670e+00 2.360671354787665432e+00 4.675819461442887182e+00 5.206509835652665785e+00 3.596342260717720229e+00 4.174584313556428228e+00 3.862816063380879683e+00 2.852036523191554540e+00 4.566149249980498759e+00
2.809745696148598260e+00 4.673102600408189033e+00 1.088016360022734164e+00 4.099784339453781179e+00 1.050835241613466309e+00 6.213039459323392855e+00 3.110331167429168708e+00 5.367536177222241633e+00 2.516758453831409614e+00 3.505811222084157741e+00 2.578538556841768248e+00 5.300153699149696251e+00 3.647145828319989125e+00 3.170383679320462278e+00 2.838644508612831796e+00 1.726719499901361088e+00 2.986088268387603772e+00 4.003851192692983729e-01 2.705345280892438087e+00 4.456878754460828596e+00
7.076070926426808461e-01 2.573012415181073820e+00 9.852817269720083593e-02 9.185564523795268776e-01 2.296379915077709555e+00 1.001168715912990476e-01 4.128005755901667517e-01 3.967822235335308978e+00 2.653995366807535561e+00 4.881308045150309027e+00 1.173263265846905989e+00 4.631765620739618505e+00 5.649111326638849739e+00 5.160889571117624364e+00 5.852339950189369588e+00 5.760544303708407199e+00 2.897422131485262842e+00 3.565202017447369975e+00 3.917169321215875133e+00 5.339318992858069990e+00
1.585135895827027852e-01 3.524039233855082109e+00 3.917828837195545866e+00 1.217592251326561126e+00 5.853189232716314194e+00 2.131102794529914135e+00 5.758996685699083962e+00 1.560088353799715666e+00 5.075514775213596508e+00 2.629091216244334728e+00 5.916947962446023057e-01 4.692246096783535769e+00 5.977135454665124747e+00 4.260247122967636635e+00 3.722558855660456634e-01 2.792688000585231922e+00 9.231903072258924592e-01 1.350551175303269291e+00 3.795362844886917664e+00 5.353677222423795179e+00
1.962425926469979709e+00 7.093863798514437047e-01 1.681398944048651645e+00 6.257868728778314349e+00 2.009973819199024181e+00 4.872184043836078615e+00 2.977056160644020455e+00 6.244625671489383301e+00 5.232822560701755776e+00 6.219989189897834336e+00 9.589820917522523525e-01 1.206989111430756489e+00 4.944411602021997254e+00 2.445977508262393130e+00 1.144583851207050668e-01 8.812213278347384993e-01 3.900907504964479688e+00 2.252166985887130046e+00 1.016449044132952118e+00 5.815851372998486646e+00
2.393102767560119304e+00 3.857669736977578090e+00 1.396642820651166517e+00 3.502608051492805519e+00 5.434640681166341913e+00 3.907177275432543340e+00 3.007676047203840408e+00 1.547627573875889118e+00 3.455650278556034127e+00 3.683118398080837963e+00 4.882794944235848256e+00 3.337188004746909797e+00 3.405849214852575191e+00 4.058300439487782185e+00 1.474375041376863038e+00 1.652409911100925610e+00 1.505314262788395085e+00 5.079685029847760269e+00 8.621593901132628135e-01 5.513559641185900695e+00
3.704684295681150541e+00 3.308950945709866698e+00 2.133201463198939329e+00 1.306978734688813537e+00 4.680777559439115443e+00 2.833745772372027183e+00 6.069195901598321008e+00 6.356902125257031522e-02 7.128635772375406798e-01 3.513144186096939681e+00 2.321039557878668003e+00 4.372793896865130314e+00 3.615144199521336699e+00 1.318526562033461191e+00 1.422779758508299741e+00 5.794756927290743320e+00 5.015245601952719845e+00 3.512714816893208969e+00 2.947573458148823988e+00 4.323220260093313172e+00
2.892730279024314566e+00 4.414915145435695187e+00 9.411791446542315809e-01 4.991323118333543363e+00 3.821563442777395903e+00 1.153762883092590563e+00 5.513659242366878051e-03 5.168245969519507987e+00 1.027811774283607260e+00 4.339509246902087725e+00 1.515115818098025313e+00 5.814834195905529413e+00 1.076745453427720545e+00 3.600025983216553982e+00 5.106209536520585068e-01 2.388412183239700060e+00 5.746742117334598277e+00 1.783750935162345744e-02 6.075076758110967923e+00 5.405499611579141828e+00
2.646670750249730641e+00 5.179636719347708862e+00 4.399050756437138388e-01 1.589063718889667687e+00 2.495175327829561418e+00 1.341510166318996555e+00 3.038011348160528868e+00 4.973066062895597383e+00 6.234344089640067921e+00 1.128487014789427284e-01 4.084223053628287303e+00 2.086792376900835855e+00 1.846344730262323930e+00 2.817472762653773888e+00 5.156457124107851619e+00 8.793258702917916558e-01 2.461816374856420353e+00 2.544220503873253048e+00 2.096055906466289365e+00 3.147414464648718546e+00
4.689955086359315573e+00 3.934484220867537019e+00 1.869121131763082699e+00 5.705529391918966908e+00 2.569294785103965584e+00 6.258423051700460427e+00 3.333712628452968119e+00 6.734753247999863968e-02 3.166682401724405072e+00 5.281049935811809704e+00 3.146816085902167104e-01 6.202145132106747560e+00 5.733107625796399986e+00 1.889983041067877290e+00 4.538844993213098533e+00 3.362720641902531504e+00 3.867256426917914158e+00 4.913085049387214909e+00 4.392352916861365308e+00 3.317780899748624002e+00
3.849208683984607582e+00 5.180617769634691783e+00 1.901783319134166206e+00 4.071606189504287876e+00 4.846921905124664143e+00 6.080255416830798509e+00 2.800922311876103965e+00 2.576495065579484489e+00 1.850475213775687910e+00 3.709726084773233179e+00 1.457456383562640623e+00 1.430057457038565571e+00 1.966777587457207321e+00 3.403731448344954114e+00 2.767600184961880316e+00 5.091298252640557465e+00 1.354118816214727461e-01 4.936161349531954734e+00 4.879817214172020634e+00 3.374817071791977430e+00
1.502116287921098303e+00 3.383255477043401793e+00 1.163120222593281516e+00 3.259318791279141259e+00 5.591983823781467855e+00 5.986926727938423731e+00 2.396177328750421331e+00 3.247850759187959735e+00 6.130337571407753927e+00 3.516344409045846775e-01 8.851842091002992685e-02 1.156498399958050260e+00 5.750050999157474862e+00 2.072372806756127783e+00 3.613252728931006352e+00 5.758313481110650667e-01 1.731501666919266880e+00 3.440064244115069947e+00 2.156721444906580576e+00 3.316161627008196167e+00
4.152733126108718587e+00 4.874695804060394266e+00 1.214193711347171245e+00 1.128551616520234946e+00 3.204469968377367639e+00 4.979194086596506530e+00 4.614500042296688420e+00 2.286021273483189453e-02 1.325849449460235752e-01 5.438445245487280033e+00 4.952025603142823584e+00 2.471633568923012003e+00 5.617266762511810896e+00 4.114215595096389677e+00 1.350465962775452278e+00 5.687403275379062428e+00 7.974354621143728838e-01 1.399769657806980705e+00 3.782879973300287690e-01 2.763062758433675103e+00
6.280688704756845375e+00 6.950377859979292028e-01 2.624667343143298748e+00 3.839732783186548204e+00 9.389548815240605917e-01 6.243338178526761872e+00 2.410108268732086501e+00 3.532814626367492217e+00 3.911943990572881447e+00 1.422267340405516167e+00 3.633410680854582075e+00 4.422644182667538892e+00 4.214625127183607711e-01 2.462235118708308246e+00 2.148482250036045649e+00 3.797520437743157729e+00 1.995174012514727258e+00 4.325744182508611146e+00 4.637968528901572185e+00 1.649671870573217625e+00
5.582729131554177826e+00 4.041883563493079201e+00 7.081209508072393577e-01 6.074822564880280495e+00 4.192631598866808140e+00 6.200229314591609864e+00 2.057299480335221364e+00 1.920005465913992682e+00 2.428577358393604779e+00 3.576880613214631133e+00 1.429514616182079090e+00 5.495707388069443589e+00 1.244578542530647036e+00 2.387454754645536026e-01 3.006776604629953553e+00 4.264103915624991442e-02 3.767896329926517129e+00 6.031930498477733771e+00 1.813412582042384757e+00 4.032177886597070327e+00
4.191052356794472411e-01 1.322564292876325265e+00 2.249219201034938997e+00 1.877425495747884865e+00 1.668336532239267145e+00 4.368422516979540760e+00 1.022741645179168879e+00 3.707873194410476803e+00 3.288699641330665724e-01 3.550943629495163734e+00 1.107043624878458532e+00 2.115028420920554986e+00 1.685924659427627814e+00 1.823112214829533784e+00 4.348628629070767637e+00 5.195135155688621609e+00 1.782607579372665230e+00 5.443001889425835849e+00 3.003896854225895363e-01 2.775927509066186794e+00
1.284244017882655298e+00 4.820293119962545170e+00 2.330299481804333883e+00 6.150651634119641997e+00 1.863180353663769440e+00 2.981267775839063550e+00 7.224395331800086417e-01 2.351756624417449260e+00 5.888934444454335448e+00 3.543127271252918042e+00 4.753634598694730151e+00 3.037032653310741015e+00 4.693444110706292527e+00 3.836088283352499850e+00 1.702368350269632735e+00 4.530941998201813981e+00 5.286207622032677023e+00 1.788933515960944742e+00 1.196010897960663177e+00 4.600790606775028380e+00
3.745286171644242490e+00 1.999296276698108832e+00 3.056583211904681185e+00 2.351560792412020984e+00 2.698095794387463275e+00 2.344696415966442959e+00 4.945881322534278368e+00 1.481747525596281312e+00 5.676117271983993184e+00 3.890888380622600451e+00 2.861187608515487923e+00 5.868999337250241588e+00 4.854566874227052686e+00 4.133449178622019993e+00 8.391732039535945153e-01 5.044140572985910786e+00 3.738896096884294917e-02 4.216428573282205328e+00 3.757475728328059539e+00 3.958409206899899946e+00
5.456576223247414426e+00 6.282824362827159170e+00 2.140933090901982472e-01 7.368042424761924725e-01 2.948688754011411284e+00 2.844169771338231900e+00 3.421798904911636630e+00 1.733129335762970236e+00 2.609132984759272134e+00 4.578262155805624900e+00 3.969762628976627461e+00 1.793070586495577157e+00 1.580750150918148522e+00 3.004944284760749929e-01 6.039182087438588198e+00 4.359376448068974064e+00 3.624741874584818557e+00 5.460405975153143077e-01 1.825608999185849957e+00 2.929018575681111347e+00
1.290876786863416781e+00 4.633426486703833724e+00 3.906029357668634017e+00 5.059823502620834468e+00 4.176578607831350071e-02 2.914386313539778950e+00 4.331901720170494130e+00 3.476938439871496644e+00 5.779688480384789884e+00 3.327140347649585994e+00 5.932668462927365161e-01 5.937207951719583932e+00 2.590347725947216073e+00 3.249699268338759772e+00 1.909786191640419073e+00 2.847997051801594903e+00 3.799890119779425479e+00 3.354590397171136384e+00 2.304449411054408259e+00 3.655119604223795449e+00
