2.926382561792728154e+00 5.284924264172699560e-02 2.996847587481192399e+00 6.072960627342183670e+00 4.757147716876914956e+00 2.312651549922921657e+00 5.433061575899066575e+00 1.878635819445708899e+00 1.614826981371535686e+00 3.281537538681708721e+00 3.945996759841203350e+00 4.905108786190089942e-01 5.470594072191183876e+00 3.768453119715165389e+00 3.949389332826408694e+00 3.665555492699523299e+00
7.950563575185635168e-01 4.503176626117295633e-01 2.265746751381256363e+00 3.404131389643226591e+00 2.820732921978533092e+00 2.959018845788027985e+00 6.035546289308316936e+00 4.810012220752871492e+00 2.996968285179784530e+00 5.300657927658233959e+00 4.738164620918394299e+00 8.645345544012692507e-01 9.070811219344602216e-01 5.808874105721635317e+00 1.902982897190501066e-01 4.212524051939232628e+00
5.099221056937890850e+00 1.510243826497263520e+00 2.581407494484639908e+00 9.354725270922137348e-01 1.803638153258932286e+00 3.502557357196051324e+00 8.858441795494591542e-01 1.422198706852848271e-01 8.837133036639516215e-01 2.965177973428194669e+00 4.078140950873131665e+00 2.297640879553641824e+00 3.322347327851175258e+00 1.802129497304920447e+00 2.301553491112086736e+00 4.974689518372191088e+00
4.377547617305943994e+00 1.776592740407154869e+00 1.432211156134776564e+00 7.585655019201786864e-01 5.907071201415640793e+00 1.092458722448895303e+00 2.060947790137425406e-01 4.574817081202145808e+00 4.082135580575418921e+00 5.753505379179841839e+00 3.694411791878185469e-01 4.198225894158086891e-01 1.301192576839392823e-01 2.983714641591604266e+00 4.817414656643327908e-01 6.185388668687735070e+00
2.781907433882751857e+00 6.202955361100249476e+00 6.104227519788302914e+00 4.581040257407986149e-01 4.024802904398684156e+00 2.751983638082551309e+00 8.257908347806634797e-02 1.442647658397111732e+00 4.269261522959098443e+00 1.550770758184008280e-01 4.370808682441806425e+00 4.790364637311666840e+00 6.950023204227745444e-01 2.961432845900440203e+00 5.178052596347655800e+00 1.897654562250029375e+00
2.361878960705481312e+00 5.206763985647515192e+00 2.169632182575070178e+00 1.894307161306870935e+00 5.704195758796887894e+00 4.542485438681320709e+00 5.035431449501185375e-01 6.418294837024814958e-01 5.543582954360474879e+00 6.349644167180066301e-01 3.808346137911605478e+00 5.304245197464916295e+00 2.516925177370509914e+00 3.426689257128678889e+00 3.953050390930936686e+00 6.294766043856726834e-02
4.980956860392335095e+00 8.648082296553324388e-01 5.123447842040671496e+00 4.016120363705638852e+00 5.927669326800962146e+00 5.048161162116882039e+00 4.282810993560313584e+00 2.099029971582569321e+00 3.427309385962911542e-02 3.175101563567087393e+00 4.779782420037459012e+00 5.497742880675192012e+00 1.050067026136377590e+00 2.588257701853045933e+00 2.288754684968878017e+00 5.234877166463337339e+00
1.786659362536387186e-01 1.534867241923415504e+00 2.857130683358355849e+00 2.465672189761640265e+00 2.754276618619252215e+00 4.078574415218363391e-01 4.494013061929981845e+00 4.642247571128642614e-01 4.964963109832014609e+00 4.639032470388728235e+00 5.602491464318152481e+00 6.552072196430439588e-01 2.848737955990494175e+00 3.907803074320380876e+00 3.434410987266256043e+00 2.683031285813274991e+00
4.902748159060702271e+00 5.725607774703400210e+00 6.243831801722270480e-01 2.519914399015496187e+00 4.061542065825613612e+00 5.593215996618781993e+00 4.299449645015632981e+00 2.637639011909358011e+00 3.845274588410162675e+00 2.074255809081528401e+00 5.611664985214530610e+00 2.249325327099780836e+00 2.665770507607330586e+00 2.976243126094522129e+00 1.213218258069229005e+00 1.285772706104647778e+00
5.485740094018092261e-01 4.872178398984461367e+00 2.997864510065557653e+00 4.820426028719108635e-01 3.989839785878596778e+00 6.279760227623788715e+00 2.672451240927175231e+00 3.241790497873146659e+00 5.085134660452443001e+00 8.667351926899956593e-01 8.627218024925803475e-02 3.893798017365875719e+00 6.031531996291769282e+00 1.083000355050107499e+00 1.739281196564014698e+00 4.039778797743601935e+00
5.119369707425413196e+00 7.350124695142402631e-01 2.494352991922120122e+00 2.373542874203188102e+00 4.802578905847385116e+00 1.724126770924900631e+00 1.500408089705591586e+00 1.390527836761699776e+00 5.340474804143656939e+00 3.288687499639669554e+00 5.150735961226120985e+00 1.684281535118757667e+00 1.328602635999542425e+00 2.431502902647105557e+00 5.907971359905610065e+00 1.526890378818597904e+00
1.592329155886945014e+00 5.295503572263093872e+00 2.176460951283659906e+00 3.503896252286607726e+00 5.978035581609623783e+00 5.805189933673227110e+00 5.754731479855421661e+00 4.379485561297319585e+00 1.131746425865475691e+00 5.279753139250848548e+00 2.824073892256777629e+00 3.800009959986263008e-01 2.319298968196532140e+00 4.703238852834135564e+00 5.685709662658349650e+00 6.484375905736212697e-01
3.411903083949591409e+00 4.803630332735918884e+00 4.258079623951135595e+00 1.049919175963963447e+00 3.622801850122392864e+00 3.644919326905213808e+00 2.180121911080580066e+00 5.634150408056375348e+00 5.269534306698401949e+00 5.057672753677518784e+00 3.007240461816008903e+00 5.257174280300828784e+00 5.698849201012293975e+00 3.194661220107426924e+00 3.844124576476239952e+00 5.191532179020789783e+00
5.336691400242024486e+00 2.421101316679701299e+00 5.778560435840393694e+00 4.275752506719181945e+00 4.734097417258913865e+00 4.874927757407745421e-01 5.174183986336613472e+00 2.094022051531682749e+00 5.494152203455098693e+00 2.346776493805835084e+00 4.199704232535001580e+00 2.323384745286217523e+00 4.948650923928004097e+00 3.917803707031425553e+00 2.244963311510082438e+00 2.091712730738935377e+00
1.977919656890335443e+00 3.947372846741339369e+00 3.147569380937733197e+00 2.453176283556947723e+00 4.695627487317287851e+00 4.904263651492491327e+00 2.901470013216041366e+00 2.804348402325157252e+00 2.490700126781350221e+00 2.840555702623235312e+00 1.142627987447121463e+00 1.141709513313111657e+00 3.124356942292683126e+00 5.647250962522003093e+00 4.818045249206565295e+00 4.572895752726776841e+00
1.318024949080373931e+00 1.503609496652697497e-01 2.131466978242500865e+00 3.590914368627840414e+00 2.316510388747690108e+00 2.997753677445846865e+00 4.964452975702831949e+00 3.243854969487852458e+00 5.914204031584520571e+00 5.958176635222965700e+00 1.823211079377216937e+00 3.743215667001762448e+00 3.587948597560849162e+00 4.214206310317232251e+00 5.652593799859504387e+00 2.037861150981428171e+00
5.432642916257302446e+00 3.899207063231107107e+00 1.090706568234578677e+00 6.432837450374899735e-01 5.264531276216860789e+00 4.760500270259520050e+00 2.859369539834827556e+00 5.014222646571486308e+00 8.150669013582616529e-01 1.644873279140504962e+00 4.621831742623679240e+00 5.893168037371374623e+00 1.616285365426972376e-01 2.567951502461172097e+00 1.219815322895678511e+00 3.437394188913584614e+00
2.781307889194952754e+00 1.705735690985073161e+00 3.139460314648226280e+00 3.678656141132456536e+00 3.728889799284131445e+00 1.196354135008389274e+00 4.607333615328252918e+00 3.246070069156605342e+00 3.832078795466376420e+00 2.669862624879901780e+00 8.759905840027717439e-01 2.329844185493237241e+00 4.681447827370582182e+00 3.962681187182122700e-01 4.156288129382207153e+00 6.085587424433037462e+00
5.024239071110391031e+00 8.220361855124843631e-01 2.897682700070538964e+00 5.051795735001746834e+00 5.068688371435724482e-01 4.056051503142777293e+00 5.726345584649392251e+00 2.888492257409462916e+00 3.233072719109082449e+00 1.805302420165723509e+00 5.075250239805139785e+00 4.206109149178012707e+00 7.813238640868385154e-01 2.252898606599091469e+00 5.021739392659047674e+00 6.077321906721133260e+00
1.580070552552732988e+00 3.863727571815036566e+00 5.780715815171760141e+00 1.398601478486152683e+00 3.053325751611914995e+00 1.808220299073284160e-02 2.380053173032474323e+00 7.456014345377860730e-02 5.995027926084401493e+00 3.863091571392619716e+00 3.799539994318681391e+00 4.976987589811500357e+00 6.123422132233442561e+00 4.196992033396378829e+00 4.522557294846663467e+00 4.701872740258692396e+00
5.126813170089524974e+00 1.560892206380544378e+00 2.262128450739093299e+00 4.301058538536230991e+00 3.728065823883953023e+00 5.681188562388229890e+00 3.674452630378124418e-01 5.199481528681825893e+00 3.674116942939423147e+00 3.903186959946696621e+00 4.296129498119147350e+00 2.448470833558579862e+00 2.624134613703792862e+00 3.963474846186690659e+00 1.263994159767878100e+00 5.323637332058007487e+00
9.343698354764066183e-01 2.764632460085834520e+00 4.351126953162735234e+00 6.021185493864245508e+00 1.441831945229232748e-01 4.202239628211523303e+00 5.003790263548247630e+00 5.121968467676988546e+00 5.448259800145311971e+00 1.486652459672747284e+00 5.393099279405568325e+00 6.233447121776761746e-01 2.779788996581662008e+00 5.851704228817393272e+00 5.117510460421297758e+00 4.178785874894840546e+00
4.915374305566533764e+00 6.083949257253987497e+00 3.633429601802211195e+00 2.115142515873636331e+00 7.447204509268963157e-01 2.175733219426529530e+00 4.109893379202032015e+00 8.284291408172237414e-01 6.093356147657454258e+00 2.202675830302980753e+00 4.111141029393671431e+00 4.976211662190778817e+00 5.229123935426508218e+00 5.298989685387036630e+00 4.992102717032031123e+00 4.052253169506596642e+00
4.421546715721362375e+00 6.008313314149348550e+00 5.470306211635825200e+00 9.546486420791878702e-01 3.024039928442369352e+00 3.628689290469401474e+00 1.000379207947861726e+00 2.102307122496148484e+00 6.080744178592865090e+00 4.244947555893270885e-01 1.323320496449716388e-01 4.302433402365926973e+00 3.545440346645342355e+00 4.362037994575335809e+00 4.451371453355446484e+00 1.580026135392723186e+00
2.918244212483260380e+00 9.158054892685665305e-01 4.292327186432792097e+00 2.192633944363776344e+00 3.526045789622566762e+00 3.399248477819255765e+00 4.887420987852483023e+00 6.852138335797219870e-01 3.261499392337942727e+00 3.955502594859057641e+00 4.055431766615760658e+00 3.237765794037165357e+00 3.892844400003076188e+00 3.242385136433109771e+00 7.648765146956246208e-02 5.951663288197725166e+00
9.199358418803563753e-01 4.960627452836284590e+00 1.872364333775498713e+00 4.941651544575733190e+00 6.209218278691558623e+00 4.373791540069813522e+00 2.673114269557433698e+00 2.609644279526172284e+00 2.111258493370522960e+00 3.145159164755049197e+00 6.005007815364284518e+00 5.300616716837243558e+00 5.936869038585123270e+00 3.501598976236338867e+00 2.190025920597640230e+00 4.646454622697405945e+00
3.779330616729418502e+00 5.486474628555970678e-01 2.818203931028026687e+00 1.359227057869673239e+00 3.583468097243415862e+00 4.517392525493292510e+00 3.067780521256961546e+00 2.996652791474197830e+00 1.734554476154400726e-01 3.755394979787121112e+00 7.455293095112458523e-01 5.558670359113022208e+00 5.118898696910807899e+00 2.213562973979376902e-01 3.752756998047840131e+00 4.187390478594487098e-01
3.959121012872520495e+00 3.367425411263187840e+00 1.180956605291491712e+00 4.192836861782731184e+00 3.265802547687349122e+00 1.271939306772392975e+00 4.010696102102524030e+00 2.106329327820468666e+00 3.714011633026387038e+00 3.422426956179781321e+00 4.115617205385295740e+00 4.061961423661199611e+00 4.306718624980150345e+00 4.223901133308898714e+00 3.766382613757595976e+00 1.797395643210933036e+00
5.925224222233427263e+00 2.252071234334365180e+00 8.060486731359116641e-01 6.089530212200389592e+00 2.731044658280669113e-01 1.281338581615446781e+00 1.652193821688656250e+00 3.290077903393304304e+00 3.327030990078682304e+00 4.922097833770828323e+00 3.306706479104235097e+00 3.329654298827474879e+00 4.434104036055432019e+00 2.704473921092792832e+00 3.389077337786049249e+00 1.885054904365936757e-01
3.659150477242248733e+00 3.314556068297008551e+00 2.513001741659213195e-01 1.445113787853185894e+00 2.057203219681447148e+00 5.907204418414504943e+00 6.220129536262700931e+00 4.186582842545092831e+00 3.347197171029521190e+00 5.528570291164144557e+00 2.141364429340018583e-01 3.823924433864388739e+00 1.583231580962223051e+00 2.333512866205293079e+00 3.768943345236206444e+00 3.517423349998323623e+00
3.389769414011599702e-01 2.221832214822985208e+00 4.700266957469464657e+00 6.264551174007463308e-01 3.446202928615456962e+00 3.220481254154431650e+00 3.800952006076608658e+00 1.271393109183260650e+00 5.801776334849627348e-02 1.826344603175396042e+00 5.315460048744847121e+00 3.085586312662178532e-01 6.210259713035767071e+00 6.294187743988863826e-01 4.565035927777643110e+00 1.615902247807530445e+00
3.625937766031568366e+00 5.729564617289475414e+00 1.578724356971854315e+00 5.749524594132770616e+00 1.690043459520687241e+00 1.070750199374747691e+00 8.158466511115296527e-01 2.692559094991175073e+00 4.575555543637059408e+00 5.968668299292998469e+00 3.355012842708926968e+00 2.815190981527632363e+00 4.440411881906700664e+00 2.373834585280879317e+00 2.079979861657218265e+00 3.060319828316676816e+00
