2.880368531414895905e+00 3.675342726421129136e+00 3.042496539575912706e+00 1.444968144443105285e+00 5.779438320150352304e+00 6.189105784414947742e+00 1.732245492529125741e+00 1.425062759817572910e+00 4.541200343917793703e+00 5.921819057838646927e+00 8.443062248138555326e-02 1.554770053967301502e+00 5.461909883008659428e+00 2.864178368221214743e+00 7.208726402314399873e-02 2.180769016525685167e-01 2.664285676209104725e+00 2.908672404525091792e+00 1.944836421444128050e+00 2.277343424190251486e+00
5.494445163286306943e+00 5.564820942119077518e-01 4.140965146304548483e+00 1.792625670641077473e+00 1.983042571991128211e-01 4.847379253730596638e+00 4.104641917520402750e+00 2.270299751493350282e+00 4.622693070525825121e+00 5.005117291297152882e+00 3.824511857055607145e+00 4.613194231254170496e+00 2.593620010701254142e+00 1.742416044706140754e+00 4.100500053524638311e+00 2.756780369171702549e+00 4.127346190380968949e+00 4.764779372338221464e+00 4.511385793942744193e+00 2.821430010067267347e+00
3.313036049600582178e+00 5.930674559827410874e+00 3.758831122469704855e+00 5.710084172135003300e+00 1.739643465172754588e+00 1.888194608806618158e+00 2.578544879535730749e-01 6.015216157496762861e+00 6.163456998500858042e+00 1.416594549610199039e+00 3.692687429216484407e+00 3.125778734917130652e+00 4.902869790319806853e+00 5.883311712391516402e+00 5.094156298476478995e+00 2.503997319658048060e+00 6.087234347608960761e+00 3.587171461716147647e+00 6.046311059051630465e+00 6.141195389943374661e-01
3.007249424984596575e-01 5.719729055941286333e+00 5.969814304074472666e+00 5.390700360953022852e+00 5.255619678774794856e+00 2.315986218723599777e+00 2.228582684527264046e+00 4.755436831053440727e+00 2.747440847122105012e+00 5.391486486751557727e-01 4.338339192344719208e+00 2.838781548863623438e+00 3.776319363907200799e+00 2.164636485229039231e-01 4.903035002759938976e+00 5.827359747912664645e+00 1.400102647025785796e+00 3.756506001439627429e+00 6.156237023999237223e+00 5.055135873230716115e+00
4.744562958002875419e+00 2.108694758229413768e+00 3.898960814696859067e+00 5.648495621082853191e+00 2.342942413149793790e+00 3.399183982267866000e+00 1.763496276353530845e-01 4.279796496361353286e-01 4.019516496947692197e+00 3.411835005840714974e+00 1.109384304382972086e-01 1.057304777111346822e-01 5.509044476897748233e+00 3.457389925437541311e+00 4.792112436920835883e+00 3.938203632362771156e-01 4.994717345553434384e+00 2.499626841989154080e+00 5.215492540834075541e+00 1.011748162737387213e+00
1.973001298036000328e+00 1.693975619882412520e+00 5.256379691913185326e+00 5.699589804678734772e+00 6.210164680446111696e+00 3.517655356801225024e-03 2.612018475292653630e+00 2.354274777967867716e-01 5.564640865650560819e+00 4.299675324061483117e+00 5.973040872885944097e+00 1.296502343267576185e+00 4.000971450781746874e+00 2.178867786733054146e+00 3.030699201052734271e+00 3.788037534342259871e+00 6.915630946111152033e-01 4.128048979826883347e+00 4.511805954605606850e+00 4.462167135198430223e+00
2.447532058173386371e+00 1.852108071387943644e+00 6.336986746777563129e-01 1.055648753511671867e+00 7.638068251811239717e-01 2.213080801623179106e+00 3.743208268503977365e+00 2.774317761280684635e+00 4.538669456519576428e+00 3.812274802648684346e+00 2.985908101930504266e+00 5.965999391071315827e+00 3.577097571966469935e+00 5.517055095101333073e+00 2.610467405927983542e+00 4.460237034190748240e+00 6.005825453636680855e+00 4.569841900048174033e+00 3.644653392312994900e+00 3.822888633487885102e+00
3.175662925773111045e+00 3.684578487213012288e+00 4.657804417880039516e+00 1.558507852548876249e+00 2.735621685279763238e+00 5.200569519492722392e+00 2.162257580731338891e+00 4.572638025499349834e-01 6.103375688282796085e-01 9.183694443594346835e-01 2.046085048450875243e-01 2.143158626834850367e+00 4.581139025452332092e+00 1.011188353232988169e+00 5.223435012332888761e-01 5.368503026393936395e+00 4.043973787060645142e-01 4.410718836467616200e+00 5.559070471589491191e+00 1.963607334029284113e+00
1.917973668823003353e+00 6.109496759917812270e+00 3.793872571166699847e-01 2.030731636124782913e+00 3.495216126962017000e+00 4.543942132063397921e+00 4.944553707350889948e-01 3.785164696168662690e+00 2.561900887623822065e+00 5.752765955210346505e+00 4.632322266275010314e+00 1.311430485322515604e+00 3.621962322813953694e+00 6.085482820556975092e+00 4.550777554281160597e+00 1.297015195032493073e+00 3.546819481812284014e+00 2.905908082852176388e+00 1.810605629514132175e+00 3.709260542446065401e+00
3.122757109097598960e+00 2.849931106706223627e+00 5.300770550019058724e+00 8.960847670089249206e-01 4.043883644883204731e+00 8.231000623642685810e-01 4.841712996670706204e+00 4.697626062264244062e+00 5.433019455702501332e+00 9.991002953366004968e-01 7.196664308911281394e-01 3.014985148850288343e+00 5.865840373772755356e+00 1.532473231307405204e+00 1.167810437178246952e+00 1.074069736864476488e+00 5.597815625373001147e+00 2.643476282175041714e+00 3.276015264519944292e+00 1.743874510225033037e+00
6.989397694997295796e-01 5.892982045336149000e+00 1.035228012769717321e+00 2.126726708483071882e+00 6.996440550760688604e-01 5.614126284896281405e+00 1.958565888639884622e-01 2.875493697304830842e+00 6.011765997012446405e+00 1.163147939387724084e-03 2.094860448483445658e+00 5.088086329928220408e+00 5.946960183406525324e+00 1.527517883086052075e+00 4.378899622518402701e+00 5.026002049244397973e+00 4.114569945392254069e-01 4.264591134474863487e+00 3.034579274797080117e+00 4.834445858577573141e+00
1.656306170797855026e+00 5.009044280212394007e+00 2.107102362561507736e+00 3.724005346777570225e+00 3.810957663707058796e+00 4.874170621020725847e+00 1.275892079284484781e+00 1.727979714738911765e+00 9.065539111232513436e-01 5.375944367204670726e+00 2.158896395703717275e+00 2.569722830184728135e+00 2.874558157258514157e+00 2.576081621027668245e+00 4.111913495049880574e+00 5.461878796041692574e+00 4.832638354460168983e+00 5.950902827648169691e+00 4.074271443758496147e+00 5.991271655461777534e+00
5.243668397329334319e+00 4.117340720741496263e+00 2.809183506371045969e+00 4.045941237732733953e+00 3.331966968854460087e-01 5.201578840990556785e+00 4.508885807076468133e+00 2.318319293234798184e-01 6.145106233287441988e+00 3.899577859358284715e-01 1.716866635810196051e+00 4.528704955130145038e+00 5.942410435238649313e+00 2.404370924272729582e+00 2.802048557328177036e+00 1.431683380733329347e+00 4.012946079311474179e+00 6.249801640844045991e+00 3.847622354699463898e+00 3.666831554038106233e+00
2.457055636777990326e+00 4.761185138721404364e-01 1.562987060005647910e+00 6.735116160932582696e-01 3.270231959314275016e+00 3.719430382357955533e+00 3.890212740307519734e+00 3.175574913828996593e+00 5.009080288299293526e-01 3.780218373880229521e+00 1.762200233695837559e+00 2.219475243030835099e+00 5.168442534068626415e+00 4.912853840835195385e+00 3.633476616865886299e+00 9.805936755351970513e-01 4.485749119025070009e+00 2.370183029139847353e-01 5.571704320775904939e+00 4.924787333929423916e+00
1.891076556640801876e+00 2.982199880043496343e+00 6.171037387536943086e+00 9.800240858294235746e-01 5.335309197698790307e+00 4.050724844954668669e+00 2.946972825857460343e+00 6.266195042962595885e+00 5.699635707275159113e+00 2.313190304317800372e+00 4.297578832193437393e+00 5.547339111622505037e+00 2.758340563430340620e+00 3.594469165894129237e+00 1.110226483203144321e+00 5.774439489091795608e+00 1.143759709587514606e-01 1.054110129024590892e+00 4.324570065788449824e+00 6.182128294001015156e+00
5.302851327657105429e+00 1.013353500814991204e+00 5.474951080388285263e+00 4.986500909046610808e+00 3.389991050237602277e+00 1.264837344820069376e+00 2.983356701572335457e+00 2.515675766233811395e+00 1.129257359757602108e+00 2.932715012406859056e+00 5.078971544270177496e+00 3.245368645996002055e+00 4.466674626554822503e+00 3.070879966557925833e+00 1.592473140249729191e+00 8.799030397056070152e-01 1.848826791081209953e+00 4.648899288038914612e+00 1.383103117778096358e+00 4.226848973561055267e+00
2.707754335255893707e+00 1.410573412406275207e+00 1.560840700806333858e+00 3.445369395954763547e+00 4.213213071265693443e+00 4.025925490810315033e+00 1.813843536131189982e-01 6.268152051903218336e+00 6.169438958520164107e+00 2.248896134592930363e+00 3.982664855737507281e+00 2.255450263793767451e+00 5.246727668080359841e-01 8.959673323466372796e-01 5.256575756980648606e+00 5.340600486435825189e+00 3.802634897376775402e+00 2.880355621288980927e+00 3.234621917971664207e+00 5.953066491653488113e-01
4.884512712574347604e-01 2.152506412328874408e+00 2.528596385267119828e+00 2.004278250695559649e+00 7.423183887101998391e-01 4.560472675927266017e+00 1.663340948144168774e+00 8.836266685281585209e-01 7.918532930416399829e-01 2.037318522547688915e-01 4.070887504427646575e-01 1.607498927487496898e+00 3.067881921918248711e+00 2.022103426378189447e-02 2.490032924398313252e-01 4.010050340903156929e+00 4.024046666697878472e+00 1.362217129079709821e+00 4.325382736035814801e+00 1.455161368151278944e+00
4.813910162919706970e+00 3.472303249306714967e+00 2.007748545611334201e+00 4.232456631708660488e+00 2.893255373176738310e+00 2.611622176879969892e+00 2.063024731161851921e+00 2.441010102945571081e+00 1.540422632183039431e+00 1.261387964895426039e+00 3.172265850201462900e+00 1.768340063932426487e+00 6.137592389084385758e+00 1.728598213590586852e+00 2.451350920590427585e+00 8.499647283290341360e-01 4.638786046363529536e+00 4.511322046144701226e+00 5.968804927714058906e+00 6.163174141529685457e+00
4.418723731844148794e+00 5.495941406556931419e+00 3.155566674270334104e+00 5.329046748302725511e+00 5.960962707387836623e+00 4.531269955217558376e-01 4.914600374197702209e-02 2.140673387345375822e+00 1.300541432434679789e+00 6.743532680966336512e-01 2.480525341348376323e+00 1.776105425320869236e+00 2.572082939484448882e+00 1.208118468049532435e-01 4.676955166842089895e+00 3.649550838552236165e+00 5.452583702362762352e+00 3.963848643355415646e+00 1.032927375792787178e-01 5.082872909796018135e+00
2.638218189237557354e+00 2.030977367582388116e+00 1.770364668535231445e+00 4.565603140069173449e+00 3.584523032319578917e+00 2.712685871744895394e+00 5.498271061600440213e+00 1.471022592961700015e+00 5.333897550553804656e+00 3.480308174976526558e+00 4.926844848553427525e+00 2.601505076338323619e+00 1.056341858570599257e+00 4.927160177566857868e+00 1.715333390007309555e+00 4.560073130273391229e+00 3.125607646352727365e+00 3.088559297310023766e+00 4.227646294276768302e+00 4.803062495025279155e+00
2.665132231814387076e+00 5.526829208567537677e+00 4.335968745171316030e+00 2.755822217972110355e+00 2.990035538397416204e+00 3.707651060504185025e+00 1.782794056089988199e+00 4.087933574931993941e-01 2.650471046677772335e+00 5.383729254030420464e+00 3.799539112782227335e+00 3.433143907584586429e+00 2.006018876860516276e+00 2.814155938908252441e+00 4.726940976536321060e+00 3.044051274871460433e-01 4.820017197937872311e+00 3.760524938830939745e-01 2.806752216414316603e+00 1.409431079305243362e+00
5.707775501298065990e+00 1.936000697431459472e-01 4.737856591033275500e+00 5.970730602562806411e+00 2.861236842845982675e+00 1.523501126150574203e+00 3.708894298443492499e+00 6.145304225771227813e+00 5.851003228613322449e+00 3.362902399085659244e+00 2.142451734193442814e+00 4.357086709081317899e+00 6.138625016698824766e+00 5.716098269703163481e+00 3.738990898949387187e+00 8.412469359135428260e-01 4.446279379337036097e+00 4.593691622389723506e+00 4.005961164286041765e+00 2.925513102274852617e+00
3.046194351806656098e+00 1.227729543992414074e+00 5.169241735628903989e+00 2.691471335076699223e+00 1.878695422675862758e+00 4.026085281298020568e+00 5.632943996991090607e+00 2.822820148901890480e+00 1.373372566174453802e+00 5.752936968807429885e+00 2.220142654532842208e+00 1.061083193876531272e+00 1.146256302768161817e+00 2.194392954052764022e+00 1.564140097932049889e+00 3.037251877477991635e-01 4.304148176684975624e+00 4.301020246913982333e-03 5.261960469909610971e+00 2.465978622441961365e-01
1.216492405172727498e+00 6.007760452163477538e-01 4.796338914905463047e-01 4.528253531240868490e+00 3.482237276523149294e+00 4.342662252941986267e+00 5.384100759998763586e+00 3.618891398377280577e+00 2.947549217055279058e+00 2.412418662297389355e-02 4.244597887457050689e+00 4.638318849177784031e+00 2.114526636040861884e+00 3.214170763477943726e+00 4.499025400910383610e+00 3.603860303601456483e+00 2.227615956773471684e+00 8.771532285994849687e-01 3.592479049105087530e+00 1.525224523332070203e-01
2.205470259301387959e+00 5.813757415153212094e+00 2.083785909517268387e+00 5.833338171961720775e+00 2.633949779165897898e+00 1.954982536429704876e+00 6.372962357051104032e-01 2.708440423207886028e+00 2.866344195839876097e+00 8.931909136110036673e-01 9.856146422316564015e-01 6.221879610504705838e+00 2.316700205800067636e+00 2.222605823976834261e-01 1.750664701621881481e+00 5.668603097464808727e+00 4.005709454483056930e+00 3.201133963127588800e+00 5.938255745628808313e+00 1.497804136725742641e+00
4.601368515711118157e+00 9.057187267502058159e-01 6.246411826797659828e-01 1.616911713903553149e+00 1.637482409940178574e-01 6.132930826029419080e+00 8.460685076888097012e-01 1.124398369850603929e+00 6.228030751165554157e+00 5.836639432160265276e-03 5.602599690614243677e+00 1.741877582488638110e+00 1.339688273954412479e+00 6.234865926285888094e+00 5.584979224894826011e-01 1.575332152973878630e+00 3.776737440039486859e+00 9.701389172846678344e-01 3.322133744745691342e+00 2.434259464097542569e+00
4.828688784059530725e+00 4.107799865029325148e-01 2.359190772668946057e+00 2.751315232131902544e+00 4.099536064772597577e+00 3.567180049848623025e+00 4.148209798643261448e-01 2.650294669955901572e+00 6.264936121682233683e+00 3.184435158993327075e+00 3.940745264244763568e+00 2.421157071411542461e+00 5.059775243616654983e+00 4.562422795280530963e+00 2.298723107898863027e+00 1.193164844983348294e+00 3.059882725433527018e+00 1.298759702767752877e+00 3.754011617905994136e+00 3.191044036450604082e+00
4.317851161504334456e+00 1.946126182916265268e+00 4.329574635775733427e+00 5.390714639891603710e+00 4.857524086521906703e+00 3.162969085809449243e+00 5.489370679123887875e+00 1.654669288090299117e+00 1.334777610261134395e+00 3.211412804721457182e+00 3.026000006822569866e+00 4.122996095207894562e+00 2.379576134197397552e-02 2.551862902038772418e+00 3.882131561701870903e-01 3.679204253166424854e-01 5.778645866793901575e+00 1.683044526854481138e+00 3.868905139398135518e+00 1.316557886288973522e+00
4.679396171424781592e+00 4.819513669326936700e+00 3.324726522510637938e+00 5.558361996177002773e+00 9.623963549432952291e-01 2.829546301781395545e+00 4.720580639210847806e+00 3.397798429937703535e+00 4.954464269580899582e+00 6.300328186029119371e-01 1.012948211874388667e-02 5.336734852934147177e+00 2.191994294040170654e+00 8.686723269261552305e-02 6.887827665074049976e-01 6.200222783738304599e+00 6.279978074919838171e+00 2.415828793866070967e+00 3.438276519024128230e+00 4.675358831095159928e+00
6.922764855329145428e-01 2.737723818039105250e+00 2.524155637322931800e-01 2.978924189161248626e-02 5.339313570019970534e+00 1.633625231712695802e+00 4.650494725978340682e+00 1.841078413464064312e+00 1.017733919454158614e-01 1.452679312140167545e+00 5.523194238235732634e+00 2.951148053523876325e+00 4.277687385120729324e+00 2.108809468180167790e-01 2.162272021994188886e+00 5.736261064720621583e+00 3.611611393070382814e+00 5.064834097289060644e+00 3.393691433627094245e+00 4.161860401896894324e+00
5.327998632729353368e+00 4.677193170336278349e+00 1.787032559086366712e+00 3.380137882527611826e+00 4.787798667418451948e-01 6.002237346278585406e+00 5.406634213377612852e+00 1.510131026606048144e+00 8.715104863189089279e-01 3.013912579812696890e+00 5.378729867420201094e-01 2.299275782731427853e+00 3.544226336171520497e+00 1.447242875930240924e+00 2.418240933519531843e+00 1.483561528151512210e+00 4.604361387413097972e+00 5.204019805255269304e+00 2.334369939987980480e+00 4.096616576910542484e+00
