1.202842165139458075e+00 6.085445934392264888e+00 4.276360576868882823e+00 1.840833189801607039e+00 4.731902781635201727e+00 5.382308610664767734e+00 2.955666496799066234e+00 6.099362904277499275e+00 3.374166005884320085e-02 1.094368132937362459e+00 5.335712384322621737e+00 6.254095982766947337e+00 3.423469654447217625e+00 1.876189138856332095e+00 4.990736571296112700e+00 3.377739813475300945e+00
3.281727454728985971e-01 8.325287859800875045e-01 6.340271471397839198e-01 1.439493532859775549e+00 1.998907517891799879e+00 2.382478236379729442e+00 4.209359221864743539e+00 4.868318587748190041e+00 3.429638425492989917e+00 4.256296054431392584e+00 1.944078486971102526e-01 5.764122727771930244e+00 2.850744496008335904e+00 1.635896022621222912e+00 2.171308611461115756e+00 8.104961660220821873e-01
3.738373866746179441e+00 3.750329471239055135e+00 9.518585592200087264e-01 4.611588378397824428e+00 1.889560825332910809e+00 1.741052375750858694e+00 5.461377318212424115e+00 6.007730833027205009e+00 1.701235259121035570e+00 3.921014183058693092e-01 2.389060862339238422e+00 4.559054143525385960e+00 1.441742742175610603e+00 4.853912885581152636e+00 1.998879293386941480e+00 3.019545970163199367e-01
3.012677644660868292e+00 4.661763059623141636e+00 7.674137084058781921e-01 5.720738428770585138e+00 3.196018454386409413e+00 6.196181313402213675e+00 6.213621152582208929e+00 1.305239687229212464e+00 5.875751065637166981e+00 4.593776621734215304e+00 3.261284568611630963e+00 4.989616235143165213e+00 6.277848116693067304e+00 4.734201723724571487e+00 2.391215163916423414e+00 2.896664731791973590e-01
4.286998093865944881e+00 5.409523236393162016e+00 3.615528560330375285e+00 2.620855931678649497e+00 6.038943250933819229e+00 6.035278457879654113e+00 3.713034032815177188e+00 5.076886606038923055e+00 1.028209245548566686e-01 1.828966524811914685e+00 1.964421031387740380e+00 3.137661530055273040e+00 4.899544600492956370e+00 4.977987696215332214e+00 3.612610759162159013e+00 4.715868436222546478e+00
4.675724613688376330e+00 3.874458731722419724e+00 1.826668972956599024e+00 3.274676416877399632e+00 2.362848302606358059e-02 5.297310984267933343e-01 4.488309115378138259e+00 5.240389718509348427e+00 5.812325900830317416e+00 4.719237766563275649e+00 3.982934756079268279e+00 4.379587498113293731e-01 1.252340471789469722e+00 4.361018923941156977e+00 2.118474484384032852e+00 4.064926185517307999e+00
5.347507350714886698e+00 3.416371604969176828e-02 6.156745314825407434e+00 5.438228887463272265e+00 3.581548698089849214e+00 3.654937561568668780e+00 5.391587035787452464e+00 7.517476210693967431e-01 1.633907401626872868e+00 4.464010145383399575e+00 4.424082388471136440e+00 7.175044386466818969e-01 1.515355518027959647e+00 2.757290399769714906e+00 4.024980453102066646e-01 5.568432480950607832e+00
4.889812997337211975e+00 2.775190857286315094e+00 3.454692488887390667e+00 4.490613150014665322e+00 5.789551115350994870e+00 5.969103722916862864e+00 4.047938876287417997e+00 6.168593258660735046e+00 5.994994787891278598e+00 2.315777931728802752e+00 1.618077003394466362e-02 5.599950467226375572e+00 5.500348483089547713e+00 1.048074606265816167e+00 3.589526402179976206e+00 3.844739708011285728e+00
1.487947728309735596e-01 2.271271857122000970e+00 4.605535823392782113e+00 1.722114229554166709e+00 3.591120856403269279e+00 4.373218245692133799e+00 2.602568821352293504e+00 5.998272939333809894e+00 4.996438822666131152e+00 8.388051659424557993e-01 1.847684644660855469e+00 5.416765500928065080e+00 1.968797835184085354e+00 2.831442672010551220e+00 4.645368644052570772e+00 2.794764034355583071e+00
5.142391080383428292e-01 9.181982844679933420e-01 5.716471906150593973e+00 2.985764232538500540e+00 3.737182499192192697e+00 2.819606221027967319e+00 4.064453043444998137e+00 4.381672792670459948e+00 5.318022191888951866e+00 1.848014514307249723e+00 1.205429898570353542e+00 2.022287137035050808e+00 7.686371089631089948e-01 9.707295078264717159e-01 9.659485563047082168e-01 1.283820772489167039e+00
5.804103306882424818e+00 4.604494953360688925e+00 2.528072927834539296e+00 2.053738059257137483e-01 7.021839164340129003e-01 4.934699303148237348e+00 1.588797402848925344e+00 2.510454158853959172e-01 2.440947886139145595e+00 2.885640194246363865e+00 2.355547203582592619e+00 2.619691696390163416e-01 6.104815780990064944e+00 3.951628465386673117e+00 2.957007959244264850e+00 3.870295111403788457e+00
5.697616557617016797e-01 2.059683336702385903e-01 2.393800172765252754e-01 4.405949945956318281e+00 1.665353005922171725e+00 4.676988655217760638e+00 4.019302348594718799e-01 3.829634132857487661e+00 4.989976668045501107e+00 2.739218024258893269e+00 4.020626403205422861e+00 4.732447438197434408e+00 5.112701936853150997e+00 3.247728117299919504e+00 7.119892450648324100e-02 2.627852113096022513e-01
2.063677224965660084e+00 2.987660887108165131e+00 2.711362408373813593e-01 2.019825905731220672e+00 2.303955390362560696e+00 6.131730428730835847e+00 2.595259207794514467e+00 3.674317671428221632e-01 6.156163688275528401e+00 6.144876255030815138e+00 3.886883197548606894e+00 4.934359426535077198e+00 2.705362728531943262e+00 2.743311199308013482e+00 2.353437002831715308e+00 1.364761928349227604e+00
4.978306531221177167e+00 3.846438165174426160e+00 3.771606033988339046e+00 1.589409809262992246e+00 5.399725897942007080e+00 4.661268036494205624e+00 6.207172167962043297e+00 5.194067787353233712e+00 3.451251751229483578e+00 5.682762261339249221e+00 3.528064556517420236e+00 3.294920743380976624e+00 5.584893710337400563e+00 2.706915226412733411e+00 2.897477330052706801e+00 2.279110557654759894e+00
1.931790425376636700e+00 4.074522042492817242e+00 8.674308597092633688e-01 5.629107144948470420e+00 1.999899279041642830e-01 4.032651565974917141e+00 1.721951245505478623e+00 1.456230134435878121e+00 3.682762051399842917e+00 2.541233909134793301e+00 3.127387437755667854e+00 4.946472083607909020e+00 6.077616616037092356e+00 1.951603812813800687e+00 4.202802215653665741e+00 5.657151208706886258e+00
8.225684363541462263e-01 5.755634782116750614e+00 2.402653488121135883e+00 3.600742398717243997e+00 3.183377448774584284e+00 4.065527482181216179e+00 1.685332918285023851e+00 2.644247541048814210e+00 1.451296732616406571e+00 2.707976870546790149e+00 1.374347085878031782e+00 1.975019438005838790e+00 2.662530854624665544e+00 5.865894664755185062e+00 2.270367144499943812e+00 2.564525098245437729e+00
2.588360585162139405e-01 4.204417042466209509e+00 3.814660376993780133e+00 5.962802128655542155e-01 3.946509050715969913e+00 3.814424246484907410e+00 5.644346728698670823e+00 1.440930698905668050e+00 2.050303398102637953e+00 7.951024546105082136e-01 2.714833087721900906e+00 2.379504957090600392e+00 3.736803586766392016e+00 1.747795394575547834e-01 4.753052504765914676e+00 3.976261366821835619e+00
8.587291850541279858e-01 5.645672406456787584e+00 3.618213707718795469e+00 2.215215797512397611e+00 5.496553643945851775e-01 6.040875396922272600e+00 2.017375729698346998e+00 4.313618169041944839e+00 7.150670818772719706e-01 2.978678819371793463e+00 1.757702229006576244e+00 5.940772689435691589e+00 2.377845925529890714e+00 5.690608750814502237e+00 9.648466508736276426e-01 1.846680091305079818e+00
4.280536225651371041e+00 8.220833636187753202e-01 1.925411901455852948e-01 5.644926988163148529e+00 9.326830759164087548e-01 7.496950320938942092e-01 3.046210346166501548e+00 3.930933968234281650e+00 4.861448635343729729e-01 5.262888604056829678e+00 1.961381622195161212e+00 1.228490802682360022e-01 3.645123704110779794e+00 4.300201696654260886e+00 3.033417869821253277e+00 4.107047141454225780e+00
2.468271104888795087e+00 4.205569293007025977e-01 4.889359733281184894e+00 3.102459736753138575e+00 4.857930719658439145e+00 1.454187617229925289e+00 2.223734500477759501e-01 2.312717446826067835e+00 2.393449701187638223e-01 4.543003732877920697e+00 5.783308913815486285e+00 1.315880045536552911e+00 2.664643539123849880e+00 4.976254696246982689e+00 3.298259670051912895e+00 2.137824739063615365e+00
5.610525088728595122e+00 3.594372558463633016e+00 2.924253527646257123e+00 4.818979799729623537e+00 2.864942806771040740e+00 3.113334736175238371e-01 3.637185184846827291e+00 5.842757736395199686e+00 4.358565236627497619e+00 1.588352081242095482e+00 2.413331668491133009e+00 2.445180543920388416e+00 3.567586977098459400e+00 3.196716677147873664e+00 5.696749212543899432e+00 4.256099758148765844e+00
3.861525269990572884e+00 3.263665079933718793e+00 2.032986309314614715e-01 2.820684919932388568e-01 2.650604817983739370e+00 5.510076454059050555e+00 3.045798327863681099e+00 1.366767942792518120e+00 9.674547669468155364e-01 2.306947270980074460e+00 1.530773548927498950e+00 3.903299757578387208e+00 5.154643563081557467e+00 7.233611550649255983e-01 5.292234779085889684e+00 5.070394757362599591e-01
3.015256881164490643e+00 2.046096010384201858e+00 4.931269775360673790e+00 2.754147528018682789e-01 2.901963779358951889e+00 1.816082002001434326e+00 3.686783421203270183e+00 1.862029656692175905e+00 6.250951445992416922e+00 1.016456861152657654e+00 1.149922383639048196e-01 3.214930072834037311e+00 4.851011671563787431e+00 4.209173974149026165e+00 5.003799911208203888e+00 5.583071139074045952e+00
5.917773800003340412e+00 5.236355747881345835e+00 1.587807510728310056e+00 3.873698628708644343e+00 4.722868534231426274e+00 5.492782023687758475e+00 2.225849984115893854e+00 3.199748360227086863e+00 4.173988982293540317e+00 3.237670366630161833e+00 2.376001830294947048e+00 8.796454498737872330e-01 4.211281921522406435e+00 4.786179864171606901e+00 1.388097006442033265e+00 4.128410169057359913e-01
5.877122351393625266e+00 5.049080826934590149e+00 3.924758460306246644e+00 1.534992702660834762e+00 1.381968096541064561e+00 1.550666533934050628e+00 6.191904598707677287e+00 1.783977781108149196e+00 1.483086941272682813e+00 2.973675677232626491e+00 3.625903589165945018e+00 4.747078561647375849e+00 1.700166716256603427e+00 3.513839398493533661e+00 2.606963247587861243e+00 3.225202319872487955e+00
7.637598131208419572e-01 1.621289211607974901e+00 5.706165246660684254e+00 4.610750818258898320e+00 3.968037291002839417e+00 3.582139502052052116e+00 1.614189583688874219e+00 5.961395926871998263e+00 2.050561776664780123e+00 5.868532058923232597e+00 1.831169438788518455e+00 6.938415754633117105e-01 3.069965862476937257e+00 2.061010068007592011e+00 2.244586910506580768e+00 4.459146699812982284e+00
4.434405581892360004e+00 2.242512781287984147e+00 5.748901756751261694e+00 3.116215618712279589e+00 2.858757433813756688e+00 4.527193860167350259e+00 6.081621383212159948e+00 4.360565171943182605e+00 1.251170227651577704e+00 3.111097412628127667e+00 1.435489433964959038e-01 5.070854585689004601e+00 8.486330454013479851e-01 9.663254432765111535e-01 2.407808755719636373e+00 4.449178182818251059e+00
3.296474287839523232e+00 5.167178903705523574e+00 3.620314642572332597e-01 3.065807136791792509e+00 2.337423237602772819e+00 4.942680548673104468e+00 1.308880649246188188e+00 3.612724002113377963e+00 5.257056219034926814e-01 4.196119748244357517e+00 5.049258733804094845e+00 6.039672747194063440e+00 5.456316906316598825e+00 2.014322272718831019e+00 4.604791221012727753e+00 8.508832343420293931e-01
5.393454537723274989e+00 8.768808364986323545e-01 1.125964422017116551e+00 9.369011792712940156e-01 6.188564751831848731e+00 3.446406367204621901e-01 3.806078232327188893e+00 3.725261349288144341e+00 4.286350763918109763e+00 2.016232050904689377e+00 3.997164003840671942e+00 1.813377123903416044e-01 5.765783216454544835e+00 2.042159193130505201e+00 5.371424291580659371e+00 2.722133847777405080e+00
1.266482605122917215e+00 2.745897493906327647e+00 9.584905496672376790e-01 3.765587943862309661e+00 3.151828650477297988e-01 8.235857291842878514e-01 2.513319569169336187e+00 5.234153427182183904e+00 1.201393208599060847e+00 4.097443799651340868e+00 4.697547137853932853e+00 4.257334066201467593e+00 5.277729858820770836e+00 2.088647441750908218e-01 5.820535794851121381e+00 6.229867836081254495e+00
6.633948993635759850e-01 1.088969202953968679e-01 5.820307288256459266e+00 4.513655458199929527e+00 1.892159939264667079e+00 3.231196977465389253e+00 5.977324295292213208e+00 5.998800495229023255e+00 5.128324303109596194e+00 1.557344292633064675e-01 5.597394811706139173e+00 5.738979335604901699e+00 1.130946058420530420e+00 3.726120531510185518e+00 3.025568812359952453e+00 5.166675413560983365e+00
1.578401601940859322e+00 2.888266363924239410e+00 6.264419530517628676e-01 3.884923658204866292e+00 5.066111642885837263e+00 6.057896064290686056e+00 5.619942293293491709e+00 3.992550387789716826e+00 9.868968380815464070e-02 1.337949851344861774e+00 3.670766150237410042e+00 5.394596672139433835e+00 2.820396476848024414e-01 4.112788043270515281e+00 4.340621848093210389e+00 2.831932425317241542e+00
