1.485381977987197066e+00 1.446351704447152775e+00 1.255098010122598584e+00 5.791225061405106400e-01 3.114163274369541767e+00 4.436425486898018633e+00 5.029257977254553147e+00 4.492876119190497342e+00 5.682790092975170460e+00 1.597850849554379060e+00 5.925016343311393818e+00 3.829859646516240002e+00 1.635864976246761859e+00 6.263495159928143430e+00 3.761561681256460954e+00 3.708229856056600493e+00
3.666629759297255209e+00 1.639845108792319595e+00 3.123994721500468419e+00 6.153627574172904069e+00 3.732189871170069839e+00 4.581570092349130263e+00 7.412925961109549933e-01 4.345845441298413547e+00 2.168678929259921784e+00 5.145992653403151706e+00 1.175234876147880803e+00 1.191670859932840054e+00 5.580460542093276244e-01 5.287969110180775090e+00 1.163817008410025000e+00 3.812365628989094812e+00
2.823864202965705061e+00 3.880569169999033896e+00 1.256944792126051480e+00 6.644075362084057579e-01 2.115717245190087414e+00 1.382324497704642718e+00 2.981552037418878420e+00 5.316822519449898587e-01 3.301935471908401087e+00 3.784524296445423985e+00 5.959147482810200458e+00 4.093015568818274552e+00 6.973538067213886915e-01 2.024684881261624714e+00 3.971474710810452002e+00 3.128521651845780571e+00
2.125653274386559932e+00 5.183993922935510312e+00 1.209994694346512745e+00 2.336251029175982818e+00 4.951981338379149555e+00 9.531749695863500627e-01 2.724129039347934489e-01 4.133735728050069724e+00 2.256470214100853688e+00 1.486037018506794372e+00 3.789594154685142158e+00 3.907160635554869921e-01 6.634093681959923883e-01 1.487488326157532681e+00 2.686970826276208424e+00 3.320142994581661178e+00
5.850969920707950855e+00 5.507209159674180121e+00 3.180138266749746201e+00 5.288217682913085582e+00 4.057337399991355120e+00 3.820198784735301167e+00 7.951755272402760699e-01 3.859783172357832970e-01 1.836257224670736488e+00 2.183593712855821156e+00 1.500413492749340660e+00 4.953956741144209808e+00 5.567453628578586056e+00 2.105315509887732084e+00 1.169055508118171050e+00 1.986484126132425976e+00
9.854030080384044155e-01 2.294948705691239432e+00 5.237413055498165271e+00 1.126743526186135824e+00 5.601885809867453325e+00 3.239343989640074639e+00 2.528288970809952296e+00 6.276178061934536978e-02 5.190059123304569866e+00 9.687375738829592242e-01 4.418195558965347658e+00 5.928163478300823463e+00 3.422333282868429638e+00 4.963523680084572121e+00 2.628411492206393696e+00 3.338041628208694878e+00
1.980774314162178751e+00 3.510963381233264791e+00 4.580226542191048189e-01 3.634573454103100509e+00 1.467154643832989214e+00 3.769612520445903225e+00 4.310797495961796066e+00 5.750642318850741397e+00 4.149076088974166382e-02 2.470733687544129697e+00 5.868193366282005385e+00 5.829685363992543223e+00 4.025694458784862206e+00 6.172998056159861413e+00 1.290556949820256261e+00 5.418201298665945131e+00
2.902563995476601377e+00 2.715952437146272658e+00 4.453197719471831739e+00 3.984826596951078770e+00 5.670649586166968126e-01 1.272950796540058382e+00 3.534310637242260800e+00 5.020717566448746894e+00 1.698256978141588214e-01 5.475085396177182595e+00 4.408006545418703404e+00 5.770688151623803108e+00 2.226749773039476743e+00 2.269008980575195178e+00 5.060597542016329164e+00 4.606598972377804024e+00
1.928367481708932907e+00 4.022043361731522104e+00 5.319941636689353714e+00 3.753219584696409150e+00 3.761044188900018792e+00 5.053381276790449128e+00 4.255031107671451096e+00 5.764137732161922933e+00 3.206543783982804818e+00 1.732196072269602538e-01 2.018524090522506864e-01 1.060486055697960950e+00 1.785629898990162667e+00 6.191798189912378625e+00 5.842109651058800424e+00 4.047860335879442495e+00
3.226649994313369962e+00 5.919272628781021339e+00 6.241278802600565889e+00 3.839322331353233420e+00 3.408776700845916885e+00 2.912986764748294544e+00 3.757347492842530112e+00 2.621710801607418873e+00 2.213725337674567140e+00 5.745132570220581769e+00 7.742384915194782113e-01 1.900000921076848148e-01 1.914387074660439669e+00 2.484466642086168964e+00 4.311550119523815283e+00 4.170092790778851644e+00
2.140047652576554604e+00 3.568169736465871544e+00 2.767319685064502988e+00 2.951591218730585719e+00 1.651879508728457902e+00 3.289218651293805085e+00 4.959074978819096202e+00 2.080399975011063773e+00 1.971865561933809241e+00 5.241544973479019376e+00 5.363091245316735645e+00 5.647401340688650961e+00 5.006776885713914105e+00 4.813479575247331610e+00 1.108482697288216912e+00 3.695833428087957451e+00
4.936448227608119410e+00 6.956354217927266381e-01 4.469011858783500379e+00 3.333271912860483188e-01 3.892105213735541080e-01 6.222200478706830573e+00 2.909141671293464237e-01 5.745997813012337474e+00 4.019738058071664177e+00 6.057174858304680498e+00 3.699118509679478972e+00 1.647718507553893375e+00 1.941198816035639041e+00 5.638589133259297448e-01 1.860026865182463851e+00 3.788385666961908260e+00
4.669216534982518318e+00 6.082304431640469744e+00 2.483522680689327355e+00 3.543493664973145663e+00 4.032673129529957379e+00 3.607694759882197566e+00 6.055567432986673992e+00 1.840082337066716534e+00 2.581806015910357299e+00 3.301694855253948901e+00 2.436732710187597739e+00 5.860211582782686612e+00 1.031991163768056330e+00 1.657299426068921999e+00 4.406598905464564453e+00 3.499166407064846940e+00
1.361831322314530412e+00 3.962260511647946348e+00 2.718605029374705495e+00 1.748587396573310915e-01 3.784303749010916373e+00 8.916367093450272563e-01 3.012882089519355322e+00 6.190638161500679360e+00 4.398762360533985394e+00 2.064439179259115242e+00 2.418266885019923151e+00 3.300930766785422854e+00 1.727943928176103094e+00 4.834208668075747339e-01 1.018425215775184745e+00 3.454439218859380212e+00
2.447925267604278421e+00 2.967152126168771886e+00 4.042855017759944047e+00 3.846372551715278032e+00 1.729353876281064073e+00 5.031636690915414434e+00 2.804466138001099118e+00 1.817947752496491765e+00 2.135260869977256171e+00 3.197670933540690541e+00 3.435931657481549606e-01 1.594886045004438424e+00 3.914766071907030742e+00 1.538581135363587260e-01 4.605709606766413167e+00 6.209313108677957160e+00
2.451309230328624356e+00 1.313032646977464912e+00 4.223786130834102259e+00 2.009153128069534944e+00 4.734154357022872794e+00 6.984079042552622241e-01 3.155235605384506314e+00 1.576254769040340564e+00 1.715362569116017255e+00 5.121220822061605560e+00 2.644108543543532086e+00 3.258774008263860544e+00 1.291164209683888897e+00 5.900662424272351103e+00 5.359166249834526496e+00 3.278316415467887435e+00
1.380825172008923296e+00 5.131293774246302064e+00 1.978885809003723573e+00 1.110122977812057765e-01 5.018353815419964725e-01 3.456958904839350311e+00 4.344004696754950601e+00 3.578177939000901642e+00 4.381340933958655981e+00 1.086538632517291880e+00 4.798823039942851310e+00 5.217196560518526205e+00 3.303023183042933519e-01 1.524763094168517297e+00 3.771608073952319007e+00 5.242997252477218373e-01
1.496238039388944507e+00 2.058944743490733753e+00 9.614400039740136350e-01 6.202747079875774894e+00 2.218430417120974329e+00 7.287682478994208513e-01 5.894922786192736019e+00 3.593869477010432689e+00 2.663493896242809189e+00 2.042994865009992278e+00 3.007986906201416399e+00 2.961951869200904142e+00 1.697614131422658490e+00 3.821504508280627821e+00 5.099260827166674837e+00 2.150589486878852874e+00
2.955913159625532582e+00 1.459920773120526594e+00 3.926129476660567441e+00 4.321457199961549200e+00 1.219990347560248933e+00 4.687383440532946643e+00 2.089496115516466190e+00 1.127024620538386701e+00 4.385221737083429439e+00 6.104377853789940467e+00 3.396154126693268882e+00 4.417984377297206500e+00 1.239786845434129869e+00 6.268199077760386873e-01 1.293887199830486168e+00 3.924159652667509768e+00
3.153746420066921297e-01 1.916096459713009903e+00 2.814464720624886063e+00 3.044946223465615720e+00 3.045067027817025096e+00 3.110620288261784161e+00 1.917383485574307489e+00 6.637040425701389301e-01 1.614447984860176488e+00 1.733787313042823186e+00 3.239863337555993983e+00 5.381809694022896551e-01 5.790749075134415946e+00 1.798404178533932418e+00 3.851153707623898637e+00 2.604580468414516847e+00
2.248352574613961430e+00 6.156982717206521016e+00 4.878381412385107474e+00 9.460349970086756599e-01 6.052115791625743313e+00 4.538977602475287476e+00 2.632032005359875804e+00 5.180909065557337989e+00 1.098921424091586774e-01 7.455587115405706289e-01 2.928633060303546198e+00 4.828157531577521588e+00 1.359651884048471260e+00 1.517374880028823592e+00 4.428222145687271905e+00 4.887810778882151652e+00
6.039199871712067846e+00 4.447875815749398498e+00 1.600991231204526688e+00 3.414374999932459076e+00 2.753677698980781408e+00 4.440109036271771004e+00 2.297249978843968421e+00 3.822967280098881648e+00 1.041427209061948300e+00 8.447949813288592180e-01 2.762993860392108925e+00 4.243754678993426843e+00 1.097850118835037136e+00 1.556437076985432322e+00 2.182915136884068907e+00 3.174172245889446131e+00
1.087488139303968149e+00 6.153136743688700783e+00 1.542705475537467785e-01 1.645189217086909572e+00 5.476615869802964554e+00 2.451885723253953486e+00 6.025014509958849018e+00 2.042131657381553111e+00 2.689213333905570824e+00 2.524676755104392267e+00 6.640847899717265967e-01 3.086466440826931112e+00 3.899704540369341998e-01 2.873478991563914953e+00 3.046657007867885625e+00 3.974498813679030018e+00
3.129220729021782610e+00 3.583854536208192165e+00 2.779886144120124136e+00 4.661481832555805838e+00 2.201901860495059093e+00 5.958922934771866409e+00 4.096291067627985782e+00 5.783659498298279189e+00 2.514074395238167448e+00 2.210301473228001967e+00 4.807246992003555874e+00 3.465582671411748805e+00 4.456892551178894379e+00 1.112365331238997397e-02 9.527843916805084357e-01 3.655843040162874313e+00
1.837882102108074678e+00 5.562945012074172801e+00 2.834560591441536825e+00 2.494058972847265299e+00 2.785546296126473753e-01 2.427179905495187917e+00 1.823963700806399357e+00 1.153344571562690657e+00 1.192232586246638193e-01 4.324455462011724677e-02 5.636741239945574300e+00 4.940170699137348187e+00 7.833501441549538535e-01 3.143539886004829587e+00 8.536749680386618300e-01 3.216125191494684454e+00
4.369766770577962589e+00 6.672713969155044111e-01 3.161353270321796582e+00 2.309055737578824985e+00 4.432829908360127469e+00 1.409177479974708103e+00 5.600465723527974227e+00 4.098183972466014069e+00 3.667075240515148771e+00 5.622447000059612954e+00 1.489236935003985129e+00 4.674587179676771065e+00 4.197545231769557184e+00 2.430138402273235521e+00 4.067011316524084208e+00 5.412003973676992707e+00
9.193054213536904218e-01 4.692776476025493970e+00 5.541688629018192813e+00 8.228457039582727228e-01 2.711786219545537779e+00 5.123763617899337319e+00 2.990341412819782718e+00 2.414031478470279435e+00 3.863673595599640187e+00 3.248306641426502051e+00 5.186344864745241479e-01 5.213994041638406962e+00 4.475905701524395930e+00 3.449217318067148597e+00 2.404070912051920139e+00 3.504040308385954372e+00
4.869510164279005515e+00 1.717088286170018518e+00 5.505136880564045487e-01 3.502439548671384267e-02 2.538385234015153369e+00 3.058649471103132456e+00 1.342906609323916589e+00 1.678813025927893277e+00 2.530921529614140297e+00 3.391054023636414616e+00 1.349965298790990031e+00 1.921994100710554765e+00 2.564391977863992533e+00 5.997725897016920271e+00 1.577653289550330795e+00 3.870189918162637799e+00
5.915798316652667310e+00 4.124030427662798814e+00 1.124080380882640090e-01 5.880135206169308404e+00 5.179909716454861091e+00 4.998713208091918325e+00 4.818167657096012135e+00 2.730846355833812300e+00 8.008388220943956082e-01 3.101846145522263676e+00 2.851253791816182659e+00 4.072317016009151303e+00 4.830937721855779188e+00 2.670137185919008616e+00 4.856312013166133035e+00 3.338191533444692549e+00
4.652837140773693037e+00 7.150156213441946074e-01 4.250256650143581005e+00 5.849499308390726959e+00 1.535188460068453775e+00 5.626047360693871013e-01 2.788226347622139389e+00 3.854258243251329041e+00 4.529427951986127354e+00 2.751963121302488879e+00 1.986508451668992814e+00 2.148255873593080789e+00 2.355485693748305742e+00 1.871103276656952419e-01 4.990295290388750082e+00 5.327794444979033983e+00
6.924323763253601438e-01 3.337549368814698880e+00 2.802928062103144935e+00 2.192603714479693267e+00 3.837465232070863763e+00 6.189185686057965263e+00 3.292803528742436203e-01 1.681489532097788064e+00 1.473357852279010283e+00 2.587190933076021881e+00 6.064219365448756172e+00 2.690070267309638830e-01 6.202652417203958990e+00 2.417012001728553183e-01 5.875832480585413187e+00 2.881830311777841214e+00
5.439406526166453704e-01 4.901588720597657378e+00 2.613618230368071949e+00 3.974485401957100539e+00 1.492396534370797445e+00 2.490343445497844241e-02 2.992873547637035614e+00 3.881777384443636514e+00 3.531499168532008959e+00 3.042984414959266637e+00 3.269425380702589479e+00 5.586591920343934703e+00 1.725731047231273685e+00 2.082616682724846235e+00 2.895839041221485388e+00 1.349794451993708400e+00
