5.318951858841117541e+00 1.916091450089426829e+00 1.290566901955618073e+00 1.073752174536825699e+00 4.084889834174163958e+00 1.483281468998082442e+00 4.867214985942291960e+00 1.132215965885669196e+00 1.818025820408804560e-01 3.488317984668008354e+00 2.437850758346181479e+00 2.176972558082160614e+00 1.552152362288031495e-01 3.523243284649204998e+00 1.611597908119453582e+00 3.214241680457180728e+00
4.193886292456126874e+00 6.052067889059248529e+00 3.191061794045317423e+00 1.192880035025839947e+00 6.207913165297120450e+00 5.271986129261679643e+00 1.269692948741715455e+00 8.915644619605946758e-03 5.960614100032750606e-01 1.318716711282129195e+00 9.212453290171238596e-01 4.885738850979286951e+00 4.924896683056578794e+00 5.493270791184085233e+00 2.485147132769450540e+00 3.716676590736774699e+00
3.686615164985909132e+00 6.259567993583973866e+00 2.670783871970773049e+00 5.560936647027422630e+00 3.444099243485620576e+00 6.020945541440632987e+00 1.837728517542201789e+00 2.692082930258560491e+00 2.113844337225451842e+00 2.876417417210805905e+00 4.296357205232006038e+00 5.635760414732759571e+00 4.856109167837213469e+00 4.055661029804878304e+00 1.991133378860759695e+00 4.423621022463391839e+00
6.175595752880677303e+00 3.050647323909680519e+00 1.196874028718587279e+00 6.078066875124098267e+00 2.871839868260544826e+00 4.026678646100567249e+00 2.690082568428322052e+00 2.361763290455150432e+00 5.991002595102103534e+00 4.600624910795652944e+00 4.268510147802973442e+00 6.260734713839512189e+00 4.007291491291904428e+00 4.019589800693154302e+00 5.279121024146297358e+00 2.331397602642560241e+00
5.051710436200086640e+00 3.506452642493080862e+00 5.525759431089318774e-01 2.537442945425486762e+00 6.650518649769071589e-01 1.973201167138524781e+00 5.359212125815140837e+00 4.161833711343565945e+00 2.558849425381087617e+00 1.239938201413220753e+00 1.366824580053398464e+00 2.185007221749022399e+00 5.997598203022781682e+00 2.399795553483922428e-01 6.282889844402271606e+00 3.568789429700447879e+00
5.266643173850530601e+00 3.010025523951327386e+00 4.496057166444315634e+00 3.731196043196901790e+00 2.274948804105661360e+00 1.435369569570789539e+00 3.571026872321857670e+00 6.192011768106005398e+00 1.371031518247737946e+00 4.394381694172466268e+00 3.497728940728953573e-01 3.658167242561571886e+00 6.152001343950296963e+00 2.429982666217206155e+00 4.415970232435274118e-02 8.926140834225655407e-01
1.741540103002078288e+00 1.004204939926093054e+00 5.406610142871661751e+00 2.157551567200191034e+00 7.418805406349696652e-01 4.934671734495407747e-01 5.588432830752535274e+00 1.919480691232905212e+00 2.968479291905083084e+00 3.709393822573560318e+00 5.959365911528826665e+00 1.909131190397458377e-01 5.943488493715483045e+00 1.016451939422101658e+00 4.686348031369989897e+00 4.663962222912357625e+00
4.515165564694488154e+00 4.665593149628027625e+00 2.307504044858305292e+00 3.858279149735835745e+00 5.651193125489435864e+00 5.095669347898246215e+00 1.235931723523139958e+00 4.122042894413418423e+00 3.721553570112360987e+00 4.462088815320950808e+00 5.983953574050688395e+00 8.150811791892705882e-01 4.776316566046013179e+00 5.293967230774379473e+00 2.295213914717007864e+00 5.010642952698808550e+00
1.384285044098392037e+00 4.357851075678959241e+00 6.765044999847825702e-01 3.106585218330070397e+00 3.251850955198318349e+00 9.222313130893340372e-01 6.165354706011116015e+00 3.171568439524852678e+00 1.592835019061165758e+00 4.150664025888773701e+00 2.314932705353341280e+00 5.203828352453162331e+00 5.511232099702040976e+00 3.249547002353831537e+00 4.843929780913181382e+00 1.162682496668956400e+00
1.153804486565540799e+00 3.550419223812715241e+00 5.911181934954752748e+00 2.767017368298851920e+00 4.654795919409507654e+00 3.702811263918632800e-01 2.856231957354933293e+00 3.146459297250365772e+00 4.887228114505945520e+00 1.697359819219049548e+00 3.944229259261736065e+00 2.264194048444137519e-01 1.702813267019173127e-01 5.438128565081097321e+00 3.799905223659180820e+00 1.917415020663455261e+00
1.228949753176038773e-01 4.939896827236296417e+00 1.851474951947937653e+00 3.654930813883752627e+00 3.123891185618650645e+00 4.434799557897044942e+00 4.710058974325392889e+00 1.636179216914639634e+00 4.114262538980269390e+00 2.549727754777642019e+00 5.274233361433977585e+00 3.490107933931665407e-01 2.741113987216619030e+00 1.550716901841146411e+00 1.479596627069900361e+00 2.524028198472420215e+00
3.743852586260624227e-01 4.059331328155668217e+00 4.842527023545692977e+00 1.071492586065998731e+00 3.489945194641144166e+00 4.949994947141990842e+00 1.263487259479636471e+00 1.946490801373502944e+00 2.732724444745896264e+00 1.535669960135960022e+00 6.036350639219779879e+00 7.712715248411224911e-01 3.605445404633378814e+00 5.952747626468638309e+00 5.402122271938101239e-01 1.239470744230418253e+00
3.065341269060527285e+00 5.312927020975269699e+00 2.614308563905343163e+00 3.907384737039405920e+00 2.504908467668848893e+00 6.043127038815626406e+00 5.305425944591743104e+00 2.572468684565513364e+00 9.719633547441631771e-01 2.920205585384315849e+00 3.807019387579895664e+00 4.155414447618475116e+00 1.387928188670794372e+00 2.140064717949521800e+00 7.239886613760690981e-01 3.081797940682044601e+00
2.239381009579946902e+00 2.860707111966656946e+00 2.650280232576669448e+00 6.319335865715248746e-01 3.249711559067047340e+00 3.547968719204007915e+00 3.811409407685885320e+00 1.561062402881602695e+00 1.630264089955498319e+00 2.412923679088676110e+00 2.365924418730491752e+00 1.185029298364498995e+00 3.340005368670158958e+00 2.783690537022249334e+00 1.891826157516309115e+00 2.842856307247856762e+00
5.347807931761946243e+00 2.835303294973237964e+00 8.364199242378471677e-01 2.718797591677226677e+00 5.669478208102745498e+00 4.995881249286326486e+00 4.123266759336951637e+00 9.580512923078252641e-01 2.434160498747938828e+00 2.431739653292303238e+00 4.589089590453337308e+00 5.820346914834893859e+00 8.054540202632890500e-01 2.617890032022077484e+00 4.515247378845617554e+00 1.064041835200187469e+00
4.631126260282917073e+00 5.852535315173091668e+00 5.449858399335049119e-01 3.486318963467908816e+00 5.048266432238746049e+00 2.811222022434773482e+00 2.816257113820556657e-01 2.645078478819663736e+00 3.163569116169776319e+00 3.854140408343053714e+00 6.004406339298904438e-01 3.239202564625595748e+00 5.528806124560157187e+00 1.242010287281175573e+00 4.856361187370687560e+00 4.156051359483043939e+00
1.485876660215722067e+00 2.013826853386090576e+00 2.734337880741881666e+00 4.267324364010731230e+00 1.361997338540229530e+00 2.035790297375585922e+00 1.178786428255094165e-01 6.021907612401691701e+00 2.984511836780796012e-01 5.003876975032267360e+00 4.258941799769336178e+00 3.323378356375600973e+00 4.808118278673922497e+00 1.652099113878206849e+00 2.190859440753810006e+00 1.044202451250135777e+00
1.772333377215582040e+00 5.403194026027999364e+00 6.033527887167760895e+00 5.881896845960189246e+00 3.822791288959825451e+00 2.137439714324936624e+00 2.043668141012819905e+00 5.136382450241956832e+00 4.187880873625277722e+00 2.186208477505559244e+00 9.035300465104040279e-01 2.555422179862696819e+00 6.162357655600730233e+00 2.766758968737851099e+00 4.158536585736668734e+00 6.163032849384022072e+00
2.116856657689907717e+00 2.656336392411454028e+00 1.835259872857222696e+00 6.125735243003346042e+00 2.712895383909517122e+00 4.871667873795366255e+00 2.007009278185142520e+00 4.871508255417318800e+00 4.012577030573543091e+00 2.834690880685657000e+00 5.210779696449274745e+00 5.265442927420742159e+00 1.025242496618949811e-01 6.008380775331195522e+00 3.570079182599038004e-01 3.730582060277786827e+00
1.487414063462570324e+00 1.596286824887283684e+00 4.773926695858602187e+00 1.978427883760905504e+00 2.379882537892048955e+00 3.747114039770887750e+00 3.235546009764831865e+00 5.958427368743613783e+00 4.116453086794027882e+00 4.776769951841476569e+00 4.725741550551330938e+00 5.964493142440742801e+00 5.003612717240679686e-01 5.595548354904207322e+00 5.716171264015683207e+00 1.190452044549339394e+00
2.375299281419112507e+00 6.275239655838057429e-01 4.928317627129804812e+00 6.137484140647361919e+00 2.749796223302497289e+00 2.615399449928248465e-01 1.019133200425214048e-01 9.678930189369221448e-01 5.753303756721011908e+00 1.661793626944301216e+00 1.800618586938617982e+00 1.992240309270911558e+00 1.191290487381636287e-01 3.204934466026239104e+00 5.282120082851675669e+00 1.409033596253945531e+00
1.214262835307294619e+00 6.018341356095257666e+00 7.952109252485328739e-01 5.893042029438782414e+00 3.474069714533204234e+00 5.670950187186472036e+00 5.423210227614162271e+00 2.284583781860202834e+00 9.466021593644529109e-01 1.441269636412908062e+00 2.857778023500140652e+00 4.328166311533254706e+00 5.886811502987409739e+00 3.159329589310827302e+00 5.238899768832372406e-01 3.730505183252659673e+00
2.180798284171708623e+00 5.728390543725805806e+00 6.956778915226891069e-02 4.390286641263419831e+00 2.395805488229282298e-01 2.010163195259592417e+00 3.175281103130737748e+00 5.596960224364998737e+00 5.953371187673826448e+00 1.881676965672360646e+00 6.183083529118261978e+00 4.349043799514276998e+00 2.017540380557543589e+00 2.101715476946802497e+00 3.142149975680056606e+00 5.300523548954324760e+00
7.300794668922849784e-01 2.037701620267955982e-01 5.970301826306408266e+00 4.652062223832608368e+00 1.807566286911500342e+00 3.305590733576845963e+00 5.708676063623281394e+00 1.621926544691131955e+00 8.263763492122064847e-01 4.165788699177517707e+00 6.266137014558066376e+00 5.932420961958802863e+00 1.706766898879565897e+00 3.785059867424131586e+00 9.418572125056653421e-01 4.289520945974143906e+00
3.254211185377119619e+00 6.273781430456758734e+00 3.879774788783158623e+00 2.551645261280317989e+00 5.697366762947007501e+00 6.203450970739864623e+00 1.126917757866759073e+00 6.055958916139637660e-01 4.851742599879891316e+00 2.741825677038615350e+00 3.000811524252336326e+00 1.944094112400561514e+00 2.549540736616415226e-01 6.035975357217396309e-02 3.358519770926814640e+00 4.331862153471706556e+00
6.015983652606998744e-01 6.212574080031784796e+00 4.906761824602939193e+00 2.085162492855189509e+00 9.682814478789818491e-01 2.707592237311990058e+00 5.024895695842587884e+00 1.856085097606454015e+00 2.074427406168973587e+00 4.817370789941402442e+00 4.199094795543495628e+00 9.179123657822456650e-01 4.533514867834999296e-02 2.785521213014293451e+00 4.996389276740996976e+00 1.693235213172028297e+00
5.559841248445102302e+00 3.301537510524089836e+00 4.204915562032302212e+00 3.648530007526176622e+00 2.029533423751971988e+00 5.464339033229365761e+00 4.652531878827252498e+00 1.225676885647037917e+00 1.105406453148090939e+00 3.431575702603446576e+00 1.827859403995490517e+00 4.525079277521795618e+00 1.504528781998144549e+00 1.018151452187957773e+00 5.800022790137335349e+00 3.541946274335586731e-01
2.325808347767658546e+00 5.564673855272893377e+00 4.504409024120933580e+00 2.416975665339225365e+00 5.118291974915674558e+00 4.899901427585534042e-01 2.162419579637438360e+00 1.368096666126714656e+00 4.469332883448326577e+00 6.769582546506084375e-01 2.054603658377711195e+00 1.221115224975489744e+00 9.515499297802870737e-01 7.495792651061973233e-01 1.941726723974781743e+00 6.180273190076262857e+00
1.059306311664717892e+00 3.705231398053734804e+00 6.243046642658017120e+00 4.627393248315955887e+00 2.446893699256818433e+00 3.812573593586217502e+00 1.972043832669496677e+00 5.320778665059283874e+00 5.605588420705567287e+00 2.921897985917193630e+00 2.208561152975413666e+00 4.257917542245325926e+00 2.621439409542242416e+00 1.355705736937869554e+00 2.317245629546484498e+00 5.479362235158347971e+00
2.476054445417125383e+00 6.026935525660379156e+00 1.616542770872965995e-01 1.898478323203977025e-01 2.597577826119077837e+00 9.792051615719645774e-01 1.227276549935589101e+00 3.687076134463722621e+00 4.602868614780541101e+00 5.279641190502533110e-01 2.502476602800538963e+00 5.753775021888523078e+00 4.477433121953299455e+00 4.327776274241103671e+00 4.244302672078327787e-01 3.488514002011439352e+00
2.141210380597495355e+00 1.715765063038513505e-01 1.279362788294608144e+00 4.332478118461028593e+00 1.279583555154925500e+00 4.076178121405590105e+00 4.177415738233090536e+00 5.335211958442842572e+00 4.267181291935890464e+00 5.495456006024357798e+00 6.068458907599000973e+00 5.744883886092486236e+00 8.234815597481632832e-01 3.617863447981008868e-02 6.177546531661672446e+00 1.167935272049016149e+00
3.944656761603023698e-01 3.543666960550668321e+00 5.448762560177505598e+00 1.172787509806946904e+00 2.148516707909006840e+00 4.505337717782579077e+00 3.557703432262119048e+00 1.542333429372216624e+00 3.787913553382121545e+00 3.784959943620159972e+00 5.870622318875115653e+00 4.560088015151202434e+00 1.658748972390271748e+00 2.717747280447325053e+00 5.246377909489349234e-01 2.832359298601428765e+00
