5.529696871854696383e+00 3.159621476755696268e+00 4.433569845592133518e+00 6.087671539089203776e+00 1.911279138472012251e+00 5.813486646613677422e+00 1.848545062125378280e+00 3.250702509382640937e+00 6.201320610239546838e+00 4.582151253834268800e+00 3.708387718326604521e+00 4.078812280402986268e+00 2.696065056353505796e+00 5.724145306477734091e-02 2.443207225203092303e+00 1.511720877641354654e+00 4.865986398728449736e+00 4.580638275253803293e+00 5.712937756395188416e+00 1.671668324150810347e+00
5.830150710989065566e+00 4.373376695463583985e+00 3.930229822285355112e+00 2.974769863677753534e+00 2.083165884858888095e+00 2.870631771479628114e+00 1.303343221344729574e+00 2.759666726098528039e-05 3.352871776841714890e+00 2.826873138645195738e+00 9.010044616497407954e-01 2.741774585543073517e+00 3.262533668007295162e+00 9.373387988331824405e-02 3.994762078690773155e+00 2.185485038732897234e+00 5.853698343183346253e+00 4.710611648954098341e-01 4.626451222240394179e-01 5.604754967545847677e+00
1.204209467254108157e+00 5.251103199828159873e+00 1.737083437250945162e+00 6.113873969610782666e+00 2.231013429713343488e+00 2.444044500201064007e+00 9.309752009335247047e-01 4.168016270588251082e+00 8.499788342997008361e-02 5.118457196881708526e+00 2.559077859278602762e+00 5.993590017512607560e+00 2.768971992948227268e+00 6.950695408567283406e-01 2.861306188392406469e+00 2.875939651934162011e+00 2.497561337723876562e+00 6.051252093511340746e+00 1.892115546890487110e+00 5.655242497586890904e-01
3.697652424121318671e+00 3.011025927734849450e+00 3.023317608834833692e+00 7.459892513912728951e-02 6.042465571812101643e+00 3.689407931586273559e+00 3.431236154586733700e-01 1.253720708056976774e+00 1.904214525167833738e+00 4.375418459811615257e+00 5.384421031078094444e+00 4.967725413529520573e+00 2.702617428171935621e-01 5.203862392368050926e+00 4.455634602451064019e+00 2.802642468099656892e+00 4.411909881267185085e+00 3.798093355246828562e+00 6.069127346713919513e-01 1.859562925379139697e+00
5.421120621122888394e+00 2.950118394552982526e+00 1.014595771956980474e+00 1.920711360845622107e+00 1.247582077774544107e+00 5.629449214934018286e+00 2.038841976119504462e+00 3.366940569718764653e+00 3.770958480976618787e+00 1.345934464202234615e+00 5.305078686343770222e+00 2.178806876232563194e+00 1.733461476726329886e+00 1.124197341664076255e+00 4.321192104506677012e+00 3.344446819873181376e+00 3.355112270905185601e-01 4.889578131756710633e+00 1.140216764009349903e+00 1.142630987431293210e+00
2.888211065134588251e-01 8.688945505983495243e-01 2.984459505913958921e-01 4.009944419520970804e+00 1.894959496247502706e+00 2.295591611179746749e+00 1.880293274406813930e+00 6.242514691165592211e+00 2.430392928734681046e+00 2.933369516014867617e+00 3.510185143758428605e+00 4.234897974252368691e+00 4.757472888945492251e+00 4.586076007739703364e-01 1.104791495906562587e-01 4.676181937772621922e+00 1.804814517460449519e+00 1.461160466617903220e+00 1.753867372041206574e+00 3.593414862030846368e+00
1.407498076305839341e+00 4.681031640567634433e+00 9.754116326289804517e-01 5.808984059296722346e-01 2.188382078771656580e+00 5.088542469741367036e+00 3.974791237135300470e+00 3.202275853938540973e+00 1.133371107686409474e+00 3.716536560248590582e-01 1.640223111634398379e+00 9.525828530188374943e-01 5.103187769313570321e+00 1.711286304141337311e+00 4.962083048820463915e+00 2.376305793978543246e+00 6.070459815421341609e+00 8.769686288670652807e-01 4.156076818096911651e+00 4.952182387345852810e+00
4.617422131032520305e+00 3.494541613885016496e+00 4.083923293049554815e+00 2.676060995828195566e+00 4.273038789945058369e+00 5.722418653583750903e+00 2.522359692896264383e-01 4.225021819978137749e+00 8.573949513477133189e-02 5.394842125825518586e+00 1.370036245829901800e+00 5.574037889149502156e+00 1.913156019576799594e+00 3.450940457018326857e+00 2.844463969181083574e+00 2.674435048359643297e+00 1.062866731152555255e-01 6.130145280556976495e+00 4.335269493420893738e+00 3.297490809444653115e-01
2.470378813266829621e+00 8.661038573408493813e-01 5.153542926677603386e-01 1.541915892224734908e+00 2.676497927918082720e+00 1.381075219732832149e-01 4.956798361278591081e+00 5.001205393245591324e+00 5.974654918380646329e+00 4.502707254118230473e+00 1.119662793162432113e+00 2.471097068870357294e+00 4.640867174729591760e+00 2.610051141527760521e+00 4.453520616583960035e+00 4.468209757110789049e+00 5.290576753684885780e+00 4.218761276112153347e+00 6.020754209103610144e+00 4.762954166998184746e+00
2.667241024805862448e+00 6.226100391343840634e+00 7.228014408546871161e-01 4.615650633820880699e+00 1.342980216839885665e+00 5.849530885607316044e+00 3.976356174128759857e+00 4.209656155030816471e+00 1.005618036436859652e+00 1.662597299436199938e+00 4.770284390999122159e+00 2.607901800331955400e+00 2.052215855593044758e+00 5.708845012203274116e-01 3.923943477212661346e+00 4.550540070227268252e+00 4.398774292145007370e-01 5.236394227575714488e+00 3.422431986906728785e+00 4.881182399547622452e+00
3.217624592193820909e+00 1.507155664318205357e+00 3.322954079928142512e+00 6.164666306452191158e+00 2.407304333298631693e+00 4.720209384204808067e+00 2.676482278106830481e+00 5.332181410120672149e-01 1.332922417235117285e+00 2.838386907861081720e+00 1.110387327139277014e+00 2.046896065730312131e+00 2.904921327055686398e+00 1.610856534641237792e+00 5.558105509426459534e+00 9.318762293595791446e-01 4.903990976497808241e+00 2.452698614380885545e+00 5.963221614870506393e+00 8.282597159252145236e-01
8.785148853140332115e-01 3.214274459463042355e+00 1.072860912263080113e+00 1.969419535594957971e+00 4.570994382213936724e+00 3.499613454133860824e+00 6.084386362290785222e+00 2.875644904744111496e+00 4.834871536694720362e+00 1.101429962570946275e+00 2.705667067517659952e+00 6.664999550593923017e-01 6.091873109059600999e+00 2.501687414628997637e-03 2.732899974897338602e+00 2.697302284451504883e-01 3.375444541880810334e+00 1.036150609165578995e+00 4.849635205175835573e+00 1.325026970287594308e+00
1.030797917942888109e+00 1.183024024030657984e+00 3.488819123748785778e+00 2.395905557678538411e+00 3.937234491378053480e+00 2.311834760239715791e+00 2.067233674617524386e+00 1.348076975596921523e+00 4.576283554455139679e+00 4.425135764707844643e+00 1.909929583190897784e+00 4.534782021900596871e-01 4.187308687134622787e+00 4.228310013688580504e+00 4.004425094796514095e+00 1.351483740830827784e-01 2.307946723846243664e+00 3.135207964242021639e+00 1.325402481103398200e+00 3.680436159350009007e+00
2.836011210908164326e+00 3.277917984567034537e+00 1.359528735891352591e+00 1.140270615017819233e+00 2.130353959910409323e+00 2.997263030446548626e+00 2.460313563781594048e+00 5.749928594438138418e+00 1.536548259138261097e+00 4.952084668993815164e+00 2.663773186888330979e+00 7.965445744773037573e-01 8.358396130491596576e-01 2.391280950399392591e+00 5.084973530926404806e+00 5.413736411148628136e+00 9.164434234956203573e-01 1.718466336345897405e+00 1.992804998251480164e+00 5.365471084279885616e+00
7.449380845353277547e-02 2.656953257606110341e+00 2.826945710509499499e+00 3.118805464786045256e+00 4.142542980170590639e+00 5.752694518435977677e+00 7.362185544632686707e-01 2.901814761940188614e+00 1.641346389078275791e+00 1.405829453235996951e+00 5.582829783608325158e+00 5.345944563994741827e+00 8.872540225159245009e-02 8.119662702762082684e-01 1.191832888314701355e+00 2.752047256968536360e+00 1.194388820207185065e+00 5.825399011539165173e+00 5.034000662119178848e+00 1.438058598700272084e+00
2.547070261211041853e+00 3.660062741995172786e+00 4.331240901905786700e+00 1.443326658491558501e+00 5.958134490098038860e+00 1.537372898190225490e+00 4.862721684612791861e+00 2.167266214416511794e+00 4.995741715376575520e+00 4.992510151593417267e-01 2.920357811216776955e+00 8.752572434030790882e-01 1.831507905363211064e+00 1.355808405169222297e+00 5.132374272572802099e+00 4.104733870274442253e+00 5.317892559816387310e-01 3.044524701436602143e+00 3.771803362915380209e+00 4.550817292824572036e+00
2.714224692133468952e+00 1.877437656185785009e-01 1.717817620503879095e+00 5.650281108352160686e+00 3.556918047731957522e+00 5.699337313337909272e+00 1.272468223807294407e+00 7.020921348631184999e-01 1.737058710117752813e+00 5.142669131619185485e+00 2.902651063572785350e+00 6.101610273038326149e+00 1.242357998383428752e+00 1.831110146418811091e+00 5.108806816109903615e+00 4.329385437275909965e+00 4.338225030630504797e+00 5.019030068424386037e+00 5.956652036629460412e+00 3.307083792487421015e+00
6.178617484777248592e+00 5.905812302970436356e+00 1.745975697176261443e+00 3.311565280904405828e+00 4.175208966375312691e+00 2.958568291888574286e+00 4.338522794729395393e+00 3.037468396314530139e+00 4.813004392522813868e-01 1.401109039066882556e+00 1.703572595050450333e+00 3.078402560623353601e+00 2.412368208229249966e-01 6.576271301413675330e-01 5.875666120530041781e+00 5.884153742809187376e-02 5.091996898484144829e+00 2.983486231955830181e+00 4.452860459141258609e+00 6.659280434546136496e-01
4.287546779725099899e-01 4.883022487882715090e+00 3.748006889367711647e+00 3.720034728522493506e+00 6.247733351803019808e+00 4.423385265383231513e+00 4.549918926485820414e+00 4.998025263822790443e+00 2.592049326166497192e+00 1.706668128398948880e+00 5.509624900933044245e+00 6.247656018189484683e+00 2.270571613341505035e+00 5.062225576949810346e+00 5.569547671725480598e+00 2.502888789521550361e+00 1.789114045039488454e+00 5.331189522382964618e+00 5.183500784115036453e+00 1.059376337268884694e+00
5.584154020957079467e+00 3.326503001047085739e+00 3.926375764370543031e+00 5.234602108232290441e+00 4.429103013311415538e+00 4.350891433029921429e-01 3.589480756869384059e+00 6.969065769322461135e-01 4.401511430024285687e+00 6.777706740409773778e-02 6.078409403508427289e+00 2.524107504538243951e+00 9.478694956654242221e-01 2.592130807734628561e+00 6.208703734441113120e+00 9.202903291333071334e-02 4.804216619720768300e+00 2.106363489120185228e+00 7.449176088385480732e-01 7.815960597092893591e-01
5.966105166683759009e+00 4.127147749967615908e+00 1.822365319968232367e+00 5.993071861898604524e+00 3.838278625353279239e+00 1.960108122611876391e+00 1.657636595224299736e+00 1.435660314291047346e+00 2.310434921285084986e+00 5.527160557344200420e+00 5.937086513130838128e+00 5.670687188031051207e+00 2.461346338707449455e+00 4.556035656424265667e+00 7.214113001808621917e-01 6.085365303260439340e+00 4.757094496550035245e+00 4.119518972230292952e+00 1.049010853783471253e+00 4.758371015695422201e+00
5.134113209968967695e+00 7.940209367605628454e-01 1.710153704628399218e+00 3.687127969116542836e+00 2.375499416656098539e+00 3.295304481794586682e+00 2.023288680086417379e+00 1.644486115180671559e+00 3.792903273892293203e+00 2.888758120838533561e+00 5.592973176085690667e+00 2.398244113658572374e+00 3.715994584336788087e+00 4.333560986906366264e-01 2.952048419384960098e+00 4.128788473740357290e+00 5.558684945586667148e+00 5.930340730441654884e+00 4.675005997803074465e+00 6.137752180908869093e+00
5.237397830688143685e+00 4.551061834815511631e+00 4.924229379114307470e+00 4.270119459337997192e+00 5.974799936805001987e-01 2.445820949472011119e+00 5.813217927751176184e+00 4.232569109322771084e+00 2.172322497492095827e+00 4.173350087798391783e+00 2.366853109010866874e+00 5.364020251031718978e+00 4.328107889308890677e+00 3.241769116452348776e+00 1.881432030590838023e-01 3.915487229675619574e+00 2.274117275492445689e+00 5.056418502423541739e+00 3.263381885763306123e+00 5.062091032436744520e+00
6.001036004525158063e+00 5.487845650272043407e+00 2.316593254285245873e+00 2.973433738078280264e+00 3.671561026377961223e+00 1.668779064825536285e+00 4.599534464202315043e+00 8.145514235781877721e-01 1.225471826940307096e+00 5.769559225615322751e-01 4.484718430602286254e+00 2.702214245298917294e+00 6.109089084861849983e+00 2.789724323129811445e+00 3.385786925885586829e+00 4.212621065078478999e+00 4.878637890927644882e+00 3.707577123908869954e+00 4.623748394958075991e+00 1.189328627416041950e+00
3.230341046346761669e+00 5.445108604100692418e+00 5.628032790167002197e+00 2.343687716915727304e+00 7.938938971634589281e-01 1.616912284355365159e+00 1.844825126910894397e+00 2.652125602146748751e+00 2.630766117660371606e+00 5.103774237818932136e+00 6.062300173346225840e+00 2.519109308913471956e+00 1.385909607016507561e+00 5.521434430601745991e-01 6.533035725084084255e-01 1.421756447483521146e+00 8.619814270188468353e-01 8.407283068359702183e-01 5.115045920436664062e+00 4.866647299420780115e+00
1.898138034131489515e+00 5.682342086195275588e-01 4.277619689076608722e+00 6.131106794870607501e+00 1.181533261885479913e+00 2.995167549113812111e+00 2.602399332743416949e-01 4.635357028331829277e+00 5.861058724514120577e+00 4.999379416792968378e-01 8.414123285173552569e-01 1.076956899039369420e+00 6.052627765049117592e+00 4.912621504807786366e+00 4.106372438145485582e+00 1.534279515875122124e-01 4.470747891905942240e+00 5.657455660040874079e+00 6.770918993854880830e-01 6.102935083804220007e+00
5.445444938506951438e-01 3.481895071564462540e+00 4.962907779447006118e-01 1.499006804913415314e+00 5.020695377098080669e+00 3.561790018935715896e+00 5.505467098048411501e+00 5.138087872035490555e+00 1.869098298975474304e+00 5.038598117464725412e+00 7.300169772687022940e-01 1.541025393033214730e+00 2.647736478841422603e+00 2.447257964636695704e-01 3.008494228349156252e+00 1.590946754457756296e-01 4.738615817929657581e+00 4.269318039701743395e+00 6.268427899095473099e-02 1.157629603406625129e+00
5.582470545182524058e-01 2.322841240379834193e+00 5.871996669907544764e+00 4.870807280484696022e+00 5.917155355991345900e+00 1.980236315096754129e+00 3.037412129269948302e+00 5.359603763193833137e-01 2.898625935155560995e+00 1.331311936715192434e+00 5.635467964926234252e+00 1.314999547779428291e+00 4.988986463797832727e+00 2.988067143155009209e+00 1.222060788279990762e+00 3.181467510509742969e+00 4.498341381090653179e+00 5.032201053550586778e+00 3.433193831609003155e+00 4.056794888717217162e+00
6.460804841272509424e-01 3.778001314251059894e-01 3.737830729570247978e+00 6.260473235593112307e+00 4.141028058790879207e+00 5.918989669502793483e+00 5.826681317277089711e+00 3.013433892655680513e+00 3.215015902883317178e+00 4.492383396434637688e-01 3.870977110064826032e-01 4.618234034330102489e+00 1.928125566731432983e+00 8.986001408968214976e-01 4.866939407986279775e+00 2.744995294908618266e+00 1.117665919375684602e+00 1.317350940535345849e+00 3.697298970973627252e+00 4.214006070214260102e-01
2.578898374700007601e+00 1.897272869406950724e+00 3.743268675632535292e+00 3.272207433870406135e+00 2.459574359006164279e+00 4.489804758635888016e-01 1.579932686210534065e+00 2.737570237645811755e+00 4.701428100216209494e-02 7.386424746865815072e-01 4.208444478536070399e+00 9.905921304888728463e-01 1.308908809450748945e-01 5.297972734663515482e+00 4.077242589350269952e+00 5.610469031426784881e+00 1.781034747598298495e-01 8.707928868875608464e-01 2.191935735824376508e+00 2.727013274404036736e+00
8.230032177907867785e-01 5.532686025496014182e+00 5.712360680499909193e+00 2.921338710136480721e+00 5.916782609247431601e+00 4.964064847758236532e+00 5.407820576452468053e+00 3.426914728107027130e+00 4.073066766367653635e+00 5.966746477162997664e+00 7.783204457446419866e-01 2.785623041023050916e+00 3.388670416522262752e+00 4.289701251122659542e+00 5.572001222933303133e+00 1.454509810513377133e+00 4.467691553861327103e-01 1.840920250814559234e+00 2.132471207882407072e+00 7.278230034878186983e-01
5.474886277400822232e-01 3.748575536950262688e+00 1.425275264896645133e+00 2.853811108573041544e+00 7.315888546777250534e-01 6.155532141073492447e+00 4.376908655641501333e+00 3.250742061298249386e+00 1.200862488018740848e+00 3.043216851692208014e+00 2.405778284790974997e+00 2.783799732085881828e+00 2.618154623414819415e+00 8.364429315259391817e-02 6.791562544261425804e-01 2.148636360789173860e+00 5.893548284033574447e+00 4.998758018535515824e+00 4.748390001356058043e+00 5.488096408375414015e+00
