7.481135511022907192e-01 4.618653860388298504e+00 4.640678556751388406e+00 4.668073882422823395e+00 4.125090267534837096e+00 5.700798246519473089e+00 4.097302375956255460e+00 2.164575713306853721e+00 2.661806892831600546e+00 3.331999978383239469e+00 4.062223176500967980e+00 3.904876623844459438e+00 3.701621422552973772e+00 9.681821557225710473e-01 2.235656443246385461e+00 6.277939034477320490e+00
9.327538973143827405e-01 1.168200025111890472e+00 3.877801947546227979e+00 6.254689041025672580e+00 2.648132401571165140e+00 1.803833155183931503e+00 4.457059120415178377e+00 3.301983532874738891e+00 6.698409581212073638e-01 2.869622857462738597e-01 5.750044941975632762e-01 3.805496481546910559e+00 6.139499323074109505e+00 4.328497297587599490e+00 3.277431365554634102e+00 4.880902502093051432e+00
4.596707508162928058e+00 2.256868828526842119e+00 4.538446622723190771e+00 2.759447994216190470e+00 2.975135459601737420e+00 1.296812910987301948e-01 4.591354952236574860e+00 5.106551108894140434e+00 4.704312526242758530e+00 2.784565968273860825e+00 5.632926291976668054e+00 5.638155126033993270e+00 6.168662627214684946e+00 4.660727697255712343e+00 2.991952144368258182e+00 3.511976384866972722e+00
3.458580743175919459e+00 5.876602863292418988e+00 1.088832919881025596e+00 9.196976385034535406e-01 8.621958153536773972e-01 3.046919750168797680e+00 3.611379578328641315e+00 5.921248827419673511e+00 2.729463851286840548e+00 5.954235527673779060e+00 3.202979767518857823e+00 5.811554146984796887e+00 2.334705730250645761e+00 2.322965916739639702e+00 3.574578519300664059e+00 1.247129827901421129e+00
3.725669311750659407e+00 6.022471394325796368e+00 4.277898554661014430e+00 5.704573918738192972e+00 2.426861071136506620e+00 3.059088105232107058e+00 5.012635083681720616e+00 5.849884658805882154e+00 1.551816436083575113e+00 3.506662237237243129e+00 2.226055860011662002e+00 4.614644175053899566e+00 2.386511887505313734e+00 1.675443701138563890e+00 3.112858339206683755e+00 1.057690081821342387e+00
5.544795981029296605e+00 5.780454537660459913e+00 2.958754070461134145e+00 2.415844978937747634e+00 4.017699766518170179e+00 9.878926479709144726e-01 3.367794058057961948e+00 5.800560823068915184e+00 3.908339148973037691e+00 4.370721940769272784e+00 3.116762848522665053e+00 6.140734735923863319e+00 5.603806645844018330e-01 2.420376463858818106e+00 1.702862795347721558e+00 4.149608160001447388e+00
4.579180171014418654e+00 1.738592779457097670e-01 6.685840338445916409e-01 3.925863790498148376e+00 1.939217279227809287e+00 3.502070483072153628e+00 3.931631241952860734e+00 5.973037962095277820e+00 4.299159123385329018e+00 5.643409834641817113e-01 1.634790917664926679e+00 5.695684247609806433e-02 3.658575199467787531e+00 1.356738871400857915e+00 7.171149812937142008e-03 1.628001943578383015e+00
6.078914899538053751e-01 2.214981405071925646e+00 3.995335329601520602e+00 1.310402672840776495e+00 5.756798832709437264e+00 2.505810405689120390e+00 4.952607970833514450e+00 5.823111275768678929e+00 7.531722314455655543e-01 5.321605171860558592e+00 5.780003658282311996e+00 4.032323052896420457e+00 4.308808818775300864e+00 4.419279393834905534e+00 4.183076328694887991e+00 9.824583215352007404e-01
1.264732225225525530e+00 2.663820921764782579e+00 2.489149659851639829e+00 2.064641746911677345e+00 2.087102335082487325e+00 2.403661906513873348e+00 5.852010494876821234e+00 5.604598183852025350e+00 2.823951079875647974e+00 2.262125452941903259e+00 4.392578998960100733e+00 2.133731271313820788e+00 1.375494302376082167e+00 2.752049072906789018e+00 1.160212194008499065e+00 3.373458204933814653e+00
2.422257189745714023e-01 4.635784708683439170e+00 3.536514243020511650e+00 1.332337067794004293e+00 4.032175961664226094e-01 1.823403323258341979e+00 4.246493796991936964e-01 1.889592227706241578e+00 3.725281858509618793e+00 6.063961573236824165e+00 1.853773151208792491e+00 1.567555663018790790e+00 2.858889676101734612e+00 3.963531822981915198e+00 1.974709193768986237e+00 5.522362731614643749e+00
5.131371229449870341e+00 5.346684015351474528e+00 8.159377270836078999e-01 4.849133043198928128e+00 2.564588240893577176e+00 5.534008862839757903e+00 6.004218824056215098e+00 2.868008651457905955e+00 1.499595030133755946e+00 1.014412334322719184e-01 6.685552352941995791e-01 2.215262783919590195e+00 5.706803272174769681e+00 3.142067144715187776e+00 4.997139502847204873e-01 2.332082920304103801e+00
1.163105971413458839e+00 2.723247870553245686e+00 5.710135429361136161e-01 3.591222374792863548e+00 3.089342023650534674e+00 2.597953062443455252e+00 5.361905745546287072e+00 2.834895325644361641e+00 3.724507304506923688e+00 2.326947560647227853e+00 2.216258624043795145e+00 3.535097075752272833e+00 2.317315381135691688e+00 1.406799373342193071e+00 4.235040137901642687e+00 2.544608723661184957e+00
1.591794751233505778e+00 2.455046775155580008e+00 7.396209082157286126e-03 4.547777703907918578e+00 4.546600482703283319e+00 2.583357093314838870e+00 1.711903986557920421e+00 1.087434262801162843e+00 1.916162114482666823e+00 3.593021566861611227e+00 1.127394602944789659e+00 3.083707783997408636e-01 3.120689297199687129e+00 5.053782506279064002e+00 3.497749701764264696e+00 5.256672345165351867e-01
1.752119829742937895e+00 5.986872768746640538e+00 2.376912923718682347e+00 8.325758617245456739e-01 2.475864372853878947e+00 4.199523785195332648e-01 4.088210117016797263e+00 4.260051201712395041e+00 1.324361862255093225e+00 3.087231853705408646e+00 5.394007489931317956e+00 5.797925136006571556e+00 2.038893369109171516e+00 6.243471205081778663e-01 3.877604423989038818e+00 4.795780671573212750e+00
6.195938497899814656e+00 5.041081645118269172e+00 2.462180367531747294e+00 8.309598262068127461e-01 5.641849944513069204e+00 2.610882844248590295e+00 1.411958682865463555e+00 3.837914146488682121e+00 4.150877873692529363e+00 3.633702318412782795e+00 4.564059931107497192e+00 1.628089113890639705e+00 1.585595595594792240e+00 8.223224859466626846e-01 1.053453363379774910e+00 5.065795402817350634e+00
5.915152532853866774e+00 1.296317365078229589e+00 3.173672080428221243e+00 2.739455136850594830e+00 5.633361156945146497e+00 4.384575624368603819e+00 6.069409939412808264e+00 1.335773697753612765e+00 1.226122188759701803e+00 8.264632600910960525e-01 2.467964139136713975e+00 1.192861265076499144e-01 3.062267051768340576e+00 3.974879435140183936e+00 2.472320514101757016e+00 2.442435475484345808e+00
4.365913958641034931e+00 6.238724284741279824e+00 2.217007758459373701e+00 1.033530700282595527e+00 6.895401612712613870e-01 6.057817404881259193e+00 4.960255338671899494e+00 6.018478377813547553e+00 2.455697647660907368e+00 2.292027586751558044e+00 2.925166264173215680e+00 3.507765551912862989e+00 2.811048908599842910e+00 3.045300531207308481e+00 4.834012496727364550e+00 1.388240397431106832e+00
1.695046129582132632e+00 3.174180095334917961e+00 4.855545353364495220e+00 3.187129120006356509e+00 3.687127956883087698e+00 4.202311101215307154e+00 3.289043237822911969e+00 1.998832772154901516e+00 5.871382800407821456e+00 1.053192120687744371e+00 5.001015358947852540e+00 3.019329797192230602e-01 2.018194031702978286e+00 3.900427212580618530e+00 3.534056671161738716e+00 2.901596703729349969e-01
2.338223365161633094e+00 4.554807516610553719e+00 1.775912620733444802e+00 4.555767869265975989e+00 3.497761216142829532e+00 3.401142388670346239e+00 9.517224723771744443e-01 3.080513961578090321e+00 9.044229897514372007e-01 6.177757461195824362e+00 2.110195575212459929e+00 1.102814520758595762e+00 5.244390486564877385e+00 2.113698060232698683e+00 4.657501295966679500e+00 1.080039179612093614e+00
6.136103080739804483e+00 2.338623914186916064e+00 2.649835992422784781e+00 5.141702268152906763e-01 3.790169436683315407e+00 3.278692337950341429e+00 2.694797067396559331e+00 5.671238796514324054e-01 5.471802096583450847e+00 6.103295748308116275e-01 2.593826546273879097e-01 3.818912681349062588e-01 5.164255329165828634e+00 5.907345520490266289e+00 1.128933400112401175e+00 4.875929195802666705e+00
1.976239523196333447e+00 3.050665472384626487e+00 2.586461492116100876e-03 4.059333295460172408e+00 2.975486712383267118e+00 7.686611468182318330e-01 2.857443319103698087e+00 3.773014644255281436e+00 5.229965581533446262e+00 5.934998045273156997e+00 2.930413079936237342e+00 2.893827481056146844e+00 2.636986417621106082e-01 3.990407270156099417e-01 4.004460872846010489e+00 2.197320120143426259e+00
5.343872681350827492e+00 4.567473840037370891e+00 5.308989954705656267e+00 5.824727622458655496e+00 5.812936849065646783e+00 4.160298735736955855e+00 1.177287265832153151e+00 2.793469000325525808e-01 3.559767259543669127e+00 1.651915147329132472e+00 3.892352767721445783e+00 1.655178407489732662e+00 1.912278774078234767e+00 2.858370156420079855e+00 3.142299897996011282e+00 5.286898871248700615e+00
1.021734142634986409e+00 3.465012930264272484e+00 4.167341771124092098e+00 1.573597247396661292e+00 2.508970446551896938e+00 3.406592451207322014e+00 4.661595857557614964e-01 5.443450113871440621e+00 4.934625731667051873e+00 5.667504599146134581e+00 2.161462448117532631e+00 2.570148986554504411e+00 2.037391978985289676e+00 6.068176111214468094e+00 2.182698359532365906e+00 1.910940784868633946e+00
6.971248264325999866e-01 2.165384869477069429e+00 5.411142278168671105e+00 1.971474518127892817e-01 1.714210157122993960e-01 6.027090719885100256e+00 3.388173467396194294e+00 4.958508928390098269e+00 2.995521990654395061e+00 4.445182819315594891e+00 7.648520313060890308e-01 5.841627713290638013e+00 4.399127723522032740e-01 4.701629055693628878e+00 8.591525919265559086e-01 6.117548494006474158e+00
1.449389244310890446e+00 1.622901236995161200e+00 5.432925167707853831e-01 4.140926438508783392e+00 8.216576778933771807e-01 5.937246754862686160e+00 1.644300337646341426e+00 2.463025068984951993e-01 1.410959483209433651e+00 6.069212195828394663e+00 3.934713937063749611e+00 1.611600768141742801e+00 4.039284540131810708e+00 1.502955128872209611e+00 5.380081739413205000e+00 4.048162683336522960e+00
5.144459754378365446e+00 2.569357992634532017e+00 1.253550834355464438e+00 6.162735432597666874e-01 4.300815886397971077e+00 2.491038463490398147e+00 4.640473217816976970e+00 5.725294113205221969e+00 1.426256415774778796e+00 2.775360078200799663e+00 2.838324853234262868e+00 3.973279592357252366e+00 3.606730464947212944e+00 1.907457386207912720e+00 4.291174261186275984e+00 4.451427804805489608e+00
4.801377330676220190e+00 3.462323572177529396e+00 4.599722239863124784e+00 6.736342784085547208e-01 1.307090192537985640e+00 1.231662863282218412e+00 8.725306733540177939e-01 5.986715914412832795e+00 2.053842588399263036e+00 2.353964034997917398e+00 2.319262772943450734e+00 1.168130805415448004e+00 9.958024465530165292e-01 2.374341684221108917e+00 1.029387560264638957e+00 1.117226372714183319e-01
5.489660551645349607e+00 6.017396806349494476e+00 3.826894284025456283e+00 1.331210665664175063e-01 3.009806935625733981e-01 5.256592648430864934e+00 2.890986699975487628e+00 6.535123340277224635e-01 4.945081963859137453e+00 4.285281384193769583e+00 2.739091507389748159e+00 4.887474554220503364e+00 5.528698750739525103e+00 4.436190057752861016e+00 3.084737298667198147e+00 4.672629569144660877e+00
5.165152615970560745e+00 2.460406301539981300e+00 2.042376639138736127e+00 4.643935016905094137e+00 2.508970115734498130e+00 4.987659882850277171e+00 4.018016314021944702e+00 1.331807556872202092e+00 2.685618277517544339e+00 5.630313287225045649e+00 2.294335591303410471e+00 2.223180909999241950e-01 8.367037960349660297e-01 2.450030476355478548e+00 6.102243172731587784e+00 3.043038518382068069e+00
5.382350348539786111e+00 1.351809611501810227e-01 3.952352542621301090e+00 3.730998622532606834e+00 5.623226919116341982e+00 4.377040447757194919e+00 1.609773819865157121e-02 4.322736412984025556e+00 4.684463442353526297e+00 5.375959454441020746e+00 5.799985973823948981e+00 4.816937218537726828e+00 9.058451508167995048e-01 3.108969759736558647e+00 3.685911428612448582e+00 6.255456608263671114e+00
2.448739814660489511e+00 2.456993651613452734e+00 1.470337070479585062e+00 4.659527295418856241e+00 3.860544036199241358e+00 3.771240056635449811e+00 3.241162132329767354e-01 2.820111844452052097e+00 8.972589171084809356e-01 4.947786455652045667e+00 2.513436358357265199e+00 1.491148087375381737e+00 3.660311503332482008e+00 4.480568692897922922e+00 4.857332814008491262e+00 5.205581443798737773e+00
1.966991684514572070e+00 7.763321083337770823e-01 3.561882986978960552e+00 1.361663666697696895e+00 2.313810129249042280e+00 1.507771997518782880e+00 4.073283543460950007e+00 4.612914401654421681e+00 1.396257558972222368e+00 1.844906132136539423e+00 4.682183376264249103e-02 5.647890156663255112e+00 8.798458044138216527e-01 4.904290702479560338e+00 8.543999968591270422e-01 4.711945994105717794e+00
