4.998454594788269034e+00 4.698961014894361909e+00 5.457571969535892187e+00 5.984112685264761922e+00 2.776637411658032129e+00 1.593649087601524350e+00 1.396857952394587876e+00 2.630540680008984111e+00 6.042333585143732755e+00 2.541575184723112169e-01 2.799511546731205947e-01 1.250997948646574098e+00 3.160087792853818023e+00 5.664887674722716149e+00 1.108582084686116520e+00 5.456331788273364181e-01 1.288000797541224207e+00 2.252603968108844334e+00 4.632374073967531203e+00 2.470730399925398224e+00
1.968414862868867576e+00 8.773035676694854734e-01 9.835435008643236277e-01 5.063468252776123890e+00 4.447628580196105741e-01 5.511937616632573089e+00 6.155183626235213090e+00 3.773253624634481440e+00 3.164816463946178882e+00 4.551532477955145595e+00 5.255600917620471435e+00 3.713580011973208972e+00 2.097120090914752044e+00 2.740926764400150706e+00 3.462350482101812066e+00 4.285780161884864548e+00 6.102059647394484365e+00 2.283137639672567332e+00 5.690789927063110376e+00 1.427627773938032973e+00
3.156414075179628131e+00 4.729557578326147649e+00 2.511561345833001280e+00 4.152957975741365715e+00 4.029254150095702702e-02 3.065781150130355570e+00 2.417632170767492816e+00 4.341129817958681691e+00 3.260970722490872942e-01 1.501526873491813019e+00 6.777804074917068711e-01 3.187955719091341233e+00 2.981420922877200841e+00 2.113766079983596224e+00 3.844956701828905921e+00 5.367076893352821010e+00 3.445622928813559138e+00 4.937705110949654141e+00 1.902861862202367860e+00 2.017659626834007902e+00
1.029823540904528656e+00 3.310487854403749708e+00 1.204288056635020032e+00 2.699996345337800197e+00 5.351147523545811246e+00 6.240421339768133180e+00 4.502369223664442366e+00 1.586753389525263458e+00 5.555303738104535594e-01 3.115694744796231319e+00 2.122740650073911439e+00 1.195193562340266080e+00 2.064124889369537641e+00 8.596589151913628379e-01 5.376743482375239580e+00 3.849560189599031457e+00 3.852914822256835681e+00 3.944737031184227138e+00 3.207794805886270417e+00 6.128405281679862426e+00
4.637478682085607179e-02 6.011576463143782689e+00 4.317458163680687022e+00 3.337006996875973019e+00 6.163142229216697743e+00 2.438826541556998517e+00 2.973425933817614553e+00 1.889235233594361851e+00 4.542495144011397201e+00 6.555026261442721269e-01 2.691412749175750907e+00 1.851667079288244144e+00 2.120482963953106204e+00 1.925814916999597060e+00 1.155297995948024736e+00 5.349610218330958844e+00 2.804828620967632080e+00 8.711597885569327682e-01 3.128209375853881369e+00 4.819045721591661113e+00
4.978657781926552062e+00 6.269092478692028791e+00 5.895548858110712054e+00 2.324439461981076871e+00 3.019470395639658911e+00 4.754748641533654840e+00 4.239068758212712673e+00 3.322411194812899815e+00 4.549661464133491151e+00 1.208095425099027231e+00 5.541235055186477076e+00 4.710442204149133616e+00 4.918916155507853993e+00 3.791967197194193062e+00 4.011850906483454438e+00 7.451870456510060192e-01 2.224624574018778389e-01 5.003786777637825089e+00 1.733165871166736149e+00 1.185794670453760302e+00
5.653750305202154269e-01 5.437587593449835666e+00 1.744521167758312341e+00 3.638523800028898858e+00 2.593598234399207225e+00 4.041862454918399905e+00 3.955707357203320118e+00 4.109793282775688006e+00 1.727426317395523325e+00 1.996319072394954208e+00 3.764646635723341905e+00 2.000982650062994583e+00 2.084677614757635578e+00 1.639088019598837098e+00 2.082572916913788319e+00 2.010928654480482969e+00 1.828927003372973870e+00 5.251629900019305630e+00 4.670144431189215517e+00 4.210218240061094797e+00
2.992935229650685258e+00 2.815459707142843993e+00 9.071204705903611609e-01 2.791874710564752338e+00 5.265370788587373951e+00 5.974224027285890415e-01 2.256564774625196002e+00 5.536850366764057618e+00 2.314118446546638008e-01 3.886025806437886088e-01 4.711181515237190531e+00 5.581335589040050671e+00 1.342191213326911159e+00 3.692577750321590635e+00 2.100919504956141548e+00 2.895437723114663298e-01 6.156945058015625971e-01 4.877454641574986205e+00 9.143756248306014189e-01 3.340988505130514596e+00
1.113081209432423418e-01 6.244533390399692685e+00 4.482999516123397754e+00 3.622248889711151332e+00 1.681296736601891384e+00 5.516454800532319069e+00 5.535979694515327232e+00 3.494360555973538229e+00 5.160388753300288123e+00 4.713595396211388788e+00 5.369987431325849769e+00 5.784635291584756089e+00 2.065299841895373412e+00 5.317569377741402370e+00 4.931950446314027126e+00 1.237386959270624809e+00 4.898896570632094161e+00 6.111382290512104021e+00 2.434903107298353742e-01 3.929523633358773083e+00
2.116372964332746243e+00 3.536469156085896071e+00 5.979231187442504147e-01 4.845763156407854488e+00 2.597372462360700407e+00 5.841121197469316684e+00 5.714706542243941811e+00 6.157802726710781549e+00 1.622958822825697034e+00 2.936236112526735553e+00 5.009663120147631155e+00 3.068543940997442654e+00 2.590716679876941431e+00 3.821673036924378319e+00 6.566244055191287066e-01 1.551026981667228410e+00 7.343818818970262452e-01 2.898716949364354978e+00 3.614112669283930046e+00 1.605188690776276239e+00
4.412762557578149725e+00 1.089387917380678639e+00 4.827973644622806759e+00 6.855449801596232018e-02 1.487158735813699506e+00 4.740876767390906465e+00 4.766998305591966911e+00 2.418640980759215520e+00 4.413673356401340619e+00 8.101413032614057652e-01 1.722494200044192292e+00 5.285095695405404470e+00 2.718779299315112752e+00 3.240957575547083636e+00 2.853704672154781630e+00 5.543546293454777008e+00 3.640550165991707221e+00 5.153383803218833492e+00 4.158560988468967601e+00 1.731110496275707344e+00
3.695233155797532643e+00 3.125232251980276210e+00 5.577129595181575361e+00 4.602474917486219397e+00 5.936441784418276413e+00 1.572792772285872775e+00 3.051932422372113596e+00 3.715385834860860825e+00 4.487649829936429136e+00 1.837223095022388009e+00 2.091561594670119373e+00 3.528692093789291828e+00 2.054288163325167726e+00 3.384230872753881236e+00 1.587001919573146402e+00 5.074046444636355346e+00 5.917438279954430058e+00 4.390758151161669787e+00 5.846898742118352921e+00 5.661194686105620377e+00
4.628019190770924496e+00 1.884935993038190372e+00 3.043519447009941814e+00 4.415405412679732855e+00 3.670922033360796366e+00 4.035875092801444630e+00 1.069084174139984356e+00 5.302422142318336640e+00 5.404368121132584690e+00 1.884773237903308640e+00 4.551108924582192294e+00 9.033428285580836770e-01 2.563902237834453590e+00 1.622509708894902092e+00 2.644823582196242362e-01 6.118301157733479378e+00 1.445398474792042531e+00 9.386335581022933194e-01 3.796166262316732709e+00 4.652305444519075017e+00
2.250943195366485128e+00 7.816725732006279959e-01 3.700640662132704595e+00 1.576591031611795479e+00 4.334387046311987124e-01 1.588150479958969408e+00 2.813941529915917172e+00 4.762545474999318351e+00 5.423005399249102965e+00 2.354518622048003884e+00 5.198497142153267525e+00 5.794197410868094700e+00 3.577058816194579993e+00 5.423409913882594857e+00 4.182386102565432751e+00 1.884036193648714663e+00 2.643621561233339801e+00 1.413393945507493310e+00 3.631741858813521517e+00 1.560133018275296490e-01
6.413809942545312115e-01 5.989495325518935154e+00 5.530451810870296470e+00 6.087067670450089452e+00 3.256570382008018516e+00 1.680053761166262483e+00 6.892054036221680891e-01 3.710216846699943449e+00 5.482760572429159041e+00 4.924407256905364072e+00 4.546830056687533705e+00 3.609912796903314458e+00 4.375980729104758105e+00 1.222247394209295512e+00 2.250757741189651107e+00 2.624209338199131381e+00 2.798564166469209802e+00 2.154660407384888732e+00 7.559773605722654166e-02 4.183463814262157854e+00
1.085584668323216651e+00 1.765912212799571890e-01 1.779022254338910258e+00 5.294502631270240123e+00 5.003345838229106057e+00 4.619305607060971930e+00 5.208126479136091724e+00 4.860476738378266326e+00 8.483147132664210499e-01 3.598664645478286239e+00 2.129615348292266841e+00 2.282340507893207526e+00 3.673524108475782590e+00 4.683800543001699346e+00 3.434616207421766987e+00 3.615809019865543039e+00 8.148214729834785119e-01 4.021315895298873677e+00 6.733654536883361130e-01 1.649267066115166713e+00
6.058025505158160406e+00 5.356189992244504872e+00 2.764905473071928910e+00 5.826424161828256842e+00 2.719880305237905471e+00 3.045297238644265825e+00 2.386965692011469020e+00 1.533059427778042938e+00 7.982950080923863906e-03 2.133076333178756112e+00 4.258027078588293435e+00 5.515109537251796645e+00 3.899074092676338310e+00 2.289868086816851722e+00 4.489760579671458807e+00 5.352912767381599046e+00 5.193590530900500823e+00 5.273149050804048166e+00 2.608339081475250953e+00 3.960937461954519012e+00
6.270390812309823758e+00 4.507906199171670458e+00 3.718721117326683867e+00 2.119729273071233155e+00 1.202290797325564986e+00 5.828841115288522445e+00 1.193286071109529889e+00 4.356837937867577892e+00 6.708637568448050370e-01 2.028807682884530283e+00 4.911383494225633584e+00 4.968430148241542277e+00 3.852922646261686346e+00 8.631479264792019102e-01 6.258506770672915387e+00 5.614285122338455558e+00 4.523095101554114095e+00 3.573710580006792981e+00 2.180730101241492136e+00 4.400191407743215599e+00
2.677840985715314037e+00 3.837733527469122219e+00 5.971202796635302512e+00 3.925319131512787774e+00 2.833374385978426613e+00 1.666689151775802680e+00 7.080372945092412718e-02 5.510952333172058459e+00 5.952288377799533237e+00 2.933629954388590200e+00 5.720917119860547295e+00 3.660076326387239121e+00 2.423215431950870524e+00 3.766289862070536731e+00 1.421695938964574468e+00 4.629257980169962039e+00 5.499003874909436540e+00 1.821745455299195404e+00 2.494084629663875674e+00 4.068150421250096294e+00
4.970633379297253462e+00 4.341980982673288025e+00 5.269829920128345613e+00 4.925057463359923560e+00 5.299684182931018839e+00 3.261131260982881308e+00 7.328206218186444909e-01 3.913115100299141780e+00 5.737673578482788805e+00 5.321690526114661424e+00 3.235140062830910157e+00 3.476702366829843793e+00 5.403915574526938492e+00 1.995388356192118628e+00 3.119606936469290659e+00 6.660326112225368744e-01 2.023484616806821901e+00 3.143430080913795610e+00 3.877105414261147409e+00 9.661998785968953785e-01
5.017641876735100759e+00 2.260528500100741578e+00 2.239632726656604955e+00 1.732077766955007370e+00 4.559478334098372443e+00 3.357570876936244897e+00 7.906029694529701501e-01 2.399227924302700377e+00 1.758464576834971593e+00 3.596412939045691370e+00 3.294865242533778993e+00 5.698614787620280175e+00 3.597019426508850870e+00 2.147533964471552093e+00 2.474340350720359183e+00 1.494391725153457529e+00 5.222577699082612490e+00 3.228018103632114499e+00 3.228630180293660779e+00 4.889638677250910170e+00
4.145675499514232420e+00 5.222625136098676402e-01 1.423915203351104886e+00 3.578694044250515294e+00 3.219453415589432321e+00 2.268423229209001857e+00 3.239359985860413182e+00 1.309276379354130659e-01 1.575058467016344332e+00 1.736080455790904198e+00 5.013943376848970956e+00 6.177483355870995174e-01 4.546513738262167870e+00 2.237846247317925474e+00 3.440691500049506857e+00 5.868942356482572897e+00 5.242486511941030214e-01 5.645058579796167209e+00 3.985653345415341331e+00 3.732460951115533998e+00
5.580748595277833957e+00 3.512748003363291627e+00 4.491434890364976340e+00 1.518507862755451354e+00 2.929106460838197812e+00 2.476240776482535377e+00 1.534821475032358773e+00 2.784571607092243273e+00 3.804362519234756324e+00 1.648129885093217117e+00 1.403587989154728710e-01 6.269290768855926288e-01 3.844811478601318999e+00 2.810321749608714059e-01 1.513292485821629452e+00 7.084844173229861708e-01 3.933439643225062454e+00 2.339932617303165152e+00 6.259836540254032577e+00 4.551641081844900683e+00
5.643923109264531668e+00 3.744440794203219181e+00 7.390587868940984295e-01 4.758454332686834931e+00 3.075217276015900669e+00 3.406670908516395535e+00 3.670657395420114710e+00 6.211668028690012555e+00 5.912070581384277546e+00 2.040510761874852363e+00 5.217702276461888999e+00 1.679436131430237289e+00 3.650547851891429829e+00 3.332390694814431509e+00 7.932899255247885528e-02 4.915727747013720617e+00 1.782962060079568367e+00 2.861843636721035367e+00 2.256570635579137729e+00 5.830736231692465132e+00
4.831729391071354351e-01 5.507753146265312871e+00 4.886889552447224006e+00 3.886297361625246971e+00 6.099205613781142787e+00 1.894863092882531630e+00 1.424498192284537224e+00 6.178314723083273563e+00 6.271842989501775989e+00 5.052628461479266697e+00 5.380407101457956864e-01 9.767109614145300100e-03 2.841917258893096765e+00 5.419239264014208857e+00 1.239014957581657583e+00 1.506602099586956456e+00 3.001295293420286114e+00 2.052462895281776945e+00 1.003721075077360858e+00 2.512420820663370691e+00
1.590682588233447436e+00 5.539319843864387138e+00 9.043944170360895818e-01 2.875284954221447364e+00 2.891615394722141463e+00 4.373047733119092007e-01 2.866865967874501209e-01 5.212193416047226968e+00 2.039810708167106856e+00 4.971048209986835609e+00 4.933062775514684084e+00 3.668523569703975529e+00 5.817970184660115507e+00 3.251182757997697070e+00 1.385477882954658235e-01 5.702942938006922091e+00 2.056041197569447032e+00 1.862558118861841860e+00 2.377238983315411502e+00 4.213052118271775726e+00
4.078014857638993185e+00 2.913080344990586767e-01 1.151090700337024375e-01 2.260478251648445180e+00 4.948100726596147858e+00 2.871361072183028273e+00 1.957849482224756743e+00 5.083134370957702153e+00 1.950716224757124362e+00 5.735333033501690547e-01 5.961585804024834845e-01 5.068186504611166043e+00 5.412250915093289372e+00 3.362774737180561857e+00 3.863223511864689819e+00 1.363587072148002566e-01 6.198008228346915116e-01 1.261294951234803285e+00 1.395512338256645668e+00 2.195247390609822435e+00
4.360857131552918986e+00 5.398413341981354030e+00 4.482390154000942317e+00 2.206810767522196404e+00 2.836355581757869615e+00 3.425766813967920932e+00 3.149344651195622902e+00 4.811749764562494924e+00 5.990467361933692558e+00 4.413451605761369301e+00 5.973186384692861672e+00 3.838771250122518186e+00 2.308196453229865330e+00 4.653994201107117590e+00 1.278958525779846367e+00 2.222807037231808280e+00 3.879692571812746849e+00 5.251772545605739140e+00 5.843106543826824151e+00 3.043783597257369578e-01
4.167077629604845512e+00 3.599010608597535743e+00 1.877940809372779629e+00 4.921691183883000420e+00 2.710754500242838372e+00 3.345270805256217450e+00 5.086968566463252017e+00 4.149597474185564017e-01 1.149585281152629035e+00 3.147600261432641933e+00 5.567741722499197188e+00 2.725742001261303837e+00 5.308126634635948804e+00 3.167773251068994433e+00 7.894404866891467920e-01 6.166389402488994698e+00 3.466944953358916948e+00 5.384973105380400860e+00 4.107956690124773935e+00 1.253957614338141235e+00
5.887189798153997344e+00 1.905898857519529921e+00 3.618164234068705465e+00 4.664389623146746544e+00 4.496978943396886308e+00 4.002019412561322653e+00 2.611856425513292002e-01 3.294465314330327299e+00 4.723951096815061312e+00 5.514953316783281601e+00 8.954012958098335473e-02 2.870314909215901933e-01 3.428155684364344591e+00 3.921617820822477007e+00 3.389915210563634318e+00 1.870477630272796843e-01 2.958867449597424759e+00 6.099961433610641137e+00 1.710131242786672612e+00 4.737202134741552051e+00
3.236131136581152035e+00 4.930484690997954722e+00 7.281444749056592558e-01 5.698770821780986040e+00 1.239237943307182066e+00 1.728341085358680917e+00 1.511455767089909363e+00 2.421069583635998779e+00 3.505189301451105521e+00 1.311600771631977747e+00 2.959063860607610064e+00 4.765664162434405604e+00 1.835392588137960468e+00 3.926529018472389332e+00 4.226017242466298285e+00 1.302630973578356111e+00 3.145238829160675320e-01 5.998427840551215695e+00 2.379369973652437853e+00 5.025500470881370418e+00
1.141424288076110738e+00 1.478596716126978849e+00 6.246813957513663418e+00 1.999478818979664174e+00 1.541904019628683287e+00 1.372735449542699770e+00 5.977668860112113514e+00 5.313147989661748838e+00 4.873440437501521671e+00 1.548104251153309852e+00 4.491824784812775917e+00 2.972257739443628033e+00 4.037105911607189235e+00 4.623755469847855792e+00 8.618159588318616837e-01 4.047641890893137528e+00 6.093985490835494012e+00 2.322736278933137666e-01 8.476307359461436597e-02 6.124901711796640669e+00
