4.159746064235799956e+00 5.162306874900316700e+00 3.553127991006488795e+00 4.009014542675749304e+00 1.256781025831209098e+00 5.369090671576196350e+00 5.662845808630861733e+00 2.147785434604874588e+00 4.387275877117727596e+00 3.449678876237352587e-01 2.899179855550944040e+00 4.133138243918721422e+00 5.915950430100633817e+00 1.816533561074609393e+00 3.851766093538237623e+00 5.380717882472406899e+00
4.221985815529888164e+00 5.196556022467062164e+00 2.647078371362696636e+00 1.130209232142052711e+00 4.304366884099953161e+00 1.707174695579976254e+00 3.344775019502841396e+00 6.260612695415155748e+00 7.836578382849905822e-01 4.787929730941341333e+00 4.123243708004778796e+00 3.079437300632787089e+00 1.755533570899982854e+00 3.080110574969316062e+00 3.460909757611076554e+00 4.797597788341482428e+00
4.230773385472524240e+00 4.060993710846720006e+00 2.542949709902009858e-01 1.207897004948506936e+00 1.306841862569455115e+00 8.064925452561941266e-02 1.871865354730586128e+00 4.230214540229740194e+00 6.117011572374631001e+00 1.877710387146706017e+00 3.879842653426590071e-01 6.233843707528173184e+00 6.010112300213186209e+00 1.401151796001556538e-01 2.586572409844638099e+00 5.901126104478325196e+00
5.202261320604883998e+00 2.090587774079762262e+00 3.955334112423610105e+00 5.646642431828881925e+00 5.980980934276960426e+00 5.006135212247494470e-01 2.143469874015749621e+00 9.726175627974347204e-01 5.265928429209083994e+00 4.091908031667131240e+00 5.864979721385904732e+00 4.893402922512569475e+00 5.415657952226956340e+00 5.734242913520718687e+00 2.771599724079456539e+00 4.548023437401492508e+00
4.151032111566004268e+00 4.440995247194819306e+00 1.970356792379823974e+00 1.454237748155963850e+00 6.098658662481978077e+00 5.587326420972817509e+00 1.438083489194002196e+00 6.171244654705017041e+00 1.419812140986689841e-02 4.733284236746648332e+00 2.405096694954187431e+00 1.580988249631744280e-01 4.166237996071269767e-01 1.174147761272107848e+00 2.168438147062023535e+00 5.510885899144272848e+00
1.294901728881383329e+00 1.765465520413371792e+00 5.728113019124658756e+00 3.000901142601476224e+00 4.116968659235127781e+00 2.566540505527214133e+00 4.168246442996270673e+00 4.444700245620739842e+00 3.465722048581130199e+00 2.758289045392315675e+00 3.262470070850850945e+00 5.400433063949106050e+00 2.315718180353581790e+00 3.543423756471177466e+00 2.537166225306670686e+00 4.893638670385463740e+00
5.399963226844890496e-01 1.629186866293879987e+00 4.892751273770327813e+00 5.944297185184127308e+00 4.610834442298990865e+00 4.198269855580188392e-01 3.215567931647065780e+00 5.595453316024627810e+00 7.097612413748063398e-01 5.008858629796486994e+00 1.261584800192444789e+00 5.155561957159162212e+00 5.904466623109009049e+00 1.447792891554336159e-01 2.249618571611622375e+00 1.705897065171493310e+00
2.325027888049357561e+00 5.374740859790291481e+00 1.808506892113649789e+00 6.125173456679160466e+00 5.323173437039538936e-01 1.119775194522405037e+00 3.164908223125962650e+00 5.889637378825627323e+00 2.711671483772108093e+00 3.926631250978767085e+00 3.088901912089426105e+00 4.310753087605295519e+00 5.544532697777873942e+00 3.905584119260809395e+00 4.298597858818867801e-01 7.302440728111705415e-01
3.989174107652192269e+00 4.400782131137412456e+00 1.072272018852855169e+00 4.996013255307799383e+00 2.916910487496441551e+00 1.221393563871935317e-01 3.947484802846410012e+00 4.261107252723943972e+00 5.276889198577990214e+00 1.283892345468093721e+00 2.765781465556540031e+00 1.054087882655803110e-01 5.825420132887123570e-01 6.068411911931722580e-01 4.667115245525431888e+00 5.555255691116668615e+00
8.100799533903675353e-01 2.167970108617928382e+00 6.089931328410553846e+00 3.821147141168467876e+00 1.524490419003064479e-01 1.390270302969384364e+00 4.820874075028784844e+00 5.393706284428975373e+00 2.021305376687978939e+00 2.843368143151817073e-01 6.181232308902105288e+00 2.750318361677053236e+00 3.000486880603320028e+00 2.352132597422112337e+00 1.173738035551553871e+00 4.769917694888907711e+00
1.053726722906942470e+00 5.394323635020662699e+00 4.885346886444419390e-01 3.268383882190315504e+00 3.797343403177697141e+00 5.887957377525406599e+00 4.191392622338511842e+00 4.149835009477151893e+00 2.236922382429899159e+00 4.487547837994537936e+00 3.131911852355604875e+00 6.170758941215912508e+00 6.596702039235131654e-01 3.773949145598955113e+00 1.498762446062392506e+00 1.443428818394887347e+00
5.374358256791447630e+00 5.878108068142557485e+00 3.852157309975913435e+00 2.299476423546942261e+00 3.973663626018567818e+00 6.100561057988514335e+00 5.236801781997483474e+00 8.781166681735135260e-01 5.429953488628444624e+00 1.018898453483274125e+00 4.093270570904739003e+00 3.054063065101560337e+00 1.294342248091804592e-01 5.558568063518171343e+00 5.367386263453886919e+00 7.518264708246858996e-01
1.263461993331447486e+00 5.569295837966053320e+00 5.813873318830874659e+00 2.870798783280064992e+00 3.784644594282155161e+00 4.703984867020971627e+00 3.749899369912772951e+00 4.823544334381380416e+00 4.120433203674420675e+00 5.889841245715831342e+00 5.451809905466510564e+00 1.618926957889338825e+00 6.021713607545784441e-01 5.518537407339980660e+00 4.327091144131797407e+00 1.241247956651607032e+00
5.178497742839472728e+00 2.739516804484360524e+00 5.569610667924727920e+00 5.432364082347259426e+00 4.901925321443419747e+00 4.781770645648550477e+00 2.078598858633757374e+00 4.308963416957479531e+00 5.635169690216987881e+00 3.512061659380912193e+00 4.272802430897015391e+00 4.475747710410825420e+00 3.774314513847934371e+00 6.097604977429540440e+00 2.273706575867620039e+00 5.611923387714959688e+00
6.178662819531130168e+00 3.788531978155136759e+00 5.707721223940463995e-01 5.341070913035003365e+00 2.501168849551473450e+00 1.798826081330062054e+00 5.949867612900889391e+00 5.341100292804418004e+00 1.447132435754231228e+00 1.121546424306876011e+00 8.563486060490994589e-01 5.839330076925556945e+00 3.594540833657225765e+00 2.846786836323863312e+00 5.470055868283674627e+00 4.540346436152098875e+00
1.123203373030605912e+00 3.166649581170506433e+00 3.278132737988917800e+00 4.671102858755785903e+00 1.066605667407273472e+00 3.991209266965947577e+00 3.926340763135295120e+00 3.757991808569896008e+00 1.148624953619977518e+00 5.346305140267967992e+00 2.254247734172716289e+00 5.376446335170355972e+00 1.099530501701853069e+00 1.720703130626410893e+00 4.996883228778829178e+00 1.586021401103627770e+00
7.325897265860004115e-01 4.547553815109024455e+00 4.486097578154078086e-02 8.921038817942414934e-01 6.039944225606849848e+00 4.325865203722162988e+00 2.206756064057775912e+00 1.862159130710149713e+00 4.393328112578747557e+00 5.911787103719118086e+00 1.149720767715012082e+00 1.506202222251893152e+00 2.732958859894750958e+00 4.665907849924421313e+00 6.087717254730463878e+00 4.600646873275161752e+00
2.788804582285889122e+00 4.580207819432043692e+00 1.440049345584271112e+00 3.092122135486720325e+00 2.226403228357789033e+00 1.301975824027767015e+00 4.294655547203961810e+00 5.082513011963261107e+00 4.086792548343665565e+00 5.751510082369475363e+00 2.513104116449004444e+00 2.640891854618014900e+00 1.302640715916176140e+00 3.228680130942353177e+00 2.283760879286382384e+00 3.528286597494942001e+00
5.160970094202069980e+00 5.447486569759316666e+00 3.234444342358531177e-01 5.217442660491826700e+00 3.038216137819086393e-01 3.181253011820490695e+00 8.634204645549532486e-01 1.328877861217970580e+00 5.371993902860140224e+00 3.491674729008084732e+00 4.297954599631006456e-01 6.725948659118685669e-01 1.617397257907740915e+00 8.370321275626438906e-01 4.227925574392794178e-02 5.346166239158532285e+00
4.701636470557827074e+00 5.465009531485123695e+00 6.294393987738365892e-01 6.123462051630411018e+00 3.439921744161724693e+00 2.578963913308504274e+00 1.556798474477071093e+00 2.455194714913766951e+00 1.023989873793987870e+00 8.783397188932171029e-02 2.614337455937330024e+00 5.956787913114183652e+00 5.575586222306974982e+00 1.402227627196831250e+00 4.343845304273553865e+00 1.559079807278883845e+00
2.180502732021561973e-01 8.214275184003080321e-01 1.973182356301825147e+00 5.355311568766525809e+00 3.671483590245363526e+00 4.514058336020072837e-02 1.884811918531278385e-01 1.535303730614038908e+00 2.782552092278222311e+00 6.046669616697121441e+00 5.346401372700729127e+00 4.782015655837809298e+00 3.197467320259615775e+00 1.892012605859291874e+00 1.447509475554651814e+00 8.858757963646601841e-02
1.920027602851358983e+00 2.742732384173121929e+00 7.498556353309334677e-01 2.049114634510902810e+00 1.264946592115223201e+00 3.568105348442324853e+00 1.218292070293288010e+00 3.760570182128337269e+00 2.236381435408847818e+00 4.884059622284556035e+00 2.945875853453374216e+00 3.338338521555737071e+00 3.078661747807545090e+00 1.576779001682586667e+00 2.818823070566967459e+00 5.956496297219948666e+00
2.662797710453987943e+00 2.378698702032733536e-01 5.844657976933377519e+00 2.629510015163618153e+00 1.590746059051773464e+00 1.119380120115101018e+00 3.561355142222653924e+00 1.622021793277896640e+00 2.548607142160593142e+00 6.166811366629205260e+00 5.134469488404364235e+00 4.776022239949238468e+00 2.229455504468401905e+00 3.334944284870478892e+00 3.784743515112851675e+00 1.002675071245754390e+00
1.539018893959290257e-01 1.412606396611660209e+00 3.703471650852893315e+00 3.223201128228803558e+00 5.018116024273044928e-01 3.916034783637886374e+00 2.541897411014912844e+00 1.480068528001864614e+00 1.149640332775891061e+00 5.134485766865320322e+00 3.037308166756135019e+00 3.315618297741256271e+00 2.965376537744779384e+00 2.353940175741508600e+00 3.660260590015423254e+00 1.078542459885920124e+00
3.786617441726713995e+00 1.003822006943628997e+00 9.032368409870147330e-01 1.309587143660989605e+00 5.309771059286754635e+00 5.376554187499070103e+00 1.839306137321321311e+00 8.957224807463227689e-01 2.888118222418948111e+00 8.240073913311007914e-01 2.148640352351458116e+00 4.865946878125269492e+00 6.163365464482933653e+00 5.311056895021101454e+00 2.461830672541723164e+00 5.469703152451504735e+00
5.955406688443839691e+00 4.770164964458525780e+00 1.667861688819748389e+00 5.508405281571262080e+00 5.566145323148752766e+00 3.719160810447050824e+00 1.497977597848671460e-01 4.944396670294148421e+00 2.899892065189718426e+00 5.206547553666085015e+00 4.985509716424771476e+00 5.015570317672277234e+00 4.067441897668605755e+00 1.798233078423714604e+00 4.939113424008350961e+00 8.600666729683786871e-01
4.577922210448877038e+00 3.263516994186356435e+00 4.317740540804431704e-01 1.210843377929539999e+00 2.797853930465349137e+00 2.246493508000609041e-01 5.584768170406462673e+00 8.549442104765725414e-02 3.791693502139744876e+00 4.336736192439289539e+00 1.040681842837548388e+00 3.350181292821463153e+00 1.017247564850908947e+00 9.485348124363870426e-01 2.666551181395172332e+00 1.702662359081300814e+00
4.922596398029562614e+00 2.636617272971059744e+00 3.832250740835658753e-01 3.238644800082522757e+00 4.739549290320510089e+00 5.230354745729131061e+00 1.450373901984742586e+00 7.820323990009443449e-01 3.507044388644202204e+00 1.660251685712845759e+00 4.415736331153946814e+00 9.983647339139481991e-01 1.953810731467922057e+00 1.195962492476047023e+00 2.731923809868088249e+00 1.872854776275862942e-01
3.896602976740497493e+00 2.137814494106734298e+00 1.481053453945745169e+00 5.948230310837993251e+00 9.945330716960855133e-01 1.559528866250611490e+00 4.035776358611932402e+00 2.283323339800538143e+00 1.072375027227286060e+00 9.026763885069486598e-03 1.644055077177707602e+00 2.196901848166160409e+00 4.205015874550497301e+00 5.583914435737248994e+00 4.983639142186864213e+00 5.152898853193274675e+00
3.661261114458674637e+00 1.319316109522900238e+00 5.157372972767148234e+00 1.762834860558460059e+00 2.199804680632194032e+00 2.241865253988567730e+00 5.058476718198051891e+00 1.528516085443093475e+00 4.862071258954610009e+00 4.073585231425044917e+00 5.350506866496144376e+00 1.804961749062064635e+00 5.659867025771001536e+00 1.943104186832883329e+00 5.656958591964039051e+00 3.310984196558472092e+00
3.122910252330329151e+00 1.854089886418954225e-01 6.088884921443627363e+00 3.175234450482856019e+00 3.649572706189053939e+00 3.688161625536219290e+00 3.218672390332100619e+00 4.918899582598040610e+00 1.005379973540486693e+00 2.451492231226043650e+00 1.970147210561510098e+00 3.633664203359182832e+00 5.203016595284868373e-01 2.920708494567780811e+00 4.796470320662866271e+00 2.900325103111228930e+00
5.964416397314824536e-01 8.740342737826294339e-01 2.790869047593858454e+00 4.471636243849437697e+00 5.617586468595736626e+00 5.812142600535046277e+00 1.863241445203142943e+00 6.523442940115251609e-01 1.738017222214764068e+00 5.939811685574572842e+00 5.149407918531282435e-01 5.023490382142959731e+00 6.739833199845456368e-01 1.799062424647474234e+00 6.139631286746001670e+00 4.182647007190935184e+00
