2.064227889503525426e-01 5.301618023943694524e+00 2.847331278767265772e+00 1.497674249796703050e+00 3.747202639426573612e+00 5.560227991129881531e+00 2.567954406017701086e+00 1.791224956496925591e+00 4.625311009259336359e+00 1.783141039165465180e+00 5.397793846096116788e+00 4.551571770804192063e+00 2.836931542338594348e+00 1.245820641593682110e+00 4.534684276721882235e+00 4.098795418358821330e+00
4.269030255503139526e-01 4.083682639391864377e+00 1.380449951010696008e+00 9.842788850068675544e-01 6.022168387858390481e+00 5.569690852486978372e+00 1.383332907120175870e+00 2.015957327285102796e+00 4.465575732157841315e+00 1.292596107509377701e+00 2.387383121547559828e+00 6.136262579289306629e+00 5.560646920916766156e+00 4.207576201200135202e+00 9.999692326444863388e-01 5.278593143656689968e+00
2.590218822675370181e+00 6.902127330481143408e-02 9.937632872046894272e-01 2.245261912989476638e+00 1.668947683252679948e+00 3.933885598019197349e+00 2.404671125751690841e+00 4.319958937735358440e+00 1.846457377047267256e-01 3.662758265298392324e+00 3.851689703744933801e+00 3.803161933494780378e+00 5.619035369783637712e+00 2.039869287166768963e+00 3.327351660611966300e-01 5.130706426092684680e+00
4.273026868552964430e+00 1.424298710233891763e+00 9.942871702519437971e-01 4.160873970043007519e-01 2.927811144770913643e+00 1.228486963159773682e+00 6.212570153261316452e-01 3.611487360653666379e+00 1.847044278005260054e+00 6.116456557243266978e+00 6.034996396561275178e-01 2.191134734916650589e-02 5.767960978094596847e+00 6.063483663553371983e+00 5.366383011554944460e+00 3.114835897455839220e+00
1.656701447468494681e+00 4.979077706279985804e+00 5.792165580939968805e+00 5.629373470518596712e+00 3.723838513124034133e+00 7.614118090179664566e-01 3.003305149794048834e-01 3.033403842440538956e+00 5.782244767849193501e+00 1.771771689500350355e+00 2.224680963505571096e+00 4.777543023222166063e+00 5.121050939908313282e+00 2.937378247860708225e+00 5.526675174498678622e+00 1.389449513821402027e+00
1.088209317743298321e+00 2.046019844504867624e+00 4.611053511662327686e+00 8.425970801244112018e-02 4.335101225099319500e+00 2.807194461487251491e+00 5.786362606063643277e+00 1.190394339864206730e+00 1.606281831509229763e+00 3.835243743663613980e+00 3.650201950748742874e+00 1.131181579568709822e-01 3.088584871901884465e+00 2.898804596964299485e+00 2.228848902745261373e+00 1.197350084514274604e+00
1.863149767599229234e+00 1.413890728317075407e+00 5.161021320357228603e-01 4.511518028873439334e+00 1.759428219196403687e+00 2.635978433214420935e+00 4.957207011167932720e+00 1.067350924774132848e+00 5.491015632063397156e+00 9.058187838473793496e-01 5.052812477893154686e+00 2.021221005872428922e+00 3.773035509231799978e+00 2.754975337800642965e+00 5.165014267832208184e+00 4.522961775149001440e+00
7.059984083531356536e-02 6.172793602452289363e+00 5.431951872808004289e+00 9.696596165436565107e-01 5.420306674050201501e+00 2.321532722179243002e+00 5.779710487749289527e+00 8.646562175090386493e-01 1.372382984972855713e+00 3.619611072357845849e+00 1.301308966405942402e-01 1.583087724665357188e+00 4.788938495165876219e+00 5.011431569947530029e+00 6.246226564380123136e+00 2.989510303445669148e+00
1.094604925918398086e+00 2.435524959225828998e-02 6.912408506603959779e-01 5.189356707660692791e+00 4.900082825237532802e+00 2.064682396028131084e+00 3.383014846558719757e+00 1.257469585701972647e+00 2.424112314933003276e+00 6.827866337794473439e-02 6.182429687281327801e+00 2.221315961007216622e+00 4.783064658183032947e+00 1.400833880491385353e+00 2.110803217875792281e+00 4.402507155670195793e+00
1.957639899312455967e+00 4.042120194106423092e+00 6.255937947989922421e+00 4.903696035644721896e+00 6.622621013831752057e-01 4.725505387515186229e+00 3.277555963549643625e+00 3.378252017974224142e+00 5.205432622536359411e+00 4.167839014089479655e+00 3.229630337098417514e-01 4.225432792136826876e+00 5.132413576409780021e+00 6.793116615355090371e-01 7.492050323570118575e-01 3.597549439400029136e+00
6.272970163636286678e-01 5.015585851814027940e+00 5.120828225090407138e+00 1.910614356124102020e+00 1.830069225561657076e+00 4.902019202381445950e+00 5.203899720413686758e+00 5.072751991387253412e+00 5.653535507876391586e-01 5.449569960909797395e+00 2.961072948263772542e+00 6.210635016372549444e+00 4.448163141156326716e+00 2.272735553424301447e+00 9.306042278376838173e-01 1.892522227814122937e+00
1.106875618408425105e-01 2.909383902158249935e+00 5.357398052531777921e+00 2.020338861289598942e+00 3.264725019246087712e+00 2.916406384519862893e+00 1.932534352990644966e-01 4.928665464869788071e-01 2.346944362315687815e+00 3.511531644354509929e+00 1.765476642889976633e+00 3.899832055086895455e+00 1.090618411394111309e+00 5.201139833776897703e+00 6.058960675704847532e+00 3.222443215274974015e+00
4.723118984377098428e+00 3.059581085938205547e+00 1.404444181018325688e+00 1.058823778489264289e-01 1.155762042520294686e-01 4.434845684916727038e+00 5.829487732132532685e+00 5.869412270877839788e+00 6.230476075668983427e+00 1.296627906441524036e+00 2.090029669129379375e+00 6.117100675053615433e+00 1.234956083931733728e+00 3.694278085554549840e+00 4.839195027518504055e+00 1.579661845726856528e+00
4.246151310697044323e+00 3.115227661609087484e+00 3.644280903570906727e+00 5.336857270378384754e+00 4.373278524637919773e+00 1.574968952253073262e-01 3.625176904905822450e+00 2.651156442771994026e+00 5.885033876007724096e+00 8.649166275722163233e-01 1.256400985033937268e+00 2.817207589062645567e+00 2.140563255423422628e+00 5.680982927741759170e+00 2.393477893047286920e-01 1.109769521825728411e+00
4.192368088591083897e+00 6.153801855736172222e+00 4.354574884816311275e+00 3.651408409886688133e+00 3.206861102423118837e+00 3.733118156448415603e-01 1.804680056891409201e+00 1.991208169892846769e+00 1.718861138049663007e+00 6.224854010893138501e+00 3.673953768161621447e+00 1.367133564724290373e+00 4.653073792885762394e-01 3.446669987662290602e+00 8.615266680875348360e-02 2.496810676785415684e+00
2.822007945771935145e+00 4.960166854928309554e+00 1.293977672773533261e+00 2.612632220466180044e+00 1.158059350147726541e+00 3.527829011726218322e+00 1.406629641300720657e+00 4.177319783877639026e+00 5.328505289262209565e+00 4.860304836133841455e+00 1.191277046614931390e+00 5.244735979757663813e+00 1.730546877538049921e+00 5.357869479727682405e-02 2.144643709929296538e+00 4.166035202316947128e+00
2.033464701965531418e+00 2.062733731299401629e+00 5.230620625849994987e+00 4.514449038802601066e+00 4.478979877471208404e+00 5.887249644281682848e+00 6.117541690230709150e+00 1.255596277450314213e+00 8.427723486220698446e-01 6.544804015998368918e-01 3.632196260457301040e-01 4.264354821676314522e+00 4.785352881651372847e+00 4.375332768394470051e+00 5.209006179077923626e+00 2.408721945008260867e+00
4.666904012158224120e-04 4.613817419861442892e-01 1.194213735844066537e+00 3.336952295410047231e+00 2.040143123965425076e+00 3.215127067346307488e+00 3.717360795783950511e+00 5.454569624076184731e+00 4.706371704553988344e+00 5.525395768260056961e+00 4.312841611117524288e+00 5.395300407562942269e+00 1.049643190439246476e+00 3.526628120837891345e+00 5.405160612024506150e+00 3.769633610981620198e+00
1.223307598573140087e+00 1.762722573087057709e+00 5.010847840446922774e+00 2.385891325788631168e+00 3.701033196607848463e+00 1.657842145585181948e+00 2.182288989959466630e+00 5.232681325466747246e+00 5.960609920025274455e+00 4.563445953884889938e+00 3.483061976018509753e+00 2.138944216779709251e+00 4.505745999664926060e+00 3.494491818976312114e+00 9.948030951399948751e-01 1.339568926544379313e+00
5.437835306599614782e+00 1.044139136426795345e+00 1.424318750555606750e+00 1.227702328571066204e+00 5.698795182117408764e+00 2.822954416715875325e+00 2.433466201403150730e+00 3.715467004192844591e+00 9.138968115116070656e-01 2.412274416581207781e+00 3.958333300271168920e+00 6.240925542849883101e+00 2.913656370884436964e+00 4.582381631398017019e-01 5.381884228855719599e+00 2.533386458271310815e+00
2.946117104137485398e+00 1.267123218957038722e+00 5.804205831972514495e+00 1.010875045834009223e+00 5.645649526823217634e+00 5.912034783868563181e+00 2.593951859703656382e+00 2.476602828848254667e+00 5.364507107788658580e+00 4.242221177056318737e+00 2.637547623725792434e+00 3.822639187209963652e+00 2.026594991603086093e+00 1.478412482435630837e+00 1.929619843914242239e+00 2.998835861799102442e+00
4.171142714967247755e+00 3.168489914933578788e+00 5.231516529019573092e+00 4.190204888033971287e+00 5.124948225073304720e+00 5.689618501748266333e+00 5.101675493126229810e+00 1.858354648921741292e+00 2.426851194028154968e+00 2.706788326933395883e+00 1.713452522940327016e+00 2.769008881689452473e+00 4.798722181994438785e+00 1.197387882897095412e+00 3.667365481785982873e+00 3.186210298268743912e+00
1.928645979936351118e+00 6.161748497874373065e+00 4.889384632815702680e+00 3.217683472628797059e+00 4.740786453879991535e-01 1.680353515474641179e+00 3.631535489003049344e-01 1.848988659343476115e+00 4.412286008793663505e+00 2.938459575421059178e+00 9.120068119609363588e-01 6.080486122776015634e+00 3.636283966243521459e-01 4.085798721948727952e+00 2.734637232902456194e+00 4.787738614465149922e+00
1.778188599284257210e-01 3.906675766679241324e+00 4.834579733172773786e+00 2.994389789886974018e+00 2.840348206797646213e+00 5.282609820410448798e+00 5.047025311201788433e+00 2.752375012817712019e+00 1.156691447189428651e-01 1.010414380389165867e+00 4.543842261848829445e+00 5.982262888240216903e+00 4.253365418977450574e-02 6.924276170556407095e-01 2.080671986951098340e+00 5.478619431087581759e+00
5.038173419059430280e+00 3.001879759199402642e+00 9.361224240584020695e-01 1.015312199653608666e-01 5.626200604884898482e+00 3.450387916111077313e+00 2.110283871992551408e+00 5.066855738783480945e+00 2.866433658805760842e+00 5.833924152152272669e+00 1.784930905791172195e-01 5.532286558863413362e+00 2.404433016129607470e+00 3.021329515527061194e+00 7.242568909490051388e-01 4.914848216731621200e+00
5.259814905791850848e+00 4.432317484668937269e+00 3.329107802038290931e+00 4.101423630790321795e+00 4.903635558600251798e+00 2.497204902412729410e+00 1.460156179922460273e+00 1.130803633968008093e+00 5.096800903709621799e+00 2.455139616448981155e+00 2.307587225335224979e+00 5.489609032765894625e+00 5.865307361188010660e+00 5.995018752161769271e+00 7.673267722131844881e-02 1.752538280777562463e+00
1.083436913449595806e+00 1.266297264182545401e-01 8.133191229664185062e-01 5.015892448460339992e+00 2.442691650159891648e-01 9.242137222707901278e-01 2.259018695003347066e+00 3.359317182200164620e+00 3.424313400251546291e+00 4.208338107175125131e+00 1.231461218996025231e+00 4.800058654734375096e+00 3.252079911617144159e+00 4.357941831326431092e+00 5.123877856924251573e-01 5.120628130343209072e+00
5.775243017271921353e+00 8.829912904913441718e-01 2.364755066878985734e-01 7.578755444083693504e-01 5.952343292742495073e+00 4.634627861617542699e+00 5.558140612990855267e+00 6.273509546911347767e-01 7.996522561977716936e-01 1.313058776582874065e+00 4.560725647395720728e+00 2.622695095388499764e-01 3.078544638670464573e-01 1.734216307211848163e+00 1.921072205171397762e+00 2.171552953827279087e+00
5.160736192702293224e+00 3.939766689869277361e+00 4.503319190582398157e+00 4.576986764864608759e+00 4.572688891508005504e+00 6.537659734627149222e-01 5.896750792896638949e+00 2.785273056167935746e+00 4.066549275667931340e+00 3.328532818606162458e-01 4.650969042645362705e+00 3.397948326713850609e+00 4.382447063717399338e+00 1.892475916943956671e+00 2.933300207823508643e+00 3.310214170734551153e+00
5.337521419750056673e+00 5.375425007623471529e+00 4.841368648776812833e+00 3.215718868208414793e+00 3.635881238291365669e+00 3.679492169222268405e+00 4.461490474592055833e+00 3.741879747935169753e+00 5.299884445567727198e+00 5.401407080443206610e+00 2.588442240733103361e+00 3.880337717644546380e+00 5.138424020422325711e+00 4.743859710848951750e+00 3.111957623903073067e+00 4.949225818075451144e+00
4.074161821735657052e-02 5.582906444206272134e+00 4.534331739459982025e+00 4.054108319708663366e+00 5.629174925526191586e+00 4.312821364741477481e+00 2.592765065366558375e+00 1.725434081413755205e+00 1.668739437485991406e+00 5.796414210598838102e-01 4.533874839506146337e+00 3.879561791497815992e+00 3.067821135780237185e+00 5.599278020100521142e-03 1.480594377517679305e+00 5.292785979410573383e+00
2.234598836417507062e-01 5.588932856809788241e+00 6.217572846057079161e+00 4.273715006816146023e+00 5.251249196505963113e+00 3.656682303389446886e+00 4.876512084209410958e+00 4.895479061259536913e+00 2.315470478534358278e+00 5.834298832514303257e+00 2.648996966542614739e+00 9.740648444043971121e-01 1.528208739952319428e+00 2.858790481309261278e+00 1.666839760360836753e-01 1.439032571514687442e+00
