3.066970848141604034e+00 2.168517474352461338e+00 5.436799233689623811e+00 3.329125958404835828e+00 1.370400527029353777e+00 3.875805539772576136e+00 1.841971797323633808e+00 3.385297620751829495e+00 4.619579125144194442e+00 2.477183093413290571e+00 9.021223745652402481e-01 2.723794129171213552e+00 8.205709986408131484e-02 5.663613019818868999e+00 6.037656740741706329e+00 1.505808088199558803e+00
4.793318353193725123e+00 2.547387610544050052e+00 3.962704861435659254e+00 4.607080448553054097e+00 2.132605125058390172e+00 2.556327259262950236e+00 4.670099246358790701e+00 3.691031167872647956e+00 1.252026371216790057e-01 6.172316358088297150e+00 6.752229488555410164e-01 3.917616358091149831e+00 3.050880062663632319e+00 1.849330027317759750e+00 5.184478605109524629e+00 3.355710284645256447e+00
4.817822784531361258e+00 5.612085815482407369e+00 4.549784606348940663e+00 1.035227257093701558e+00 5.885036032155395169e+00 5.481720086098913036e+00 4.713521784255601865e+00 5.590238314421810628e+00 6.166007393344301590e+00 3.381315917533065818e+00 3.956544656219404654e+00 2.956706522311615681e-01 4.011270129372118909e+00 4.991038328803973023e+00 2.071687107086015445e+00 2.518964295999887693e+00
3.558222569556370285e+00 3.277121924325980373e+00 1.559208847342911763e+00 1.368196496730587519e+00 2.260784479320437246e+00 6.224327160838334372e+00 6.198082894974274559e+00 5.847568947305832765e+00 3.428805228504005154e+00 1.460734946938308243e-01 2.363608969933452819e+00 3.233980862527432443e+00 2.690790766806391954e+00 1.756070373169091869e-01 3.984037911704314538e+00 9.062167438362402905e-01
4.746476242063628170e+00 5.436890019463895829e-01 5.616832411857682672e+00 5.849391051649764917e-01 2.912504156103820296e+00 2.421780428610742941e+00 1.881754812466947424e+00 3.131485271050236247e-02 4.671101144495422908e+00 1.926723768124586345e+00 5.871687344602261049e+00 1.400852731432420173e+00 2.489809845217648032e+00 2.142199050711278474e+00 1.826509717166233226e+00 4.760859947654268787e+00
6.000496847678479240e-01 3.043866957479646640e+00 2.855529741275137923e+00 2.321645419927005349e+00 2.406600582774663655e-01 1.861987380375864198e+00 2.296220826983429220e+00 4.418773148762064729e+00 5.260153725330337648e-01 1.328913727459170691e+00 4.903156006923729215e+00 4.731394092881970437e+00 3.297005837220152724e+00 5.319618678299425696e+00 1.734995970914246788e-01 5.865548421043644822e+00
5.369085524701904255e+00 3.937076713166338227e+00 8.219858144221534046e-02 5.149954125550222805e+00 2.526719650994365907e+00 1.332979580265883479e+00 4.732098294464765487e-01 4.244333644232379243e-01 5.025323802247267935e+00 4.085641975323730968e+00 5.836346969598498191e+00 2.946432304264213986e+00 1.784323154182698712e+00 7.616603882954635640e-01 3.619368935895373784e+00 3.421963465306040675e+00
1.073621189914532703e+00 6.144466794692386102e+00 1.448383213637181477e+00 3.741422028932688271e+00 1.698287214560856295e+00 3.638437628815666347e+00 4.923379101227652654e+00 1.736660897307004126e+00 4.265445878337015273e+00 5.567764744734433613e+00 5.882395404603978362e-01 3.067394590759199957e+00 6.090671365549041205e+00 3.240004018767186800e+00 1.517353675643483779e+00 5.598827308763193678e+00
5.758703627905034317e+00 4.801502779887554695e+00 5.791812535869685696e+00 4.792415243711751316e+00 2.826684910624368996e+00 3.724012122916997125e+00 4.069366246292009492e+00 4.953744492045578873e+00 6.014934277346739577e-01 3.309204359566654929e+00 5.064254654901332309e-01 2.345669356330018385e+00 1.506342925961132284e+00 3.801369502511303011e+00 4.395150467708678899e-01 4.791381083743985414e+00
1.558052181517610713e+00 3.578252560169863372e+00 3.903513468938431874e+00 3.694875764066436918e+00 1.498850119301742057e+00 3.423419800578216154e+00 3.299858419150526245e+00 8.589908526249223630e-01 9.807037772206990134e-01 4.663563727421794702e+00 4.820545822845986095e+00 3.196272858637653425e+00 4.380399338011858212e+00 6.163970929153794742e+00 6.806101464802166712e-01 2.302861484119969049e+00
5.386361179620533512e+00 2.565362893301431413e+00 4.494149872975107485e+00 2.415551514401146349e+00 5.130376172271736479e+00 2.982525765033879062e-02 4.485567953530286700e-01 5.175258020726439590e+00 5.946175656268988696e+00 6.049573337497310632e+00 2.995832048613691900e-01 5.678831790461511986e+00 5.891154202799301132e+00 3.850084660738974929e+00 2.890987819591095853e+00 3.016225242678731711e+00
1.409664955766757988e+00 5.496450870381311304e+00 5.594796481327424686e+00 6.174270443262448893e+00 3.479424726883793006e+00 1.080024415725485465e+00 2.444014415202704349e+00 2.222971085912993083e-01 4.469111379990199140e+00 5.736069808913726753e+00 1.802645406564941932e-01 4.063774702965132768e+00 2.985894329402211334e+00 1.455883263611911227e+00 1.551294391924362470e+00 1.947228795926724265e+00
3.689164314548583956e+00 2.231596971369469440e+00 1.320972687760299413e+00 4.609059909341163497e+00 2.034409382014909173e+00 2.632214410550422823e+00 4.270511345893660327e+00 4.294564209099187124e+00 2.329750013582867485e+00 2.683687239375506017e+00 4.082516485562501352e+00 2.223504671369874064e+00 6.143834628273440401e+00 6.017058078157342393e+00 4.305863933408369704e+00 2.279242233781351601e+00
1.836015551141286339e+00 3.311058163955766798e+00 5.580036372932445587e+00 8.508666791239796745e-02 4.464810758330483687e+00 4.969543363457335494e-01 2.404176509487097935e+00 5.171661933466429328e-01 3.862012623996525562e+00 8.908769907650518904e-01 4.311917737901482361e+00 5.411084501868556274e+00 3.087260801511757968e+00 6.114212362638271614e+00 5.282600458493088347e+00 5.783235247202934026e+00
1.829762496290187945e+00 4.579070088815599959e+00 4.405577204113188650e+00 2.753877199966784151e+00 4.139626203394501047e+00 2.469981192327314723e+00 3.537116735892182895e+00 2.458991601116601977e+00 4.882600343085519157e+00 3.294090808628287625e+00 1.676806179397739571e+00 4.927663998611360618e+00 3.362676542915465916e+00 5.203832685417701942e-01 2.968441934390684406e-02 2.711122205461646284e-01
3.226330225052176814e+00 5.487629923374311325e+00 2.173251347694537650e+00 5.258751065421968462e+00 3.832058904217373385e+00 2.677891767305816462e+00 5.620516277109892656e-01 4.487490500299468721e+00 1.713433056667694965e+00 4.187161287389264963e+00 2.495012092379949309e-01 1.645850680691461010e+00 3.932286958842961866e+00 2.758903651686495984e+00 3.253962433674897792e+00 4.401295614881435725e+00
2.182083622172307891e+00 1.770542029837376852e+00 1.780679437670932841e-01 1.305717648763895733e+00 4.291145762508318029e+00 4.495664040526146543e+00 4.814825472080470625e+00 5.138511746107234934e+00 3.467074765009004800e+00 8.584379644246961094e-01 1.158323798017040218e+00 5.831973533333430382e+00 5.677624964784762085e-01 1.223666437598157630e+00 8.606376189658794251e-01 4.557433433236369957e+00
1.040413744073604541e+00 5.628229627389086609e+00 1.400920318705481726e+00 4.471878854640738865e+00 2.131902918596614960e+00 1.459335381286346101e+00 1.176125652733017946e+00 2.634209044409385303e+00 5.750796202478158925e+00 2.846577480143541727e+00 4.269608948620606803e+00 3.315625278100651219e+00 1.623015995675474998e-01 1.891526148581709643e+00 1.298370506906065813e+00 3.738841852376598940e+00
5.554974568049704686e+00 1.181290390580016059e+00 1.206079710435229213e+00 3.311116148695112837e+00 4.472727240462520015e+00 2.115108223119332109e+00 1.155395361759408157e+00 1.303616487337244667e+00 6.617031113097461281e-01 2.896271183085394441e+00 3.200157595008906508e+00 4.347073583235865790e+00 4.665922065714162237e+00 3.817914969135273173e-01 2.100561607219697535e+00 5.114059037124064844e+00
5.061631978498589035e+00 8.804230239344437159e-01 6.222148234175129966e-01 4.079067948927532328e+00 4.155771176096004105e+00 5.839994242538153024e+00 5.168331727464064329e+00 5.947928922170786947e+00 3.010673965620439763e+00 2.898077490598113037e+00 6.266500187939461064e+00 8.899273453386866151e-02 5.305008565739487203e+00 3.072227605110980253e+00 1.236646055073615136e+00 2.056686698806344804e+00
4.587141639760076828e+00 1.919828977156166516e+00 2.551092692414041352e+00 1.240826275489763653e+00 5.326279866252169093e+00 2.831993155342941826e+00 5.443946971241882871e+00 8.498349902841516590e-01 2.206008748841149281e+00 5.931250250668377078e+00 1.084266154599976328e+00 9.396916245697219949e-01 9.763344255052631704e-01 3.961676274734729386e+00 1.665592262259409262e+00 1.385682616170482495e+00
6.089461370284118047e+00 1.400413693262700265e+00 3.529286163046328362e+00 2.072511958408945087e+00 3.745076910981735452e+00 2.614406976566624241e+00 6.193578684194843476e+00 3.043844006858307694e+00 3.534976626271170819e+00 5.406292050412157657e+00 4.484353492274094855e+00 2.831964207885012685e-01 4.013823460998860782e+00 2.679029430108283094e+00 2.201109893440680754e+00 3.944261733959872895e+00
6.970505056731695070e-01 4.116022326703699719e+00 3.800364502316793125e+00 7.279908521520623843e-01 4.960953697954710861e+00 1.754626836306831139e+00 4.224043927360072281e+00 4.242414057311880704e+00 5.821480283525623634e+00 4.439864873002827395e+00 5.065410471842954898e+00 5.749589255575714847e-02 5.158795579783935104e+00 4.313160173035329059e+00 3.560420900412230250e+00 3.566619700917902147e+00
1.061412696993057292e+00 2.467413718703991510e+00 4.847624304080625279e+00 4.541125413198014549e+00 1.842752833039625338e-01 5.615130550454120240e+00 1.741960585972946174e-01 5.883210627285854422e+00 3.421411024576576754e+00 4.524116652640156389e+00 4.756669178116211150e+00 5.449962337778645249e+00 5.762659285521067432e+00 1.452144680292513756e+00 1.604670562346334206e+00 2.643516176756568914e+00
3.064980754028242771e+00 4.861045074136954192e+00 2.520096330199568524e-02 4.567629207005192704e+00 4.794824502675628430e+00 3.704045719024963823e+00 2.148328504236382663e+00 1.752499722047063058e+00 3.778092480271512343e+00 1.104680730722306548e+00 5.069515951764264727e+00 3.714386047527862833e-01 5.210822237801196799e+00 4.305604213426523330e+00 6.052822025980030496e+00 1.495810657234625030e+00
2.164734017291368995e-01 4.492713632743806862e+00 4.140777878193582673e+00 5.495684577870269649e+00 3.671200528458606005e+00 3.173569014841180813e+00 2.588205613067863453e+00 2.724615168194985060e+00 4.691168866381707048e+00 3.945671570849521803e+00 4.278835646190087161e+00 5.148453794808166784e+00 2.716892264203798923e+00 4.402004802696245278e+00 2.965100991047510348e+00 5.987966653362906122e+00
3.087181162910257459e+00 5.877008672531738309e-01 2.833148565291285781e-01 6.075735659458864291e+00 3.704001750795329340e+00 1.789357078506405685e+00 5.099405411313306935e+00 5.896161973648960775e+00 2.546087290514572832e+00 5.740254409741689656e+00 4.704948021440884531e+00 7.307541356609056349e-01 2.946382388409556352e+00 1.928971238380791098e+00 5.885478623583722424e+00 2.321021048143562471e+00
4.233754249201275854e-01 2.881885305123948360e+00 6.078586112576921607e+00 5.942794381585380092e-01 5.975570837892411724e+00 4.465419708603248772e+00 5.756686131219724167e+00 5.826466026387391306e-01 1.604328656522629792e+00 2.353685362084535271e+00 6.045528674267222513e+00 4.691126612111075289e+00 3.245109639951568870e-01 5.055822414000700427e+00 3.520845515165289097e+00 9.685684685354984946e-01
6.169778205092366186e+00 5.932932539687908458e-01 6.179565350305540328e+00 4.964105225849032799e+00 3.022291448993774221e+00 3.393923903139679066e+00 7.506120883316302721e-03 2.308116093225763166e+00 5.722422075791235407e+00 5.301306701797744658e+00 1.461080031044499350e+00 9.213688340936421195e-01 5.399782166747271184e+00 4.200088770043093334e+00 1.613164158932200332e+00 2.674865589365135854e+00
4.676823274214072512e+00 4.881591935100025204e+00 5.295650478438558295e+00 5.860225807336879811e+00 5.990002637087832760e+00 5.904395840496876602e+00 5.017872113789589861e+00 1.045266368490290532e+00 3.136454674275043430e+00 1.709599114499051220e+00 4.325644350418111905e+00 2.890289848120356275e+00 5.786253576734700310e+00 3.139686827827232740e+00 2.030334921560592143e+00 5.400317704742900737e+00
4.756378062315069211e-01 4.503832190678710212e+00 3.588059055070417891e+00 3.866151675708911384e+00 5.165766064152752080e+00 5.534827768422544203e+00 1.008036556264297889e+00 4.037643412777972785e+00 4.373737423724549878e+00 3.953301406342047741e+00 4.577573984370505222e+00 1.942196098040509078e+00 9.293623205082031102e-01 3.535332769232224059e+00 3.985380164920685253e+00 2.647134038722912308e+00
1.513282562525330999e+00 1.110637347967325494e+00 3.225538645133178672e+00 5.917313084059282469e-01 1.987862132171350105e+00 3.630750553885492504e+00 3.416829870577266615e+00 2.382924334895827112e+00 2.501768407801747696e+00 4.757633881145940435e+00 1.392109092773262224e+00 5.883079363599754252e+00 2.495733771477984586e+00 5.627589249261675697e+00 6.271375686435180619e+00 6.035365479782325515e+00
