1.807828291308891222e+00 4.318805419546417390e+00 2.260002124088180686e+00 4.208624662772968428e+00 1.106124499447616871e-01 1.209490087809594883e+00 1.156919020156443878e+00 5.996965745053882024e+00 5.340804689514164316e+00 3.836104733299965375e+00 4.414429793211160025e+00 4.534425241108194449e+00 5.351407516597790348e+00 9.199447325948958420e-01 3.719076497861111719e+00 6.059281334799115015e+00 4.895259826524129831e-01 3.441933339177642437e-01 4.186365996029587144e+00 3.550693525506025683e+00
3.609068175782312426e+00 3.136441420514084921e+00 5.358922729541414576e+00 5.191831388368564504e+00 4.463047380519287621e+00 1.940694408497816603e+00 2.726457905268032889e+00 4.059214964104146617e+00 4.806835292185204445e+00 4.989553893853222455e+00 5.136930909617504426e+00 5.291116774836376102e+00 3.085895033065530590e+00 4.878515873988155782e+00 4.628982226214550799e+00 3.872744597497628782e-01 5.583466769682577713e+00 3.704049238201541527e+00 4.225675466118368639e+00 3.976080202017119092e+00
2.500591959902866979e+00 5.675374403845527382e+00 3.252845290133925094e+00 3.210212227207302593e+00 2.420835508107966216e+00 5.503954633855202339e+00 5.985423640187542915e+00 2.828242567926591899e+00 7.156965860170487748e-01 2.781385617586964010e+00 5.802745690375295418e+00 3.565957120947629733e+00 2.058585052093799828e-01 5.478971498307742216e+00 5.369968922393421273e+00 4.521667929348226700e+00 4.670601820870659004e+00 4.897797960864162192e+00 2.944712660468372878e+00 3.699149482100100972e+00
1.550470055361755639e+00 5.399381529695205018e+00 3.775803077355226911e+00 5.710780917665195133e+00 4.279180282793918266e+00 1.177051932586331784e+00 2.653657071996617045e+00 5.976853806196221974e+00 1.790029225248795042e+00 4.373782604820835473e+00 1.526459158439586350e+00 5.809802256600953285e+00 4.756695754766637307e+00 4.089271340730881832e+00 2.646123855148479809e+00 2.706466132035042008e-02 3.667378393316312657e+00 1.015590785669995499e+00 3.179656022783914487e-02 5.701657569752694776e+00
3.576183483566858001e+00 5.482505375950812443e+00 1.076041718449924689e+00 3.961459720548758501e+00 2.234739828588276460e-03 3.172222626678520424e-02 6.092340851960446280e+00 4.424093106802924780e+00 2.047217404693046916e+00 4.239061316686592917e+00 2.053088973412036999e+00 4.836502805723132958e+00 2.406617733752313804e+00 5.393966927719292315e+00 2.789208639517390065e+00 1.842528525223729785e+00 5.585630070262395996e+00 2.873987710789308814e+00 3.987134554650836993e+00 3.895138437540825116e+00
3.431683577899186766e+00 2.109494654220539778e-01 8.981026610993348980e-01 3.616557911236751632e+00 8.516284312529573963e-01 3.928597343054050395e+00 3.490169639600239737e+00 2.289601130007672847e+00 1.851376746187441746e+00 3.044108422006853054e+00 1.379241735477616748e+00 4.983825390031068059e-01 2.281923796891262235e+00 1.449614574316821614e+00 4.338248741713714551e+00 2.734392050897011650e+00 4.036224821112788241e+00 2.659957414466925574e+00 2.502504918470940698e+00 4.001624263331911457e+00
1.362204203523006862e+00 2.084618940352900740e+00 5.424199994407598702e+00 4.024998080473940476e+00 2.588124763821943564e+00 3.365702143938052338e+00 2.780700247541964543e-01 1.138615838912629741e+00 1.806088866929260961e+00 5.507048956131682438e+00 6.188926144085547421e+00 4.455699291911107807e+00 1.062151106340107759e-01 8.305437098788548411e-01 4.491842496893529990e+00 2.306709928712245006e+00 6.024343167592496329e+00 4.690044547048652368e-01 4.198252453534506046e+00 3.525742163518424732e+00
3.946867688932271356e+00 2.599237955654286836e+00 5.062640234264272898e+00 3.341355658900197589e+00 5.959122917987196288e+00 3.821774867580562507e+00 6.133255710274143624e+00 4.933087936188329081e+00 4.968785255814144541e+00 5.870365834184571696e+00 3.089526554359709021e+00 6.946034299100962706e-01 5.297511081590329240e+00 7.800468853238579081e-01 6.246524942192133167e+00 1.342905332521812545e+00 1.894381806142466429e+00 3.437488090884894376e+00 5.674228166205943502e+00 6.100329532734832583e+00
3.612069489659412991e+00 2.089966975726763376e+00 1.632644208869843849e+00 5.038894648658884812e+00 1.290751348936397980e+00 6.253488742267658829e+00 1.923045163576151184e+00 5.078371490032759006e+00 1.571528217357261337e+00 4.125805684124450146e+00 5.156177463491831148e+00 4.832844197593177960e+00 3.259790802541805199e+00 7.368207370450543525e-01 2.330075367484885973e+00 2.808636907086334844e+00 2.201178061737735447e+00 5.470892791665299626e+00 1.047436697505095826e-01 1.421520566835567934e-01
8.850133499340538945e-01 3.660441153522786539e+00 2.112255834739351634e+00 4.235974588106181216e+00 3.967419270945259591e+00 2.942240471876061747e+00 8.009722486186924284e-01 1.720697117526245989e+00 3.059727612390010343e+00 2.883264367830082886e+00 3.681247759031311961e+00 3.152977921640404357e+00 2.370549676068455014e+00 3.332500780988600031e+00 3.584497838641522716e+00 5.490293857405291078e+00 1.770023139926966138e+00 1.418672281938264446e+00 2.072779034926817143e+00 6.087971963336789472e+00
2.547101964276166530e+00 4.341180110859700569e+00 6.218124104626944870e+00 2.582459355013954738e+00 5.587010948046594372e+00 4.718182706392866521e+00 2.549804654621308231e+00 6.858264845450445790e-01 4.887687401166464163e+00 4.054824314247363476e-02 1.864872942089435215e+00 1.629114429703451661e+00 2.222109476071428613e+00 4.864414034240354567e+00 4.930573528928450244e+00 4.448915121371682657e-01 2.339097093741093758e-01 7.359123033568691907e-01 3.919110758593883359e-01 5.311802165944478737e+00
2.283576556763768473e+00 3.523092374236489022e+00 3.756542602274114628e+00 4.491065981905662419e+00 1.547386404011137806e+00 1.676330324928829052e+00 3.693738808725360645e+00 2.083659622019666813e+00 6.282544376790227147e+00 5.401326707897064594e+00 3.664052982609226738e+00 4.826213713289872587e+00 2.224426068707711757e+00 5.463790529346419511e-01 3.247553471780733059e+00 1.141918415501441686e+00 2.972157803876637416e+00 4.807380335759940948e+00 5.157158213958938919e-01 1.616317296095213241e+00
5.853022378014738791e+00 9.298440999435795273e-01 3.005058471282193278e+00 4.243131232531157870e+00 5.577172298087224256e+00 8.650507172081570717e-01 6.114994720987421140e+00 6.083207851737896021e+00 4.489283750905385340e+00 2.652954894758361437e+00 1.149972424675586469e+00 6.055595399370202969e+00 3.827948848603667020e+00 6.750756069353069933e-01 2.535325197936521224e+00 7.370202865326195285e-01 3.370938856568965303e+00 3.124523234913934910e+00 4.464802218215654150e+00 6.020388008646331279e+00
1.426214799806280853e+00 2.511793289551945030e+00 4.476439463573545829e+00 2.529924298618778433e+00 5.906559029749289813e+00 2.095924479429057019e+00 6.130834768213806463e+00 4.447643312858467368e+00 3.457553773183394963e+00 5.856382662138742923e+00 5.318156369247156512e+00 2.245498698001874960e+00 1.370310443521611798e+00 4.187834293850453804e+00 4.898634144417685299e+00 4.418242355576485814e+00 5.505600204831377908e+00 2.040912860138012430e+00 1.133700882827452620e-02 3.080994677478872568e+00
4.953993927450916490e-01 5.285878403233309264e+00 5.210001915919611370e+00 4.551824390498556028e+00 4.915379427903364018e+00 3.539770476348368167e+00 2.819134943100912061e+00 1.234069776222567194e+00 1.238607466730883733e+00 2.981501977409440673e+00 5.847677145440992597e+00 2.262080972409844737e+00 3.293082015822277331e-01 3.130611263437147462e-01 2.242607878587639991e+00 5.051766496271709039e-01 3.511856288318892183e+00 3.596531782475741873e-02 7.813479147425671512e-01 5.512075454023706911e+00
5.169877603219681816e+00 3.999226481515444576e+00 1.929482398486887629e+00 3.349895242449821176e+00 1.107915679343158599e+00 4.549221249299226777e+00 3.168333106981007230e-01 5.705683977424671482e+00 9.913971245094542473e-03 5.157848466007812493e-02 2.023732907447698626e+00 5.177077019193444762e+00 4.837371376837388937e+00 1.910404073083898036e+00 2.005217685369742320e+00 6.161788164929142830e+00 5.029895910510838952e+00 5.659687608147460303e+00 3.742811133302541560e+00 4.192132644724717139e+00
1.600664159209350457e+00 2.766873530335935527e+00 2.463315504645777310e+00 2.958958878019105843e+00 1.043432751549524085e+00 3.262258259003009364e+00 4.155024903176110840e+00 1.821045821815306276e+00 2.455243641912388419e+00 3.827240913478520135e+00 2.593262229153019849e+00 5.231536953814332591e+00 7.272118123352312447e-01 4.247598223586986244e+00 2.196676727067449431e+00 5.526983909025792174e-01 2.825729799455282798e+00 1.748245915899360847e+00 6.160118103805020118e-01 1.690268375872681306e+00
8.106395519642539682e-01 5.203449807527302795e+00 5.677325138759602652e+00 2.345809939132791566e+00 5.604470075974494314e+00 1.767744222701917334e+00 1.024137597688031531e-01 4.007130884940784732e+00 3.287446845411217122e-01 3.844138382612415139e+00 2.137129429690052707e+00 5.314235841631226975e+00 5.943723533534775783e+00 7.609592682989387846e-01 4.274370237051799748e+00 1.682109492155845043e+00 4.651092905162458990e+00 5.830311763865615227e+00 2.116699443106075940e+00 6.216014493728804213e-01
5.983464581723474396e+00 2.761408051597530999e+00 5.813825999848016401e+00 9.413555367717332811e-02 6.245346941820899112e+00 1.160486016089673056e+00 3.218943165267315276e+00 5.647013003229447214e+00 9.645316890691666423e-01 1.203887329864604894e+00 4.374218898873369454e+00 5.557049515591874211e+00 2.342858233070367557e+00 3.006575152964541697e+00 7.376281408766612868e-01 3.008480764265556440e-01 1.777357422407908949e+00 5.829926840255704512e+00 3.296321626001843086e+00 9.261212314778604071e-01
4.021196803093364025e+00 5.028745598513377768e-01 3.193054441610859939e+00 5.139751368943275445e+00 3.766228319042531081e-01 6.182517953425991308e+00 4.344563258262069461e+00 4.702307762122186929e+00 5.633816921256209476e+00 1.283050488821811497e+00 1.633616236035752012e+00 5.812884450559259175e-01 1.006246288709698344e+00 1.517655161143798503e+00 3.452181720978665602e+00 3.575573979030188809e+00 3.322521240329024406e-01 4.831132160004421472e+00 2.825109862242180636e+00 1.234169498290580425e+00
3.916913482721713802e+00 1.688711786771522227e+00 4.794494472163509435e+00 1.329789843975741626e+00 4.244428040305644245e+00 1.945400424459537314e+00 2.791240533292794535e+00 3.680094516159630125e+00 5.045445652610709431e+00 1.990375910410394411e+00 5.824743515481458189e+00 3.800577716208538348e+00 5.805434754811971132e+00 3.591049832870750080e+00 5.441181977424832006e+00 2.034782538613414182e+00 5.472737230939712649e-01 3.295697978284677365e+00 4.047360838436381059e+00 4.080846042103975613e+00
8.385790618511118621e-01 3.654962302846954447e+00 5.719695332852670511e+00 3.195455781779057425e+00 5.992038184095671127e+00 2.392420129569996501e+00 1.252887827522543907e+00 6.567224604599698479e-01 3.870602324656827964e+00 4.274849606671462965e+00 2.087642232615932958e+00 3.526301623965103271e+00 1.903076286329836164e-01 1.315991446431508338e+00 1.656640271565676725e+00 4.155451288913730501e+00 2.436898555481785689e+00 1.430565237749806373e+00 4.060648125125155161e+00 5.752720648666807435e+00
1.201643622988308069e+00 4.738524903793173593e+00 2.962693194957243925e+00 5.721621243592071693e+00 4.262721536574512804e+00 5.677767651441897101e+00 2.844433615537306004e+00 3.589626163263219372e+00 1.299582022998330144e+00 2.771292342915328444e+00 2.437619632678759807e+00 7.034338526245726975e-01 1.687721332637782679e+00 1.189856514351601280e-01 3.680495708020758538e+00 2.138547928437857237e-01 3.601073214183061921e+00 4.859896207067847307e+00 1.038225304225820711e+00 5.874745106149160456e+00
3.209618990660083160e+00 3.714176128668410293e+00 5.688697355118562449e+00 4.635971275333908181e+00 3.892686660356127426e+00 7.411932743385610811e-01 4.273606101308538463e+00 5.081045778341867214e-01 3.214001778437677537e+00 7.213463653271132703e-01 2.093723649809589027e+00 1.542851474107977072e+00 1.282466643477628176e+00 5.979222817184439265e+00 5.655207315496481257e+00 6.262971354371418720e+00 4.283290443286316140e+00 2.021769841208289620e+00 7.505229706080377428e-01 5.130230010700033816e+00
4.773210134912425850e+00 4.597520768775718025e+00 1.534090102996406468e+00 3.000562278084773382e+00 1.907371083161116365e+00 4.182942297609347548e+00 1.715280273740622252e-01 3.484095571939825664e+00 5.644124172295660102e+00 5.643259952702312177e+00 5.982777595193327080e+00 6.173347683601737579e+00 1.688950030864473151e+00 3.793244801848937531e+00 1.155756538946541845e+00 2.382859714031506093e-01 5.873191806772014800e+00 4.239853545374120181e+00 2.018326849298245573e+00 1.859918249239424615e+00
2.605529965340851017e+00 3.016397547357658304e+00 3.840941854497543329e+00 2.453369544601105900e+00 6.115428678140625074e+00 5.025951101917107700e+00 2.476294751951349848e+00 6.305158291384894698e-01 6.096073238402600403e+00 5.879447135239723288e+00 2.619990926285691302e+00 5.472988117323962953e+00 4.899045616566445993e+00 2.528580516453981186e+00 1.520082078440951889e+00 3.018474334285703886e+00 5.810419885497125847e+00 1.854606837772205044e-02 4.798420598059022879e+00 3.164281833455498294e+00
4.876604033204730015e+00 1.204086859375574914e-01 1.149319325131552993e+00 2.550940936916933577e+00 1.189586000026330970e+00 5.467143553266145872e+00 4.150873964972266350e+00 1.234246874740159566e-01 4.323591971611471685e+00 3.193378911428000622e-02 2.698548654659643553e+00 3.596164418048335865e+00 5.137623649297879069e+00 8.317320806337841210e-01 2.106325943580789062e+00 5.318875385292325397e+00 4.021107883990314491e+00 2.999687449830841679e+00 4.805252429179893703e+00 1.639499001734290751e+00
2.834100336653957886e+00 3.455287391332310776e+00 1.620752459496674236e+00 3.239302518434710620e+00 1.965593199057663054e-01 5.123786118501203468e+00 2.753954956891195849e+00 3.135030418229782789e+00 5.063063665124613033e-01 2.553412744090637343e+00 5.338000675342447821e+00 7.306549305886712586e-01 4.689066733160198730e+00 3.995420095169785468e-01 5.519813263467487019e+00 3.532118533556118045e+00 7.230439959176745424e-01 3.928719398847793087e+00 3.089714902261678553e+00 3.717856136356341601e+00
4.321087109095430590e-01 1.435984795282326809e+00 1.851540316521138818e+00 4.538846590939672687e+00 4.665857047446644312e-01 4.461050499237417810e+00 1.552468307335394815e-01 5.547993973829619563e+00 3.878293653910884764e+00 2.058506614559840742e+00 2.229043760878773650e+00 4.601187500954696530e-01 4.370197804808826803e+00 2.670727216782744495e+00 3.747123380425335104e-01 5.268909606308245230e+00 9.897733715790302256e-01 2.563773667028751424e-01 3.383853707615688933e+00 2.145660317044732590e+00
2.845744009529496132e+00 8.510804942948658747e-01 1.873069970160622821e+00 5.082556623105142890e+00 5.456761304349155850e+00 3.980573541986232478e+00 2.880290950759968549e+00 5.520821800054040551e+00 4.625830276550551012e+00 4.274550518080990180e+00 9.528457819816417151e-01 2.574283847844677897e+00 4.804219781092927022e+00 5.887800369994359961e+00 5.060864453590774303e+00 3.538878329655958055e+00 5.171550611335487879e+00 4.621746466242550033e-01 3.473810486805557041e+00 7.566094085348902265e-01
4.479403448982760771e+00 2.120336419075949497e+00 3.795964018888182689e+00 5.252508528278855948e+00 5.579826534551640904e+00 4.292957284240012106e-01 2.636036506133518031e+00 1.414443520008584310e+00 5.288548201442877961e+00 5.145191409874852795e+00 1.338909234476591159e+00 4.204628582783627166e+00 7.408139116663096102e-01 4.220992226543920367e+00 5.240062955705435677e+00 6.120052122262653604e+00 2.577245834783927325e+00 5.277238555413294563e+00 7.283641573322530149e-01 4.145747901763507492e+00
4.002495383102602666e+00 4.827761481476319005e+00 3.858482936643322425e+00 1.593931453627593031e+00 6.101791358290672207e+00 2.943998131278943386e+00 1.977531293090906805e+00 1.666403599557124471e+00 4.682049119455529151e+00 2.723010124071732818e+00 3.542697542158995017e+00 5.297173519236964445e+00 2.747127445607691953e+00 5.850082960223408790e+00 5.702154760982104165e+00 3.104108363644550117e+00 1.088033112587608375e+00 1.670328729478149088e-01 3.178200208564479379e+00 4.800720366667047045e+00
