5.247738844017564297e+00 2.820960842041112304e+00 1.272700434247107104e+00 2.276456561166265935e+00 7.651040933078505635e-01 5.103959404100702812e+00 2.166220764301278745e+00 2.589190811452279029e+00 5.729994658276735819e-01 6.245593220119331157e+00 5.656297399741130327e-01 2.981245990746567154e-01 2.732390142079387463e+00 5.730870966401247379e+00 5.751829566346454037e+00 5.769662267171284498e+00
3.740644586535126326e+00 2.664800034250748517e+00 2.964323895646286289e+00 2.979033932478404978e+00 4.285238924159600948e+00 5.378288047251227333e+00 1.795245432181677092e+00 1.537820291814471663e+00 4.724544973110142543e+00 3.529901066659056674e+00 1.588703456027447558e+00 4.473120119990392496e+00 5.276718939311235701e+00 1.472236888912666686e+00 1.621549599691172405e+00 1.261098787530050558e+00
5.886567374985486545e+00 2.564998214815080502e+00 3.587417883752092584e-01 5.984697158277777262e+00 8.459769967981075082e-04 3.524949349724784131e-01 2.935894859598315865e+00 3.594472914566512411e+00 9.075217568735387541e-01 5.205067764565003696e-02 5.303738420714664947e+00 4.514428533614695205e+00 4.593727075363988277e+00 4.811244975221476317e+00 5.123459957968774070e+00 2.847459605805560567e+00
4.707874466777579592e+00 6.685474974497786216e-02 1.124485254233923426e+00 5.935192246913700842e+00 2.887168334163745964e+00 5.538369599537600330e+00 5.146743918302104426e+00 1.534122604774531329e+00 5.066186360846396397e+00 2.734089039317391556e+00 5.405696578280456244e+00 2.960493561297248277e+00 4.042686626890200863e+00 3.475548314740583233e+00 2.370416952620313378e-01 5.426754603951183142e+00
6.259824231743860601e+00 2.828959459426120260e-01 2.946226603939619881e+00 3.224177324017653667e+00 4.456911881512746199e+00 4.136325868162526120e+00 2.370633846991049065e+00 2.163456234967041869e+00 6.019768152359621816e+00 1.836904568940739946e+00 4.598075598755179350e+00 1.157766090001439263e+00 5.871516769463561713e-01 1.430827726510854436e+00 6.927686856296336737e-01 5.745866494885103037e+00
6.979728185451529177e-01 3.570521656899788621e+00 1.242086755927037212e+00 2.999465298488886322e+00 4.110411556422282509e+00 3.797460413907041588e+00 2.779365999470026161e+00 7.996526108068932048e-01 3.712875994511358968e+00 3.067909448160053731e+00 3.760375993189747579e+00 2.267122361908033845e+00 2.929868484238415949e+00 7.335424404480263005e-01 5.627019193211574510e+00 4.310807405937284287e+00
4.689296989082046174e+00 4.806399760884466410e+00 5.929000304281266676e-01 5.979401905019567920e+00 4.714251809182469444e+00 3.698833201341736210e+00 2.179073047202213065e+00 1.588671011273590894e+00 3.474223591870637229e+00 6.017279468727632974e+00 3.177992625687241279e+00 1.714248693570635806e+00 1.193819198545230442e+00 5.756070189843207174e+00 1.675925531039883065e+00 5.298576203340418900e+00
4.688681327542242983e+00 2.880417633403302702e+00 5.781032674832803586e+00 2.431876013063107855e+00 1.835053121835588774e+00 3.686854107121131818e+00 5.743577690702355021e+00 3.236403071204521531e+00 5.844417365931071195e+00 1.718888942856747759e+00 3.027917101583153858e+00 5.356346970009769670e+00 1.986859028547366401e+00 1.846520764731874431e+00 2.420790251583076369e+00 6.127749647490918328e+00
3.054338921247615080e+00 5.015485685111119807e+00 4.821389381226606652e+00 2.317133029755464868e+00 2.383542118722916214e+00 3.001249893240459432e+00 1.243931734092631913e+00 4.730264648679092687e+00 1.413376168152942425e+00 1.055645516446694909e+00 4.458350912221081153e+00 2.355598198749151884e+00 2.367859141981032423e+00 1.600622353833541789e+00 6.217411242819078865e+00 2.394243959580338033e-01
5.174756952387809861e+00 4.992064020873033248e-01 2.479536395805379545e+00 6.233504204765155654e-01 6.698715997759635554e-01 5.030738879304594846e+00 3.562199467111976658e-01 1.527893779041338052e+00 4.925544890124339048e+00 2.655952842583044315e+00 9.453803192007943501e-01 4.052137365211603282e+00 5.697070055927382803e+00 2.616170704930377511e+00 2.155985330022681667e-01 2.901263765353105484e+00
5.741506713875528689e+00 4.328745462264014243e+00 5.861695631621249625e+00 3.375903246078130415e+00 7.823386977382515983e-01 3.623772904129537675e+00 4.077547809345561380e-01 1.771270328982572195e+00 3.115549069015099981e-01 4.601661660116148411e+00 1.158129559791188257e+00 3.322962970333215083e+00 5.475923817925712811e+00 6.060670454949545594e+00 3.348601038254510609e+00 5.641076453620051723e+00
3.197781817583081665e+00 4.528026493992889812e+00 1.314334551592326872e-01 2.777266946367731304e+00 5.390588662859493674e+00 6.174869169253192958e+00 5.168480652499776618e+00 5.392829602591728388e+00 1.593639062516599703e+00 1.137355699711796619e+00 3.837249948923696863e+00 6.173883392054591468e+00 5.048800246172502781e+00 1.214803850278872499e+00 1.345717950795654483e+00 2.180060915115961340e+00
4.115371575634790169e+00 5.735501094850713244e+00 5.298411717085190098e+00 2.987881411024624789e+00 4.933543058022518579e+00 5.073379037456799523e+00 8.855676658813742552e-01 1.614604774101548734e-01 5.713294542169244039e+00 5.892982702222012037e+00 2.433806795022577685e+00 2.249328173709918222e+00 1.682074853554701876e+00 1.317652196857998614e+00 2.641219994602136634e+00 1.918083529489189365e+00
6.075494219288447795e+00 1.784715912700516327e+00 4.854617583755869603e+00 3.577140140897466569e+00 3.442676216441248105e+00 8.457149875977153508e-01 5.664617246800967010e+00 3.118159437298142045e+00 3.427165708968259228e+00 6.043977243465910476e+00 5.586018137216608892e+00 3.901432696689600910e+00 3.977620173636193801e+00 1.609130288762213423e+00 6.221356424491202297e+00 4.162276417608950396e+00
5.420557918349435234e+00 3.853851665842937257e-01 2.812112821478464308e+00 5.766142427266485626e+00 7.991009433452137545e-01 2.534921656327288275e+00 5.980412883992657136e+00 3.021584336249639069e+00 2.590632257043739894e+00 1.526948911740571013e+00 4.513657044275631414e+00 2.586835222952861280e-01 1.825292761278172193e+00 8.430240511460641573e-01 1.340386500183724072e+00 2.354418631516147720e+00
2.059484180277389775e+00 6.246213847075035908e+00 1.471799564804159965e+00 4.184894709082385589e+00 2.701849741983486375e+00 5.049025365356284212e+00 2.934763208619080466e+00 1.268266843029199453e+00 4.200828806123425352e+00 3.688402353382864707e+00 5.716851986314760659e+00 2.854951353130291469e+00 3.066320385515667546e+00 5.443760626677094372e+00 1.284884046046297357e+00 6.662333637700524891e-01
1.930645450771467098e-01 2.326389687252123917e+00 5.305718238893081917e+00 2.545066998447437001e+00 1.498214518577452470e+00 4.186395418655709300e+00 2.282467955963640716e+00 4.252802668256289387e+00 3.144928546208141107e+00 7.426259237927055334e-01 3.519979158300456379e-01 1.410368398722447125e+00 1.397552066794141457e+00 4.126959022061339688e+00 4.302787498270699729e+00 1.789767485974261163e+00
4.495676476896646179e+00 8.971950839018846824e-02 5.172835323926500806e+00 3.797260021180170586e+00 4.009577625929117595e+00 5.481751598918298107e+00 2.820568400333959058e+00 2.031751238486135591e+00 4.741410569946758358e+00 4.520047655497332784e+00 1.056589686503064396e+00 4.271980180653748849e-01 4.545006819046728097e+00 1.465381101494669380e+00 1.810204580756043180e+00 1.457971620830286863e+00
9.276674695804586479e-01 1.888818668425585434e+00 5.693994129174009267e+00 6.213885290097746150e+00 2.725134527457612865e+00 9.320297623731099712e-01 6.226072488166609631e+00 3.320457314415240724e+00 4.490516382208725732e-02 4.017480704851837281e+00 5.162012743540060455e+00 6.173054326875748288e+00 6.016151195529144680e-01 1.769312987169745943e+00 2.430750840248847577e+00 3.730106287096409901e+00
2.008417022169004806e-01 6.529420060453904329e-01 3.283883414251971833e-01 6.820159199957033236e-01 1.433095806015586060e+00 3.133051966872709482e+00 1.341506060167972081e-01 3.421777289386150667e+00 5.961011386574662119e+00 3.883513777374071108e+00 3.097360004448907578e+00 4.760150101766837949e+00 1.586034790977364439e+00 5.176721433870766553e+00 2.202782004962305695e+00 5.930912653469294860e+00
1.317071093851909014e+00 3.159269121106041744e+00 5.134415369463202872e+00 2.549976578279773420e+00 5.480582565932317962e+00 3.970988692279276311e+00 4.957204928282249234e+00 5.756436387294880497e+00 1.226022644717799093e+00 3.993945664130600814e+00 5.489490073771214007e+00 6.233415617065686476e+00 4.710689681367038473e-01 4.298861136853180831e+00 1.941387420261790009e+00 5.880375552503273262e+00
5.582225463134568244e+00 4.370799630986177853e+00 5.281228434286729723e+00 1.053188926993346319e+00 5.538156614167681902e+00 3.376812779495425243e+00 3.623193868778651794e+00 2.094756933135659249e+00 6.883689142999942501e-01 1.281740826235823194e+00 4.268070714525212139e+00 5.939052295803534776e+00 2.422291007970971410e+00 2.148813201510026083e+00 5.661483071031746528e-01 4.084631290434050044e+00
1.298244600527996839e+00 6.988062340050044119e-01 4.068550466164373880e+00 8.042284848818741227e-02 2.975606702205631837e+00 1.934470752216300493e+00 5.889081132899273818e+00 4.301224232911193823e+00 2.843375431920589058e+00 5.924254038537322131e+00 6.050137929561373973e+00 2.157532926126323414e+00 1.550156232459610983e+00 4.181834590803032992e-01 7.417190064066474242e-02 4.554972053943568966e+00
4.804812758452451149e+00 2.162810300554585563e+00 5.124283449846133154e-01 1.182223856322868416e+00 4.130845632264845690e+00 5.152877871888275507e+00 2.411090125555473307e+00 1.930619812620065767e+00 1.224879061094417798e+00 2.634830594228064982e+00 1.353504729882670565e+00 3.254796120675507720e-01 2.273258646386122628e+00 1.640324972421338678e+00 6.690241264079027639e-01 2.866340050492166114e+00
3.016818625456328951e-01 6.219058924532543386e+00 3.771720622541438139e+00 1.737868329155842329e+00 6.814539884834338590e-01 4.088988842221623621e+00 1.261387480500969049e+00 6.083611526006253101e+00 1.514139121813629918e-01 2.257298373032531558e+00 5.537241409579919171e+00 1.353805804561675208e+00 5.498331602676341801e-01 3.811294396943365914e+00 2.611239299243303669e-01 2.097061766649706005e+00
4.185167690474035140e+00 4.547187763173071495e+00 5.839088565625414340e+00 2.484979985563453120e+00 1.463688181930080434e+00 6.040569671634073323e+00 5.985111753501398901e+00 3.737841938234726769e+00 8.045480866381505836e-01 3.765719124741835344e+00 5.491712886283026229e+00 2.581963797899343049e+00 3.491299457409020590e+00 2.694048224359784083e-01 6.043621042369457186e+00 5.789324244072701076e-01
5.537784331443666552e+00 1.305645906576438531e+00 5.492854146384762437e+00 3.607496184423365504e-01 7.164757989458681031e-01 6.189705983455596972e+00 5.680465561029443222e+00 4.710451249606023794e+00 1.070771626857011327e+00 3.550985513307762353e+00 3.131382361562799144e+00 3.246590873163988089e+00 2.207556994781231019e+00 2.211327874210593070e+00 5.009862916097856278e+00 5.663154184698369065e+00
3.212323608777907236e+00 3.315599604070867290e+00 4.927816223658746608e+00 4.450037537762644213e+00 1.026344345050410611e+00 3.931984092190325519e+00 5.481198308551452847e+00 1.878595261299049746e+00 5.365731323326793145e+00 2.139658504422907281e+00 4.326640473308616675e-01 9.485960874479413274e-01 1.399938038274310736e+00 1.944704219554938218e+00 3.971988212250085137e+00 3.452531002514009906e+00
4.579813401491286129e+00 3.005828605916150753e+00 4.185402417492722904e+00 3.304125664386373007e+00 6.149768811340088348e+00 2.930508637152462903e+00 4.579165509522848510e+00 1.244333566565482219e+00 1.934425335171512828e+00 3.540200505269719411e+00 3.945611590199687768e+00 5.352550690410488698e+00 6.987159613045971218e-01 2.039282329152975137e+00 1.603747408425298504e+00 3.157903749448068620e+00
4.760428574009258007e+00 1.162904230303918096e+00 4.747682200631370697e-01 5.366308396819014170e+00 5.580614212302615229e+00 3.111696437359701584e+00 3.555685625997829558e+00 6.213414438528824135e+00 5.639753572889497413e+00 4.479255120074224550e+00 6.256142763416956853e+00 5.566204755823652484e+00 2.092655506864251169e+00 5.353916902915758058e+00 4.866395197021684993e+00 3.832816109972507324e+00
2.416527927531103792e+00 1.401908494132726890e+00 2.118766756992995770e+00 5.243462032999644862e+00 3.923366542340641860e+00 4.516755924256189658e+00 1.148951122483091503e+00 1.709511731666803147e+00 5.428362083759544099e+00 3.004196884571103343e+00 5.339120732777095313e+00 4.296600301553685775e+00 5.097261007193409910e-01 3.324634834053445509e+00 1.010382911116880056e+00 5.738926917910145420e+00
1.520033203154790291e+00 3.128837625765838459e-01 4.202216963374573844e+00 1.868734119669817950e+00 4.636566687429903411e+00 6.222858490492876093e+00 7.556706947319289380e-01 7.641290989561658753e-01 2.815827286356696657e+00 1.111713807409685284e+00 1.615384684271541138e+00 9.505141040454153645e-01 1.302160800966323695e+00 2.984768805928970647e-01 9.853273634758851207e-01 4.077149488131739830e+00
