5.246354990318227607e+00 2.699987767940129846e+00 5.522182792507480897e+00 4.344549887030992430e+00 2.470669219343563761e+00 1.209282330935684380e+00 4.977456334589303588e-01 2.204560361195079921e+00 5.221729989547554851e+00 3.536934599991751860e+00 2.348790784488420602e+00 3.246287381985202725e+00 4.904474077923666187e+00 1.558580496870010323e+00 4.973173594588820023e+00 4.326895979364961065e+00
6.080003609013843402e+00 1.891927369260451020e+00 4.918238288125774460e+00 4.768441220776024281e+00 2.412728753446449215e+00 3.562758455162968740e+00 3.230146133847551670e+00 4.540048566706266442e+00 2.356738704117594674e-01 1.652492646844051283e+00 8.626717448520587750e-01 2.815503146550082381e-01 5.333023835239446342e+00 3.582784067558540286e+00 2.210150128290712779e+00 2.961160707235793499e+00
2.256190329164260155e-01 4.231672696477094320e+00 4.281412916987552997e+00 2.622158887365667379e+00 4.414839173918307047e+00 5.912532160814111037e+00 5.658264751030325890e+00 1.775137605909530292e+00 8.434028146803819181e-01 6.127131150656733638e+00 4.422364778371611571e+00 5.978878279224843162e+00 1.697708115818757357e-01 1.632483383272223865e+00 5.606801061792109131e+00 2.133110150686420070e+00
2.326936347802810445e+00 1.540109531010234178e-01 4.730083370036251900e+00 4.801366098680233563e+00 4.422174495418205176e+00 4.485584165738075058e+00 1.825916184850030266e+00 3.963950420350167203e+00 4.428472474519201896e+00 3.227396759247756375e+00 4.179006203690219579e+00 2.119886904677292350e+00 4.678340301965286052e+00 5.271300779333685682e+00 3.644984002596238781e+00 9.843134198567916604e-01
1.597637729081844649e+00 2.748958415897028384e+00 1.039385154016686075e+00 4.660539961220383498e-01 1.180038698346115966e+00 4.184846348124999338e+00 5.103212066479051678e+00 7.976318254414956899e-01 7.167117648278844566e-01 2.850558481781617193e+00 2.641828293999147981e+00 2.268757281698912553e+00 3.290749942767809078e+00 4.727077021197012563e+00 2.191252126047658511e+00 4.238056925620933058e+00
3.671036776478159291e-01 4.308766449561053591e+00 5.922093904857260505e+00 5.338303325037428770e+00 1.083502261875209038e+00 2.077962477739448754e+00 3.089955153314094094e+00 1.786059353447295939e+00 5.837025272615527172e+00 2.442394414413898485e+00 4.910635321791540164e+00 2.154729818994606916e+00 3.387692239309302966e+00 9.604290110848167084e-01 1.330792822134831077e+00 3.950869326823950090e+00
4.374365684540538979e+00 2.377438832551287684e-01 2.841393118085923319e+00 5.809903754152324851e+00 4.779813311953812871e+00 5.573851790946026341e+00 5.876833768265299796e+00 2.719223830364455363e+00 1.080587444335940228e+00 1.313915288029057438e+00 2.094475905202792809e+00 6.493546819584135044e-01 5.773873121694625077e+00 4.201875016271336527e+00 5.028290018004035744e+00 1.756539199181299304e+00
3.994615295203202798e+00 1.832850589956819043e+00 2.463107485309900202e+00 2.341251150022267247e+00 5.920664830869347028e+00 1.455144868863401442e+00 5.664226337565989589e+00 1.141567181604693948e+00 7.994364003464016211e-01 1.019590820433173617e+00 1.079825493682214255e+00 6.853404953423933854e-01 3.456513371238016052e+00 1.094665391511834729e+00 1.277664510389433072e+00 9.603183991987527257e-01
4.040080197677192508e+00 2.149009065662226714e+00 4.240047778129900635e+00 2.599463825850843346e+00 3.501592948188940735e+00 8.169772109650008662e-01 4.015940438632014775e+00 5.742611413964582745e+00 1.277853056814188371e+00 1.257443158951158768e+00 2.368574830074490656e+00 5.274251657058532494e+00 5.807176729062929477e-02 1.298474553406953946e+00 3.269768508168407362e+00 6.030242324579620394e+00
9.515003201982629166e-01 5.096978559119275332e+00 4.430288242119168052e-01 1.824938094199274552e+00 5.715148593053506865e+00 2.132769005886687719e+00 2.600262258377414870e+00 5.242528129430249706e+00 4.894148688554948556e+00 5.447195551348115394e+00 3.312613856256559242e+00 1.968476249975774861e+00 3.850726598096926967e+00 4.280546969573458149e+00 1.390225715231929504e+00 5.929783987052728023e+00
3.018318144628652000e+00 2.455467718520193632e+00 3.056195712454749636e+00 3.454694073257711828e+00 3.679309819457487141e+00 5.955522819167114790e+00 5.378769488285754186e+00 3.855654023220044913e+00 4.591697886366429948e+00 8.365205312058987541e-01 4.473550130637482525e+00 1.489131079790255496e+00 3.637412254324011052e+00 3.781292226391201439e+00 3.194914701545295888e+00 1.507648704186387301e+00
6.253495792976451639e+00 5.486923094321414673e+00 4.177288793282482260e+00 1.992105217575002585e-01 1.736499768826143056e-02 3.566431414288534274e+00 6.164774529802571124e+00 4.245283927873172658e+00 3.242443413139433517e+00 7.170446482159181789e-01 6.718526975896375042e-01 6.057056908033489506e+00 4.654968767290182718e+00 3.954921019768641965e+00 1.755491953483921730e+00 3.546047092303184378e+00
1.139326774858175906e+00 1.551490641068254517e+00 1.641990739323353488e+00 3.102232833431028070e+00 3.484205701328621618e+00 2.064051403591315115e+00 3.215915881026110590e+00 4.243263338859625478e+00 1.931835953225038871e+00 2.365108318729217951e-01 4.170902768337043098e-01 5.722525900671661780e+00 1.814342061939216988e+00 3.237980088504867293e+00 2.623452784466727916e+00 5.950956271916719942e+00
4.270556744641360147e+00 4.465072284437029637e+00 4.193398525681887534e+00 1.822860066155568948e+00 4.086979622806359735e+00 2.635481615060229821e+00 9.546068621398622334e-01 5.299632868349873682e+00 2.429910811917451063e+00 6.151713072465549992e+00 1.006300127592181015e+00 4.331143245956233234e-01 5.386397370925376293e+00 1.828118239396773426e+00 4.313553060095270730e+00 2.863000252597899475e+00
4.193274082182892215e+00 1.442885111298648049e+00 5.598000495911382934e+00 2.098617996073584846e-01 1.469500386929750491e+00 1.120788002367269831e+00 3.823843083004350163e+00 8.753105166532363368e-01 9.950575779277502919e-01 1.237446183404032791e-02 4.431138789356282359e+00 1.121595610594951387e+00 5.912245622317919391e+00 3.907961592841407761e+00 6.104167578793503246e+00 4.254206601015403599e+00
4.365760195047147185e+00 3.137562166422191101e+00 2.092995246572594059e+00 1.969553849719114735e+00 2.702437018327807916e+00 5.774709029756856182e+00 5.255482412472080256e+00 5.374530111176026637e+00 3.741132195423935158e+00 3.745078778060526581e+00 2.885345140851430124e+00 4.010333450367723485e-01 1.350792080690256691e+00 5.174708120833500402e+00 5.016822233658804642e+00 2.815347500733960562e+00
2.201267865123857970e+00 4.974568441871831226e+00 8.589941454294490741e-01 4.024326404438231641e+00 4.261949595531332236e+00 3.006578677070383510e+00 4.700929563371873066e+00 2.149971088523494167e+00 1.016351978049880866e+00 1.239631381095507301e+00 6.969657565130727983e-01 5.808240598687571143e+00 4.773976102314340331e+00 5.981095380428431696e-01 2.392750977249601174e+00 6.158739434169170579e+00
3.630382022557676169e+00 3.755318152929733699e+00 1.059616752312179999e+00 1.433173267517391158e+00 1.574205031904127861e+00 5.047505462465055714e+00 5.811382661490749335e-01 5.926131669963170978e+00 3.123252668086019757e+00 4.029876989410756116e-01 1.903136953463514081e+00 1.613576836303602047e+00 5.880357695541363228e+00 5.487456540471262301e+00 3.734675281439837846e+00 1.947577528893841281e+00
3.488328566463033464e+00 3.589029381632927063e+00 3.001486159214054705e+00 1.825215858009813674e+00 5.989563340228507116e+00 3.595240437913123088e+00 4.960416457092207687e-01 1.596460698484136964e+00 5.230126266269636837e+00 4.146942286580604708e+00 3.185345961243978508e+00 5.106721891592105322e+00 4.426763359959320354e+00 4.820447057088841802e+00 2.443667677023563911e+00 3.408968042377417351e+00
2.816732417261071486e+00 4.339937701682337612e-01 2.537644012623079259e+00 4.712378945362561744e+00 2.392685111613616744e+00 5.061018573223407202e+00 5.522662572563241667e+00 6.151292816897455218e+00 4.998867051275025730e+00 2.693636987161796892e+00 2.209443048871043036e+00 3.725991875260483255e+00 3.774214991174536848e+00 2.941089073795943865e+00 1.669863083413352545e+00 2.973687931191506539e+00
2.622256201163114753e+00 1.752228793830768350e+00 3.123266020348915983e-01 3.678838764643538539e+00 3.761284288944130694e+00 4.677145645431262544e+00 6.473430606591293879e-01 4.298943425201250612e+00 3.724909618994451499e+00 2.829301371516781849e+00 1.710081573722013859e+00 3.582222986665335007e+00 6.047584825377028572e+00 3.542201647118558672e+00 2.264048242361863306e+00 3.754836955306372293e+00
1.786543053175273288e+00 9.371853480888946430e-01 2.497694382305179595e+00 6.094702454847841011e+00 1.522857713004390989e+00 2.816283747506294954e+00 2.087881292114168286e+00 5.103285381224089257e+00 3.278720566618889443e+00 9.311561133892128916e-01 5.949926301781313653e-02 7.088426002423895422e-01 2.337914536165252855e-01 3.631369813912352917e+00 2.337857148220402692e+00 2.618339884588553268e+00
2.772282531906741898e+00 6.726313164124411159e-01 8.906501452816896480e-02 5.238431669996097106e+00 4.734029666094146549e+00 2.903011439096925828e-01 5.904793504778714563e+00 1.508421022535870737e+00 3.620479034635622373e+00 5.145026372861698505e+00 1.139408456961142457e+00 1.368838245644010243e+00 6.142072400422044609e+00 4.497644774319753957e-01 2.716289138822010507e+00 1.335950226909740746e+00
1.159585908828566048e+00 5.818906511396204628e+00 7.790532452593444956e-01 4.052200683663150116e+00 1.612534982652522597e+00 4.977266463275914710e+00 2.642449481371967224e+00 3.867671964443911037e+00 1.863738568091407366e+00 3.967212799448728067e+00 2.811678149535207893e+00 4.015579830397564720e+00 4.484659069390160901e+00 4.209424802009301914e+00 1.014576177710004856e+00 3.770025607773658805e-01
3.652218864378838692e+00 3.423049327782976992e+00 2.357826241643790954e+00 1.510216066263731227e-01 2.261645009751717783e+00 1.975266065111822789e+00 4.288363028944551125e+00 1.878666839985334125e+00 2.177447322004037473e-03 4.164176948278975665e+00 3.741929105895083207e+00 4.756338029589139982e-01 4.957705795941888205e+00 3.910396829457435386e-01 4.537126516980563018e+00 1.214145782815913899e+00
5.022614943500447460e+00 7.383912486982641132e-02 3.153370541191988341e+00 1.405619338269294305e+00 8.401005081816359521e-01 2.960231964804346472e+00 5.792353897640025728e+00 3.361364507008234526e+00 4.866487370977290894e+00 3.915269638733590796e+00 2.055298703439381924e+00 1.777745537380126528e+00 2.439451951476706348e+00 2.030426634570959010e-01 4.492315238388496113e+00 5.233486391790798997e+00
2.104061092410488831e-01 3.193582044828259470e+00 1.299110923567563525e+00 2.642964622193320068e+00 5.909571472860812413e+00 5.215141948622222801e-01 2.883946467263731051e-01 3.659423754862453304e+00 5.509881176876563202e-01 4.829262828417749120e-01 4.102654694196326446e+00 5.172105091186563364e+00 2.873557612901231906e+00 1.388475103740631766e-01 2.480012892664025248e+00 5.026155526538236273e+00
3.335569637380186303e-01 4.383258700207512071e+00 6.142817772651507191e+00 6.245438041864738388e+00 6.113927139011777534e+00 4.052980874772905473e+00 4.138965424834553986e+00 7.804548786717151465e-01 3.022699729821984871e+00 2.838821978739155760e+00 1.764567984708058423e+00 1.287621196629951115e+00 3.114397699489978688e+00 5.149824951095728132e+00 2.712400446933274978e+00 2.994319709491886972e+00
1.017586836817833129e+00 4.645893655611478046e+00 2.876658906171504215e-01 4.826908727614998895e+00 3.325548845462572789e+00 1.981392620814259597e+00 3.428716948782738250e+00 3.566587646158974056e+00 5.610173298007842924e+00 8.605264539834439619e-01 2.721483485788600998e+00 1.274061327912102026e+00 4.240998418819299509e+00 4.653541188614638280e+00 8.499053350024137199e-01 5.196141527664377868e+00
5.600721063692014390e+00 3.199800276555627487e+00 5.413804708146884970e+00 2.707377599955371195e-02 1.030219308218916219e-01 3.998545908928815562e-01 4.554352729172257419e+00 4.148500321697463633e+00 5.912137031238126061e-01 5.527389736804471099e+00 3.573684760241202962e+00 5.159718937184214482e-01 4.011357321487063921e+00 3.711847939522832984e+00 1.044565229144185370e-01 3.486998590815815202e+00
1.557023725571136996e+00 7.694846441333624831e-01 2.083600067947200873e+00 3.255371914010156686e+00 2.596831149532265126e+00 2.406981857222025400e+00 1.507455001126623229e+00 3.183835564879118341e+00 6.174879860057988168e+00 1.250966503436343968e+00 1.965997660578750805e+00 5.432198218307317639e+00 1.510199655064821567e+00 3.578772990985532587e+00 5.350888797939751029e+00 3.086345834934796972e+00
6.108414306869285326e+00 2.274268517832665371e+00 1.425373464260389689e+00 3.974947408210714350e+00 4.438839914944145981e+00 3.362772734411412223e-01 5.865603328534462868e+00 2.941666319216039049e+00 5.942869088404449940e+00 5.946858961813390465e+00 3.267039636628928934e-01 5.765646054763287065e-01 5.482407906897260652e+00 4.626351811364228794e+00 2.152128127475630315e+00 6.806057974126376031e-01
