5.978220846420235546e+00 7.096156071481550809e-01 4.189046420571918006e+00 4.402151198474886229e+00 3.960104993718270627e+00 1.864303495199514993e+00 5.399581464922290408e+00 4.460455214739954322e+00 6.826996290471695206e-01 4.728804254205817514e+00 6.239144344400911812e+00 4.739227635677794481e+00 4.745521514150172315e+00 2.551665637072014992e+00 3.138879338302632327e+00 2.167496329078041128e+00
5.080330957997871266e+00 1.353918456246627322e+00 5.400037358695827017e+00 6.130900094140939061e+00 6.223332796446666038e+00 4.261612360896420704e+00 3.870979526384759506e+00 3.421347814080038852e+00 4.955073022302220132e+00 3.378692756428168575e+00 2.312213316451408041e+00 5.730664705647173784e-01 3.502942487827907847e+00 4.833168105998936426e+00 3.824099904907721226e-01 3.831114039410206562e+00
2.261219172568585289e+00 9.911819962562689046e-01 2.788036619156973317e-01 1.434531653690427788e+00 4.570135187910949526e+00 1.457649697037050274e+00 5.864927618808598808e+00 2.350331089275157215e+00 1.463221654785596404e-01 1.282781433425950635e+00 1.410501044141237559e+00 1.299942272664374787e+00 5.593912688362610908e+00 7.295256512627341650e-01 4.267535303759105503e+00 2.155132457340700469e+00
2.757761899033852604e+00 1.858297511529061641e+00 2.090111408869644194e+00 1.618371286929224162e+00 4.202779310576378435e+00 5.135959727826081789e+00 5.993415417870081363e+00 1.216906503305671627e+00 5.907283553868011516e+00 4.875281788667496841e+00 1.571229039555038565e+00 4.015298995881831701e+00 2.980237405468580292e+00 4.470267286055908507e+00 5.002715095405567247e+00 3.430567910539667587e+00
1.192777479023996001e+00 5.623550258286439174e+00 3.107856759876282737e+00 5.549865573827827525e+00 3.074735039692895189e-01 1.105903072079612359e+00 1.366234769701651253e+00 3.955552948515062006e+00 5.058519302004666152e+00 6.123303627286482254e+00 3.526720275998306064e+00 2.933043941940210786e+00 4.887604074034102908e+00 4.037955994391301040e+00 1.380204115329803471e+00 3.828906922874976360e+00
1.860231606887322142e+00 5.988124218252058206e+00 9.470666994678377248e-01 5.892722255620925359e-02 4.116924221423374775e+00 1.270523902578762687e+00 4.639560156098509580e+00 4.838040752439929371e+00 6.139803909783281277e+00 5.760353928684918579e+00 5.333354585414145532e+00 1.555554922202471158e+00 9.218923379643371163e-01 5.884881325424102805e+00 2.416147276836487778e-01 7.718443314850259585e-01
5.115249387302425177e+00 5.636085098068446264e+00 2.968403849475933942e+00 4.489798345613547070e+00 4.855143765657032873e+00 2.715143421644190536e+00 3.294060878896861499e+00 2.799052500849035230e+00 3.141075905045596084e+00 5.861561320098243044e+00 4.122711480625948610e+00 3.547571030009051274e+00 3.727110638485759964e+00 9.867242084042907591e-01 4.526092745847124732e+00 1.366095027277792529e+00
2.827198913271476322e+00 3.483447042457093357e+00 3.517843886080969984e+00 4.212979016630092666e+00 4.948044387891394058e-02 4.044438823115970472e+00 5.504194797542842466e+00 2.747654197501958162e+00 2.585502558440798460e+00 9.535295344578414989e-01 1.220106897684406499e+00 5.372952561304854768e+00 1.368051676822927831e+00 5.452899434955695845e+00 2.353539520441526811e+00 6.074173957158861548e+00
3.429128355301779063e+00 7.059941119484476613e-02 2.501819139404528158e+00 5.894828081158113520e+00 4.458980071055231420e+00 4.696660087969513953e+00 4.524368350891091239e+00 2.463969145058462207e+00 2.471230344453978489e+00 4.266743660138110350e+00 9.050425496151527360e-01 2.329394240987920028e+00 1.965009242695149982e+00 5.167429218341920816e+00 3.760306132884733810e+00 1.454065966568659218e-01
5.758613124908726455e+00 5.052468318468473107e+00 3.734723320718527084e+00 1.550680092357928919e-01 2.744357227161087764e-01 2.200027107356169687e+00 1.783983262761435373e+00 4.028101063744073396e-01 1.044197796432920322e+00 5.214213457762468806e+00 7.646173440764841844e-01 4.820096189537014020e+00 1.810296194991771301e+00 3.991204599939087938e+00 1.188574212330530289e+00 1.148242412847533700e+00
2.963496553625513119e+00 6.133328450960565448e+00 4.022889027689825703e+00 8.658796836178084266e-01 4.382284675876470637e+00 1.982318909042500021e-01 4.496731520650578684e-01 2.897975976493618155e+00 5.023963092631134941e+00 1.891097376116724238e+00 2.671114369044530257e+00 1.888290365761773781e+00 3.358179981571543404e+00 5.366350796004821788e+00 2.373390639425883575e-01 5.749292347722900764e+00
2.109535437249459910e+00 4.225662499825890706e+00 3.432637406915897582e+00 5.223517404692750610e+00 3.206882522848476302e+00 1.031644224633006951e-01 3.957958537097447493e+00 1.523800756085059271e+00 3.611790630010504710e+00 5.465117241030480244e+00 1.214731793978640173e+00 5.126542584832095351e+00 5.112076602187976881e+00 4.614316915041051459e+00 4.953927094036565393e+00 2.215542462575237792e+00
1.399080659102084345e+00 4.133583835944302898e+00 2.826203376893086983e+00 1.170884604195495671e+00 6.137653451819522488e-01 9.182466996995830577e-01 5.648416271819042933e+00 5.297313474864883354e+00 6.195521209650633132e+00 1.818787751199080205e+00 4.707363504755648798e+00 2.030717718554965412e+00 9.922945379630038198e-01 6.939883522893396384e-01 1.300311292330988966e+00 3.540228605708532594e+00
5.819380354748633799e+00 3.704356344886167829e+00 2.070432421028225445e+00 5.495822199234145167e+00 5.493205260244475419e+00 3.001650123288096328e+00 5.074157548985314570e+00 9.499201743484495530e-01 4.184818897692120565e+00 5.118203747710286855e+00 1.036059163302776476e+00 6.079013478243990853e+00 3.911314449010567795e+00 3.327129247133658652e+00 3.205037672476122257e+00 3.698621559708535678e+00
5.176007698585933348e+00 4.470821315685549746e-01 4.138848089004466324e+00 4.560793214743788404e+00 2.979161943420201464e+00 2.122633989034247826e+00 4.189679688821060566e+00 4.252188820942563119e+00 5.729153219444465428e+00 1.714024161367038612e+00 3.238675389863978626e+00 5.901735088983590671e+00 1.488922559907640331e+00 6.277939206513593717e+00 5.560913401412463486e+00 1.899192900068233048e+00
6.044001900393775273e+00 4.216796317442082831e+00 5.677025180668588966e-01 3.911906180470202443e+00 1.411717691088888671e+00 9.928435816994878316e-01 5.132678049286247379e+00 4.718436112188190812e+00 2.010532244811313873e+00 2.786413577340561831e-01 1.730966471632000125e+00 5.741811420769170837e+00 5.435122232077064020e+00 3.842483273575956204e+00 4.534703131037121970e+00 4.896398464095743641e+00
4.364455366624130583e+00 1.855102187609981801e+00 4.953919028732576418e-02 3.936166178430728912e+00 8.178856603365939337e-01 2.885282424027540316e+00 1.900190124141795556e+00 2.437029601103537058e+00 5.056845722703956270e+00 5.757789307288147640e+00 4.617644125420072854e+00 5.249202245920717047e+00 3.419425275080242854e-01 3.194455099550942201e+00 4.016839291554942903e+00 3.811197072204698943e-01
9.089367677645825427e-01 2.409723214689930781e+00 3.083747274334569521e+00 2.771972713782039133e+00 3.758427653033376004e+00 8.886177381060650360e-01 2.950722528849770931e+00 3.546147658166568739e+00 1.275298812024833639e+00 2.463307915830116990e+00 3.794156530284995998e+00 2.014253982390401987e+00 4.516857932975859136e+00 5.933201988379337877e+00 4.006641399467588016e+00 4.488971451230090892e+00
5.973764799992792973e+00 6.046769534165421511e+00 6.070777710006705519e+00 1.802702061129658917e+00 1.614431865152810230e+00 3.752491355986065091e+00 3.200147757055995523e+00 4.168797814505683874e+00 4.149043816812085783e-01 4.518120426754564711e+00 5.872192114754771985e+00 3.064091621177486680e+00 6.832637552747484744e-01 5.126338580514135046e+00 6.042903761792215001e+00 2.801304134594694073e+00
1.921047323855174627e+00 1.671376751625440124e-02 5.309872616199236894e+00 1.363614751649228074e-01 3.800226807589888178e+00 5.610958137721009820e+00 3.688253894465147287e+00 5.675926717089434526e+00 3.107752547106314545e+00 4.047446531856995655e+00 4.845389292594217245e+00 5.855168307056296761e+00 1.998214726102136574e-01 5.321151541739374657e+00 1.014739463415929466e+00 3.683161847859817595e+00
3.609842781412802459e+00 2.639268037218451823e+00 6.088822447830182227e+00 2.571476903129738645e+00 2.321908335868690665e-01 9.538642461062490918e-01 4.644311267505730534e+00 3.544949909124997856e+00 1.244506466349641904e+00 2.047916540358012849e+00 5.859712804897706739e+00 6.750494867496213969e-01 2.352776569095859305e+00 3.376959162758530475e+00 5.923498615087591901e+00 1.760490376829219272e+00
8.527354734451251250e-01 2.949219537946254022e+00 1.934691020060258504e+00 4.688047412611744402e-01 4.681243724235587322e+00 2.933709982274916861e+00 1.206067435322397241e+00 1.896769687189946874e+00 9.233923199760317724e-01 6.111569955501622076e+00 9.676786543850458555e-01 4.176072437777411217e+00 4.433091374420254027e+00 3.574815490481504376e+00 3.508084018861351794e+00 3.898048871408476224e+00
7.247297018571923211e-01 4.391202538801974420e+00 5.437992679465320833e+00 7.164919863113192733e-01 1.643362149867879207e+00 2.620873464611228609e+00 5.739627439191622216e+00 5.047975612918769173e+00 1.406386551015782915e+00 2.518679222891017852e-02 2.823465537735455388e+00 4.745849063695056991e+00 3.185022421774899914e+00 2.718004317928534697e+00 1.275010024592716951e+00 3.437546890919167097e+00
1.029843174860225030e+00 9.738773452297154742e-01 3.778376703675627724e+00 5.954780469011153876e+00 5.743028065126381421e+00 5.725673737622504200e-01 2.780120232747614217e+00 6.121826755690525701e+00 3.593767309057071202e+00 5.910262954988587669e-01 1.426184585199915755e+00 2.004223561173163137e+00 4.919458032893399668e+00 4.748530955017165489e+00 1.585945976292771675e+00 3.761311597724750211e+00
2.188887396897694515e+00 4.652099549421252256e+00 3.252137435710395152e+00 2.689856646458738343e+00 2.708796671394706479e+00 3.237770991496945694e+00 1.663086704752226419e+00 5.665974018470437912e+00 1.661900890638291939e+00 1.475687413491302058e+00 1.833984694854999375e+00 2.704371626281945495e+00 5.756505432918905818e+00 2.910554132399176819e-01 5.503733285229728267e+00 3.061369869953766365e+00
5.710063758985228777e-01 6.021375397862160916e+00 3.618007871116522889e+00 2.724235072321040008e+00 6.113824668287211495e+00 1.914026709156750217e+00 6.876234398799957459e-01 6.223831115351470267e+00 1.726023737635463240e+00 1.647094745015261763e+00 3.322996199840327680e+00 6.080993419923868437e+00 6.203480183128005976e+00 1.276914983710785434e-01 2.412327542681910408e+00 6.604361625842855021e-01
3.398912000983954407e+00 5.922687183768796437e+00 1.116797266472307149e+00 5.994430764786043753e+00 4.926920156455241617e+00 5.086839167636211023e+00 4.641807001231942564e+00 4.254767091100443710e-01 3.857435073918760171e-01 4.877308115962168955e+00 9.062658997298296271e-01 1.695721286205430500e+00 3.647206498808356123e+00 5.941516927497850986e+00 5.804039135279910333e+00 3.407684217693855100e+00
3.583190539594587332e+00 4.075410440771332077e+00 5.401193467332938702e+00 7.750245660053185492e-01 5.150116462261809858e+00 4.887564502079377426e+00 2.468741953153267943e+00 5.233692385110547463e+00 3.388175822442494045e-01 4.169392882654038957e+00 1.653057520914745226e-01 1.650576158996357901e+00 3.188321739193110016e+00 2.163526810222698771e+00 4.846032379469508378e+00 3.945605065936796496e+00
2.763149569848294629e+00 2.723754549773269584e+00 9.571660926813864434e-03 2.408446048255426408e+00 2.948519584494879719e+00 5.217073031426596508e+00 3.863945972863514822e+00 3.010526563756121821e-01 9.053314216499879219e-01 6.254114720913467984e+00 3.978783600209898630e+00 4.065676848247149699e+00 1.088791580357398647e+00 3.047622194950146302e+00 1.242215490245553333e+00 1.732319883404967564e+00
1.255604130471655422e+00 4.534638730985026456e+00 2.972817977553899205e+00 6.013748004430736316e+00 1.673512826641320173e+00 2.602145179846636402e+00 1.333770895008154378e+00 2.167036340625392743e+00 5.065302356825800878e+00 3.284267466978103123e+00 5.377415855496606056e+00 3.627656733933927735e-01 3.774342124610148730e+00 5.745005786652354729e+00 4.017934099614943300e+00 3.337559011430118794e+00
1.855816310506098299e+00 4.909149546624719251e-03 8.131980575417865342e-01 1.157924800179604752e+00 4.945614528542309429e+00 4.425655295175300985e+00 1.499395835552893796e+00 4.232461764139292093e+00 4.696485125829508611e+00 4.198805116462112075e+00 6.133107854973992801e+00 6.187917655936154837e+00 3.360559146746660897e+00 3.706930938845029111e+00 5.099899188041026932e+00 2.923273537248489262e+00
6.235886324411875847e+00 3.721868826136398134e+00 2.682344244830578539e+00 2.859704959403412516e+00 4.618477580826555240e+00 2.594901554484819517e+00 5.019568139335581769e+00 1.975902272363003309e+00 2.521707812417642636e+00 7.814987295179791627e-01 2.623974032882446572e+00 1.661078870212947756e+00 3.377835154725055133e+00 6.230435009878284441e-02 1.456250863568874787e-01 1.522184144807309014e+00
