1.643439300185056462e+00 5.075946564470967814e+00 5.857574643620409915e+00 4.426917253335718172e+00 5.665711860193841432e+00 2.612859280579110433e+00 4.928998768150557375e+00 2.154130664757337943e+00 3.873238032205136516e+00 6.273928070513290933e+00 2.212758854713077206e+00 4.477575226167239464e+00 1.949644086732473525e-01 4.686780088867221750e+00 6.168474850721109348e+00 3.392145584411997650e+00
1.307197637911553745e+00 2.505994923522301576e+00 6.208373873207058580e+00 2.752702628129879869e+00 5.564686971338471011e+00 3.332061073230067894e-02 3.764225009692642843e+00 2.787471189962453244e-01 2.547729499913820028e+00 2.025480312530063554e+00 1.665421149114122867e+00 1.161476127421676052e+00 2.882395212694606190e-01 4.104788590259144776e+00 8.158468494793411629e-01 1.202694108128804951e+00
2.667384543118139106e+00 1.993113437086062367e+00 3.897094577017591099e+00 4.083822803017606695e+00 6.101991779957137929e+00 4.333876478893315287e+00 3.724614139467275375e+00 2.276540476736060636e+00 4.999057373291472040e+00 1.904879672094890841e+00 3.881991488972186044e+00 2.898033615299738130e+00 2.680547982874225799e+00 4.415652312811549685e+00 1.125525210189999736e+00 5.926551936765264372e+00
5.029483415074445851e+00 9.137906980542654933e-01 6.593708066751350350e-01 4.505368633446781956e+00 1.584978202583435802e+00 1.013887617276415076e+00 3.483650628288109896e+00 4.245108915223848811e+00 6.083855506594274765e+00 4.002997628464728841e+00 3.924063517617942587e+00 4.206846519258196082e+00 3.385506908913888946e+00 1.344951428386989278e-01 3.087838263105292302e+00 7.997645518766000050e-01
5.680899588898150832e+00 5.404030174181246871e-01 1.043685230236082173e+00 2.586439905938879402e+00 5.926172994958593954e+00 3.775023419626173382e+00 1.221866342934551541e+00 4.175044934938030750e+00 3.455278439600381724e+00 1.487224686730796774e+00 1.253541688615684935e+00 2.759571097901214465e+00 4.306613998580774094e+00 1.801349520339319055e+00 5.182222072783904565e+00 2.343754560961142097e+00
1.641309374498915785e+00 5.341567287413682585e+00 4.790116340383567817e+00 2.249847927952254967e+00 1.465670569190222983e+00 1.103938451660356534e+00 2.897966104101892815e-01 3.465578839056406402e+00 1.385866902637579445e-01 3.557557993446565980e+00 2.497968470490536941e+00 3.847949017881340694e+00 4.012424645294324854e+00 3.596738246681781881e+00 5.181753115850473712e+00 2.982052419590168757e+00
1.068225117295300702e-01 3.402594051109358197e+00 4.247402688453411734e+00 1.448077932937404499e+00 2.581462166359518307e+00 3.553760811582752144e+00 4.073739274293194157e+00 2.816138203780552907e+00 2.627749510477924044e+00 1.463515515635312347e+00 3.784559473493933623e+00 1.614720850577902933e+00 6.650274962415997360e-01 3.130093952305773808e+00 3.601156678181693049e+00 2.642572403895150579e+00
1.668894587644643046e+00 1.598066435384732031e+00 3.723146212987798798e+00 2.955864539892793186e+00 2.320608001661079722e+00 4.860479523043666816e+00 2.269831072995496246e+00 1.935755283368162605e+00 5.628938561917589567e+00 2.355944876810847521e+00 5.993109216773267356e+00 2.046186123367929710e+00 4.331795497507735959e+00 3.137952884928184805e+00 4.373347694767796945e+00 3.730133688042631235e+00
1.769689067065227217e+00 3.612942318445234502e+00 5.393529076657774368e+00 3.110427021688264571e-01 5.365480948118661608e+00 2.466077191414760783e+00 2.176993079580321400e+00 1.860565917584887208e+00 3.971839812665444391e+00 3.183242913500189619e+00 2.063890026149131529e+00 7.047236921498475359e-01 2.045418588894569289e+00 1.480583515702953212e+00 3.642168087972238233e+00 5.684745964711803268e+00
5.759826774016261197e+00 2.710647208736332470e+00 9.993388581058897380e-01 1.898035735387246126e+00 3.153842953071085198e+00 4.711268342124427910e+00 3.164217482589461450e-01 5.633202675301688167e+00 3.430728559197089744e+00 1.385448258237586661e+00 1.412982013276244508e+00 1.910408169256388122e+00 3.962924817909309727e+00 3.325651424890368801e+00 1.654053966002204223e+00 5.374253992699017379e-01
5.754783057454303297e+00 2.178683307109093192e+00 4.089066355409041620e+00 2.294109475267307463e+00 3.529656347619773094e+00 2.717166248868327472e+00 5.334030350982046365e+00 4.502174823043782581e+00 4.451393404600211490e+00 2.515835704310077858e+00 3.376133265470649736e+00 4.830677822256634890e+00 2.615097178480034756e+00 3.216237171398165007e+00 2.180601856473865396e+00 2.356635999585624752e+00
3.333663758374687536e+00 4.295005688952842071e+00 5.205489526370620901e+00 5.486372806584905781e+00 6.178796111425739035e+00 1.559344002230002690e+00 2.974511688849857283e+00 3.936813043345861463e+00 5.096897681839277716e+00 3.715457112664383388e+00 3.885098598818687576e-01 3.166900502939253848e+00 9.855993266505368444e-01 1.957666234537867700e+00 1.773162081042147342e+00 6.149136479746884376e+00
5.476685881570610093e+00 1.020362921280895563e+00 5.669434340254220217e-01 2.531667865556629371e-01 1.607587988930009093e+00 4.455162368540298345e+00 5.295226340924114261e+00 4.512395971068563050e+00 1.532476259082239389e+00 5.325306048253959368e-01 1.826623185215674239e+00 2.163530481308924891e+00 4.837713704776867019e+00 2.285131560658147709e+00 1.056309107468214048e+00 1.444408134512870923e-01
4.935835154095328803e-01 4.416990583379519997e+00 2.903053035184143926e+00 5.468637018877506861e+00 2.108431018086389219e+00 5.789151056319592037e+00 2.467877880262185908e+00 4.074654350762872745e+00 4.886158826465264227e+00 3.752109309599125808e+00 5.292434204857465296e+00 8.318806239365647004e-01 4.942129462153802777e+00 2.398474395344265542e+00 8.878793683225869593e-01 8.468660498982781837e-01
5.353506484269573207e+00 5.857915111912531003e+00 1.065419936248739985e+00 3.900274515232753814e+00 5.589475462993431343e+00 5.523144605585430078e+00 3.880625199858873664e+00 2.338195983938535782e-01 4.300894710842107393e+00 6.124478061972906673e+00 1.072342852508957611e-01 4.918854789995775967e+00 4.449413718093510717e+00 6.037115514812131378e-01 3.634118858330976476e+00 4.908171476321745885e+00
1.397767043698605605e+00 6.124047965582021469e+00 5.151526986706820743e+00 6.056487602252226488e+00 1.941168488244674251e+00 5.340959150784347464e+00 2.977829352123960938e+00 4.053611693828732321e+00 5.397324043959300433e+00 4.757292923093200260e-02 3.217988394240609562e+00 4.268771271453371874e+00 3.209433493248346370e+00 4.258002771967718481e+00 4.572193463701820448e+00 5.428706140650082501e-01
4.288035853477599524e+00 4.580914881274261496e+00 1.841506959258860099e-01 2.850074721366179009e+00 3.732660875918288212e+00 3.219989586606399001e+00 3.732851948366680883e+00 1.147445157476910449e+00 5.944018983388975608e-01 1.238390882130261827e+00 1.736044903113471038e+00 3.292178613666516096e+00 4.002703927068921530e+00 5.179335508180572534e-01 4.952748716746514290e+00 3.341129384684163650e+00
5.436984221365902314e+00 3.128839644174850054e+00 5.231913971616382497e+00 5.142389639576418148e+00 1.066053647079197308e-01 9.503128368978234208e-01 2.431119925095011958e+00 8.483378765414625322e-01 4.920938913205649357e+00 6.095978309960385033e+00 5.203963501122244040e+00 2.680703603227016618e+00 2.670457690758013314e+00 3.213622176148738241e+00 2.038409954771061017e+00 5.829686682485510474e+00
4.049483305432070246e+00 6.133272715567549049e+00 6.022264333889464361e+00 5.638751986972963870e+00 3.685363183992496072e+00 1.004266666415997156e+00 3.903726438816053967e+00 4.712056366556705456e+00 6.061770721511646975e+00 2.576417248594626397e+00 1.331704712301100324e+00 4.258012482533351850e+00 3.643633239179979277e+00 2.647696626946792531e+00 1.085498494645961598e+00 2.805633358682032785e+00
3.358178300136756445e+00 5.397389299878327940e+00 5.892119581913422444e+00 5.959890968995288141e+00 4.041886532478967453e+00 5.869730175947323048e+00 5.470513677480891346e+00 4.477986953640646917e+00 4.415649501925797082e+00 5.128227702857513393e+00 2.891045371506917316e+00 5.128104176121150992e+00 3.252310044369374875e+00 7.688512736589435403e-02 5.516197266788502418e+00 4.518908171510601868e+00
3.422843951128917261e+00 6.040462497970428224e+00 2.147048190547058866e+00 4.384536166696060278e+00 2.601954499245682229e+00 2.855165221643064299e+00 3.013301559356153625e+00 4.470617946387926089e+00 4.783282870006216214e+00 6.009880795501816309e+00 5.566667855043878177e+00 5.741583980159052025e+00 2.918969795410860435e+00 2.752801568509299024e+00 3.230119868317001153e+00 4.792194957881635631e+00
3.332073191508290400e+00 1.261077818990105293e+00 1.877616848933063798e+00 4.544988990820041153e+00 4.159107443576031571e+00 6.096393703765799366e+00 3.794890938824626136e+00 9.302701949147388349e-01 1.509042791905718328e+00 1.236246447424431683e+00 4.625973357721881563e+00 4.496234668494293985e+00 2.629606876626917611e+00 2.640778479082792174e+00 3.236388470808713613e+00 1.279164530418986256e+00
5.587815905983919862e+00 5.652152831017975387e+00 1.466374943089046479e+00 1.410809084059757579e+00 1.789265474427441216e+00 6.164331732467004166e+00 9.905990259115580177e-01 1.996007392908390798e+00 6.555442552820190949e-01 2.935834496344837952e+00 6.180534264112095499e+00 5.281203187149697165e+00 1.680138767762028529e+00 4.864298438218757070e+00 1.539015201132464039e+00 2.839531480670729913e+00
1.707991197443029519e+00 1.503396967992162825e+00 5.845803081359849607e+00 3.935233327157998118e-01 2.939309217276918407e+00 1.047673475486966765e+00 9.009497745984907935e-01 6.259171998778557899e+00 3.770682917243556087e+00 4.569406790511723493e+00 4.087344139383585429e+00 4.959435894739741890e+00 4.422561432794616110e+00 5.100190552407207534e+00 1.027084519498387083e+00 3.449413401221387065e+00
2.292192326559119309e+00 6.255727832741596828e+00 5.123743398860628240e+00 5.931127856478526361e+00 5.294557931675980100e+00 4.533407538961482075e+00 2.018483475660534099e-01 4.512390719839224573e+00 4.479344028906750985e+00 5.171240481800975175e+00 5.168115633892418792e+00 5.814567927413818005e+00 6.214074846766257210e+00 5.205738110149458642e+00 1.665858369248119919e+00 2.251038913572650291e+00
1.446271408697763716e+00 5.493271441592171733e+00 3.292346911341308413e+00 3.104723202345651134e-01 7.288181559225802575e-01 4.665415127858801192e+00 4.342138576206101774e+00 4.145720125092654529e-01 7.044687135918521470e-01 3.360379099705444350e+00 5.505816343831844151e+00 5.458458352806235814e-01 5.510598700826076168e+00 8.412402375379082198e-01 2.077480543374486288e+00 7.524818220849166517e-01
5.295385901743811630e+00 3.203614324303817540e+00 4.324915040463264582e+00 6.277883172444895798e+00 5.803188800013174387e+00 5.034021816690754214e+00 3.917041251856693496e+00 5.225069161727334155e+00 6.164113910930280049e+00 1.951474317643778100e+00 4.050454499565666389e+00 5.571987693997928481e+00 3.360492349718263050e+00 5.875620890197793322e+00 2.594489973446543196e+00 5.020103647372165412e+00
3.030525340618508867e+00 2.036024860640380574e+00 3.831690864514911699e-01 1.587146647229532581e+00 4.824632622583838071e+00 5.715794712805188915e+00 2.043239889626655148e-01 5.598334696342304184e+00 3.282071192349012456e+00 4.522070324146617359e+00 4.769335986061565613e+00 3.264147648055963913e+00 1.753618431441845260e+00 3.862185049263775483e+00 2.371147249100319099e-01 4.119808888176406114e+00
3.586822306481161959e+00 2.798535821138778079e+00 1.506916102439091132e+00 3.780222033141964033e+00 3.545644900487888052e+00 2.620287375921126927e+00 1.539297565193079143e+00 2.777651066377789135e+00 4.753041279380156858e+00 3.583779591342173276e+00 3.573215831412805521e+00 1.450880011043817475e-01 1.525049980828556251e+00 2.067530780954291103e+00 5.972721776093587565e+00 4.888689115888061210e+00
2.445177439882123327e+00 2.030922726864417438e+00 1.808881193663173237e+00 1.733159231463623495e-01 4.177375069418181930e+00 2.912397422857293083e+00 5.757836336809035727e-01 1.201308569070155263e+00 4.264012501472804750e+00 1.121270941029350654e+00 1.828411882882867712e+00 1.853625801592854394e+00 4.529866479269029966e+00 1.894829279878228911e+00 3.315256406458658489e+00 4.787895065967370023e+00
3.359406186390350602e+00 4.327003074620349388e+00 7.265099083342632103e-01 3.593669213488392966e-02 5.544245302952243826e+00 1.632143556117711114e+00 5.606120872712618386e+00 7.198335592812231398e-02 4.134070914743456782e-01 5.744895744981381114e+00 3.574795198664581619e+00 2.337546800059691066e+00 4.946824660509713256e-01 3.878863837074885801e+00 6.136019399194909241e+00 6.228597618938087166e+00
3.209841219776202959e+00 7.629233483226465218e-01 5.092465575534489197e+00 3.169003778130553339e+00 1.318851829414923849e+00 3.246765423643168891e+00 3.333250992149186853e+00 3.981408597414437534e+00 6.659948556426953381e-01 1.753496502736995755e+00 3.084948460122089564e+00 1.974995722547664201e+00 3.524928038825604348e-01 3.508689396106950298e+00 2.323205129562250781e-01 2.139077844524133187e+00
