6.205243877082448734e+00 8.346782451544565440e-01 1.841227668475891921e+00 5.710554500658435728e+00 5.035182919505143850e+00 1.651565985889704935e+00 1.713711748599662688e+00 9.976773453491263322e-01 3.321220406664718183e+00 5.712161958427869557e+00 2.649443143179602611e+00 6.079834258837499839e+00 5.680682556120111748e+00 1.264975525617965779e+00 2.696844741735703099e+00 5.122379025881701686e+00 5.975735842316060697e+00 2.116487924051698499e+00 4.071510288409717071e-01 4.553745713320716426e+00
4.398287280056166537e+00 3.806475964911506082e+00 2.399488790716536091e+00 2.440106592186970680e+00 4.239929368022878009e+00 5.771859476542148926e+00 2.969822340162396657e+00 2.071666254852229661e-01 5.823337732531988387e+00 4.222637797636799917e+00 2.131154081784571719e-01 5.262143804882254194e+00 3.670875687931162368e+00 7.563818715233849854e-01 2.765662297064331199e+00 2.376871099774515717e+00 1.621303106065961952e+00 5.388046115840587014e+00 1.148943179200883957e+00 2.367610670213708135e-01
5.461010989451380304e+00 1.054955240194787480e+00 2.591168758242024417e+00 3.416856360289625805e+00 1.854024394713603918e+00 5.515527360333481788e+00 2.140482873721390733e-01 6.012457968731005131e+00 1.453170415537233584e+00 4.155862408782565964e+00 5.580366876139080112e+00 4.953501592744160575e+00 1.624029229359364779e+00 2.546074832773365770e+00 2.450189357497776221e+00 2.998703261859955393e+00 3.190376510672300103e+00 5.547064399373917709e-01 2.957776459907646149e+00 5.062937242443531716e+00
1.107257889990300725e+00 3.763835845057272422e+00 6.025255816253406671e+00 5.533392351033597834e+00 3.512670843582851088e+00 3.463018000438968791e+00 2.795236004489031867e+00 3.605748724587750420e+00 2.420823403059472856e+00 1.341198665507651988e+00 4.627380181404387116e+00 5.289781389702833181e+00 1.935667815386979296e+00 1.229347700755922368e+00 5.898467193608439629e+00 3.890384964275267698e+00 5.318317575824131893e+00 3.585676167253703195e+00 5.931119422749326020e+00 4.107767491789640957e+00
8.169630961759353216e-01 1.486569168605704538e+00 1.850386129783100131e+00 2.059207877186526314e+00 2.950648110054383988e+00 3.544635194721343030e+00 1.131996237211772449e+00 2.495059937763582369e-01 5.711600760543189104e+00 3.824546317441892107e+00 1.049848606160008746e+00 5.865069448172712363e+00 2.519561441053908002e+00 4.888923107447652683e+00 1.428037804245289921e+00 5.120544630033880829e+00 1.083272701945670269e+00 4.325310442886207696e-01 1.252403876190476328e+00 4.264416216562634254e+00
4.369530065260139651e+00 4.741522095417693983e+00 4.974147776972881907e+00 2.820331741398539815e+00 2.951737214032594814e+00 7.417288779636018736e-01 4.888574981431624167e+00 4.538726747249077320e+00 1.147278668712265581e+00 4.920339412477768626e+00 1.927852656656944719e+00 3.711961845339621036e+00 2.713812893753882793e+00 4.259701635775973827e+00 3.685151475422403067e+00 3.700572280150201010e+00 3.144948467238661838e-01 1.928374127036368013e-01 5.644714283961659085e+00 4.477962134396418215e+00
2.691478969309660130e+00 1.381162944691351202e-01 8.432291117517448642e-01 4.891870435526348260e+00 5.807031317081817967e+00 2.776877968872543789e+00 1.834283150926286021e+00 5.858732836100140062e+00 1.259525861258887769e+00 4.435004254235772159e+00 6.250454567426003472e+00 4.141491600405482920e+00 2.317243420708949841e+00 3.858912076748600040e+00 4.580178820373510540e+00 8.844521358808227207e-01 5.229269458973471174e+00 2.274094106949285710e+00 1.431552203260458844e+00 2.369440258013170375e+00
2.538034739967878206e+00 4.873207288397337078e-01 4.814373610098336975e+00 5.801903550409052146e-01 1.525529362675921652e+00 9.810433634833521932e-01 2.475045630593816881e+00 2.071795082230139862e+00 4.040837584444776809e+00 3.636681796486769702e+00 5.829528206653762368e+00 5.539029795784541577e+00 2.529503790208408098e+00 4.530890090370435885e+00 5.923866748042790675e+00 2.073637163051329946e+00 5.681594149785175851e+00 3.368859700313500127e+00 4.014714852515133714e+00 6.094861433591611366e+00
2.429166153491317814e+00 3.190658839182318296e+00 1.784889008481982620e+00 5.180977458448331463e-01 5.025467338431594655e+00 5.808364816923896612e+00 3.243877253183272025e+00 1.924118938398768686e+00 4.615029120268956397e+00 1.570542157178052900e+00 1.554018675700814756e+00 3.462872840214185288e+00 3.108503348326742799e+00 3.463301688403806367e+00 4.455794478658591906e+00 3.980236694599680991e+00 1.354916472906000813e+00 1.879082642593253638e+00 5.190951966716305321e+00 2.123525448472191268e+00
1.092714819000492277e+00 5.900006897837620778e-01 4.309047269446906192e-01 5.539853582433783785e+00 2.534127580828121395e+00 5.274517477212809169e+00 3.340108657425471694e+00 2.861058354634665069e+00 5.041018263871798410e+00 3.347833651056583371e+00 1.645879726744032601e+00 5.194751605602179190e+00 2.739756661326934850e+00 1.032245734800407710e+00 3.796241210881583505e+00 6.202707426035623861e+00 6.128437179576720517e+00 2.678597358194936273e-01 2.812729031043534889e-01 1.648989516817444656e+00
3.844382064130051457e+00 5.362281172410585661e+00 4.973010368821112692e+00 6.214513375615672075e+00 1.624062807065036751e-02 3.757920186832949927e+00 5.413231055246501278e+00 3.621142736324570510e+00 3.559663836841028939e+00 4.464163238601291717e+00 4.415709393500434565e+00 4.513493595005094505e+00 7.483850713256213760e-01 2.767000829281043295e+00 4.035557992759179591e+00 3.265373154953425949e+00 5.702343463454876193e+00 5.889072402299987630e+00 3.557256411922780082e+00 1.330838169638266510e-01
4.995932014306935898e+00 2.194851222511367439e+00 5.563670774305847999e+00 5.996400632005142173e-01 2.651058123234474873e-01 9.903810328180724376e-01 4.075410418520204026e+00 6.011244966757466557e+00 5.151671194345904148e+00 5.381549008126531142e+00 6.908311832534276276e-01 3.291767350403277170e+00 5.245691897596750586e+00 1.058025777484587204e-01 2.061603448972888497e+00 8.541128102990278581e-01 5.242722414757814420e-01 1.007044977114080364e+00 4.383930784983159912e-01 3.940457778970675395e+00
2.290519551834594214e+00 1.514681595682906057e+00 2.002167314296159906e-01 5.767713160981069898e+00 2.784092253451817989e+00 7.473096899913647118e-01 2.888331172152919901e+00 5.414496235946892888e+00 4.060054120415588663e+00 6.262752162169492820e+00 2.764488729555380164e+00 4.637064037297772501e+00 1.044563507404062674e+00 5.768281248644465009e+00 3.055176612536753655e+00 2.036125862664354802e+00 3.149305818229724441e+00 5.245591161896738797e+00 5.878490562188464885e+00 1.384721379183277756e+00
1.806292105111040103e+00 5.855523719832113727e+00 1.166889397471599255e+00 6.064218644753517573e+00 4.226613813115127627e+00 3.245192899872603398e+00 2.233906646012416175e+00 5.858079668767956605e+00 5.883173087943912805e+00 5.832694296738377027e+00 5.813592125044468872e+00 5.658971240366878597e+00 1.127407533393599115e+00 2.824372823709545344e+00 2.015517981650949142e-01 2.292881550844180882e+00 5.468397445641332233e+00 3.765296643829010304e+00 2.915285694961583740e+00 2.087963721994993804e+00
5.797609808138872722e+00 5.988042795503987215e+00 2.962330533365676200e+00 7.705795458953013100e-02 2.911608468051896104e-01 5.114214307278694527e+00 3.988508327937966946e+00 3.923970338022523485e+00 4.945369533790694994e-01 3.297714183758148732e+00 5.666808310391816761e+00 2.298455241027308915e+00 6.099000239126541878e-01 6.394777389764997322e-01 1.194491219052538744e+00 5.297704428927094256e+00 5.470761801811017122e+00 5.688600733721702163e+00 3.275517325610960206e+00 1.917304939501861982e+00
5.808665690557640815e+00 1.819279288452592791e+00 3.269185156200001163e+00 4.088425959390874276e+00 5.267474542576426888e-01 2.063401303204975279e-01 7.602799941703216602e-01 1.701059922059845686e+00 1.363035383776330933e-01 2.495911721910005099e+00 5.610990559655321341e+00 1.163414949253067210e+00 5.506814556879192857e+00 4.676915833904744524e+00 2.450747677153519710e+00 3.645807498133835090e+00 2.919125476944789188e+00 3.758010553875306137e-01 1.522184231724373227e+00 4.005144358996844289e+00
3.620822907777826227e+00 1.212975592296230420e+00 1.591151078431347843e+00 1.626898425052247354e+00 3.105658771848931465e+00 2.855131132581337550e+00 3.874643569640469298e+00 5.250929087808668960e+00 6.236046244956204632e+00 2.327998289224963990e+00 2.505628701402610403e+00 5.199391205321055587e+00 4.173699789985235498e+00 1.142540298274346000e+00 5.725693754476348651e+00 4.352851039615727835e+00 4.869808796765051184e+00 5.846065562421091322e+00 2.509718060539705697e-01 5.955263532306503294e+00
8.020156276004716256e-01 3.872419151352032962e+00 4.759275738371454345e+00 3.568783307217655854e-02 4.253935561360954409e+00 8.171192782266994969e-01 6.068846210443503697e-01 3.503057325399140609e+00 3.707164533374529558e+00 5.414432175019051385e+00 1.731445419706911792e-01 5.358073061444999396e+00 2.902747500201157571e+00 1.917545182759095468e+00 4.016871593328662726e+00 3.703342436052182052e+00 9.295016271460442292e-01 4.830867855692072332e+00 5.612809694660271020e+00 5.490100104015271931e+00
4.813240768301397132e+00 1.508689674705297579e+00 2.867997727508661665e+00 9.708629338277283694e-01 4.032604231694497443e+00 3.102155094234854360e+00 5.242852533526368930e+00 4.842660615823586312e+00 4.045164107781427987e+00 4.545027852041780392e+00 4.286485916211583813e+00 4.282965488695285039e+00 2.348102363505436774e+00 3.009471362291382124e-01 5.737935191276506419e-01 2.981997140684167213e+00 3.636197169879072266e+00 5.024982713718702421e+00 5.239220494680546736e+00 3.080994990500603326e+00
1.126149538478089296e+00 6.032217386839060502e+00 4.801999878410538436e+00 3.504481832729347879e+00 6.106650491797522839e+00 1.337023613262967148e+00 3.633594699049592869e+00 5.587748390732423687e+00 3.451243438800120078e+00 9.274399629063373451e-01 4.938889467411021528e+00 3.669414212021656851e+00 4.279050190548716048e-01 1.834608056305388812e+00 2.931091983109885390e+00 5.664770976891110976e+00 3.063342386074417334e+00 4.615342219083140129e+00 1.368387144782468923e+00 1.462861426912871465e+00
3.135474154573823502e-01 3.256360683141276802e+00 2.211374374438613621e+00 4.240353542634319517e+00 3.051927867730496402e+00 6.700003003545036417e-01 1.101002833702499517e+00 2.545158273405705995e-01 5.343425456999206347e+00 3.093525536600759018e+00 5.950355966800034757e+00 3.475882487570365331e+00 3.114924951878627279e+00 7.993616027683360103e-01 5.318566369149237971e+00 2.997897135002521640e+00 1.441786218707121980e+00 1.363562755636211099e+00 4.201153024315124718e+00 5.557040105445037348e+00
2.948180291209197001e+00 4.287745119750854705e+00 4.752950092582445940e+00 2.802942808667753471e+00 3.157682977963312876e+00 4.499004662957461598e+00 2.145780653861205423e+00 4.858302133547280910e+00 3.640119376979095378e+00 7.868462929205850553e-01 5.220532075690354823e+00 1.413454804145412691e+00 4.321315747611281233e-01 5.611462323909671035e+00 5.735662670839039023e+00 5.442835355134405972e+00 1.027522059424878842e+00 5.623587546329710030e+00 4.332724859060220091e+00 4.260066997808254818e+00
1.053565712605379012e+00 3.076310573423287842e+00 1.423716441609419681e+00 3.527202968021258656e+00 2.325269685069811576e+00 5.920126871993955930e+00 2.232064703583995779e+00 2.476775932976241545e+00 1.122743496498946891e+00 3.301634410880447845e+00 3.853776952948483103e+00 5.968748987789211036e+00 9.087000509882096067e-01 2.735027226468504491e+00 5.677703910289343625e+00 4.008450548468365682e+00 3.071565485348058289e+00 2.194517539264694062e+00 3.060108546283922593e+00 4.851523191732111329e+00
3.606382782137688814e+00 6.170942968803341699e+00 4.371206792053601298e+00 5.773455005525282679e+00 2.796919858465491959e+00 2.034548118729647470e+00 7.965944014399430895e-01 5.509650595141704521e+00 2.383925998934529389e+00 3.820665689270841270e+00 8.834067785037321707e-01 4.081338642844686504e+00 4.330097392541779833e+00 6.105966629177514093e+00 5.924625159346890158e+00 4.151822951953973551e+00 1.680351385356315674e+00 6.225371491662852641e+00 3.660451060552857516e+00 3.742763913325659608e-01
2.227855469950366984e+00 2.555176650641979741e+00 5.717453621864518887e+00 3.714322797481177107e-01 5.124295437408859399e+00 8.185373054247133684e-01 5.376353992764642875e+00 1.415699017666854242e+00 6.003859339309736143e+00 5.384046010834968143e+00 5.227499966086508465e+00 2.896851397288017882e+00 5.711521027617179946e+00 1.560316073711520701e+00 5.068948417449392174e+00 8.321161846820939179e-01 4.932884525808436393e+00 4.829188281853787679e+00 5.311749171725020702e+00 3.723375428862334413e+00
1.583649336275296804e+00 5.465695134356939988e+00 3.353208920107216162e+00 5.613705058422622685e+00 2.170036610892399853e+00 5.698447956833690320e+00 9.819716416190157338e-01 1.621900909407183233e+00 4.553200069819330231e+00 1.656605983019393102e+00 6.218702240209889709e+00 4.921441049680598034e+00 1.115657969529728177e+00 4.025056146638982035e+00 6.222559578572406380e+00 6.111281552937728456e+00 5.589113366036772668e+00 2.639897115088734925e+00 1.697587401171918309e-02 5.291088794834685416e+00
4.577335863094491586e+00 3.882128456049782073e-01 4.725721692913817051e+00 3.763165071850128385e+00 3.916319394435266332e+00 7.250153423242877704e-01 2.468777156485749136e-02 2.323319618473288273e+00 3.005453255954370073e-01 2.786373305702533276e+00 7.926914365560776554e-01 1.357981934880473140e+00 5.360900073501692731e+00 1.989890007195146859e+00 1.630838641892381480e+00 1.786917505332897615e+00 2.104873747191831512e+00 3.981580529261855794e+00 5.577598320858266234e+00 4.963884673649760160e+00
5.042944244220762151e+00 2.597397643454786298e+00 2.653331789793718087e+00 4.376018553629511310e+00 2.425614634523411528e+00 3.594922955400392084e+00 4.474352163130230764e+00 4.981226826679288955e+00 5.147837006082701450e+00 5.050339892610762327e+00 1.521934604175695371e+00 2.410490557029455694e+00 3.925057004526668614e-01 2.622581093221551196e+00 2.408865140685391815e+00 5.812365720132893543e+00 3.911981860432256930e+00 1.432237186137169660e+00 2.932830443249508257e+00 1.699188926809672706e-01
2.438265576083896935e+00 1.652116987800909653e+00 3.119264466737110109e+00 2.812976757323881305e+00 5.526639334078292443e+00 5.517231765836926094e+00 3.279010307552744141e+00 3.566024843358350793e+00 1.610521861720126957e-01 5.901377173517390773e+00 2.200673027991510988e+00 2.220333479426324530e+00 3.181537380382779556e+00 5.956629485440614324e+00 2.747234469875763807e+00 3.445388613424159807e+00 4.511978479455457602e+00 5.415049546113650969e+00 3.102298012477784805e+00 2.423462693699932835e+00
5.427580719088693773e-01 3.960340461443524696e+00 4.515003757324397959e+00 5.610019698750582151e+00 3.571626296139464252e+00 2.518574054418379227e+00 3.058699185311655189e+00 1.026872191622692609e+00 2.714574797503553683e+00 8.232556712487795192e-01 5.996515234647223025e+00 1.765698031120565670e+00 1.847788246087092301e-01 8.187379788955500004e-01 2.322060061513126605e+00 3.545838201688573665e+00 1.345595740868996137e-01 3.582373114156343075e+00 1.451389966286560362e+00 3.048588952159710264e+00
5.885393185082265610e+00 3.669651813023580011e+00 2.472755680349695062e+00 2.494237392627987493e+00 1.052604581099074732e+00 4.414698514504790339e+00 7.701701319223214215e-01 3.463609992886029332e+00 4.843083302398536460e+00 6.130491209770426941e+00 2.657468169807189362e+00 5.039529445072045810e+00 5.468789445289704787e+00 1.117215725871442356e+00 4.029148801188799922e+00 3.165749172767444719e+00 8.608851416932383760e-01 3.151260941181951658e+00 3.024716762722800212e+00 1.285161578768993840e+00
5.457458622884192145e+00 8.717700257979689171e-01 4.438658838659530481e+00 6.150850451277793063e+00 5.886532889146484315e+00 4.567553258806353433e+00 4.980476270235048020e+00 3.598160435355129749e+00 3.279729205542414316e+00 2.464733791122760032e+00 3.907430003958658027e+00 6.096587314209807040e-01 3.806661957863233692e+00 1.124315729109160111e+00 5.631471193209892867e+00 5.703445302907657499e+00 4.400734464176915828e-01 3.252366423361626513e+00 1.781164632060281638e+00 4.905756504571129106e+00
