2.925096605936785110e+00 3.822879847521125196e+00 4.012057217520800023e+00 4.044135138341677482e+00 5.399235725029005728e+00 3.197506633363713657e+00 4.136675389646246259e+00 1.032748728084568329e-01 1.532627522475827453e+00 5.583460033180759119e+00 3.935798037221300838e+00 1.305631649043609732e+00 2.771703885929234001e+00 4.763595853363415067e+00 2.947684196609063445e+00 4.596072617486626655e+00 2.485458706482372104e+00 1.836486282799881797e+00 2.943343541713530964e+00 5.786618664767850362e+00
4.299887727266734849e+00 1.588849685525103750e+00 2.814615545377180617e+00 2.831783895484796698e+00 2.210347353721709762e+00 3.510044046753760139e+00 2.797283829226447693e+00 2.203775499016942696e+00 4.074332919046154800e+00 5.939693581111465948e-01 4.351551122624435664e+00 3.899361920362833245e-01 6.178011221823128674e-01 3.825601232513824002e+00 4.712981306764948641e+00 6.128466308875614388e+00 1.755234134710087934e+00 5.715488197326353159e+00 4.055100354050455991e+00 2.983121605509569285e+00
1.581394186575509897e+00 3.345763082761105345e+00 5.812637766592639643e+00 7.473496078820954791e-01 5.373827316718889691e+00 1.917923962418999206e+00 5.834230558340860462e-01 5.922198931972914693e+00 5.594242867804177344e+00 5.846173696872235759e+00 1.400894369390649707e+00 5.801692196856525818e+00 4.693397409904809803e-01 2.864657498680860392e+00 1.516272582710732397e+00 1.552959704362472104e+00 1.866413695208486656e+00 6.168783347374205306e+00 4.111112558523573490e+00 3.591189433818072985e+00
5.797020864847208799e+00 8.953999596094732727e-01 6.212276742026242360e+00 3.795197469398859935e-01 3.538637795521122786e+00 5.726331395880166930e+00 2.172910253158610860e+00 1.702760976299720452e+00 2.755700826325007124e+00 1.411197944339666499e+00 2.773107064384225051e+00 4.224237030357521405e+00 2.473579408419840142e+00 4.510717251521940696e+00 7.003068114183448323e-01 2.156021139268638809e+00 1.833086266057733615e+00 1.025399195106235339e+00 4.614098160480633481e+00 8.189252149946668613e-01
1.254157609100805315e+00 4.795591417303489479e+00 2.255009014217153052e+00 2.046195046849261789e+00 4.852761687316938577e+00 4.579621653610828069e+00 1.151053276884804299e+00 3.657808714865384836e+00 3.519101443244588179e+00 4.696761755189402088e+00 4.826059687640097629e+00 3.925967038331107606e+00 1.453430592027299628e+00 6.252826743813419519e+00 5.603237806684086664e+00 2.267353236004343575e+00 9.790723575218315822e-02 1.383751488288832876e+00 3.029637771131502344e+00 3.450383168163065228e+00
5.277932607455058545e+00 5.409009925027116417e+00 5.681983887689594503e+00 2.057832795172445550e+00 5.604298344922835184e+00 4.474587033398243818e+00 4.242122407243997806e+00 5.240317212966782989e-01 3.785328691309246096e+00 4.016446611283597257e+00 3.861272553522852924e+00 2.692555874534277027e+00 1.706305989377239873e+00 4.552363663218005563e+00 4.604753226931590504e+00 4.401595090453582770e+00 6.069339551915366116e+00 1.067903373664162769e+00 2.021545026189897953e+00 3.146512133504917319e+00
3.025878097028877445e+00 5.843830400327480135e+00 5.102787878742661931e+00 9.963124415681821056e-01 2.718043960063059927e+00 4.616763307249456716e+00 1.372620549496556874e+00 1.301405748683623465e+00 2.051817094328210356e+00 4.801917077170210213e+00 1.948798204930536793e+00 5.019310563116580859e+00 4.979104907749176689e+00 1.137979813239530014e+00 4.409001302054949001e+00 3.097154195950710953e+00 8.543431085644245249e-01 1.634913353953786119e+00 5.830310935204772171e+00 2.130042364698858215e+00
3.876980884297136498e+00 3.347904769659525215e+00 5.749582017897525432e+00 2.092251653319298355e-01 3.968684904936498281e+00 2.191858878475396732e+00 1.041424133333795021e+00 1.864594599109088424e+00 3.104645276741729298e-01 1.303956529438752288e+00 2.781599140598924880e+00 2.632264998013874369e+00 2.641307292491664072e+00 5.773640631328516015e+00 2.909065601325296679e+00 4.005040863447960398e+00 4.499881914983483888e+00 4.879235544778388167e+00 8.298999731488480025e-01 3.660862983854801023e+00
3.482573133367707019e+00 2.830633542373501399e+00 5.250950463742073637e+00 2.842874132686841637e+00 9.147906871551127195e-02 5.824868298906207720e+00 4.291912046473337128e+00 2.174311928475081146e+00 6.195880131164781535e-01 9.634247057350553423e-01 8.638836941027827621e-01 1.113824228380493331e+00 2.311652683998981939e+00 5.548950172343989351e+00 4.657381570475537025e+00 3.558422227230759738e+00 2.177649110242364294e+00 1.396831120419948613e+00 3.843439468821007843e+00 2.939861544197462706e+00
3.823064773427686802e-01 2.655131816436998804e+00 5.517826116561226790e+00 9.964153075959742978e-01 5.212488200262240134e+00 2.208210662209439956e+00 2.181588733790068346e+00 3.776167634023897435e+00 4.449089552452447194e+00 3.189195354787643932e+00 3.639280420239464409e+00 2.219536763218731945e+00 5.374239285205761441e+00 2.006750910135616905e+00 6.070079330519206451e+00 4.942349427724836097e+00 2.995380572325853308e+00 4.423743822546830629e+00 3.200937680863524815e+00 2.860272740137128178e+00
2.975945825260608579e+00 3.836130563991409836e+00 2.524432446176760436e+00 6.048783107757503608e+00 3.034046892816038454e+00 1.391326805323762406e+00 5.373088263508969398e+00 1.372743952674562395e+00 6.138085126113646872e+00 8.330357469191096431e-01 5.128602641705517051e+00 5.689566462158539117e+00 2.055344934073040530e+00 1.726863002693415305e+00 6.207529029162349943e+00 8.292705832433167057e-01 1.432807451483693040e+00 3.152671626879195443e-01 6.178390252705582952e+00 9.681226305539731847e-01
8.379377870989421773e-01 6.174122829066436502e+00 6.083191377667461097e+00 4.236916410787645582e+00 5.711231553606366695e+00 6.107919571085965060e+00 1.117019110303711704e+00 6.245059794895419181e+00 3.508799016391050518e+00 5.733466603656738769e+00 5.200227581412246280e+00 3.690053587812732960e+00 6.217938911231612131e+00 5.482524569885835142e+00 5.036113124680719366e+00 5.224112026420503874e+00 4.583075855229663098e+00 7.614231996788575207e-01 2.574934916885778247e+00 1.012421859236046107e+00
5.133523452093563755e+00 3.573528442549433137e+00 3.933434915319940384e+00 4.262445329333938715e-01 4.249122243797110343e+00 2.661205297736051634e+00 3.210387094894576077e+00 2.653017167081511474e+00 3.664501556926207826e+00 1.650680877424040904e+00 1.156033418752489439e+00 5.744840453812440906e+00 3.704568641753956282e+00 6.511054144485557416e-01 5.910774540661725140e+00 5.684114251040983667e-01 1.100258538670510378e+00 1.821949344852274555e+00 1.892861966155539699e+00 4.934046638575116717e+00
3.084487475582248450e+00 2.836111333070530094e+00 3.130503597929943815e+00 3.030227914708589765e+00 6.148200586785218746e+00 2.372480847285000749e+00 1.018846280788894498e+00 4.358400502740553684e+00 5.778653297833974412e-01 2.229620604526858951e+00 5.057863338363363326e+00 3.690805946117631242e-01 4.004120174675942501e+00 5.855674998021379807e+00 3.658630782456804287e+00 1.374950917998900568e+00 2.544199679056004193e+00 1.293990125227724441e-01 2.981713037308754810e+00 3.627878163613047491e+00
8.962513276648623739e-01 5.234278204210176533e-01 4.640843609341068543e+00 5.355574998184780000e+00 1.458836647607620884e-01 1.440667799633980062e+00 9.772976324235446155e-01 4.894483807916504503e+00 1.879362134062311007e+00 3.066788489592662745e-02 1.008631883124837758e+00 2.489019627309995375e+00 6.005289186694825254e+00 2.387737387955958024e+00 1.316468431617505042e+00 4.444130960097626648e+00 1.546630832685030432e+00 2.549229879182168368e+00 4.791527906503597833e+00 2.225132619880491713e+00
2.365836015034890494e+00 5.406145963723460568e+00 4.092374179635501541e+00 4.954278078186045597e+00 4.132018022556706027e-01 9.864946967204347994e-02 1.230309399707061990e+00 5.293062044503538566e+00 4.574544463944542727e+00 3.098211254937551118e+00 1.566121503037467555e+00 5.601965097049292908e+00 1.538899507897134811e+00 3.054952947520022555e+00 6.882580550943400155e-01 5.591442492690383403e+00 5.105762628948736115e+00 3.298641158241153448e+00 4.971296100702716103e+00 3.733337577923308892e+00
1.715894404061910183e+00 1.325084781702311032e+00 3.601088260696985177e+00 4.542897694112259188e+00 1.396967283766918477e+00 5.069346033485628844e+00 1.373457462092967374e+00 1.188130549121698243e+00 1.069894478594135334e+00 3.424299740202981557e+00 4.082247041368846752e+00 3.614035851999545912e+00 1.175354630879280604e+00 2.097071362718540666e+00 5.609694991780033169e-01 4.352990423985566792e+00 4.962229016855417285e+00 2.824458167106734585e+00 4.823554284908740719e+00 3.695027541394774406e+00
4.858787556913984673e+00 2.268100994648025726e+00 1.264347683789663668e+00 2.278751936407329648e+00 6.137071154644314852e+00 1.218594535478900065e+00 1.660531099549671818e+00 5.169004823544724125e+00 4.481188973759407723e+00 5.113163388200371529e+00 2.075322055473302729e+00 6.167526248827625679e+00 9.507290272127694175e-01 1.511699984172717892e+00 3.105333223145252397e+00 1.483394230622525400e+00 9.582310013203836352e-01 8.522879416681085063e-01 6.176946521509094623e+00 2.691392813918767057e+00
1.259552137763791047e+00 4.059896180332951410e+00 3.709676201736687773e+00 5.790669527720828214e+00 3.321348154131514296e-01 2.208541180882400035e+00 3.301005202101982672e+00 4.354726295625138910e+00 1.591512836348491611e+00 4.936195369437740510e+00 2.927971869043210162e+00 1.865706670997604011e+00 3.110357763771801842e+00 1.161032178793644176e+00 4.733716898830629738e+00 4.939304257818524224e-01 5.312080988731246123e+00 4.356076091797116412e+00 1.155264079325662996e+00 2.098419176086055771e+00
2.145877786708518364e+00 4.723512250578476568e+00 3.652273596396002464e+00 2.451146541499233500e+00 1.408653697819340467e+00 4.633261429680814558e+00 4.544728839426107614e-01 7.090041196886033570e-02 6.199007958138868624e+00 5.588190978825756439e+00 3.953815053601525964e+00 1.567302654874510315e-01 3.409492323845134454e+00 1.321397706683686391e+00 5.680513271914425566e+00 5.616079013495641981e+00 1.218636024432928178e+00 2.466989792379063129e+00 3.914707818159563590e+00 4.597807542534820158e+00
2.367561231056693138e+00 6.181119541402036788e+00 4.419202195704833080e+00 4.725912285336441698e+00 2.244408933512215820e-01 3.172246016878402242e-02 5.998071956163331109e+00 3.571190849108784704e+00 2.229849154114101673e+00 4.636802611136300989e+00 6.047482249744144944e+00 3.384201467428531007e+00 2.505402037922769762e-02 4.791272445974005478e+00 1.677565907949138735e+00 2.994924711915827764e+00 2.480773698547342754e+00 3.369949963813554383e+00 1.222433028110282205e+00 3.779832242911239870e+00
2.488905980165693865e+00 2.299635791537603779e+00 5.095116299226049250e+00 9.777044302074102688e-01 6.572703461538165204e-02 5.163146719544901231e+00 6.106453796891956110e+00 1.170152862781808745e+00 4.593236795026273356e+00 5.243387116044560869e+00 5.869857039764531770e+00 5.582498576619577157e+00 3.042432699866683521e+00 8.295670772092471612e-01 3.816156295604570925e+00 4.882895762135681217e+00 5.728694782730714863e+00 5.871018716378518798e-01 4.739527736689158388e+00 1.768027953882535863e+00
3.132075279887359454e+00 4.799644424235856022e-01 7.171261387718705915e-01 3.074056947625644742e+00 9.526849661307902339e-01 3.616090705190509347e+00 2.550198981646771390e+00 3.538780323957790852e+00 1.459977242877104731e+00 3.841941985576182716e+00 1.251184454394248302e+00 4.632745049198234710e+00 6.191690961795686121e+00 1.278517023605326930e+00 2.726997519828912031e-01 5.388153941482691778e+00 1.637268711209270977e+00 5.529195943496066690e+00 2.510725624849521331e+00 2.936199291717001891e+00
4.426909432616429330e-01 2.352357007258406352e+00 6.282630400333602871e+00 1.104867680854563439e+00 8.224236135615294874e-01 1.860469815492807655e+00 5.281756549071342732e+00 3.516335057378485729e+00 3.929384051317477144e+00 5.901595586851070330e+00 1.963630947646114899e+00 4.333546457021543397e+00 6.171975344972766564e+00 3.340458026213970477e+00 1.674583381070341215e+00 2.570905155262569242e+00 3.395265270322910478e+00 5.711454538946781234e+00 5.608542108303859131e+00 3.203728381532522818e+00
5.072357592229661094e+00 1.577956808577291259e+00 1.795844707993703215e+00 3.239218895472201876e+00 1.590204632339552226e+00 5.929706265281858180e+00 4.562960927201494599e+00 3.480440448858718394e+00 5.605331416764959274e-01 6.017050332864323003e+00 5.149240041689783887e+00 3.916788000809125592e+00 5.364932204827544737e+00 3.474260484332881926e+00 1.053293764798100662e+00 2.545638455340083706e+00 5.486183569709126573e-01 2.533376968247980976e+00 5.352963292658430738e+00 2.864932360290505020e+00
1.906927720710705598e+00 1.666296106219979922e-01 9.060224408169123000e-01 6.145211580610920876e+00 1.094752320768370257e+00 5.085581959105383909e+00 7.504191654949591284e-01 5.985987222468424740e+00 1.845274105775376761e+00 1.165586576255214668e+00 1.170283017365666423e+00 5.557970938300664798e+00 1.073740885377107324e+00 3.966955880319847361e-01 2.016593827252455284e-01 1.326236707133168213e+00 1.227130944210783614e+00 4.989998636347419136e+00 6.220084379302660338e+00 8.887962631258482515e-01
2.187802243233323729e+00 1.203253818209545134e+00 1.902694469366105423e+00 7.194534883352826649e-02 2.662344830731064871e+00 2.821195684456097919e+00 2.503749102926226544e-01 1.286336435841129111e+00 5.951897594205966868e+00 1.193893417175950211e-01 4.630645552361714934e+00 2.523652988601873925e+00 3.347925436308129221e+00 4.920919994568806466e+00 5.318339908776773761e+00 1.963094002856286213e+00 5.978323012248957902e+00 5.349281415539595130e-01 5.160055262700195655e+00 6.170184934786673736e+00
3.412940055910751003e+00 4.841307427336449365e+00 1.492771248749419799e+00 3.267670849972876379e+00 5.370657188080208755e+00 4.000943523046936789e+00 6.272228809368844971e+00 6.980244582174680579e-01 2.904759475370720434e+00 2.022926863772758210e-01 4.165950937733841286e+00 3.540038562051347704e+00 3.519335283761263700e+00 5.497260920693723740e+00 3.645002270766152019e+00 2.931426387639710196e+00 5.385689898152935307e+00 3.294440032225406156e+00 4.206921173380898438e+00 9.280340914711955325e-01
3.193169600334538671e+00 5.815520605634754148e+00 3.144518871311140717e+00 1.646225166514875271e+00 4.065701333824857322e+00 2.674924055026763448e+00 3.285461077432116905e+00 1.863722286315579180e-02 4.477830626986779805e+00 1.858085940810060066e+00 2.568673054315969040e+00 1.193524645383839955e-01 3.287556567920985273e+00 5.088554808492889769e+00 5.894711846631970342e-01 3.605415594975660110e+00 3.029672812872256760e+00 5.473857956892201268e-03 6.148385223858877424e+00 3.257617570285638031e+00
5.170938506132276125e+00 5.170026336821579527e+00 4.499389943174486817e+00 5.914520766151905029e-01 4.972881961104453907e+00 7.518038144442812376e-02 5.690674202679845806e+00 2.223380232804710754e+00 4.625142119002133789e+00 1.721855242086736570e+00 3.850049118182514163e-01 2.228414112298116923e+00 5.228580670238254235e-01 5.697659695704238025e+00 3.413503834739135545e+00 3.705294637025273730e+00 3.190833234328319667e-01 1.235627878057572016e+00 2.827173220173841539e+00 3.547379412098129681e+00
5.758070946882715369e+00 5.422812562573597006e+00 6.160157827383255125e+00 4.615231306467111771e+00 1.084897645285678891e+00 1.875260490115803202e+00 5.274285641326200702e-01 8.225999624691266998e-01 5.531636865413252835e+00 3.047075371346380734e+00 8.981610036008352838e-01 2.787445480980663692e+00 2.939147674591635400e-04 4.325632751759055594e+00 4.526794227116424096e+00 3.410078992663211128e+00 2.366463031101476489e+00 1.569436195390227162e+00 3.066779589538989104e+00 4.274198957309867097e+00
1.597251150851101587e+00 1.685042575967736489e-01 1.025624478662782835e+00 2.621036198012593577e+00 3.750609121583047045e+00 2.079484940310087904e+00 4.198049232691888122e+00 9.047718024179062998e-03 4.711957351944025874e+00 3.839432493944324065e+00 9.868971636795829117e-01 6.075407124363773725e+00 3.368885352354751284e+00 5.990195546105860025e+00 5.502725507353614987e+00 2.846216775302472524e+00 4.493731185516486981e+00 5.744000804435178686e+00 8.110315952517177518e-01 7.486118734983675527e-01
