4.174495543030583011e-01 7.236006893507852533e-01 4.854782345335080684e+00 6.045875521039486777e+00 6.794920129707113787e-01 5.278489915755732120e+00 4.626248332509897310e+00 2.663932826154138400e+00 4.555866313407556767e+00 1.180666301449701638e+00 3.545297846523828511e+00 4.741784478770236788e+00 2.493493277508255446e+00 2.708862213272873465e+00 5.226931629821233827e+00 3.277968677090501881e+00
2.807209752629938215e+00 6.796725122629856397e-01 5.375368315010812026e+00 3.102975652443733523e+00 2.582584682597591996e+00 4.559267391647309431e+00 5.052505043169322363e+00 4.729120902371877655e+00 3.563690772544056973e+00 1.547946572857036740e+00 6.124846382444570914e+00 2.438251835886156016e+00 2.452677709053145083e+00 5.208455533481514799e+00 6.581417254027431551e-02 4.182219180640404765e+00
8.007620073401280347e-01 6.766774424018598966e-01 2.330357090233890816e+00 1.045838984064748844e+00 1.942036225876153877e+00 3.882629344914427794e-01 4.808876458353926964e+00 1.125078811137842916e+00 3.722091292626674708e+00 4.281236393520371664e+00 1.724246320706926516e+00 2.905713212983805693e+00 5.316757576064755852e+00 2.119347987795318300e+00 4.194279781702092258e+00 3.657023755261709308e+00
2.726959898822109984e+00 1.561905325287030522e+00 2.808052011871234210e+00 2.123004319466218259e+00 3.789821373251241465e-01 5.444962598228751283e+00 2.112891922172901893e+00 1.662040971840666570e+00 4.961591075602939327e+00 5.852928390279293902e-01 2.515953327483216317e-01 6.170229783019947511e+00 1.825368381941625318e+00 1.578103497990416271e+00 5.861482810627733908e-01 5.255115024305836435e+00
3.327619727048761522e+00 5.788109000613370192e+00 6.128447494327966538e+00 5.157482599782108323e+00 2.084259838100070539e+00 3.447963137205641626e+00 2.698736964338741995e+00 8.612761003150848360e-01 3.894291180312753564e+00 3.326700332790964776e+00 1.858381896372401032e+00 6.064009580765691965e+00 3.919283719710565439e+00 5.519123002706225023e+00 1.223380115877245045e+00 5.491534251487546925e+00
4.131399430572995968e+00 3.472449721124513999e+00 3.556246145948065429e+00 3.501169532652483429e+00 3.563784295154829862e-01 3.396282093606648456e+00 4.860161656175899125e+00 5.324147249494744827e+00 3.837522407706944971e+00 7.670903330663803033e-01 3.375505003663093362e+00 3.979942916916157092e+00 2.627459459648748386e+00 4.927051025520931660e+00 7.150956777579956514e-01 3.697359497475150913e+00
5.246058516022615414e+00 3.318896297144090735e+00 1.933504814427623897e+00 1.584192244467665267e+00 4.936984356809671404e+00 1.067907801264418088e+00 5.142522922310216238e+00 5.876807491212276524e+00 6.166811080889490704e+00 4.266770754666956433e-01 2.178245947011812955e+00 6.876193846688604117e-01 5.311902264542740504e+00 1.539555605561549356e+00 1.877178089206923861e+00 4.089346878987960565e+00
2.718145068049501845e+00 2.411910831354522777e+00 5.542118094167464371e+00 4.666748532663296700e+00 5.967154138430625032e+00 4.986560984909400140e+00 3.295269510964267123e+00 1.463531933784538053e+00 1.700126427302749654e+00 1.525103750542551762e+00 3.975791960250281143e-01 1.228009472350989117e+00 6.046473360485101090e+00 3.314749162858790399e+00 1.071856492495908864e+00 2.885380160786991333e+00
6.598596891052880276e-01 2.340433621377488560e+00 6.248254780475526182e+00 4.629876022626608467e+00 2.033265106524710930e+00 4.232709009119295374e+00 3.751434075716344463e+00 5.790440751019437116e+00 5.729328980744527122e+00 5.120751165207283684e+00 2.222173943955899844e+00 3.286292565934525012e+00 4.701202831818515726e+00 3.687097346627013494e-02 8.946400009990435054e-01 6.195942530540215820e+00
1.928242430426980070e+00 4.110148279793267356e+00 5.736302949149757247e+00 5.245043725926879397e+00 3.518600283836205822e+00 4.676608666571565820e+00 1.004259317772327575e+00 2.694949587593434615e+00 4.008017968269691700e+00 1.792058988308013356e+00 5.065994050591482001e+00 4.952128402740925139e+00 1.149778010324043614e-01 2.851273465372984539e+00 5.196944786321025411e+00 6.829061660111587218e-01
4.503273047064075385e+00 3.230386969986102752e+00 5.395951792444004802e+00 9.508764054532857501e-02 2.460935158363267927e+00 5.728432232065856944e+00 3.589400683788762425e+00 4.275271992768439944e+00 5.566254126591365647e+00 3.720977847554123308e+00 2.818064766291062728e+00 2.202462892024748431e+00 3.495285795188686429e+00 2.835053021746684276e+00 1.484774450378522292e+00 5.436423461050129191e+00
9.219280526510652551e-01 5.824505478389917279e+00 4.753526207083307753e+00 1.422206826844515826e+00 3.309730945860400286e+00 1.330316236869421687e+00 3.684046025978223587e-02 3.819898980392240517e+00 2.508691596843485527e+00 5.668072373481514159e-01 5.704769563751215244e+00 5.531479755315136693e+00 4.817862333338474023e+00 5.227267904285124445e+00 3.876263746926941200e-01 6.222789240782987896e+00
4.580966291814021041e+00 4.154021381114877620e+00 3.523127912926677041e+00 1.427079189339170107e+00 4.721397189199997846e-01 5.720535118946389552e+00 4.869453914985006016e+00 6.891891596229420269e-01 9.504584363306431971e-01 1.581090882487699911e+00 1.547123956066764894e+00 4.068480880969437052e+00 3.586525785491858187e+00 1.401299812656949584e+00 6.239119113593627475e+00 2.393759188872157218e+00
3.924898151044271533e+00 5.218552539435617810e+00 3.266359471817868787e+00 1.112945552936278060e-01 5.628262003931544299e+00 5.873763812998983314e-01 3.189813210174794023e+00 2.548680439573610457e+00 1.098660008187824610e+00 5.869868383021505487e+00 5.003265696847650545e+00 6.097361381649209378e+00 1.832612880400170452e+00 2.562818820405656339e+00 2.097380711939516473e+00 1.696612662254177173e-01
6.050463868277692114e+00 3.470448484600561212e+00 2.476819076620469851e+00 5.518169162907321734e+00 3.704346359766710339e+00 1.858978168090550109e-01 5.950900602584805910e+00 4.596053558835471176e-01 1.109731601841346338e+00 3.506254622050907876e+00 3.352440095122707131e+00 4.900373096123717076e+00 2.734473929576236362e+00 1.160309716389600565e+00 3.281146572150037244e+00 1.960478133211261742e+00
3.570533770432191556e+00 7.130225257688097562e-01 1.175435541951942220e+00 2.827330754099958710e-01 2.892557701331661679e+00 3.984284327889296318e+00 7.932506886829229220e-01 2.439474200221419586e+00 4.206970044874603687e+00 4.707129330696425029e+00 2.644673344702763718e+00 2.698344202561873129e+00 1.413902814099123884e+00 6.208234013778629823e+00 3.489243911690878885e+00 2.589714197580487820e+00
4.045189252971558069e+00 6.166394826389327122e+00 2.252075214753493260e+00 3.968808444170676797e+00 4.660362533895372472e+00 4.707056716275605623e+00 4.696154550787547066e+00 5.342950957715753901e+00 4.274765756313092524e+00 4.876484860676089106e+00 1.410686728710733195e+00 1.952074062446879088e+00 5.058619852471932354e+00 1.225703979868304483e+00 3.707281701131713181e+00 1.451364396541383162e+00
2.766233881424213781e+00 5.504871178236644624e+00 1.076730832416814110e+00 5.138502254903640321e+00 4.054212463356291707e+00 1.003368242516024411e+00 6.194188715836482118e+00 3.930404902828845248e+00 7.655558268931071941e-01 1.602806137425128341e+00 2.874903759037748419e+00 2.765039539351017872e+00 1.420878352197152861e+00 2.084179698321102947e+00 5.435029214366124961e+00 2.702068788127463872e+00
6.117879487439243036e+00 7.925933655243060372e-01 2.539070089605211661e-02 4.264668184482544255e+00 2.503983727856768038e+00 7.648180148317876847e-01 3.627445686874297137e-01 1.107366066173791852e+00 3.460980148182740024e+00 5.379164597236527241e-03 2.588778555087356548e+00 7.995385989472424404e-01 4.055602682282007265e+00 1.860539129235504907e+00 6.032163627808918349e+00 3.582760369358390040e+00
5.664018638993991717e-01 5.125250518900950070e+00 5.864504964894160288e+00 4.768277620144469320e-01 5.118919591162717886e+00 3.799197164843151953e+00 3.750182048690012593e+00 2.019012293199608621e+00 8.842677054579721752e-01 2.321010178503184029e+00 3.835726561748058039e+00 1.896288495469606428e+00 6.127767535647431707e+00 4.972153477158958723e-01 5.616010947878918635e+00 1.553496997531992774e+00
3.266882607068648081e+00 1.654493014771253101e+00 2.038872246655541343e+00 4.714742891373249201e+00 2.797608177794114859e+00 4.017314241988520607e+00 4.851044463181353184e-01 2.706766610066783763e+00 2.166392327044893928e+00 3.343532438003468110e-01 1.989613375380056448e+00 2.339664222702516838e+00 3.862153218223548290e+00 5.679898015171960246e+00 2.797891396181343637e+00 6.057928434623007341e+00
2.879645454191508414e+00 1.942964357050712687e+00 4.353518725986487148e+00 6.538702123608678418e-01 1.722021657545926177e+00 2.567756948934309058e+00 5.929307083966170566e+00 4.738700145639040073e+00 3.472125427296559153e+00 1.616166452338825055e+00 4.413791985622722791e+00 3.370680826417474935e-02 2.369396808063337634e+00 6.268129247502505663e+00 3.082583814520507559e+00 5.570421872566787336e+00
1.666188795929450572e+00 3.324732347318774206e+00 2.108097431190225635e+00 9.801938282354466514e-01 7.467708308054585853e-01 3.528278455283765602e+00 3.107375831533920163e+00 1.142546755085992016e+00 1.648258142846894314e+00 5.482645109833304886e+00 5.857647277070404002e+00 3.941849701823271879e+00 6.507475986485006247e-01 4.473345396823235731e+00 4.672717794880208331e+00 8.115258365755875225e-01
5.383123844748919140e+00 3.905357176767978000e+00 1.435498596922168080e+00 4.926686821443367337e-01 4.440958553618355453e-01 6.532834486675803687e-02 6.192018983279562683e+00 6.056005586472712920e+00 1.065505777066584114e+00 5.466788576141448530e+00 1.769542619129540251e+00 2.865326340167710928e+00 3.838458581336615660e-01 1.216420278369052088e+00 2.703876196691414435e+00 3.534663339567879481e-01
3.385385715560572439e+00 4.315292422971154451e+00 3.584813765195705049e+00 1.366297137120566330e+00 4.376143131774705708e+00 5.131336457626963110e+00 3.999218432643467103e-01 1.749203240020355654e+00 4.143771663250048753e+00 1.067091731330057219e-01 4.436659327447485701e+00 5.158930757296286806e+00 4.558708640227196796e+00 3.401879505154128402e+00 4.977509028687664205e+00 4.094387497672265397e+00
2.290732631272640152e+00 4.156592018449800641e+00 3.142695288434941059e+00 5.769282847990892193e+00 3.590777832570363870e+00 4.517155812408044646e+00 1.042635243947853008e+00 2.929014138183086077e-02 1.580943393468198233e+00 2.626964124570830617e+00 2.660778646473314968e+00 3.469558937624142025e+00 1.195650205040091452e+00 2.605358774495649676e+00 3.079855198781505266e+00 3.058995479482631730e+00
9.741781887638827353e-01 2.950345718117614258e+00 1.730614725883090621e+00 3.334123550819174664e+00 3.147101956928269217e+00 5.606652211711733891e+00 6.365440360301830580e-01 2.053096661637029641e+00 3.378221202787449862e+00 3.599050604045107349e+00 1.752672980247625301e+00 2.478352803067065846e+00 4.414587544808321162e+00 5.030518505740547930e+00 2.277100069536643012e+00 5.760977102278956430e+00
1.874061016550991665e+00 5.835241994256588072e+00 3.069494902298148808e+00 1.059256385976124815e+00 4.308720594798998604e+00 2.260043292549701377e+00 1.754391159858099236e+00 4.317229721361340644e+00 3.194608306120446439e+00 4.754067364231316262e+00 3.856923188628459176e+00 5.335514636265942912e+00 1.733557143733323258e+00 1.334896954190636809e+00 5.416394106782145279e+00 5.536423039325018003e+00
4.905542165512583708e+00 9.015707871188460842e-01 5.928071849105007729e+00 6.207095031981009647e+00 4.951571412461407640e+00 5.426382259058532220e+00 1.118184575986703289e+00 5.014511933017421264e+00 1.065280944878144620e+00 4.549816848665676261e+00 4.782905501664705739e+00 4.484433978606416460e+00 5.507137485996749682e+00 2.355079525750696234e+00 8.200951802417149050e-01 1.254300003839232680e+00
7.126321888820756900e-01 2.243767797865494351e-01 6.094538843680282092e+00 4.441383676688088755e+00 2.970811497545045476e+00 1.803097438705476341e+00 3.489401329732136237e+00 4.954686566945000870e+00 5.709225825074850214e+00 3.958447274824626216e+00 4.948574115123636652e+00 6.717136272052359747e-01 5.914578745651515312e+00 4.120734477214824665e+00 7.304355176410186612e-01 1.588649377839656429e+00
6.207988833975038645e+00 1.724704386984945437e+00 4.800760768832694758e+00 3.257391372611574187e+00 1.719360404818542909e+00 4.380770514175781116e+00 5.257692489428277050e+00 2.943256850420862492e+00 5.168068034318839210e+00 1.811481753197119904e+00 2.492775947292392491e+00 5.733449063515959843e+00 2.060862854058917115e+00 1.928304469428783197e+00 3.220361267291843022e-01 4.647635026388570623e+00
2.032094213957773565e+00 5.914054033146801892e+00 4.507523187470047432e+00 5.795941009595505733e+00 1.461544561889096538e+00 1.207649243592652022e+00 2.076103342030434895e+00 2.593345605041700530e+00 3.377665605656162473e+00 4.992581830679617916e+00 6.109105876642471955e+00 2.371320546616444425e+00 4.803716498675900226e+00 3.192458497278328089e+00 1.361421968681580719e+00 5.098563030892671932e+00
