4.429145696308392388e+00 4.462113403442684312e-02 1.020846210344368843e-01 6.038910108672070898e+00 3.492504912774423875e+00 3.671305833754947567e+00 1.617325088651340725e-01 5.167732815635573296e+00 3.117230822550199232e+00 4.620925326709451220e+00 6.218487768572415142e+00 1.672147187799088108e+00 3.067351761758364326e+00 5.993139860494832938e+00 6.169809253299226803e+00 2.908127070674290771e+00
4.056743922870749586e+00 3.788926390069145000e+00 4.768103328357737425e+00 1.141862161343673687e+00 2.900882493904628934e+00 2.589644021530259188e+00 2.457529087217520669e-01 1.193501150909357600e+00 4.290363991928670906e+00 5.570724384882040248e+00 1.722490000406819100e+00 4.491348093464682556e+00 8.786359434499038112e-01 1.149755832386271770e+00 5.940199498101966569e+00 2.252357553179118899e+00
3.984202464013421707e+00 2.204202492867184671e-01 5.222910332850016601e+00 1.877150920841999637e+00 5.295556390567601746e+00 4.014500639206215027e+00 5.300918385096758279e+00 3.188461281934196645e+00 4.986827103432803554e+00 1.927889717499198241e+00 1.140278096368195992e+00 9.379229426145428983e-01 8.083036342836552590e-01 4.434550609208396388e+00 2.049469583232306213e+00 5.318354086393334512e+00
5.147769212448766396e+00 7.014017468195594684e-01 5.691814730435849512e+00 1.313370494915953701e+00 1.247287958233694205e+00 5.382034587647384960e+00 5.464514907538932320e+00 3.814859420643565424e-01 6.271524517033155277e+00 4.690802025013115717e+00 6.152733293643792400e+00 2.962759944164121695e-01 5.449686222780118605e+00 1.340086299357276800e-01 1.280032922553762553e+00 4.909256029139514865e+00
3.133899102423805871e+00 1.284467067624724068e+00 3.508231822342256834e+00 4.911951565331382219e-01 1.073950971233069041e+00 1.248199137492358030e-01 2.749906655854653437e+00 5.143744537646630199e+00 1.433831401900056202e+00 3.680101110117996122e+00 1.922280050078670754e+00 4.050399679549881782e+00 3.050034833720365324e+00 3.867894376722267324e+00 2.770325363817576214e+00 1.908687088704913659e+00
1.088173325478319242e+00 3.328821225808128670e+00 1.470202747056860160e+00 3.239963358544873717e+00 1.151338942388150377e+00 3.142245590873601557e+00 5.118028040001404655e+00 1.178310556761700933e+00 5.340077019397229563e+00 2.489931407996654578e+00 1.352643003784423925e+00 1.887013173972163838e+00 8.860505533311425763e-01 8.912894905168193826e-01 6.146343885076673841e-01 5.233345876180225176e+00
2.455770936146217220e+00 3.948831020431176064e+00 3.955548683088848438e+00 1.391626527452317852e+00 2.716879332135179737e-01 2.734891964787011354e+00 3.376436861656113120e+00 6.142089025571508820e+00 5.763722331170712643e+00 5.709590990595718729e+00 2.696963370165061047e+00 4.594216479551509913e+00 1.251268299544086859e-01 6.182620210412946626e+00 3.846309907675593553e-01 4.349505832947595962e+00
1.172381684463825291e+00 4.357767647236143738e+00 5.787866631756936719e+00 2.772651435652982777e+00 3.098877210110922320e+00 6.353425713255365093e-01 1.034148529959227902e+00 6.175674130762272007e+00 5.224089361765329897e+00 3.690724418281984942e+00 9.894007960619589648e-01 3.476877304283331416e+00 2.510331261068710074e+00 3.120987318472109084e+00 5.713539813190473104e+00 5.933034431248353613e+00
5.468588194527066015e+00 3.556023074375101345e+00 4.169447837974324500e+00 4.822144302865589260e+00 1.588615715718066479e+00 7.029885239136565156e-01 3.722162359500952977e+00 4.719901522048376208e+00 2.271609771190808758e+00 7.863434651838691059e-01 5.717009435571235976e+00 3.779038730401894863e+00 1.274942458543020463e+00 5.039211582603162931e+00 2.778989875225600592e+00 4.925457424601074941e+00
1.617144202620434346e+00 1.807156661400477038e+00 4.603421626729046423e+00 4.731736356081662542e+00 1.483447767635831971e+00 3.951321390310900128e+00 2.443229232693858943e+00 1.632996844559220007e+00 5.228038685451178225e+00 5.888822262231297344e+00 5.745701423887138226e+00 3.618775349173384726e+00 5.316173054025600253e-01 4.291561806987847838e+00 3.776022234313571868e+00 3.930075829208647953e+00
5.908189294300011163e+00 7.063500526209856023e-01 1.405966505206555084e+00 4.427168937791099879e+00 2.334824197780414945e+00 4.498930203666413163e+00 4.671733851730967224e+00 1.037702052456090041e+00 3.183580947353648938e+00 7.322528938450966196e-01 4.629400091256120398e+00 2.302119201824654127e+00 8.553277409880611915e-01 2.604054564431507846e+00 8.810003966503176381e-03 1.031332590819419082e+00
5.130980627952128614e+00 2.080174078244920288e+00 2.798559398042491431e+00 2.074623689922477254e+00 3.222949080390729026e+00 2.584220445103265540e+00 3.047609968153976112e+00 1.080307214433836371e+00 1.761993069340062057e-01 3.551176344013232011e+00 2.332591941954115899e+00 1.640211276980861443e+00 1.145734709051434042e+00 9.500258169507385109e-01 4.958131685025652047e+00 3.144782813872580629e+00
5.100454855869338111e+00 5.191216682123402926e+00 5.583936787631964549e+00 2.084551998346760193e+00 3.378794859209154566e+00 4.314105773369712793e+00 4.389544764304339708e+00 4.030416559126968501e+00 5.334995329272303799e+00 3.531233240152337416e+00 2.318545734057292362e-01 3.651076230685312840e+00 4.015836849496170480e+00 2.536800940788239256e+00 2.532290449569301938e+00 4.179950543647535710e+00
5.146156556030416773e+00 6.241185038880690428e+00 5.520946049803224120e+00 1.203485789813870221e+00 4.637016864647278691e-01 1.663718899479556257e-01 5.713180368348133698e+00 1.459060990066503027e-01 5.842785811929751993e+00 1.662512463739594049e+00 2.979482263863863611e+00 5.439753274951248940e-01 3.568031738621516791e+00 5.946140466648031087e+00 3.187694544755252046e+00 3.085558569246054983e+00
2.364229528759776766e+00 4.107072152775328999e-01 1.942479834510786985e+00 3.035198024236098302e+00 2.807219140902183607e+00 5.723998003022008341e+00 5.324064754349365991e+00 2.803389831388411135e+00 2.833277266343522172e+00 4.276695237567801122e+00 5.057202192889298509e+00 2.181158528041364342e+00 2.262604685759462164e+00 6.194180365304524649e+00 6.641873265995075215e-01 2.390245508418353371e+00
4.985757800121696448e+00 2.662030813319668621e+00 5.588397469636862347e+00 5.030432390244916618e+00 2.230692441332935705e-01 6.181050090989859136e+00 5.808907023924986923e+00 7.499826435548304637e-01 1.717685285148667362e-01 4.307837456527693121e+00 4.892229618365876220e+00 5.108041911426551174e+00 2.683111144286323579e+00 4.109027824771337656e+00 5.258813963195657415e+00 6.242888732598002477e+00
4.429160133039386160e+00 4.482815954759142407e+00 5.683528644822250619e+00 3.398788655006501180e+00 5.659546155264086664e+00 2.636326519349670328e+00 5.676484660415468397e+00 6.100918855248239403e+00 7.591500481005105661e-01 2.957053039501328584e+00 4.252974401022704964e-01 2.147624740189299497e-01 5.841142259676177062e+00 6.018535338463659734e+00 4.244547816272643992e+00 3.850041843641737405e+00
3.065443252110450878e+00 8.502541960799513410e-01 5.918677661149872371e+00 2.270838258845296220e+00 5.187984985420006190e+00 1.592108437171004143e+00 4.151202781672577835e+00 2.199928015024491312e+00 1.987982784614125586e+00 5.074996316877820046e-01 2.421896055725436092e+00 3.144379896546965369e+00 1.210217609009627493e+00 8.699493917997901393e-01 5.217953957735713133e-02 7.042467157429914693e-01
2.487663941320399363e+00 5.733546599959513657e+00 5.670804860708440920e+00 4.021241203553230115e+00 2.907497520151991033e+00 2.882481708788824371e-01 3.452206583563829589e+00 5.202788239111133528e+00 5.803811138163047723e+00 6.221953204507841839e-01 2.735947172133673888e+00 5.954895603528441939e+00 5.262088287614620441e+00 1.732908904264127692e+00 4.272954566591775638e+00 1.751962611078214715e+00
5.729981898480681485e-02 1.361708185535780657e+00 5.257380400277299470e-01 3.468699681924183764e+00 5.614064273957916740e+00 6.235225177784449180e+00 1.325773279765914969e-01 9.591994981641819296e-01 2.929978448524017676e+00 1.281304730500439915e+00 1.077999888640125276e-01 2.113030064964651622e+00 3.699776021916436175e+00 6.672357658451066875e-02 3.574053750093613147e+00 1.127933084250590356e+00
1.699771032040627572e-01 4.394629113985278224e+00 3.157354512420077697e+00 2.206833968253266054e+00 3.337230958127217484e+00 4.498915692893509899e+00 3.414568790335716475e+00 1.338225487981552275e+00 3.536255420225695278e+00 1.068659368810338073e+00 3.403179674170307756e+00 5.845815411492496949e+00 8.116670680949866767e-01 3.752577222974364801e+00 1.592001898455158715e+00 2.476852372327049689e+00
4.689335403303201311e+00 4.072627043478852293e+00 1.356046563102412339e+00 6.249684870339936360e+00 1.484775957868909313e-01 4.376003914056101785e+00 5.543727075714341090e+00 5.281644704026404291e+00 4.389675841596860195e+00 1.324773498138658967e+00 2.837808679662697120e+00 5.885264449391224284e-01 1.429495034940145570e-01 1.552219343777768268e+00 2.519799901214939464e+00 1.390408791168048941e+00
5.708763472840315600e+00 3.758275411174648806e+00 5.874844744813827901e+00 3.860884952610360799e+00 5.063119397373007757e+00 2.083555929147466179e-01 4.952640972453288271e+00 4.839098226911748846e+00 1.876027531670641790e-01 1.595247374623714132e+00 8.795109810019612340e-01 3.611125327695557718e+00 1.217868894333932195e+00 2.526853338272287974e-01 2.173681168684558518e+00 2.527607034390974228e+00
4.153331050332230490e+00 2.557698382429434147e+00 5.149126140237751059e+00 1.457048098021038074e+00 5.463813174170040199e+00 1.856190303156148413e+00 3.856770824672583142e+00 5.828941067129929543e+00 8.139867526696812350e-01 3.827611886223573290e+00 5.169085226906216413e+00 2.886796838944046595e+00 4.038901351179352339e+00 6.146130144113727489e+00 4.884918780533638483e+00 5.301437238846197886e+00
1.821438393328377092e+00 1.518473004152490091e+00 2.966670156983288731e-01 1.361595438390377000e+00 2.183326120424405214e+00 9.974799166884685819e-01 5.638014128244764223e+00 5.976167667526106619e-01 4.197840116738580929e-01 3.793444244559805334e+00 1.342563815235079616e+00 6.098431564247958292e+00 3.286089029509410064e+00 3.814058376556602514e+00 3.275156500279703398e+00 2.477557276667401442e+00
4.618577574328566748e-01 1.866330729795928178e+00 1.848800756909104281e+00 4.416608949742523826e+00 5.059937895567933275e+00 1.945934939429495580e+00 3.862410768447321008e+00 2.699956865348056567e+00 5.534828288909573457e-01 5.562239814825422179e+00 2.322818420077806589e+00 1.765438070119675018e+00 4.942413532155823241e-01 1.673684064077144429e+00 1.936336047064767696e+00 5.445215765826151078e+00
6.088750258375983826e+00 5.430628847148438076e+00 4.892919066172684239e+00 3.694724292020139078e+00 5.973144906219730821e+00 3.458939770299944705e+00 4.579645549338138721e+00 1.850079930271289141e+00 2.172091152854631613e+00 4.228088394819670803e+00 2.382879894832107492e+00 5.819789809555825144e+00 2.517172828202974166e+00 3.260089192635817756e-01 6.661521337832851941e-01 2.867219095750846325e+00
3.752451320460640893e+00 3.454678665936260717e+00 3.026104350624920780e+00 4.062372314511353721e+00 5.413807495117113788e+00 3.911861461242345683e+00 5.964504964041899449e+00 2.625614009914319702e+00 4.574028060522942418e+00 5.467637435401924151e+00 3.523972397656919942e+00 3.495416686573222242e-01 2.781058263426618549e+00 2.538512675096618487e+00 2.320614529880141053e+00 2.118637766206416195e+00
2.383973354468332140e+00 4.353282155048945334e+00 3.058141623244995611e+00 2.218070169901613209e+00 5.562711766127887536e+00 4.680779090698131834e-02 3.731915714144238283e+00 2.187322032293129936e+00 1.714788622136720786e+00 3.185817223273395893e+00 1.999380895136176228e+00 5.443040010531420059e+00 2.550982293500092091e+00 5.043826530275472564e+00 1.921715962638805175e+00 3.238744549366659342e+00
1.777156113954447392e+00 5.223872753019283444e+00 5.551085048452697457e+00 3.208259601083607304e+00 3.653341681076069936e+00 1.374852735039648000e+00 4.684529007659055999e+00 6.093846899914587389e+00 4.543927008013015190e+00 1.516443710370231734e+00 2.262021392576227363e+00 4.185149991442994377e+00 4.639235129319081885e+00 1.346393349760923286e+00 5.919880213356097265e+00 3.544302553737333827e+00
1.011228841433289283e+00 1.600067370115904719e+00 8.298517757418065743e-01 3.538565858480656079e+00 3.019630849318990506e+00 3.862953867091013294e+00 4.156381389870738907e+00 5.372240637796210194e+00 4.753236467789481168e+00 6.804205709423483128e-01 2.797535414138739629e+00 3.745004427400298874e-02 2.551503723124997070e+00 1.531355622277238204e+00 4.955590700924488168e+00 9.958065220441909560e-01
5.595863526857831616e+00 3.452260597660536501e+00 1.775321384691090465e+00 1.218673970375351079e+00 2.829074345014364944e+00 3.492540643201313078e+00 1.351724436712506305e+00 5.947989662324777882e+00 1.552964004958024447e+00 5.509828040609661137e+00 5.639443930562935137e+00 4.055885343827289269e+00 7.512704244031260803e-01 1.825449030556000052e+00 4.233598442335344103e+00 4.050783139331977090e+00
