2.464510717067013079e+00 4.009997271242998096e+00 4.727744251805423126e+00 4.382551528470986391e+00 5.003553494295132964e+00 4.368015407554881158e+00 9.238674943533289330e-01 6.119158445668325896e+00 3.627841139214035948e+00 6.014310506372199328e+00 2.446656012534200730e+00 2.919036506751278015e-01 3.830945324694748910e-01 5.873360190049762286e-01 1.403358770787484389e+00 4.892942458837865161e+00 4.883650858354967816e+00 1.225272857438154173e+00 3.391324703454015044e+00 5.145484112680940747e+00
5.083116297818880192e+00 2.514645106054336221e+00 5.600979504831335554e+00 3.972253760714438364e+00 3.545544800715311862e+00 6.078345616431984233e+00 3.922212481254956362e+00 2.690457474624543988e+00 5.865832811495007348e+00 1.548821754579253973e+00 1.696277832428266574e+00 4.320795003747824881e-01 6.166611534486838408e+00 5.546057846111567713e+00 5.896345136994034064e+00 3.817656640265376655e+00 5.701842911001143710e-01 5.151777655138394252e+00 4.907304616098981498e+00 1.214542245272352688e-01
5.831349583324406893e+00 2.795427958896623100e+00 4.266248443156188230e+00 1.034810682868142928e+00 2.289001699566760362e+00 4.327301933311349380e+00 3.544713337571190781e+00 6.050543891392183404e+00 2.217482841453645825e+00 5.864990248262711425e+00 3.604525475929805989e+00 2.501139377447836765e+00 2.426540056437464621e+00 1.605286685246826384e+00 1.113802061345028127e+00 2.942320898966106046e+00 5.666818361087821998e+00 5.295799931371598213e+00 2.728205180760767123e-01 3.538578749082249786e+00
6.147016726488458538e+00 8.419720356478045398e-01 3.036860627113414868e+00 5.915291927169635144e+00 4.900997847454776624e-01 1.580339793647996371e+00 2.569124394959769297e+00 5.863296285194895319e+00 6.544041124933693832e-01 4.586677891793809358e+00 2.907432609656023015e+00 1.563091732727596161e+00 4.907101375816260713e+00 6.086522856362111433e+00 5.716507662030105408e+00 1.960097913065286523e-01 7.745853401970690388e-01 2.656397561654284978e+00 3.244395879466473787e+00 4.064232155598784146e+00
4.523655455790456248e-01 6.142194769666302179e+00 8.534558739055146948e-01 3.057092718983143165e+00 5.513009756710277820e+00 3.627867444540347819e+00 1.596317316286015586e+00 4.623519984515649384e+00 3.976210206225450960e+00 1.219431930903709160e+00 4.753966084475432119e+00 2.224164452956739702e+00 4.901135600085846811e+00 6.052394454586035089e+00 1.643391823708597155e+00 1.483660766429450995e+00 6.089130649433016629e+00 3.464950960599466057e-01 5.829094889277184333e-01 2.996305558741393149e+00
4.547083804773614624e+00 4.875078422046760451e+00 4.477956845628105476e-01 4.084887310693675389e+00 4.917635712423757077e+00 5.015287094488374287e+00 3.533897423695304241e+00 5.756643973187898666e+00 5.905115241307166585e+00 3.166769332035154427e+00 5.346987380271641221e+00 1.540536200305887782e+00 3.021564406055855523e-01 5.210059729627493752e+00 7.399984771507225334e-01 3.607779084344659992e+00 4.794719664099647893e+00 3.127822998296286627e+00 4.846396605831794879e+00 3.685631871709505791e+00
8.310105760701881339e-01 6.160269382867331167e+00 5.864018824481234127e+00 4.607955303079325660e+00 2.567688840476227252e+00 3.793415426709165317e+00 1.972383792173718897e-01 3.808978570353181770e+00 3.032771599766486137e+00 9.232026412947515193e-02 3.302586007014312930e+00 6.633719014981205309e-01 4.618035157161911819e+00 1.425723306647764144e+00 3.629653240931336455e+00 5.699301783358095896e+00 4.375849751790995334e+00 6.192120831445546258e+00 2.621365603647579867e+00 4.894869623398841796e+00
2.317511025962873727e+00 2.466601563036075362e+00 5.146692249504458694e+00 7.036031346987329238e-01 1.218243640285560980e+00 3.401050581436129594e+00 5.307782388704262305e-02 5.817517753034277206e+00 4.734985720385436636e+00 4.485616176580779602e+00 6.118335421643743111e+00 2.392399436203093366e+00 2.715353294743543699e+00 8.326364267278429931e-01 8.450499767407840812e-01 3.967590578161857451e+00 1.842314450517047383e-02 5.210829818887771303e+00 1.555693809769079561e+00 2.543793518452813984e+00
6.213271754767709432e+00 5.933870700732609471e+00 1.043159378721983943e+00 4.581516663767176034e+00 5.107011055474176553e-01 7.560180591208066625e-01 2.888415079612867142e+00 2.060075155158506366e+00 5.658931803864757804e+00 9.702344437191597892e-01 3.658112795510961579e+00 4.554884374559287075e+00 3.967902826964827323e+00 5.234369274594640409e+00 1.034895927055183434e-01 4.630440866575633585e+00 6.524991487044130567e-01 4.597899562962998843e+00 3.456162525929530105e+00 2.234232365116855412e+00
1.331446680481544464e-01 1.448377318299596261e+00 3.291282655420575853e+00 6.110824799916883876e+00 4.200474203174797694e+00 2.313215014545983550e+00 6.202453730300313772e+00 4.441545263692810330e+00 1.322080311213379655e+00 2.776701223807099161e+00 3.480154446181322747e+00 3.700710431913304621e+00 5.470136276568113409e+00 1.319862063967222721e+00 3.621473309668761242e+00 5.476368514324666315e+00 1.094730726055596515e+00 5.312203842091579586e-01 1.031402955459786108e+00 3.048611630823684582e+00
2.782494341894366841e+00 2.972102434890071532e+00 5.737130983272997753e+00 2.473160190318241636e+00 2.153261983558388604e+00 4.493388668691659760e+00 5.899390644123593042e+00 3.317770248277294609e+00 2.441980860428732747e+00 1.311001883519124167e+00 1.434156618416909890e+00 4.783133918172426391e+00 3.049002219156614402e+00 3.753359598060839630e+00 4.099104499432420390e+00 2.124741066193835959e+00 1.705060805602806262e+00 2.669475063902520429e+00 4.740120588953296910e+00 8.531796263287033666e-01
3.597332538647799893e+00 1.713678980052319334e+00 2.911601245541205696e+00 8.970374002939394131e-01 4.112971175259303003e+00 3.823360178085096983e+00 4.035744817378955851e+00 4.114010480351539378e+00 2.411862915347124936e+00 4.833022055932482353e+00 1.779282832477416809e+00 5.587387381967544364e+00 3.703032298599405969e+00 3.975348569091976092e+00 4.036369190418602315e+00 1.805965614708692879e+00 1.588007336851333662e+00 4.201845039376927105e+00 5.716309272866665125e+00 3.685813422777401538e+00
5.090913968895221409e+00 8.287588324645910054e-02 1.890214974183173080e+00 5.797205767030613188e+00 2.747545781999965353e+00 4.642402629141174408e+00 3.515199375728936371e+00 5.010986427835725010e+00 2.817262593281996796e+00 4.628010421639730865e+00 5.939582587365095812e+00 4.512993573745801013e-01 5.358572296809410496e+00 1.809837879556506657e+00 2.335767658763977295e+00 4.189759637426591965e+00 5.800268349512213817e+00 1.181042067382604560e-01 2.521783456092390630e+00 3.360987016327193988e+00
1.504540835905524787e+00 1.613863468839988435e+00 1.361416913137585283e+00 3.699443769578485419e+00 3.983688159836638931e+00 2.979824999032830934e+00 5.894091713831549839e+00 1.333753858947531068e+00 2.231732715826717950e+00 2.321684483578632108e+00 5.849027817595329637e+00 3.804087225996076072e+00 5.810284092034914138e+00 5.643455716351193807e+00 1.349253367296173067e+00 5.053621542158652780e+00 2.596763983683956667e+00 4.474399240273749245e-01 1.282592683467707273e+00 3.391523715217814594e+00
4.801606060487896066e+00 3.205558117049057909e+00 1.733906336208292931e+00 5.920008063031816370e+00 9.575636748666295217e-01 7.104505920014132503e-01 5.686099494200605342e+00 5.239695460440044750e-01 4.924535090219046118e+00 2.639465247634185552e+00 2.064714778713124144e+00 1.824198825341113661e+00 3.669888710227192430e+00 6.201982837261234671e+00 6.078622219011882599e+00 3.796810922725581516e+00 1.294457594804480749e+00 4.326732865392196814e+00 1.899788699597874109e+00 1.344768187849234353e+00
6.183142728675547595e+00 3.544962070073500726e+00 5.533646888277028886e+00 4.809457469521041695e+00 2.258576719945456723e+00 3.629168424601481480e+00 4.652694989325020458e+00 4.189045220448997853e+00 3.929264504309119221e+00 2.631217182327682647e+00 3.008436718766076545e+00 6.224969017013003203e+00 4.996193182861322080e-01 8.746806609004157407e-01 3.285952367546596253e+00 4.802619005482286596e+00 3.042374651835698884e+00 8.973955410546259337e-01 1.939196267828580345e+00 3.501144679735247234e+00
4.216121791457791090e+00 3.031826341994386942e-01 5.363199851068034540e+00 5.405155654222661532e+00 2.763314060961600038e+00 3.428620577652107482e+00 3.939615116058865496e+00 2.743572936137268936e+00 4.966675931174947323e+00 3.857361529002139022e+00 5.648163113774058885e+00 3.547889147203156512e-01 9.065763075439485785e-01 1.620083562739943694e+00 6.085146398893233943e+00 5.234483739317163042e+00 4.092849164164029219e+00 6.240763275257643627e+00 5.210581539887501279e+00 1.502402042167150453e+00
5.021159137129922456e+00 1.618838930497242812e+00 2.739889287016214592e+00 5.885526131738195055e+00 6.188782089669723874e+00 4.196258183855753110e+00 5.698960613780760021e+00 9.473960106358695343e-01 8.695844172144306938e-01 3.302113491251225663e-01 3.617103866014716562e+00 5.519986477731616548e-01 3.120792089216157805e+00 3.312708620488597600e+00 4.524213485433378423e+00 9.454155594601623136e-01 4.237002100628044055e+00 4.844967535339289810e+00 3.424083137583004088e+00 2.568335013638031850e+00
5.870775894930944538e+00 5.765871569513370432e+00 4.204400290060050338e+00 3.710111436799993889e+00 2.759951935052520788e+00 3.960107777055000167e+00 1.844892673014523421e+00 1.105070709106117821e+00 1.383334895768730144e+00 3.490435319784710888e+00 1.773783517241885432e+00 3.073776832930343872e+00 2.987387611489038086e+00 5.154928078085989185e+00 5.545050831006424374e+00 5.909203164949111908e+00 4.463661954221919359e+00 3.262394324935043333e+00 3.290676927806958307e+00 3.223011221503214951e+00
2.940088132508746455e+00 2.936130615875670813e+00 2.769444815566599605e+00 3.036626638001427736e+00 1.806719860173457537e+00 1.695507969686179450e+00 4.203270458823309852e+00 5.343022077532102010e+00 4.888826275623716633e+00 2.559151035310098243e-01 2.092301989724596467e+00 3.272489848903137322e-01 3.796017286426593973e+00 2.545259717661046750e+00 1.664721269897864842e+00 5.124581049085619178e+00 8.646746215684617543e-01 1.838799948444602483e+00 6.577352829414697677e-01 1.347907627369112182e+00
4.895925625092952593e+00 2.422724305493410557e-01 5.493237807740596779e+00 3.988355050159522630e+00 3.116814652525578211e+00 1.427342983000927656e+00 9.327389445522370481e-01 6.894733222948575824e-01 3.894106421546774666e+00 3.546737636193588727e+00 3.669970907991193076e+00 4.702452914988286103e+00 3.508111839823490063e-01 3.557962984844233123e+00 5.458086765890701741e+00 5.672506109689011033e+00 5.286322474491859325e+00 1.203121478353078810e+00 3.815572585464157562e+00 2.855170312097584429e+00
4.150203626076712560e+00 1.487508695124778679e+00 4.938079026200415278e+00 3.633391007598713696e+00 6.229084474147579265e+00 4.209274100718173095e+00 2.748994109020934662e+00 5.473595522399206104e+00 2.776411499665565774e+00 4.600147761759040499e+00 4.331403329723733542e+00 6.200401347889471504e-01 1.410266308951494407e+00 1.815872943307075715e+00 1.190965363684568290e+00 1.249878170815889256e+00 3.333070714897282127e-01 3.446160811903730803e+00 6.183041174456375799e+00 6.030311512329590506e+00
5.558477627914752972e-01 4.932999878661030735e+00 1.152299818268928133e+00 2.556314443070867970e+00 2.433359989377644528e+00 4.605503218149735289e+00 6.079789797096804449e+00 5.204093178085518190e+00 3.992242898774033266e-01 9.150826219811938333e-01 5.185688042069750203e+00 4.098699770251961638e+00 3.227963015574464301e-01 2.365605844247020695e+00 4.456882151149536675e+00 2.456964850051598592e+00 3.949521093169782837e+00 6.277841990833440633e+00 4.968816015708450884e+00 3.765773263271101179e+00
4.700630338919817852e+00 4.673784153519286555e+00 4.949801480275029419e+00 6.189735988584004645e+00 1.369111489244659641e+00 4.732195556966706462e+00 3.801605529745621936e+00 1.775363652961633232e+00 6.137593403445749551e+00 1.135546554396516195e+00 1.757149331398264902e+00 7.085409551257776384e-01 5.339797843831428636e+00 4.917473503221675202e+00 1.639001006946442907e+00 2.890609737770616139e+00 2.095902051010208211e+00 6.067713517966041303e-01 5.592045107100110712e+00 5.798460929369460004e+00
2.804898543207003492e+00 8.014603682155022613e-01 2.226431876575722502e+00 3.725532702750083303e+00 1.218425541155359948e+00 3.017290742571261841e+00 1.298916909094450345e+00 1.406147007087694689e+00 3.350709508409301485e+00 3.010790570393109711e+00 3.991968167867182782e+00 3.049127952651385365e-01 1.373133914137569800e+00 2.467301854459280630e+00 3.069019477156353926e+00 4.194075188844295532e+00 4.156437251135069566e+00 5.310129175884051200e+00 5.940511602269815228e+00 8.694157653855455470e-02
3.511827013007035703e+00 1.604097486629121549e+00 5.465108940515724711e+00 3.467250038969674986e+00 9.327223235393958811e-01 4.504468374434525302e+00 2.080468990302942078e+00 2.204011288103260302e+00 4.136174966855541868e+00 3.303126228900975736e+00 9.661949420771637209e-02 4.435002256625727668e+00 1.137415175571360404e+00 4.400467609377049172e+00 3.514669063401272275e+00 5.115662401669615056e-01 6.168628699963925044e+00 1.149296579544927033e+00 4.724925888494911241e+00 4.662303947786790914e+00
5.469622446723072517e-01 2.027862489588811989e+00 1.079134416648309891e+00 8.848594756981575937e-01 2.977475378476794887e+00 1.042135000987044258e+00 9.371478171201452767e-02 4.948871272636422347e+00 5.476162417723176024e-01 7.466412233773861429e-01 4.207202209403983595e+00 3.116935448173193457e+00 2.657441014064479745e+00 2.914662136416584559e+00 4.274212983720042658e+00 4.965107187205300976e-01 4.143331783922223899e+00 7.914769060542856671e-01 1.909027248463139204e+00 1.161108301649696806e+00
2.322534149007972282e+00 8.832368607996761156e-01 9.154815497382791101e-01 5.880781622153061328e+00 2.764726453159842556e+00 4.194257744386757025e+00 1.300746961201935115e+00 3.365653051741813506e+00 3.065638624105498700e+00 1.638541458062249268e+00 5.959281567141456293e+00 3.686449755761391778e+00 2.844724339432973537e+00 1.713274448306550124e-01 1.036949289833098753e+00 3.256320362856531592e+00 3.053626659790837472e+00 2.932803919435377438e+00 4.856429365039864443e+00 2.914977649582011665e+00
3.947164805635006157e+00 6.276696503058184717e+00 4.325672357127447576e+00 3.600981144682148027e+00 4.668165680053963484e+00 2.292736173484405615e+00 2.124973506954565661e+00 4.626186060061260541e+00 4.065787539370744774e+00 4.117920394593912015e+00 4.545294304345048886e+00 2.204408557182368611e+00 7.341539893257495453e-02 3.495483909917025400e+00 1.354393178816465815e+00 4.327403818770058308e+00 3.434082434997996813e+00 2.100666036065839126e+00 5.940636183885662502e-01 5.828653066716953823e+00
3.416161126930786995e+00 2.381365515138633260e+00 3.963944875403291879e-01 5.550140786124805325e-01 4.345810283223407455e-01 2.695454359156705504e+00 2.804555042483621641e+00 6.083951897079390214e+00 4.777809998074020292e+00 6.145284168150036308e+00 5.588613962372026123e+00 7.867647041643661687e-01 3.202312583452052497e+00 6.042347486352570129e+00 3.749582359629621386e+00 4.677394875783381423e+00 1.149409201613940529e-01 1.367559980056471947e+00 1.224093500104936005e+00 1.233274092306069880e+00
2.574085443028165443e+00 4.469045038942099701e+00 2.697413358311063103e+00 1.520542323410881247e+00 2.832790601379124862e+00 4.101586770945786498e+00 3.005237777068229033e+00 2.635683321851389316e+00 2.520508151428753063e+00 4.039627689060248272e+00 7.049051862954538450e-01 5.551381001937468973e+00 1.441607773234535372e+00 3.320257567016126288e+00 1.924940026516676339e-01 1.760426541088686569e+00 2.594071990385141468e+00 3.789532891831975281e+00 1.330871449181633803e+00 5.476393014549124416e+00
7.830489471077396457e-01 5.146862738346890787e+00 4.492207706686735413e+00 4.558654416852769842e+00 4.083125450002540457e-01 1.934109686889969648e+00 5.784247419171729021e+00 3.184516704218651295e+00 2.283254831839730326e+00 3.387299880948333453e+00 5.647216270956072037e+00 2.850540782513916405e+00 1.964814600317725146e+00 3.466991882636122124e+00 1.560806958491543162e+00 5.659901352614940429e+00 4.740772495857738633e+00 5.086898526493795814e+00 7.473976225737881673e-01 4.064640307680160269e+00
