3.797132021421024017e+00 2.172249573312496018e+00 3.816258528647192172e+00 3.440792454888897289e+00 4.957315984137570908e+00 7.782622419503144595e-01 4.352138437740342702e+00 1.189307260201640126e+00 5.952017328215032599e+00 7.359004021157461439e-02 5.112813537187204105e+00 9.640487981093378567e-01 4.676280142818775687e+00 1.332901938151470178e+00 1.810782523995121629e+00 2.292385575169708201e+00
2.167852143960645073e+00 2.972003471934776542e+00 4.143151079893502953e+00 1.543934108363176572e+00 4.096002159517974306e+00 2.514691312391398981e+00 2.468626340687759768e+00 2.492301646345010280e+00 6.196445841117343534e+00 1.038604824375088054e+00 3.328513777646722627e+00 5.130506070200610225e+00 4.367119441720703321e+00 6.195477963011139622e+00 1.912323847748823358e+00 6.827468110243597454e-01
3.030236702905921398e+00 4.428662779788231418e+00 1.009448849326390230e+00 5.889216253695923164e+00 7.634234889786317702e-01 2.125603058383828348e+00 4.500983605598949389e+00 5.296933401134626074e+00 1.409238802480593522e+00 4.593124430090162136e+00 3.178958919855896514e-01 5.540654170635052722e+00 6.121725925290212089e+00 4.086109072678739129e-01 2.496958793298263313e+00 9.477986243599918759e-02
1.715140253375552204e+00 2.757541284284761307e+00 2.143373051064345169e+00 3.369644728824930713e+00 4.988159008712388792e-02 6.867135186690597193e-01 3.277172969318750351e+00 1.518874859571651970e-01 2.025605562548951966e+00 2.017866976459223027e-01 5.488087436539228925e+00 1.166603466392338806e+00 4.790582663101261574e+00 2.325709796653745443e+00 1.785828615637911065e+00 5.659170182850180808e+00
1.415528955835535729e+00 4.727920567168784061e+00 8.611607264875000833e-01 2.145196560196167557e+00 1.219384457961721235e+00 3.161283259172520399e+00 1.863487318768250356e+00 2.550534432453527955e+00 2.846900411886859494e+00 4.594720236843250483e+00 3.024985451225414401e+00 1.289855205495207491e+00 5.223857543536443160e+00 5.007864325321150778e-01 6.161791466872784895e+00 5.536536013733925010e+00
7.362620003046601580e-01 4.721500192996873402e+00 3.514989279768373720e+00 4.438339829123267855e+00 3.552116402093456138e+00 6.068296204728710563e+00 3.982764739868885240e+00 7.785806664817317424e-01 2.150803504356262330e+00 3.407757184320648669e+00 3.409817000574574486e+00 4.994937079728846818e+00 3.696644545602735921e+00 3.989744341260041960e-01 1.883733678089301700e+00 2.246385358271216770e+00
1.284737310748355288e+00 8.316046263845295883e-01 4.633842076460285675e+00 6.099654254269682774e+00 5.189483409355532650e+00 2.185409057900662422e+00 5.222952079207922260e+00 1.225830713723311982e+00 2.169749412149987844e+00 6.214524787045138110e-01 2.461016710710977495e+00 3.785231343526547665e+00 7.119459639374453586e-01 2.278564224641676184e+00 1.635074641439585141e+00 2.503150308895841114e+00
2.677270472741444696e+00 3.624941764845027725e-01 4.469428811982104399e+00 2.578569975332109632e+00 1.738841955234601833e-01 1.105450177346936624e-02 2.855267917051665716e+00 2.371835494843899106e+00 3.533144670528657549e+00 7.840255876702235671e-01 5.289375820636711190e+00 5.792106005012199743e-01 1.447298872225390776e+00 2.946898960544342305e+00 2.333293155275532715e+00 5.355621685233637130e+00
2.703106894498455759e+00 3.791631665310454036e+00 2.346932135475543912e+00 6.671427520142040324e-01 3.435717798983153770e+00 5.144334500985990211e+00 3.451263777734171700e+00 3.586060731412431757e+00 2.809507692265705181e+00 5.032256455152715802e+00 2.870099512657304786e+00 5.907655361710233421e-01 3.302104988765739879e+00 4.302741123257818323e+00 4.958017023681215107e+00 2.618710518307509449e+00
4.564999043111289900e+00 5.849920142895648212e+00 4.703380259199732905e+00 5.377007804111425315e+00 3.317595115051275911e+00 2.417497263057268864e+00 5.845331698805735776e+00 1.371162578279636612e-01 5.850572806770102385e-01 2.402988193551455876e+00 1.619837760971975404e+00 2.432919041213379430e+00 8.334035105595973825e-01 5.631918641867314612e+00 5.884952442262529893e-01 2.033356775523095905e+00
8.502856771935421998e-01 3.744976187180652616e+00 3.935426975308594422e+00 1.386339271579921206e+00 1.934596373046226780e+00 1.262490871281051197e-01 3.526939210157452820e+00 5.418565100901902021e+00 1.793183040868821410e+00 1.456144639250710915e+00 2.689322765977804619e-01 5.758039672979209378e+00 6.063197512205348083e+00 4.921984961216045562e+00 1.720090931723144756e+00 5.642027821196210491e-01
1.266025795908392926e+00 1.685933799608122285e+00 5.389027555203603548e+00 1.869083807066656666e+00 2.762802781211219472e+00 4.132258931259415569e+00 6.152151308113460004e+00 6.122858825563958440e+00 2.930283594628139698e-01 3.375011503508853927e+00 2.471336892974362431e+00 3.635228124176919096e+00 3.037784293963882387e+00 3.881666089983768053e+00 3.836872338068253452e+00 3.918533560131279181e+00
3.715582852956669235e+00 4.821809544573314454e+00 4.928642774601835974e+00 2.422850279648998684e-01 2.836649864892692552e+00 2.810813230704975574e+00 1.477692099009856319e+00 5.942229568359820746e+00 3.783570505481953283e+00 1.000071523595613021e+00 2.663063280910496378e+00 2.763348110079485664e+00 5.140264335514302729e+00 4.143623441168203136e+00 3.372625914829527449e+00 5.158784558554891042e+00
9.538493302622127468e-01 2.638306534319541541e+00 3.581212236295831186e+00 1.663562505342910391e+00 3.653089531915725274e+00 2.313287301124321349e+00 4.498431489584304721e+00 4.346067710926711847e+00 4.440653637106326990e+00 4.684217980537440873e+00 1.568318920002555572e+00 9.881095332553521682e-02 2.330527426118325529e+00 1.880079409731291840e+00 1.761615547416579275e-01 5.527214185030739024e+00
5.729756793542057025e+00 1.445303784892050247e+00 9.609115537396480944e-01 5.924716006284915792e+00 7.975875716451508168e-01 3.950933145328895613e+00 5.299472435190809350e+00 1.271267181731033091e-01 5.761374341536528831e+00 3.647222158131621761e+00 4.579323842261944222e+00 3.416686427363355705e+00 6.209896939587521203e+00 4.241611094499674328e-01 4.397352230975036136e+00 3.483545650614461864e-01
4.826245831297987898e+00 4.691071276673812740e+00 1.283057700627316722e+00 4.001464678049175383e+00 4.118571287335187847e+00 5.231110813882978938e+00 3.687225234236615634e+00 4.200295294950276315e+00 4.442929378788605277e+00 5.074801906547460995e+00 3.891363943794352576e+00 5.459791858001266540e+00 2.306014885921186530e-01 5.715240749481431237e+00 5.976749947030408627e+00 6.264002085660543173e+00
3.939614165131093415e+00 3.320629160238846467e+00 2.666397946809363262e+00 4.211500450542796870e+00 2.927216873492682225e+00 3.379020992897459941e+00 4.772275410837346854e+00 3.637306510041605101e+00 4.709145651073446182e+00 5.213605938089910019e+00 5.612620158797074765e+00 3.756392064828209865e+00 2.805838532321207612e+00 2.400357003010601176e+00 5.074942010242556201e+00 4.616976374549679463e+00
1.336474990803445229e+00 1.409427798210741933e+00 1.171313908819229699e+00 5.104839259704511356e+00 4.955042261259463565e+00 5.317600482023962627e+00 3.520800057614831946e+00 6.218061476290969836e+00 2.742264106032161752e+00 5.343989577904273425e+00 2.375091008411489568e+00 4.287084212712467313e+00 4.934242113057189627e+00 3.787707988967736195e-01 2.572346520274061188e+00 5.117658118769771169e-01
4.729547858486636613e+00 5.189030307959927590e-01 3.766645631879544265e+00 5.500706986413072208e+00 3.040848117108287063e+00 4.050343145116965360e+00 4.197706244659662467e-01 5.542200601658620052e+00 1.368700349853796849e+00 5.954218242194111887e+00 4.319267305471147900e+00 4.177561950421530668e+00 5.071752996292715920e+00 4.799501179160878372e+00 1.541909735954236194e+00 1.105622342758153076e+00
2.073686646126974509e+00 1.055050452028471336e-01 9.502786716220588126e-01 6.513334609271528852e-02 7.939751600147744170e-01 1.639498613987379727e+00 1.310869303369560424e+00 1.680690741577838931e+00 4.453046635085099680e+00 2.380522160256562714e+00 6.415635364214933301e-01 1.984681641082636006e+00 4.131631054519483648e+00 1.516023733309034283e+00 4.097313684124665123e+00 4.605389834092036949e+00
3.091244588592839460e+00 5.122454180746485619e+00 5.216372751577802447e+00 2.657298937749735579e+00 3.155664827101455128e+00 5.316791972798859955e-01 2.641791323882427545e+00 3.476658162914276318e+00 5.714630944598567019e+00 5.631884989179906320e+00 3.298405079846087329e+00 3.135613804931879134e+00 5.153796456362568890e+00 2.812658075386970102e-01 5.143801865194006950e+00 1.342890455134472916e+00
1.254109058795668030e+00 1.182985445033738925e+00 3.041339473724770315e+00 1.634925714335805136e+00 2.131699119199352399e+00 4.406943725277653101e+00 6.627832682961651845e-01 1.738245867225163055e+00 4.185276094525650414e+00 5.741019614402438798e+00 7.542334229437355209e-01 3.353219117131655658e+00 2.175735014469696083e+00 1.261683320323643720e+00 5.004294035440571164e+00 2.608510600997498985e-01
3.909449828780031666e+00 2.756500215682648580e+00 5.605898119602452212e+00 3.468921423038917151e+00 1.727725124287568192e+00 5.879072140753689446e+00 4.606125430604040005e+00 4.026039028783524820e+00 4.562297724254549713e+00 4.714119453170435570e+00 6.562830372135708412e-01 3.241471101297703328e+00 2.079101070454136835e+00 2.641050542320524386e+00 3.229134776820884234e+00 4.377097600541797640e+00
5.567867897862165627e+00 7.012646062568241856e-01 4.049314345177117858e+00 3.101375093539351369e+00 6.264449297831108154e+00 1.047922573119792977e+00 3.854415077092895103e+00 3.293333692328089590e+00 5.280349485564073575e+00 5.086797775183432790e+00 3.635473990929708688e+00 2.468270947889889266e-01 2.913869959689517231e+00 3.148356254874251192e+00 5.398791756913587037e+00 5.434999753007534018e+00
1.915945904145838430e+00 5.840370858775414398e+00 4.694838950142538714e+00 5.556180892648504788e+00 2.584543099621745998e+00 3.643658281797784060e+00 2.912811420378607519e+00 5.564079551292688386e+00 2.203885574546876835e+00 4.337275850357476870e+00 3.945389671492774419e-01 2.877671517308348914e+00 4.762116719505010143e-01 5.245819723567173298e+00 5.426786503143557816e+00 3.555295553172022061e+00
5.995875258969939559e+00 5.693439202560128365e+00 5.593223447094667122e+00 1.003271611486600934e+00 1.081702023170343585e+00 2.281736562715471983e+00 2.743354503188867533e+00 4.928480428468939856e+00 2.197946037162135546e+00 1.866582826732357869e+00 1.963605257052071451e+00 3.527054808335537750e+00 1.008736146590153870e+00 4.953561326976687162e+00 4.350990972636101795e+00 4.885846674593307348e+00
2.611067114312438875e+00 4.433815612687096674e+00 3.573492926835950101e+00 3.943699406306991673e+00 5.664801225955155672e+00 5.152020591714971509e+00 2.723855839250932664e+00 4.344749756870074364e+00 1.357830327988141184e+00 6.094418875046518913e+00 3.642108376331030239e+00 2.802052357614235323e+00 3.692276588393332393e+00 3.994263008136444415e-01 3.284053056213243060e+00 1.633886172866462427e+00
9.217029473197430045e-01 3.166731116573837657e-01 1.104199662669536952e+00 2.794977979647412347e+00 3.603024943952347403e+00 1.954334602174603752e+00 5.518775087107295751e-02 4.192647805875831857e+00 7.882147089525586292e-01 3.075464711578023369e+00 3.820076523432310633e+00 6.841649081036047519e-01 1.317910157210182343e+00 5.130913866095816900e+00 1.522728257860729517e+00 1.239857487485913179e+00
9.012192973078260172e-01 5.705513395312998171e+00 5.456929336448414603e+00 1.033735915300016295e+00 6.230016941462717561e+00 1.403930973918585234e+00 5.788575449910043247e+00 2.370645090048122405e+00 3.806271990745801581e+00 3.850847599373143026e+00 3.250826388115203969e+00 5.392636019327794905e+00 1.256410513751953451e+00 2.373642935123734254e+00 1.475437965313762811e+00 1.335320465886474794e+00
6.035776112653309156e+00 2.414412452815278609e+00 3.713933872321488749e+00 2.953835169071094224e+00 7.102358156855577143e-01 1.836538187411896228e+00 5.842471629161992475e+00 5.557719525310860220e+00 1.213640925687429428e+00 2.877487071079619874e+00 3.901954808465758262e+00 4.516692629769365475e+00 5.843440433642340892e+00 1.202062822881956317e+00 1.732975123991963962e+00 2.177090650163940655e+00
3.981835740025097437e+00 4.050088583220767369e+00 5.143898052556459266e-01 1.648585030861946965e+00 5.949319106420475123e+00 5.642993079413926694e+00 3.617014183720202336e+00 3.827318402894255733e+00 4.377698207641341988e+00 3.309583245462918377e+00 1.505592438174899073e+00 2.739498966360842225e+00 1.399203887924079348e+00 6.857657633912949136e-01 1.571800701143396317e+00 6.128570021357416131e+00
3.205880512144930528e+00 2.705878503816498970e-01 1.260119158748506107e+00 5.145189369237433752e+00 4.266383023690673681e+00 4.516266114275143906e+00 2.361733931173215062e+00 2.132053422948584576e+00 3.161195072097598313e+00 1.815497621419578156e+00 1.377592181229240875e+00 4.714796663502514029e+00 5.631488188109580406e+00 6.231325931619114966e-01 6.820600647597135913e-01 3.612121108053934382e+00
