3.669705392083049134e+00 3.129305831389455061e+00 5.759751811589678638e+00 2.016113288161204498e+00 2.311297734134475146e+00 5.128779175848844574e+00 6.158477427257446735e+00 2.087147463229036770e+00 5.764859084912784759e+00 3.086719817837176638e+00 4.932157965622920859e-01 4.576097520703703125e+00 9.666462404036643141e-01 3.571959440713388556e+00 2.900058594892608088e+00 1.232277284601052569e+00 5.252747144436414883e-01 1.672565089718881737e+00 3.395945962748395885e+00 4.072072016493929247e+00
4.835830485422208724e+00 3.615800084445056406e+00 6.769746098069884255e-01 1.973577430274126465e+00 6.190535112147155239e+00 1.832319001592852548e+00 1.807177649334366087e+00 3.725644131785560642e+00 4.551421596544600462e-02 6.066660346863546049e-01 5.069129099170834429e+00 1.599660019461348615e+00 4.456226722375787652e+00 4.951582278071914978e+00 2.860940223722107323e+00 4.415048589323756545e+00 3.736657885771449639e+00 4.809048328614307088e+00 3.050818069534450228e+00 3.808285588107060526e+00
3.390021717340782725e+00 4.406037248628763336e+00 2.483997660201382907e+00 2.682718306082443771e+00 4.941807025327885405e+00 5.900518019253599533e+00 5.612044528536165977e+00 1.957858618153867969e+00 3.791545508019574795e-01 2.527736970047313125e+00 5.900190353184171954e+00 4.242418504751696240e+00 3.671093564343610449e+00 5.051733443691508008e+00 1.513045835759578406e+00 6.395863484230317475e-01 3.701061055352025786e+00 2.525720587511642634e+00 2.838572607765926570e+00 1.086019129856680587e+00
4.625418521066836597e+00 3.958394747527369084e+00 1.698307188611920315e+00 7.881480359545375292e-01 5.080593388420256318e+00 1.337419444834508919e+00 4.739117053964044146e+00 6.955425999885412880e-01 5.407639808452436192e+00 2.322419182122787695e-01 4.105568139303847452e+00 1.490165515007249919e+00 5.085057867350021965e+00 1.195092606752858444e+00 3.548894416792329753e-01 2.092706546015379310e+00 2.986912519229202978e+00 6.137492586801489125e+00 2.084957331667571356e+00 2.232744500765230233e-01
4.212127541840030354e+00 2.071995718146040222e+00 6.890325500671377057e-01 4.832357729570875726e+00 4.164616307553499763e-01 5.883347833645597547e+00 1.494128759284950814e+00 6.080295540272866006e+00 1.835017320540495711e-01 3.454961411956175343e+00 5.159861948301364132e-01 6.069630070137879585e+00 4.308880562523101920e-01 5.159425703880685887e+00 1.716639844226161893e+00 2.532905401506717169e+00 5.269246767896816230e+00 4.961681311731435784e+00 3.459229906294805978e+00 2.555691095903920740e+00
2.166466519634747456e+00 1.376282982085451634e+00 1.083294587173385448e+00 1.569413048404338484e+00 5.618826757309347109e+00 5.369738708823065254e-01 4.063683349668998801e+00 3.482398222566823520e+00 3.185318894403647572e-01 5.142463598547510450e+00 3.440741785980971468e+00 5.747502593675047677e+00 1.312230096555402792e+00 4.733218244277928588e-01 1.855281488796774569e+00 2.332681480433533405e+00 5.916854473175686024e+00 5.889763092897418950e+00 3.290038474356805631e-01 2.498710248788653221e+00
5.461106820344243218e+00 4.134688835816245245e+00 3.182883076843994186e+00 1.234156991049554009e+00 2.125408751749058744e+00 1.180271779873359739e+00 3.119293364738939811e-01 3.279638935811877598e+00 7.832263902197826588e-02 1.829715874864576541e+00 2.862333598345391028e+00 5.519612400016084663e+00 5.105701973012704009e+00 5.377882787404581144e+00 1.784357079017243386e+00 1.398134664505648717e+00 2.066965089663744592e+00 3.373757277612683847e+00 2.013279249361194623e+00 1.369757075237480359e+00
3.993882651453996679e+00 1.748155163924873801e+00 4.566484930747238380e+00 4.940710304279604337e+00 4.808487894536821017e+00 5.604568672987755740e+00 3.965740212693819267e+00 2.434615093039212752e+00 4.614842188876371765e+00 2.555494874702741281e+00 2.588918855146081555e+00 1.769012802129877882e+00 1.142018534701433552e+00 5.810477643808570569e+00 4.392584097234151663e+00 3.454756437398118329e+00 5.409328779915083096e+00 2.987774506480636472e+00 5.215691139098865836e-01 4.176091540507887778e+00
1.992133883703575137e+00 3.815690186404857798e+00 4.315625578770343473e+00 4.358034454220299558e+00 6.216627925367420593e-01 1.437451033657545452e+00 1.541464214873408345e+00 2.356714524992497228e+00 5.713080077510058530e+00 5.231712610763425531e+00 3.577495782592673201e+00 2.388409840291894071e+00 2.328023947360527757e+00 5.760894836272525965e-02 3.948209215948441653e+00 5.662233563469757591e+00 4.104852650996744678e+00 1.684253658860120462e+00 1.991904786418877249e+00 2.162469214135034790e+00
1.389572261052644864e+00 5.793417586013018816e-01 2.020791030821276646e+00 3.270581961474204213e+00 1.309964855393981775e+00 4.994793110998622332e+00 4.494743718300307833e+00 1.413303030709244790e-01 1.662765044456180785e+00 4.965952272946288382e+00 1.126282258375909784e+00 5.071928295187812630e+00 5.888667978031627115e+00 3.525114791496909650e+00 5.778426838304564050e+00 3.892346385163386824e+00 5.546937690664986320e+00 5.433963206325389983e+00 2.616988961310133810e+00 3.899022530616643500e+00
2.838248728003698318e+00 3.925129358504143351e+00 5.655828302038347744e+00 4.577781854332586775e+00 3.313132754453216311e+00 4.215815470047293623e+00 2.852965926584785095e+00 4.398332863612749222e+00 1.309575669022692845e-01 5.729735787628315258e+00 5.155174973036003472e+00 1.251440129125181155e-01 2.916189449651469534e+00 5.642631173797413524e+00 3.839726539885869094e+00 4.203016933243381104e+00 2.962750993114395826e+00 5.968672627483068815e+00 2.172257167706698411e+00 8.100626956520819155e-02
8.513319449810284878e-01 2.322139460192135019e+00 3.393789259336449926e-01 2.483673424445344668e+00 6.040602421263189248e-01 3.313688617044909801e+00 4.286177832011958677e-01 4.226484340111917426e+00 1.588422712073012777e+00 2.377395013028684279e+00 1.884040704990121329e+00 4.404624694824655684e+00 4.586094329555843174e+00 6.262254650842907111e+00 4.903982267248239157e-01 1.234400243184011758e-01 8.445878124598453496e-02 3.223458901778527341e+00 8.147492507924041227e-01 1.985689000228128442e+00
5.178202041190439253e+00 7.649073727934792011e-01 6.283157155924180559e-01 2.315319874635560993e+00 5.591112699602009073e+00 5.324440371854339382e+00 1.766812679250471252e-01 3.252237982413130002e+00 4.483604696167504122e-01 5.484180227469499513e+00 4.047760465213922743e+00 6.216172526405291388e-01 5.894942207009966850e+00 5.784599938219338711e+00 8.224699802070891685e-01 2.560280071308152827e+00 1.554953070204245558e+00 3.099536392710457555e+00 3.498891963596126864e+00 1.304007002543379867e+00
2.943912681316819935e+00 6.059309114747941649e+00 2.585015109669680733e+00 9.509428107676184405e-01 3.221599095550339076e+00 5.280295113606233715e-01 4.512255955927590989e+00 2.316689623770141537e+00 5.060135232300404518e+00 1.418129917929643380e+00 6.190374604360837640e-01 1.984717866284179566e+00 3.800272801991073646e+00 5.689087105607105954e+00 3.773246870318189283e-01 2.514226430613848429e+00 4.230174429439699679e+00 2.562060371595469732e+00 3.467175512731499154e+00 5.654892503538912152e+00
4.246358169247372860e-01 2.604242258656630948e+00 3.803500240992714776e+00 3.909186045056566083e+00 6.100794028921321832e+00 2.508127723262615127e+00 3.226318811045025825e-01 5.771491769151418261e+00 2.540574038955603520e+00 1.611011908032388806e+00 4.779077180132810021e+00 7.159728865520914587e-01 4.173208783127025256e+00 5.430142115198264285e+00 4.399615347955355027e+00 6.017984242468767953e+00 6.763705651702300869e-01 4.239037873374311705e-01 2.570599968995154860e+00 4.835659939557282350e+00
4.152093164550941573e+00 5.147496929269185451e+00 2.142521035256897299e+00 4.804292316005576158e-02 6.005476411271451376e+00 4.885911993428281974e+00 4.661789411557215601e+00 3.902246979249132330e+00 5.146950296439808170e+00 1.435022524158984902e+00 1.741972594840702770e+00 5.402987286358083452e+00 3.986738457199890728e+00 7.793600213163163204e-01 6.282915220848483528e+00 6.148279450375247812e+00 1.818363666667062173e+00 1.620231911075364239e+00 5.781279297934524664e+00 2.560768857133785215e+00
6.190600416977683373e+00 1.554176168361562471e+00 4.638691026053233024e+00 6.025057496438830817e+00 3.918604200088972589e-01 3.968623637923362479e-01 4.650803212049972934e+00 3.502821716728687362e-01 3.668671375247017918e-02 2.551382803136867494e+00 3.967157377406713703e+00 2.714630483320212839e+00 4.567705373510762890e+00 4.984301600396217502e+00 3.815005126418981707e+00 6.866698745207820975e-01 4.971336691821314879e+00 4.114541212640285273e-02 5.102797243744157996e+00 2.645038296688222879e+00
3.620654870388587465e+00 1.218394511383574352e+00 5.351928883212099031e+00 7.306933251126525308e-02 3.092236465198880513e+00 2.946384429295641816e+00 6.090659905678284858e+00 2.848356443579660002e+00 2.240864413986086046e+00 5.579821095523100460e+00 9.194372409306021676e-02 2.365634044160592975e+00 5.121697390833028329e+00 1.256553334078461370e+00 5.973356931823281535e+00 3.118925512823594870e-01 2.333273426166462716e+00 1.269629120025860036e+00 5.733907926194732774e+00 5.492184592539626209e+00
5.427649977611256560e+00 4.569426127732782561e+00 4.697236856434270913e-01 4.240635680294770005e+00 5.355346948640012705e+00 1.972810941953993813e-01 2.107891599249589909e+00 2.717829111242427320e+00 2.556150496293740360e-01 1.630925040226288703e+00 3.146914987765660476e-01 3.908089010470038094e+00 2.353661438796823546e+00 3.566910093956503491e+00 2.090460454332007334e+00 1.446297614150412691e+00 1.077827134456462027e-01 1.721019124197193106e-01 3.407372508237562769e+00 6.197704182111992033e+00
8.053918745965155113e-01 7.875700388786539552e-01 4.505994679214255783e+00 1.208663481532370687e+00 6.191571049693431750e-01 4.335150485601900527e+00 3.979479268426377114e+00 5.155352493876499409e+00 1.969699373773396989e+00 4.535483011794918973e+00 5.248104816986900012e+00 5.116355745230152685e+00 4.035612230909685572e+00 1.083910211572578941e+00 5.361876945255840354e+00 2.857830021206366755e+00 5.204883862792970106e+00 1.375611737966736525e+00 3.636934727801014677e+00 3.417306332326473850e+00
2.342878877193014464e+00 4.993967933150001426e-01 5.906110158928897569e+00 9.091160463775779244e-01 3.082388095858164867e+00 3.422713896320324967e+00 5.168015626178373623e+00 3.589398199748954355e+00 3.084788442371551476e+00 4.897784748989571391e+00 2.624838056041370660e+00 3.719845715452922974e+00 4.725692533477866775e+00 4.744469350074476566e+00 5.563004717232176155e-01 7.949844382644646323e-01 1.293645945873789005e+00 4.244968598314224018e+00 5.600715983188133684e+00 5.259094756955234651e+00
6.252416151519604171e+00 1.005752918056518563e+00 3.420074503207145789e+00 2.711175080915047442e+00 6.039521888351830015e+00 2.600817494019386000e+00 1.678872810851493647e+00 3.920933118353969959e+00 4.846248808672370068e+00 4.652613595297555804e+00 3.021150843082164306e-01 4.820322876062218320e+00 5.173384169089553453e+00 2.799268658777092966e+00 4.363796119000365792e+00 2.145015600836007952e+00 4.336867638449965590e+00 4.399979518658631683e+00 9.959356512828723140e-01 2.665982440939188347e+00
2.563690441237414852e+00 6.253265569031987603e+00 2.386503749183764289e-01 4.115746031800829208e+00 3.161134289695780808e+00 3.707749240171127614e+00 1.529580605290167039e+00 2.539160374931422659e+00 5.889274068771074511e+00 1.790878322863443506e+00 2.583558010125832194e+00 3.654951243921586546e+00 2.558333078829572393e+00 3.413992357625345031e-02 1.342871576870863781e-01 4.486379772506751351e+00 1.571939723317706594e+00 5.311368117074466433e+00 3.527278337871583069e+00 2.059178053376276907e+00
3.501385792909454064e+00 1.043081900093754788e+00 2.115840468447383493e+00 3.392541432366612320e+00 3.180688295940631516e+00 5.731500391778434178e+00 1.767917867604186455e+00 4.966697972031632879e+00 3.927091077995506829e+00 2.133851604599422025e+00 8.222141861185876532e-01 5.458641339953667959e+00 4.241494708909376854e+00 2.583426543156846833e+00 3.509621731758060914e+00 2.338203934034721154e+00 4.897544627612784751e+00 2.879971223832047400e+00 5.278599488240673487e+00 2.097468394249126344e+00
3.720998800745473734e+00 3.611514350908529014e+00 4.287413233633248666e+00 3.291472824563077104e+00 2.579426566456765713e+00 5.307303652569543395e+00 4.960284356171178466e+00 4.844711543441646562e+00 1.263793053837021896e+00 7.843661249182160011e-01 2.267214693865313713e+00 3.461133521257031997e+00 2.323764722446227005e+00 4.550367379051779793e+00 1.859555160407001084e+00 5.883239207428202278e+00 3.050566924461252771e+00 6.566074787565694404e-01 4.590335519218796456e+00 6.471573253266039716e-01
2.720631541187465086e+00 2.633430134157462632e+00 4.594318987498742235e-01 4.141071843570101940e+00 9.728964156003241381e-01 1.076872181536858708e+00 5.038959907764948287e-01 5.180606845835939112e+00 6.077711833087778182e+00 5.750535144821222917e-03 2.240365609896848742e+00 3.667419747312183897e+00 1.386013942916004105e+00 1.348936015578708236e+00 4.403761760576792028e+00 3.984323027541748274e+00 5.304588498125751173e+00 6.024823859094146528e+00 1.410310035296528097e+00 5.089437774279869764e+00
3.359808331607168075e+00 3.949666115957598311e+00 4.443163699580846782e+00 5.341818933646919731e+00 4.885938366501859642e-01 3.942223748948856521e+00 3.789534889589615041e+00 3.540259845658909832e+00 4.846802163142287512e+00 1.834302776908157684e+00 3.400891951782350819e+00 6.066577656054716883e-01 2.003483104502319367e+00 4.360020029853437507e+00 5.187223523876724585e+00 2.511371737511360003e+00 1.684848789353140308e+00 2.261197330908925718e+00 3.195713138357231253e-01 1.469522966450083512e+00
3.053595221312987551e+00 1.584088985675656369e+00 2.972717037266448870e+00 1.719778205224316903e+00 5.045110812565805070e+00 4.815369089114150292e+00 1.292062521218648063e+00 3.227994228616088979e-01 2.502299496014366298e+00 5.612557329877466472e+00 4.689690264246975104e+00 3.423656824233807239e-01 5.334307453503291940e-01 1.156064497466248175e+00 3.857683596396047410e+00 1.030257755220688048e-01 4.184559681982365831e+00 1.789863120852466016e+00 3.789775452408952194e+00 5.291099510835404196e+00
5.768523719370276304e+00 1.468683240403596324e+00 5.620360793768331753e+00 1.384082475267538914e+00 6.082332512488675125e-01 1.378348250924987139e+00 2.254579557225834918e+00 2.275683428135569564e+00 6.012189438583981360e-01 2.646117906248625751e+00 2.913531714239735670e+00 4.220060101174332168e+00 1.394885671573621311e+00 1.987394171671712506e+00 2.549788229799257788e+00 4.895534112591322540e+00 5.825095733479562554e+00 2.938293499858625868e+00 2.787660636283694426e+00 5.613799523278679260e+00
5.795357026020067082e+00 2.785363335815981056e+00 5.282870342061164237e+00 1.134205418399847121e+00 3.827848286814669265e+00 3.681457304006154452e+00 5.713041392371490446e+00 2.610729692400654223e+00 5.220330445457033619e+00 1.238224598443801394e+00 2.615333294142748510e+00 3.293046323902870220e+00 2.561160087116933770e-01 5.784522715616593480e+00 6.084180198617180402e+00 3.942319728478510754e+00 5.430393403056188895e+00 4.530656807515595075e-01 3.119563300093973979e+00 4.838703134840852016e+00
1.879377941010262898e+00 2.450769177701524359e+00 5.275330959775631490e-01 5.729053913618177951e+00 2.789117517272599045e+00 3.731761078629235673e+00 4.892320166854927876e+00 4.603347802361130725e+00 5.392108160623215518e+00 3.707433682654374341e+00 4.739812018929624671e+00 2.013522802683680002e+00 2.134264725435768284e+00 3.124645951719360326e+00 7.786651199111053190e-01 5.002462338927856855e+00 2.371541778428747915e-01 4.390180805069581638e+00 4.668166656546766546e+00 1.808338586567734385e+00
4.899227593704489792e+00 4.756687097584157087e+00 5.770984660887751305e-01 2.772649481053895748e+00 1.428337321214097067e+00 5.332960400909962928e-01 1.805528893079048069e+00 3.077021609605210095e+00 3.539143608745954239e+00 3.067963055601690581e+00 1.484255748427660171e+00 2.678767071433622693e+00 2.067534471369345539e+00 2.746126441838499410e+00 1.514852689403029418e+00 4.057179940865992762e+00 2.057060622307875786e+00 4.442099483566633644e+00 5.137388949605817601e+00 3.695352857246283484e+00
