3.972845964704833754e+00 5.568793842619533585e+00 1.004794596175905275e+00 3.161794223392163872e+00 7.031036209260334291e-02 4.165971120299557739e+00 2.487517812730008604e+00 5.522724042803608846e+00 5.743701525609675507e+00 5.673909900949823282e+00 2.371940862921201099e+00 5.014304465048107673e+00 3.795105363979423885e+00 5.280108431156143034e+00 3.464719242089520979e+00 3.176900770942522101e+00
1.607604452243703186e+00 5.795820774676965215e+00 8.875084381255963217e-01 4.279027088994832972e+00 3.393411154647166583e+00 2.140473759544734011e-01 1.658236268913376055e+00 3.151842164684913072e+00 2.016408977314624540e+00 5.609252075343420074e+00 2.704517965092268383e+00 1.610767571936315701e+00 1.814558479423208359e-01 3.395866403130243683e+00 7.479240573861961616e-01 2.067936305153771137e+00
1.423216001989840995e+00 4.970325361693246791e+00 3.742988237822129971e+00 3.028749752165202036e+00 1.583636708452582864e+00 2.271420082291772502e+00 1.937120511209858842e+00 3.425416572028213036e+00 2.844896208565193874e+00 9.439443203992970988e-01 1.929277721095739473e+00 5.020368975092670105e+00 5.006518784653666287e+00 2.492849967445025072e+00 5.790109800806492180e-01 3.579303955328255071e+00
3.326967521094171598e+00 3.592386235996676280e+00 6.400967879167409613e-01 5.030879946132656322e+00 1.983140851112782155e+00 3.404380906996571809e+00 2.077837904610693176e+00 4.029213682990222978e+00 4.687394705666901196e+00 5.339949562565386998e+00 4.573821688600724578e+00 8.545428936533945308e-01 2.859825932041035301e+00 3.173275401170827514e+00 7.220532331652635971e-01 3.102186714311891969e+00
2.023865576629720331e-01 6.123704794909913041e+00 2.277305978172180223e-01 1.966788653731716074e+00 4.745159234389073610e+00 1.980160332287307146e+00 3.977681964703151607e+00 2.383910852228964039e+00 4.713373610297798777e+00 5.993316015180886858e+00 2.776186459253993544e+00 5.645056324628010103e+00 5.978612876356274697e+00 4.840186716967134650e+00 6.462484745594190283e-01 1.269348355995057576e+00
5.635565822540711700e+00 2.114031288976768508e+00 5.482041462892337513e+00 3.312490683815290105e+00 2.584199539161639247e+00 5.107692566154229397e+00 8.692040376917018474e-01 2.599682414657207286e+00 6.399489114149552182e-02 4.834516077159558556e+00 6.553877880724544580e-01 5.532109921592515356e+00 1.459551895275539080e+00 2.106576306548574085e+00 3.251768857483335662e+00 4.527633236466676259e+00
2.091027393710248816e+00 2.855252008037274081e+00 3.531284183277971334e+00 6.114633392511449550e+00 2.530230840507293522e+00 4.599495511561189076e+00 8.167017528356651512e-01 5.495534945978755914e+00 5.403079680520200156e+00 3.952147949279466443e-01 2.886237519783874550e+00 3.197855760254590507e+00 1.746162423117724183e+00 3.283968049393116040e+00 2.096277796569168572e+00 8.975130981629605431e-01
2.925520546428213464e+00 3.622297707781903853e+00 2.796517130227306414e+00 8.446984894976213853e-01 4.765390371931490954e+00 1.697481313588199869e+00 4.323583841872768119e+00 1.771469654181416331e+00 2.215070054119010035e+00 1.447465507497432302e+00 2.638511245766328006e+00 2.119625824235039424e+00 4.310413413921772907e+00 4.150225592063097935e+00 4.589123498322743799e+00 4.305923998321912194e+00
5.281075783521593792e+00 4.297386089917975660e+00 1.407774154648716580e+00 2.959170371022031176e+00 5.681347764038640058e+00 5.096720948279421792e-01 2.769255469832918592e+00 3.336869701262766608e+00 2.917482108786406236e+00 8.022980402671208155e-01 2.362860474629651097e+00 6.006089270117098700e+00 2.786331509460070244e+00 3.310904037834990987e+00 3.405748142195757833e+00 3.939545550694827813e+00
5.421889659806033990e+00 5.247415825110569365e+00 3.757977161989916937e+00 3.880109482466547632e+00 5.567013609575330868e+00 2.879803252909673983e+00 5.224002718645648358e-01 5.262057813215722524e-01 1.792635512240324802e+00 5.946545619853820241e+00 9.622266054556126713e-01 3.511556967207642987e+00 2.673125676408278917e+00 3.317722678353092647e+00 2.906665540653665669e+00 2.156357620062252067e+00
1.661852164040580560e+00 5.199791520588124882e+00 1.471830646429406420e+00 5.467475834983558380e-01 6.012044172373720130e+00 4.563286655769626665e-01 3.845144041153764292e+00 7.046006182568763654e-01 5.414526252589930699e+00 3.803259371043819392e+00 4.419947726216991057e+00 1.374895510829914791e+00 5.376999111499941364e+00 5.248239181150750277e+00 2.141603795619913875e+00 6.012903926933869769e+00
2.665911809379398534e+00 2.300826083555755630e-01 6.077276171299392793e+00 2.134846381556494699e-01 5.758055114883947390e+00 1.827155647496660817e+00 3.910571108310374910e+00 9.800267871070416081e-01 1.888084451551292453e+00 5.027411926219748750e+00 4.753148157828968046e+00 1.891397625414513728e+00 5.055283888434026984e+00 1.575517121247130836e+00 3.994352897702420635e-01 2.426427692765684263e+00
3.424802092240274209e+00 3.738694076438565439e+00 4.195967411408409869e-02 3.068623789416419445e+00 5.735289890075089936e+00 3.178109500079310035e+00 5.516337569687654430e+00 4.569900724790747937e+00 5.039558291108759552e-02 4.492028607494795267e+00 7.425655388007388336e-01 3.375189815628137247e+00 2.266146076938388543e+00 5.907470749703560564e+00 7.522733396470433487e-01 2.708912490490460456e+00
3.686759125627557143e+00 4.801405730539143768e+00 3.136555794052443780e+00 6.248946855946634571e+00 3.346924350975134743e+00 1.940879769727155979e-01 5.158267714659802827e+00 3.959577239843995233e+00 7.165637829872611997e-01 1.444019915299862733e+00 1.912802571158106701e+00 2.481691281940484384e+00 1.839951462891341372e+00 5.936385142804912363e+00 7.814374121853846500e-01 3.687496566703361012e+00
5.655063386919348289e+00 5.515838932071852163e+00 1.941740918401674953e+00 3.763701108240062432e+00 4.249939348584743648e+00 4.917952814461023614e+00 4.852921603892839997e+00 3.071551435352203541e+00 4.179806957024604586e+00 2.904838181044137713e+00 1.414701205137479934e-01 5.250129308949908591e+00 2.239026798090745007e+00 3.823448143398986421e+00 3.126242364413085451e+00 6.006343415577191536e+00
3.716514854127971557e+00 2.754967732217238119e+00 3.139120328845981245e+00 4.638344993582387055e+00 4.658490099919149863e+00 5.608914761013298333e-01 3.824058722218127482e+00 1.548776966724315640e+00 5.841365528279555797e+00 5.199751686067758172e+00 5.481759331701476334e+00 3.171860149327417222e+00 3.700605655091092405e+00 2.114001512782076375e+00 2.372268893820213442e+00 3.820201647193515182e+00
1.060261494495237766e+00 4.112087338856169616e+00 2.836220421971767269e+00 2.966307276451954356e-01 5.708036267247326379e+00 5.567985942799386301e+00 5.738326710343618409e+00 3.821795788906365399e+00 1.359415474651317179e+00 2.861259323380658692e+00 5.056704248131996593e+00 6.063035385579238934e+00 6.106037663756667122e+00 2.418275108776743565e+00 2.187635949910970101e+00 5.408048080236258492e+00
4.942730875471204932e+00 1.600778169349357016e+00 3.467151062100130687e+00 3.651389302193350339e+00 5.336169622723603290e-01 6.117285111671855624e+00 6.422238542138666295e-01 4.701989389188747204e+00 4.424534815003388744e+00 1.378007203845829531e+00 4.713614979240845493e+00 1.314076503510789307e+00 4.457361914022944127e+00 2.142570892862828202e+00 1.416494556198462762e+00 1.544332708495742279e-01
4.915318711575177524e+00 5.610345677469376069e-01 5.056059802101795952e+00 3.548603185830773388e+00 1.673767774201785352e+00 5.950469612651699158e+00 5.034643783166390385e+00 3.180578525904413922e+00 2.726220810537641537e+00 3.981422643411898665e+00 2.369201388783694018e+00 9.073655301882536106e-01 3.050297932009233826e+00 3.857362773016998148e+00 3.466140059577969446e+00 5.108654056968911839e+00
1.057396119165817883e+00 3.013162007058677094e+00 2.253811218087885815e-01 5.212848774582313993e+00 1.756915485768580698e+00 5.883549271824603188e+00 4.225487875064545484e+00 2.518091086299736769e+00 4.865114246882602522e+00 1.332059926401908623e+00 8.032917868083846447e-01 2.871780789627024433e+00 2.802704755857708396e-01 2.085326053613107522e+00 5.184382435841430770e+00 7.179073883606512663e-01
5.439531512419087278e+00 4.228610438078720613e+00 4.688803303173095571e+00 4.874200845760788603e+00 3.456803802395116282e-02 5.214413701936367218e+00 2.338196086857092570e+00 5.402704663288972142e+00 2.020519830468422651e+00 3.017731634055293100e+00 7.641478992597978692e-01 6.001522081910247053e+00 6.234512719676477133e+00 3.648874581413558804e+00 3.439422155771295397e+00 3.878210097927107025e+00
1.607428083981445877e+00 9.330170246442918147e-01 1.157719890333333002e+00 6.183816851234247736e+00 3.261721430225181795e+00 6.172277965145633871e-01 1.747399296774879485e+00 3.245968793036773992e+00 1.580547580860156343e+00 1.724742442218000438e+00 6.199522024693365552e+00 3.177578319602536006e+00 2.789137095211615680e+00 2.070941952148471543e+00 1.406205921401792569e+00 1.253190592745230036e+00
5.729718326939817530e+00 2.245278202787060806e+00 5.396285418266773881e+00 2.107636559016974775e+00 3.549786637552260204e-01 1.958028874104536410e+00 5.541691000168325054e+00 4.713825701060892825e+00 4.683142491723006895e-01 2.180330302372249562e+00 2.366833940420723703e+00 2.759834203636851502e+00 2.510183757149309525e+00 5.561944671290121045e-01 1.517604519232689686e+00 3.121828192301021154e+00
5.151491095696375311e+00 2.871449408763818489e+00 1.871018906856056763e+00 5.276804552428467687e+00 4.542133447066325935e+00 2.916694163308225285e+00 4.423519386185450486e+00 6.155050189195766519e-01 1.520267709106388088e+00 5.748300261385146825e+00 4.370078100398055554e+00 2.957999342066732762e+00 4.895785961665818142e+00 4.752206745202935068e+00 2.104890990056623945e+00 1.482785255102947897e+00
2.997611086219892140e+00 4.420088998275840453e+00 1.298046197279970615e+00 9.599943526193586152e-01 2.685037461535323633e+00 4.320581946812482421e+00 4.971477933359119694e-01 3.159302346736663658e+00 4.221681971002309020e-01 1.057902506462765846e+00 4.710644280630763014e-01 5.814665516722888228e+00 2.724114112082965722e+00 4.819942590875130328e+00 3.048807872461422264e+00 1.452678260865873483e+00
2.510352728872687678e+00 2.322495874861212339e+00 6.005735176853426616e+00 3.746133737014797571e+00 4.616587533773223839e+00 2.054868578968260806e+00 5.169783087199882665e+00 1.753316053512316230e+00 5.020583460493361017e+00 3.481238757224803582e+00 3.076478875098768648e-02 1.224396297936252598e+00 2.812259420828869150e+00 2.267052394668136017e+00 2.273664157067601277e+00 2.283978063430227579e+00
4.169300702980438977e+00 5.057331834462709175e+00 4.175941165598689331e+00 3.494178349994328414e+00 8.154008364551827981e-01 3.686517143422530368e-02 1.863158648413730800e+00 1.218349159422378092e+00 4.599933418211382019e+00 2.783856026479140322e+00 4.705674295428599052e+00 1.509475532212966931e+00 1.076808494097121205e+00 4.280666890627943921e+00 1.216586566683984572e+00 5.795170377571930764e+00
3.717116732584083483e+00 2.648165427039843589e+00 1.805796830332678793e+00 1.687286788448818742e+00 2.796866948298610267e-01 4.762692324437544089e-01 1.723755334131455097e+00 4.442706564998107233e+00 4.809775716192850936e+00 5.169334364696422490e+00 1.642623471221205778e+00 2.453826254602201384e+00 4.042537302072579664e+00 2.026109330049920665e+00 9.782103492416996948e-01 3.265173153601217404e-01
4.112891806213705426e-01 4.177249857681794687e+00 6.141799175776886166e+00 4.329080732515508068e+00 4.664471514460832857e+00 5.782977697769259073e+00 1.431517117626098123e+00 1.297827982641781785e+00 4.900122931967074713e+00 5.686054798560913781e+00 2.775244301688102322e+00 2.159661961812750608e+00 8.994577026503683959e-01 1.235403902900925832e+00 4.948665667178817174e+00 3.172148881175166579e+00
5.484296592172878348e+00 5.403822838388109062e+00 3.983185210499851525e+00 2.841361166074788613e+00 4.078369409641549481e+00 3.288756901944829725e+00 2.169778831280075870e+00 6.111527000808795407e+00 1.912071670823407010e-01 1.829613145121869566e+00 3.259273093787301345e+00 4.163229090051628334e-01 3.852827828168834845e+00 4.771956102277545853e+00 2.408380270499808962e+00 6.097762632910497693e+00
5.139743947331549379e+00 2.911384742957954241e+00 4.171359234058399146e+00 5.023007725300965287e-01 2.247971891075284390e+00 4.613144129887793987e+00 2.406275174547274354e+00 3.920072876287649777e+00 1.548387382091928055e+00 9.773746851634569355e-01 1.865192575904010663e+00 4.763192034811110531e+00 7.765700883832832302e-01 2.701072216388850755e+00 4.449973621658211975e+00 3.276000794569454477e+00
6.234300151989947025e+00 5.445730604536484165e+00 3.956542411763119382e+00 2.328081798072129338e+00 4.826441350777678219e-01 3.105951090842644646e-01 1.448365982824953990e+00 4.742534680240670042e+00 6.288465357285694113e-01 3.979747114912934314e-01 5.510863721755970834e-01 4.151768257206220447e+00 3.212843486102632706e+00 6.126934467773375914e+00 4.653127453650927947e+00 5.921742466348455913e+00
