3.983820335299713689e-01 1.359937812967982218e+00 1.645768791520077823e+00 4.450157018824642208e+00 3.027696303848001147e+00 3.807248488167064959e+00 4.519916513745680930e+00 4.834494806897695618e+00 5.202982292558985478e+00 4.891633850904983372e-01 5.363404982461649873e+00 5.908221558397250384e+00 4.171474142945418961e+00 6.069543760552930323e+00 5.596403461780376176e+00 6.833280501039025179e-01
1.093097080045817071e+00 3.853879181241345098e+00 3.983443412919072113e+00 4.614494720875709888e+00 3.454808348362803372e+00 1.329022582979148659e+00 2.974165466391891499e+00 3.880966479435724370e+00 5.553068950878707000e+00 1.824646835341712903e+00 8.469171450419343827e-01 6.077859913274370918e+00 3.987217754113541623e+00 4.947821723985668108e+00 5.626014302196561623e+00 1.349001584351141370e+00
4.424919017146070388e+00 3.830788597463384626e+00 1.644420711063344198e+00 1.076801152987851617e+00 5.846086053850622299e+00 5.162920849424049052e+00 1.866212703743879153e+00 2.207732108118663383e+00 3.756834139296988950e-01 1.044506031710127569e+00 4.860421492397452248e+00 3.779273893950367391e+00 5.197620848312378250e+00 6.007019775732066691e+00 5.621400840789410935e+00 3.782381756687688834e-01
5.153015263022937553e+00 2.379811301414384239e+00 2.900565468265638852e-02 7.826668969019624500e-01 4.621232278677391392e+00 3.778889363406645607e+00 3.729576207168777469e+00 5.180483931613786730e+00 4.107851815086057456e+00 1.443433163506795402e+00 2.123313610394558903e+00 5.891842940334420575e+00 4.514277184425468520e-03 5.165780318843417040e-01 2.697368552691419286e+00 1.016344809807345317e+00
2.074462665800166583e+00 5.961848624024496779e+00 5.208348299288109828e+00 2.638906522617459505e+00 1.752057937380211650e+00 5.845836740330611292e+00 9.248586436085977081e-01 9.952726368052179362e-01 2.698437086657405892e+00 3.623558598403715081e+00 1.870582435665085752e+00 3.960151221608105843e+00 2.643147423196847257e+00 6.643369281985410657e-01 3.920858421484728851e+00 6.505712764897757516e-01
6.153698584367758961e+00 3.544909072577258069e+00 3.136538248607651624e+00 3.599379814433805169e+00 5.790919450839645322e+00 5.864600575142771888e+00 4.669272452915362415e+00 2.681961177612887770e+00 3.726648124210409030e+00 3.003646058641280092e+00 7.038623042669828189e-01 6.104493171430219967e+00 1.462013931178431259e+00 4.185057666986709002e+00 3.654844718598818432e+00 4.313074006405039906e-01
9.673854773846806143e-01 3.301001311225319146e+00 6.036190963570819079e+00 3.337860799788022081e+00 7.978328203020929044e-01 6.011219336872638763e+00 1.527775923748932341e+00 4.254380243918549076e-01 2.152608988760785103e+00 4.322308169594483829e+00 4.664410470846974022e+00 4.564449634116420462e+00 2.228054563551266298e+00 5.745656517350163028e+00 4.315812846200890895e+00 5.782738949330219036e+00
8.376725971459820785e-01 6.658318637150874020e-01 2.014732942368715474e+00 1.748494774985953848e+00 8.075978622065133061e-01 5.699513548479693270e+00 5.911980769857355433e+00 1.101489801982341366e+00 2.337793679560538518e+00 3.179650253668405480e+00 3.217883290027341747e+00 6.016920190320821149e+00 3.450200980031701725e+00 5.672615106003512153e+00 1.099828217418695298e+00 1.842792882278848410e+00
4.785202706977073284e+00 2.453435933818367776e+00 5.282250218338278014e-01 2.580410834129124531e+00 6.622110669734418975e-01 5.393695878453230286e+00 4.423388627911942983e+00 2.680955205977069600e+00 9.415224599552332041e-01 3.498356688716064977e-01 2.382461671879931409e+00 4.939964766394334461e+00 4.290537253883372593e+00 5.556120042048664054e+00 3.802335252325947490e+00 4.397262890791738599e+00
4.832884751318958116e+00 1.036737715104951940e+00 5.143664700704435155e+00 4.174536866020736703e+00 1.791350314880518102e+00 2.148482461765994914e-04 4.688532619235756371e+00 3.639204831915487937e-01 4.334708252463980394e+00 3.591546984690545119e-01 5.326300508589794092e-01 5.352467922949639245e+00 5.647030794268058429e+00 5.388559245978145285e+00 3.086325037217664047e+00 5.218747186427219020e+00
2.405343593622677467e+00 1.012204503589498428e+00 2.080164892339550597e+00 1.671496316780646918e+00 2.504977369209521854e+00 1.198351958647504656e+00 3.471020975983590162e+00 4.514195042501478738e+00 5.149830750311807037e+00 3.530094419283579921e+00 2.640530738583565906e+00 2.236143238597685823e+00 5.805803266312196342e+00 3.314847757785672311e+00 2.015784056513363343e+00 4.067612418708494104e+00
5.429973129999981829e+00 4.511378826094686545e+00 4.796646516379610148e+00 5.301135641661192111e+00 6.876238268238326068e-01 6.719467703192449903e-01 3.593242438919743265e+00 4.243496356077345766e+00 4.661878100917035361e+00 5.279269153593790342e+00 6.483233413958555680e-01 4.225407910850417004e+00 5.669925627668418677e+00 1.758355395940747190e+00 2.112185924077465415e+00 5.408565794506757562e+00
1.614373625035644411e+00 2.350433908027222962e+00 1.632669871370532322e+00 8.897557918138818689e-01 5.735164131372946450e+00 2.813213088475776225e+00 5.490520653104971061e+00 3.256230332292032958e+00 4.561956365496179444e+00 1.133973824531746777e+00 4.652174275101241818e+00 3.733314599076537732e+00 8.444682647714388812e-01 3.355951366828288318e+00 6.128200138711502376e+00 7.148791529784810361e-01
2.653981496425430464e+00 1.084455198151660582e+00 3.791154335112309592e+00 8.837221773154672055e-01 3.471992336317586858e+00 2.696587676494682118e+00 9.095619170869194692e-01 2.605223570402052324e+00 5.841418029314187521e+00 2.732473788831112582e+00 7.249341043737541623e-01 6.281706688855988929e+00 1.946721203274723200e+00 8.589185293860487347e-01 5.138762745004135546e+00 3.915134265239740063e+00
7.478359339872049372e-01 1.014912841549576283e+00 5.796022782894804770e+00 2.616279976215833525e+00 6.094469585655660104e+00 5.750235482881517868e+00 3.301259480754585862e-01 2.045889024866010875e+00 4.387647392876034225e+00 5.440234561440203009e+00 5.294116299432661599e+00 2.487665589533792687e+00 1.819759708211195204e-01 1.168605131329478519e+00 2.655286893212942978e+00 1.115127062857784734e+00
9.895047565292367509e-01 2.198259137780110173e+00 4.385532418534616284e+00 6.076759669591759838e+00 2.198344046153396736e+00 1.448215455097808579e+00 2.467557993303902464e+00 5.884609796763462519e+00 5.222650187537730027e+00 5.761774282199835007e+00 1.838609163336717645e+00 4.846070117160697244e+00 5.614572859672477101e+00 3.192925178244700568e+00 1.047643615442005682e+00 3.355006924659382772e+00
4.845469207352853580e+00 3.735748151563130115e+00 2.243566683051883892e+00 4.125303305233389395e+00 2.905490726349595043e+00 8.698182693702573021e-01 3.917726744715538167e+00 3.308678664638146749e+00 4.193959851521106508e+00 2.372361747939026877e+00 4.747382191441983146e+00 1.012223456680904299e+00 4.794476176009561108e+00 4.272563699507271551e+00 5.661532211217306099e+00 2.002346113137313532e-01
6.317694982447270569e-01 1.290562202175125961e+00 2.210417267561099575e+00 4.868085933563660178e-02 5.960462892367023535e+00 1.347746468420328192e+00 5.442223089251077006e+00 3.775737375289011322e+00 1.495807017930784522e+00 5.619175217841729797e+00 3.449967543423169580e+00 5.520891766842377812e+00 5.081632580626544105e+00 1.451118006775774294e+00 3.823225627277874850e+00 4.870672272860071317e+00
1.753302852475870699e+00 4.779885191143656620e+00 4.825768437922346443e+00 6.149192204969730291e+00 3.586050114245395104e+00 1.648536560467666057e+00 5.771996349421432804e+00 6.107613059325004201e+00 5.202866042365229760e+00 3.331262388832527122e-01 3.909705451821975153e+00 4.928371624472397627e+00 5.302808283747197926e+00 3.578674635086029454e+00 2.599710932745435077e+00 4.014561585511368769e+00
1.050929119139191625e+00 5.802714238626772492e+00 5.342737412947871078e+00 5.685578184431538062e+00 2.555700828968927585e+00 2.521101308529974272e+00 3.361036489950708361e+00 5.369523439338690807e+00 5.169181524387925997e+00 1.777597403470265069e+00 2.184112520215551800e+00 1.577337284123274674e+00 1.338505750901209490e+00 8.922027168257197216e-01 4.398843320841843152e+00 5.302957854196725940e+00
4.532193247688122817e+00 4.849738346879037820e+00 2.090238813306462440e+00 6.049759114817915284e-01 3.865541078322232149e+00 5.139202899758553933e+00 3.297688802092444860e+00 1.406469414076707114e+00 6.186823444528449123e+00 1.478433709958080433e+00 5.252346173694176557e+00 1.719622065007187617e+00 4.008526747903208287e-01 8.719220642889936590e-01 6.050868699792730787e+00 1.926501074507792621e+00
1.476497005757475112e+00 1.597344648840652859e+00 4.109909429062575725e+00 9.391890568772230941e-01 2.129183515599319065e+00 2.483289298826241609e+00 4.484702713529776119e+00 2.433692394074606025e+00 2.826806170446565680e+00 3.131640705231975463e+00 5.048514261500891998e+00 3.014947849192549878e+00 1.875773430940243180e+00 5.265744738862248475e+00 3.321486267196500641e+00 4.865175249198918195e+00
1.234532016692494460e+00 4.734403911118814534e+00 2.209534267477847091e+00 5.094063825756590447e+00 3.676114089632786630e+00 4.700822334351928866e+00 7.938635552760100467e-01 3.731984269510122854e+00 2.157281660615435026e+00 2.292875035433109332e+00 4.485655962268347174e+00 4.928690521336042130e-01 3.116476232190183993e+00 5.645715492780960965e+00 2.133985359894681189e-01 3.506322665868943034e+00
1.728839669776984778e+00 4.509115570577048260e+00 4.562122532117325768e+00 6.291097281680529951e-01 4.947733732449630217e+00 1.075215991487699529e+00 4.904289481543543161e+00 6.709636415127733233e-01 8.421098731493755762e-01 1.117850940838540863e+00 4.288026570178621988e+00 5.198394929678290532e-01 6.162348166939933591e+00 2.091342416026154005e+00 4.972782502563328211e-01 1.689723308399416091e+00
3.012590296872342588e+00 8.228437765040538254e-01 4.757435196682384237e+00 5.492717573917543561e+00 2.396303996430359518e-01 2.062100887525559756e+00 2.112039914622498848e+00 5.155961381826037027e+00 4.593579469944581994e+00 2.965337098676811056e+00 3.145236653938973337e+00 6.061171840326440297e+00 5.132484172341156281e+00 6.132587307028882329e+00 4.605086500105809222e+00 4.170106556760998728e+00
2.498087043139841867e+00 4.537486546676916532e+00 4.891074402927763742e+00 5.455411770961832829e+00 1.678742371303514336e+00 2.710962172836904865e-03 4.459336239267888580e+00 3.714423591682234793e+00 1.859460542215291001e+00 1.732721105891225744e+00 3.346812134416533357e+00 2.357621517239806064e+00 5.333181719233197171e+00 5.584021302744735848e+00 3.061580644072989799e+00 2.139552044421472399e+00
2.258747093199569900e+00 3.768804131215478748e+00 3.178120090551608712e+00 4.944728955520120373e+00 2.599191244502113474e+00 5.143994361079646360e+00 3.964624045898436311e+00 2.363176882504702370e+00 1.941937753347592333e-01 1.830212411277420737e+00 5.993970791305707202e+00 3.582164665469260267e+00 1.043600751813402505e+00 5.700222020347995411e+00 3.293421650828205482e+00 2.874606598113358391e+00
5.573883984617301612e-01 3.529673049707082177e-01 1.557520266621705174e+00 5.498926978907127783e+00 4.171592490718073698e+00 1.157319491034267678e+00 5.978543698388371297e+00 2.608763961253868668e+00 7.474666482971653592e-01 3.467344666070453219e+00 5.937026466429123239e+00 4.310052168698428332e+00 4.374577144197168144e-01 2.530083199192893595e+00 3.116461688648727968e+00 2.692426752378663385e-02
3.983767225300887560e+00 1.167974584374830815e+00 1.639567329385323569e-01 4.484702790395149741e+00 1.117191338084588814e+00 3.307630172933388457e-01 4.898319903916837914e-01 2.528762665029684165e+00 5.038378879517513731e+00 5.146281167414900715e+00 1.189128858689818991e+00 4.011398542336692130e-01 4.753813694899796438e+00 2.087852784922304750e+00 4.950334215632572921e+00 1.233907355737293265e+00
5.902917572049749317e+00 4.462257613899126563e-01 4.799049245489715787e+00 1.582620977168571974e+00 8.040186161503924678e-02 2.023337696705495237e+00 7.795346469901960340e-01 1.628405470654921805e+00 3.339047468696726972e-01 4.524771078806418600e+00 6.957662418131178583e-01 3.716634165227258535e+00 4.062729273555382825e+00 3.936149922054375860e+00 4.230137399349606753e+00 9.437841209165841461e-01
1.481721752914838319e+00 1.665982068985003117e+00 3.551571918713422704e+00 2.215175876438203240e+00 3.275627938858462596e+00 1.395780622345905275e+00 3.635421531147379204e-01 3.351617080229730927e+00 1.819882832542091711e+00 5.769603338399940995e+00 1.661411005308658373e+00 2.322480684666095030e+00 3.485345365453078159e+00 3.040861698245515221e+00 3.761208150050244559e+00 2.939425797097041659e+00
6.057854399506644505e+00 9.751303350339131093e-01 1.406207214218617274e+00 4.824143462636118151e+00 6.137827630435301052e-02 6.209557590729525067e+00 9.687756089366802992e-02 3.909521260618233462e+00 2.473505491342820939e+00 5.125369055216824066e+00 3.414279748739382558e+00 3.145512011158297483e+00 3.726024355908292396e+00 3.718733666475438682e+00 1.133903789365283465e+00 6.939410837027605305e-01
