1.987078628327103136e+00 5.102995089695705033e+00 4.573634144223277964e+00 5.861147617684770772e+00 4.833372026126871113e+00 4.818062180779437931e+00 3.860486129332960203e+00 3.758675553032921890e+00 5.035653049264719350e+00 2.313658420275941818e+00 1.144229115960005982e+00 4.764299390537901857e+00 5.958203717555334400e+00 4.345311676164991255e+00 3.148944003825164373e+00 2.258577952702613689e-01
9.442918868469966087e-01 2.672304831125988933e+00 4.614803615183408425e+00 3.557462177577565221e+00 4.098629121825984711e+00 4.957524512501520597e+00 3.328952264648668002e+00 6.151057013441720400e+00 6.717665357284032801e-01 1.929205781335903369e+00 1.323447828729359177e+00 3.591373149306469337e+00 3.978927628859861620e+00 3.250100138064180300e+00 5.481488182959481925e+00 4.723152693791551116e+00
6.170407454080500287e+00 2.851785803984802303e+00 5.245753365147600711e+00 5.986151714137184499e+00 3.072766655774755495e+00 3.895021768883599300e+00 3.041418548171007430e+00 3.701203079107437954e+00 4.619229657887706786e+00 2.737230505301774919e+00 3.170667684390119923e-01 1.894736721990986361e-01 5.120749598524179547e+00 1.725855737780047638e-01 5.258723695522146357e+00 1.479445079501189975e+00
1.448354947955698080e+00 6.103641226080126714e+00 4.016828690574996585e+00 1.302711304237142320e+00 4.832679803341557445e-01 9.275595128199795036e-01 5.353678270152089524e+00 2.732029319225443675e+00 1.438119468060252260e+00 3.583752064887078870e+00 1.703939672138930161e+00 2.291338745505894003e+00 4.040392369286438523e+00 2.667348651586347152e+00 3.986894515005073636e+00 5.449043592428750138e+00
5.631316725860351369e+00 2.637524315539220288e-01 3.109298750989696547e+00 3.266059924152619587e+00 5.804721890856062494e+00 4.630596849308767915e+00 2.079445054125495851e+00 4.800272430431241411e+00 4.178677730844841953e+00 6.733481271715306971e-01 6.119190710588122251e+00 5.598635045628503448e+00 5.596015607964440974e+00 4.502565080727899627e+00 4.714587645902610369e+00 3.953745275639016565e+00
1.960411907543209598e+00 2.886570919366754140e+00 3.969480216473781908e+00 2.402950653484183796e+00 5.775277603642961388e+00 5.794615529668895704e+00 2.356012472769648980e+00 2.344814123632912750e+00 6.090176096244220183e+00 4.922530373476627918e-01 1.165258950796661308e+00 2.616611096003380155e+00 2.701696073603078396e+00 7.558372021851669231e-01 4.012394691490712262e+00 6.097056019497010482e+00
5.255635833807158264e+00 2.656690919725214872e+00 6.237518979796631058e+00 5.445467039235631468e+00 3.261044832177064645e-01 4.324944255225967815e+00 9.059774728793954512e-01 4.893174913161171813e-02 5.676628786997374831e+00 2.561816745216805913e+00 3.247608525899951193e+00 3.399456514393741191e+00 5.470199446629443685e+00 2.624100370191630449e-01 1.762489249907760902e+00 2.731793137832738250e+00
7.803866184731639288e-01 4.809079309797927415e+00 1.889379700927158900e+00 3.283799974880146522e+00 1.306760795817050846e+00 4.934480283028893410e+00 2.288989501191388332e+00 4.309907079606924540e+00 4.009130488799804048e+00 8.901325707918756880e-01 3.046477639004696147e+00 5.826179794011925317e+00 3.431427568222817914e+00 5.881856354579272583e+00 7.732965984204007714e-01 2.898459015695002972e+00
1.099899580532672783e+00 4.567981281344985156e+00 3.944680515793009157e+00 4.677667142215995888e+00 4.613208284786512792e+00 2.774515451254281562e+00 1.607736930793292052e+00 7.433855799988948743e-01 3.676766765611867882e+00 3.541909861426898676e+00 3.389770541381140756e+00 4.566540862120223032e+00 2.768085096985850591e+00 4.377649658237982244e+00 4.010178037481897384e+00 1.952885620277803769e+00
5.839084549946895741e+00 4.681857592583497762e+00 3.167520783192788514e+00 5.253491090575653111e+00 5.766443296426468024e+00 3.903359875242315535e+00 2.287996319378154286e+00 5.596929061827709440e+00 4.441245142975013493e+00 4.165718254643575591e+00 1.955197236928232440e+00 5.261717308312515717e-01 4.012012473543282276e+00 5.375755322664824476e+00 4.631764309515957301e+00 1.208754238050963270e+00
4.940361161364450915e+00 5.691485137124738358e+00 1.321917559981609536e+00 1.650356598999802360e+00 3.699311136024870383e-01 1.312869049569607149e+00 4.304539550070162868e+00 1.645901776593834409e+00 1.193232065602302994e+00 4.846502038821913494e-03 4.036603071843064328e+00 1.408869922566999389e+00 5.659830711016642368e+00 4.416705268313322996e+00 6.202177234061969635e+00 2.199401951896568175e+00
7.919890014396807620e-01 8.944874782136014169e-01 1.668400143340117658e+00 2.158908909221935249e-02 2.408961254399656582e+00 4.899300686293091900e+00 2.822985516666579375e+00 2.321309473327474837e+00 3.780893199186357023e+00 5.824927638339245206e+00 2.102654545993841939e+00 9.519606915581940720e-01 3.071185488050090395e+00 6.120082901848711288e+00 4.730823103045013411e+00 5.686870657279554209e+00
4.996415317368705922e-01 3.052902352458818136e+00 4.245201688535380491e+00 3.521540153617581659e+00 6.162385176791406849e+00 1.843291477195024619e+00 2.008316722841608115e+00 3.899550071829952724e+00 2.511597427132814087e+00 4.927212042545882298e+00 3.609746768887164059e+00 3.312578912380662377e+00 3.422675648791676295e+00 3.271206352726498956e+00 3.028684882746570661e+00 1.940865964014836020e+00
3.103039902520106974e+00 6.067594495055664616e+00 7.248584073739892109e-01 2.633064449197410894e+00 8.865903132255182895e-01 9.185596953472839610e-02 4.658792382590857706e+00 2.930297707676219332e+00 2.266305322058844940e+00 1.470780329340898529e+00 3.466979280075697112e+00 6.265330631253718252e+00 3.575311156910290666e+00 2.915653012138957223e+00 7.571572962450708877e-01 1.791078001294649891e+00
6.006802881394472493e+00 6.205243265754298854e+00 2.731789999829321136e+00 1.015198303634859966e+00 2.298113788504112243e-01 2.939285273975425827e+00 2.472294628786660287e+00 3.943434155045186351e+00 6.595314718389376774e-01 5.020028316513566402e+00 6.213521606736288838e+00 3.041953040481299553e+00 2.816321750008265568e+00 1.172205067921552546e+00 2.989246641912105318e+00 4.920113959352526045e+00
3.942017423216232164e+00 4.930024427979504686e+00 4.615566354312642616e+00 8.130104553895592945e-01 4.824569616750441270e+00 2.733941189942290961e+00 5.292588124688344386e+00 2.898977786627031095e-01 2.163652493911536467e+00 2.112190052436647925e+00 1.146597276369918150e+00 4.457402824502048055e-01 6.282976290947839715e+00 3.651124564102719017e+00 2.592577560405791015e+00 3.403427790262936625e+00
1.354536872039500683e-01 8.841449543791038979e-01 2.324679053319715027e+00 5.609081022221267254e+00 3.256776260750046670e-01 6.507950684761625026e-02 4.071502207148506081e+00 5.104039433791017544e+00 4.193262248358234245e+00 3.050917016399971704e+00 5.490891867993144437e+00 5.974513053680308161e-01 6.063511377358093979e-01 2.497740939288503714e+00 5.943983583018451533e+00 4.943307464310418453e+00
5.764635342601720502e+00 5.111069770158001901e+00 5.268140996842014978e+00 4.304887051683954802e+00 5.698125564206413252e+00 2.597921282561099332e+00 2.904930763046655873e+00 1.904642266457728494e+00 1.453956217363562287e+00 5.337146994556254409e-01 7.951757224476050379e-01 5.484029431058211834e+00 4.172892322352871552e+00 2.568365504763760576e+00 2.659046813932768760e+00 4.337122726895190183e+00
2.618936473412277754e-01 2.221040824426253835e+00 1.029478224468347580e+00 6.241657433574727687e-01 2.326752021078284383e+00 5.884944670970716274e+00 1.028587970703848775e+00 5.082698237531467766e-01 7.698084267957805427e-01 2.602226935132816443e-01 5.612397705464105435e+00 5.354790224262581333e+00 1.890072531383766297e+00 5.980012347701103792e+00 3.268226406012455065e+00 5.875156204184928121e+00
4.661405169768376489e+00 4.390801860369000775e-01 4.323705998520513738e+00 5.911509033126690404e+00 3.049367016984512180e+00 1.755593573818471809e+00 6.680046124100844085e-02 4.521139119355202851e+00 9.093871894674149248e-01 5.488232812717783737e+00 5.898503466135570861e+00 5.128351752442153355e+00 5.716248542964948776e+00 4.718596062018884929e-01 3.900443529346983684e+00 1.574006796392340757e+00
4.476087238420757508e+00 9.895940319779956695e-01 9.300061332186169150e-01 2.944167608276456516e+00 3.823666087206452957e+00 3.175623034996351457e+00 4.652629041682070365e+00 1.520695066618295010e-01 2.629785400222566683e+00 5.197780126441077897e+00 2.055764810462815451e+00 3.483874478573582567e-01 1.255768681065472903e+00 2.584847063686404933e+00 4.230349433218174582e+00 4.407190368884365661e+00
3.268844916934583456e+00 5.803648773425376994e+00 4.872547142690100586e+00 3.664934842470837228e+00 2.273620396070110239e+00 1.045156939015526865e+00 5.566631798498764105e+00 5.209458105399362715e+00 5.162452309897704872e+00 3.427663760250250768e-01 2.485827914448597298e+00 9.575403720257605888e-01 4.800886421923100222e+00 1.550322301197627262e+00 1.454945661252852185e-01 2.975632795474548065e+00
1.879890617518997775e+00 1.041974603735501131e-01 1.768511747240458787e+00 2.063981878230170819e-01 7.846815050684078363e-01 1.116368379167798297e+00 7.337591661839243384e-01 5.011444863642125824e+00 2.971249823577684523e+00 6.078904433325313938e+00 3.122757008672432999e+00 3.662859018280473666e+00 5.482272050615265790e+00 3.400805559528348621e+00 1.634828806633606302e+00 1.976072899453672926e+00
3.900227080749989472e+00 3.337390960893024339e+00 5.809573139458238167e+00 4.406215087644081763e+00 3.492198666834624543e+00 5.786050395745722774e+00 3.606724152284128238e+00 4.461548995712520060e+00 4.627062765444789783e+00 4.401221981005304151e+00 3.770532753224484779e+00 6.139858910222692145e+00 3.165888322158635138e+00 4.917102032706724302e+00 5.646936561402799093e+00 5.598375050358449512e-01
8.636990603912301223e-01 4.670925553378268091e+00 4.884359722073113197e+00 1.560448785839674057e+00 5.152707856552579457e+00 1.308480204463404295e+00 1.701145586784590824e+00 2.994452994071504226e-01 4.738497715075030925e+00 2.496760313485277827e+00 4.463520243296184908e+00 9.791428240986810305e-01 1.563848189644382325e+00 3.518136606448853954e+00 3.885983438704478043e+00 5.674003343758560192e+00
4.486675213162171438e+00 1.170235681603661426e+00 3.200500467907233748e+00 2.866892430957646454e+00 3.749449984585881079e+00 2.753996512942694874e+00 5.507005433711668729e+00 1.347805161245847483e+00 1.729664816868599519e+00 5.096975991179623300e+00 3.360004028494949502e+00 5.549376098828898485e+00 2.208690824689929499e-01 1.767463126589620348e+00 4.191798709263816924e+00 4.890595197324508980e+00
4.882147971452474700e+00 1.207290288251295252e+00 2.667638863420505491e+00 1.100767616438173446e+00 1.528117413496564714e+00 2.275969170179942935e+00 6.011914708519553230e+00 4.186851736345754915e+00 3.602673789037327712e+00 5.990280442604015931e+00 3.428082351486904655e-01 5.774213319497039976e+00 5.674318110074206167e+00 5.988593730790475078e+00 1.997143819680794241e+00 1.840719454670281419e+00
2.972544667109982885e+00 4.730620647222390396e+00 1.885966241208177019e+00 5.035248115209197906e+00 6.711991965595892617e-01 4.548729201649640563e-01 2.285087119570281988e+00 1.865526957557837040e+00 4.852361957721339714e+00 1.946366774271379940e+00 2.372546276664591058e+00 3.109374108074254739e+00 2.914091638440282850e+00 2.228735098307832896e+00 6.206975095331434211e+00 5.692953564863429072e+00
4.075862157205873970e+00 5.277913167441391495e-01 5.291205334256977866e-02 1.591610796009856221e+00 1.957549786718832285e+00 4.510122037790069704e+00 3.877089692999436954e-01 1.071743650807411852e+00 3.936453024671689338e+00 5.018438122236934529e-01 3.702620177819019975e+00 3.114774241503503127e+00 3.287890825932152650e-01 3.728468331520449652e+00 4.742521375033287079e+00 2.072199523827895629e+00
3.372657129084920768e+00 5.868312202731832627e+00 3.201349481021829035e-01 5.724250252324312171e+00 9.289131099826354321e-01 6.781300394775334472e-03 6.029148547634100019e+00 1.607467106195434647e+00 1.354022889219401726e-01 1.645134360706477672e+00 5.150281388371718450e+00 2.662898878771898570e+00 5.960589982086263561e+00 3.315206526459806846e-01 5.123851112773919247e+00 5.750994688201251037e+00
6.182633625255404830e+00 2.746103009960821240e+00 2.031735622491969817e+00 1.411262478960874978e+00 4.993142482841729013e+00 3.411029047817194293e+00 5.017000757696376212e+00 1.058119169502068635e+00 5.966085876303092839e+00 3.711033246833061128e+00 4.273567510039794293e+00 2.061239049314453453e+00 5.245947024418234683e+00 4.019654746896218711e+00 2.949057712564323808e+00 3.133367926742039788e+00
4.049764298046267363e+00 2.473304736631379175e+00 3.382489850129967834e+00 1.042385557679074370e+00 4.060077106792640222e+00 5.092105040118716452e+00 9.634153952001506260e-01 3.436743470298915692e+00 3.772174175417776443e+00 1.304430287165827984e+00 5.287158445332462264e+00 3.978130824181605796e+00 2.704042753693350898e-01 7.454979586341813347e-01 3.202362163302265863e+00 3.038208479239608018e+00
