4.356277758848463577e+00 5.833794138282947017e+00 1.856327419102009380e+00 2.327234140375109117e+00 4.269876459730015394e-01 3.988963848754679908e+00 2.883891767833267394e+00 7.163725593285447113e-01 2.911289657331404879e+00 5.954322050007850642e+00 4.367463956668317770e+00 4.115708883667862139e+00 3.285750545198847572e+00 3.953192494902573184e+00 5.297297083073035040e+00 5.126598543874312242e+00
5.402827714229649025e+00 7.218368486030285469e-01 5.307201215558023932e-01 6.054610062953182936e-01 3.713155280648710033e-01 4.273689951715499369e+00 9.089474188598728466e-01 2.690618702684732799e-01 1.002201498909855326e+00 1.556204478248626621e+00 1.515501841980005038e+00 4.169159185092400577e+00 5.233662990890167954e+00 1.403149989856302238e+00 5.193358581955429543e+00 5.398231777644588725e+00
5.701386650768553110e+00 5.542078023507913009e+00 3.634878451322346438e-01 3.930919788133073300e+00 3.840316585829054663e+00 8.836716289904832378e-01 2.591895459463777751e+00 2.368566838302835986e+00 1.182946023455606621e+00 1.721273778470610027e+00 4.550870512611087548e+00 1.971629209685916928e+00 1.609771533779139174e+00 2.438456439169220058e+00 3.947558200625412184e+00 5.031076333942745116e+00
4.657602079954060059e+00 3.011141356894399213e+00 2.560432069795855803e+00 1.794320626456853196e+00 4.285621212989293438e-01 3.261172804068435127e+00 1.193044690206624070e+00 2.822440539999098164e+00 4.335502617214163301e+00 4.647010659950222333e+00 5.217405198216623852e+00 5.197410328177691774e+00 1.692197825257670818e+00 3.792669709324224758e+00 7.069007870728228893e-01 2.902176595254210234e+00
2.281134384310038232e+00 5.621969045719140468e+00 1.112265969195328497e+00 3.390817261051083165e+00 5.912712147855585521e+00 9.485590186948688052e-01 2.760498915822112487e+00 1.826155179723246036e+00 3.767105245808683112e+00 5.202062199106086027e+00 5.432569565099990783e+00 7.721540404246831635e-01 3.664256717651770967e-01 2.306326608434839720e+00 9.079109971990735328e-01 4.496177954528365106e+00
4.777231189929442401e+00 4.211786039264655557e+00 1.999745623077353596e+00 3.984928729618807619e+00 1.682862593955139152e+00 3.732780283238527286e+00 2.682761831982811707e+00 2.065450098530755785e+00 3.485045857840269434e+00 3.636554800406940569e+00 5.432092373910480276e+00 5.516057714981711158e+00 4.107110375345622622e+00 5.737121986937370188e+00 3.460280933699652284e+00 3.053519850074994491e+00
3.737423256776969627e+00 5.815288747442399320e+00 3.010503950765175851e+00 5.178490051586488896e+00 5.915345400753289518e+00 5.317944702909157328e+00 2.278441045643204710e+00 4.750123085918402488e+00 1.960984526060323141e+00 5.795155581463005134e+00 5.006418062470858743e+00 8.933970721551195426e-01 2.369669823262811725e+00 7.711271167573440222e-01 5.624354160879692976e+00 8.083640494816088928e-01
2.375541361107190497e+00 5.046404316215225450e+00 1.647093787428440814e+00 2.892084586359976672e+00 1.670309887700916762e-01 2.906363520434120939e+00 6.155635422976339921e-01 1.290075514231715736e+00 4.258889584667775452e+00 3.405991206983153941e+00 3.923337965054786824e+00 1.759024935158677971e+00 5.555031676755957548e+00 5.527120723887301246e+00 3.531866550168640817e+00 1.234252288237873918e+00
6.101057428045861819e+00 2.932140496166768973e+00 5.410267279057104695e+00 2.767225923580832525e+00 2.368466808528034928e+00 5.357335090752660456e+00 4.788683700397127652e+00 3.162764311746645074e+00 5.916958519853829479e+00 1.439281448305730127e+00 1.122315566510699414e+00 5.735971885398241987e+00 5.002472595366573849e+00 5.816923861603962465e+00 5.783186531776404848e+00 4.684071237317643188e+00
5.060614751222182406e+00 1.343406055471961347e+00 2.658592683956002123e+00 1.959528635979145506e+00 4.056869098282136044e+00 3.246371212145223062e+00 2.822762655373034502e+00 6.568728066050990577e-01 1.317551553476815407e+00 1.180703639689309803e+00 8.286325695666045543e-02 7.166315371918848820e-01 3.270259057113561241e+00 3.588802365558248830e+00 2.764589123177525476e+00 1.045710165921256429e+00
4.189269336806201172e-01 3.033176554755410592e+00 6.056543003159591265e+00 3.774187861029589808e+00 4.707250743595228215e+00 4.919160413063412562e+00 3.047322666215374731e+00 2.774341891618680722e-01 9.092272387536475264e-01 3.846551849099768106e+00 1.111171191559412463e-01 3.008405316623862014e+00 5.159422226823156876e+00 6.272318584988601842e+00 5.556005570973359120e+00 1.235724338877252970e+00
5.742793826858761719e+00 5.331979300841607206e+00 2.883400895323450452e+00 2.413397810042487546e+00 2.282214906279360633e+00 3.617875715757560062e+00 2.555688056843698153e+00 3.200691001062241803e+00 2.244395636225548607e+00 2.961232325465057880e+00 4.543837151611758163e-01 1.593849676824427908e+00 4.208443485610380841e-01 1.039069552165104993e+00 1.500828434810009382e+00 1.098890982090865442e+00
1.381154418369320513e+00 1.844622268707369672e+00 4.138670494622801677e+00 3.849586415440050757e+00 4.179219052945541968e+00 2.387044473008567702e-01 3.862732730970650952e+00 1.411260272938170468e+00 3.954297055955241724e+00 3.824386841778842694e+00 6.165579104511524022e+00 5.470809553702670414e+00 1.434208782095915957e+00 1.870931329009283495e+00 5.582520677734431835e+00 1.160449061078721034e+00
3.475191647550920138e+00 5.097770653420059972e+00 3.074007927934271578e+00 2.114006358532404484e+00 3.379476397535892573e+00 3.984245617610498780e+00 3.734927337197641584e-01 2.575705089369162426e+00 3.730167916029032416e+00 3.700587040210161494e+00 4.128156650941910755e+00 3.368510715198548944e+00 5.869701783503004755e+00 4.650889539412319529e+00 5.023751840369891752e+00 2.575266983798927711e+00
3.186899472457500604e+00 3.290048801185559757e+00 4.149318278938804561e+00 5.973547544833758494e+00 6.036725382885880009e+00 2.476618833577944212e+00 5.014496235003096380e+00 4.733969421821583090e+00 4.210509012765215608e+00 7.484057620806057187e-01 6.231774836135447693e+00 3.758387956519633200e+00 4.196445289455899008e+00 1.115205844005363184e-01 1.022310737984859719e+00 2.942199288976843796e+00
1.044819547178868602e+00 4.363066354352712395e+00 1.573484757772840359e+00 3.569626351959248378e+00 3.495223672584068630e+00 4.730543429223432739e+00 4.154080504315467159e+00 3.430533647953927900e+00 6.404755655984889495e-01 3.128592566941207131e+00 8.503151918046385482e-01 3.931866833308331088e+00 4.898196556788124489e+00 6.079288178243096752e+00 4.114183277470721656e+00 3.811920632061510439e+00
2.543426453459543879e+00 2.209871391324119472e+00 2.912882901972387195e+00 6.278429458738113311e+00 1.557312454002412361e+00 4.190489525877849175e+00 5.890095207548627698e+00 1.817082475427129751e+00 5.842795669809502712e+00 4.780769279549324402e+00 3.979785958371624410e+00 6.537032527669360826e-01 1.663433032221803831e+00 5.822438178203023007e+00 5.471313017146211877e+00 1.768273900726876346e-01
9.610313097592693143e-01 2.633743457555843270e-01 4.603696337150150697e+00 3.465552201784883213e+00 2.388664646699804273e+00 9.775586635261388491e-01 1.060718627155233351e+00 5.231438429138012935e+00 1.447719211552282115e+00 2.784103769611913304e+00 1.656482170654196784e+00 6.007760288511375002e+00 5.111528790649327192e+00 5.146718722548873082e+00 2.646657911783205197e+00 7.213667884042485046e-01
3.384597243001362443e+00 4.940942978997203000e-02 2.405964780263390779e+00 2.892450133020171066e+00 5.635881071232894612e+00 6.234828987626761965e+00 3.130503512149646728e+00 4.189965062729428813e-01 2.054751794358908867e+00 1.426737718188337833e+00 3.221457047263825285e-02 5.979624945899305821e+00 3.487639941166604363e+00 3.557916670645582258e-01 4.898854486418231513e-01 1.208042892819821468e+00
5.415269436101702638e+00 5.103790515278273432e+00 1.267927336391557969e+00 5.393735925187686853e+00 5.441303879987501979e+00 2.219487064839999579e+00 5.305761733572099459e+00 8.539872466423619191e-01 4.101777632216837555e-01 5.349109392463456958e-01 3.432439715495943511e-01 3.599859978628014545e+00 3.606377378116073729e+00 1.461035153513889240e+00 1.347200112584080234e+00 3.816392679189914539e+00
3.418279336898001119e+00 1.450001844236845194e+00 5.217268138060144445e+00 6.272535828971943950e+00 5.776743973095761042e+00 3.211365475128501679e+00 1.044169073933034902e-01 7.530981251228350271e-01 2.753034454822861132e+00 3.283628968635051049e+00 2.836776178684765615e+00 5.750789834898215602e+00 2.290295772918806705e+00 4.220254065274248845e+00 4.120414806876258607e-01 5.711991119744860512e+00
4.788686188972628877e+00 4.244637338274286797e+00 3.067514043809500546e+00 2.217310167226654194e+00 2.724076259269028633e+00 2.841251487971610867e+00 3.370413661056520294e+00 1.491838516239286427e+00 7.694152366982659474e-02 2.803018721077206177e+00 2.070048063723742615e+00 2.189690590151155636e+00 3.795050148888955643e+00 5.710877471321603949e+00 3.728042934901807381e+00 3.218497100200087835e-01
5.974474508557513275e+00 4.573944046086785065e+00 1.020455952012675693e+00 3.023469192172360209e+00 3.849965024256596369e+00 2.953909010637331689e-01 4.299858560985827083e+00 3.791396470580437938e+00 4.240791136547266582e+00 2.619364646970300026e+00 4.410793093251507813e+00 1.770914821524636196e-01 1.018504031780900626e-01 5.771517594143436014e+00 8.997053103857890477e-01 5.264349385953331684e+00
4.344221221392227328e+00 1.415804776215676908e+00 2.587674468252126325e-01 3.376704696197006417e+00 1.067346150707293218e+00 5.548304212445805961e-01 5.228643497731306766e+00 1.983161886931970264e+00 3.125799725883390945e+00 5.556910343470450542e+00 5.059846811839959990e+00 4.337650965403599734e+00 3.644211812412490925e+00 2.908093683931706863e+00 3.015450857146327213e+00 5.645447773278872150e-01
5.176447307212947990e+00 5.493968465458825889e+00 6.255143905585685893e+00 2.826786968862049942e+00 1.388673978307326973e+00 4.954554109255124850e+00 4.262768309441364423e+00 2.820909071844458271e+00 5.987296123340898113e+00 5.901687376009008279e-01 4.072962528515386538e+00 3.354365287376669169e+00 5.041243638586342390e-01 3.047654165425915274e+00 1.077604961751150059e+00 6.237302446776560316e+00
4.674584029402446994e+00 2.066712608592712996e+00 5.477035309786049133e+00 3.731007661711116974e+00 1.092516863323031551e+00 2.846451805065190133e+00 2.422895742250566808e+00 5.838518963925440453e+00 6.190282706272112634e+00 8.391305216337848760e-01 2.780166914109595933e+00 6.088131368463350235e+00 2.654869438775784740e+00 2.721332079206075338e+00 1.411976450683777529e+00 5.403418000389507148e-01
4.937293070154996855e+00 1.662454705549734513e+00 4.049776470845393384e+00 3.577657798150454482e+00 1.141323390603850685e+00 1.483159093489057501e+00 4.466873723981468203e+00 2.720742037033979432e+00 4.812588511384627843e+00 4.882791220424164358e+00 2.834981032949054569e+00 5.023414051379178957e+00 2.028356502688033025e+00 5.716757388957142139e-01 4.129808462886258802e+00 3.876158128684175974e+00
3.686019612064702855e+00 5.635969129765387109e+00 4.217649583774207289e-01 3.276624909468081714e+00 2.035862071733266720e+00 3.687054168806605858e+00 1.181218113436745432e+00 1.935905374148545688e+00 8.231555259599622199e-01 4.164174631138786609e+00 4.313738050983391581e+00 2.536189949605636151e+00 1.519981705435142993e+00 4.914052754682286306e+00 1.450365311452797457e+00 1.046972974063267309e-01
4.121235650543312867e-01 4.773497241083489939e+00 3.102688553115410475e+00 7.023174083881800200e-01 2.295700963475006073e+00 5.917951355115468992e+00 2.728868604971763645e+00 3.666182081876688592e+00 5.288308095774988615e+00 4.798990115108870413e-01 1.882270975801217050e+00 6.176035334768746665e+00 6.136253555602932258e-02 9.677937165690300159e-01 3.562657076613030771e+00 4.785292675535925078e+00
4.983895383468276208e+00 6.083843695321811573e+00 4.391029686792956355e+00 2.167076619545401428e+00 3.634561430405788496e+00 3.299896719062486827e+00 5.097119730121810299e+00 4.371497084655087129e+00 1.549555690763243065e+00 5.090358401949382383e+00 1.822581258078315392e+00 5.372354491216364103e+00 1.592046031861543254e+00 4.127787436892853101e+00 3.870556908945428809e+00 5.564789871532736854e+00
4.619809913421127234e+00 4.439166956962123045e+00 3.973012953192387453e+00 6.188601912504129166e-01 5.169028733586200630e+00 5.441280659387349061e+00 1.178373648830598031e+00 2.393011050586894839e-01 5.305432226513553395e+00 4.546697599468077833e+00 6.114291706718953279e+00 4.129845817671454533e+00 3.204681179500660893e+00 3.725013145307523921e+00 1.158829730880525238e-01 3.579473827251034024e+00
1.400118796907971364e+00 1.174049523714520094e+00 4.498394867411233400e-01 1.123752396553287403e+00 4.220159768000011802e+00 3.651195676275123425e+00 2.135866033331182745e+00 3.659198592080166179e+00 3.789474351169764610e+00 4.854816295334047460e+00 1.460014559602965223e+00 3.366644897164494221e+00 6.016508656997965332e+00 4.521864266427615853e+00 5.420697530233321793e+00 2.306770102099279018e+00
