2.331967065380272430e+00 2.661817856887451317e+00 4.849550536881905849e+00 4.372784559289341288e+00 6.040436204855092583e+00 1.057254563385184420e+00 1.659813625808420401e+00 3.979052954681293386e+00 5.438802245474581909e+00 2.239582400480290669e+00 3.482755235008172967e+00 4.185545001849721558e+00 1.876285412026177157e+00 5.997779376145456531e+00 5.696956136304553553e+00 3.600906348538302382e+00
7.408066276349819512e-01 9.719467792330862554e-01 8.528357854487542689e-01 6.436575545380766039e-01 5.591949309152613345e+00 1.790898440396279989e+00 5.437036290604050137e+00 6.279090474024008550e+00 3.196892572028744300e-02 1.920334737533068159e+00 5.791497564424238575e+00 5.880695191092140117e-01 1.986930495412012609e+00 4.536216803267045350e+00 2.488050391860711308e+00 3.989284532328618127e+00
3.406889206008414828e+00 5.402124630529774763e+00 1.433292000011117340e+00 6.182297951018552951e+00 4.658265372433091356e-01 3.375381293825530538e+00 1.754508979693578663e+00 1.375483237802839875e+00 2.272935431669463213e+00 5.322794835336433827e+00 1.119505457777259849e+00 5.818010464753887945e+00 6.196988689591250044e+00 8.939472039812089432e-02 4.257409084321969850e+00 2.803576468897000407e+00
5.881353889233596810e+00 5.275524676508420718e+00 2.892733771559790057e+00 1.000999626047447633e+00 3.609967695267935373e+00 5.842429372886818184e-01 2.058337124424322262e+00 3.789672567762516930e+00 1.960511787141588913e+00 3.626288361030652219e+00 5.627846406012584346e+00 3.672563851972972415e+00 4.271843578391881557e+00 4.476641350254950247e+00 3.505755004510328732e+00 3.113788514125610973e+00
9.484635496781319564e-01 2.024262615559626610e+00 8.285569357311007854e-01 5.372902086942934474e+00 2.914375898453398506e-01 9.094195739068702267e-01 3.018364661464610244e+00 5.291387455304983334e+00 5.323709024515744126e+00 9.071318843388700426e-01 4.658317139656768191e+00 1.417453173135152733e+00 3.183227102479513793e+00 5.205780113443669421e+00 5.261801267166756446e+00 4.642589793377180030e+00
9.024068311047495072e-02 5.345869262818768952e+00 3.733454124475484193e+00 3.445110143870568908e-01 3.910888482939750332e+00 2.624907882605236331e+00 1.895091000167975048e+00 5.774769921372850057e+00 2.366845391368803675e+00 2.380492142441242631e+00 3.271488952512663917e-01 1.820189052424094900e+00 2.224505801203905619e+00 3.456977871256876167e+00 6.159185954958419806e+00 4.006634040495032356e-01
3.258962951417114506e-02 2.707259716681894357e+00 6.141884256056541425e+00 3.911377354555674479e+00 6.010260964145313523e+00 1.469176425618599735e+00 3.225764117403510323e+00 5.462975427163274666e+00 5.411883017013169095e+00 2.039838085745069751e+00 1.425407740264102108e+00 3.352467742757054836e+00 2.927867981555228649e+00 1.847134168021377532e+00 4.703505939210092635e+00 3.529706675821060902e+00
3.468325387468497834e+00 5.908483979060555669e+00 2.141451388008163814e+00 3.630972702887673709e-01 4.435539793947183007e+00 2.977655020061289459e+00 5.864639355510206542e+00 4.595328445691180264e+00 7.648230508698666830e-01 3.107076250097176473e+00 4.204210350714744138e+00 3.551609269800567237e+00 3.527373015130199185e+00 5.276230152375702254e+00 6.758070107415412586e-01 6.241478822923584441e-02
5.972327178078140619e-01 6.121523303836799990e+00 2.876186491298416303e+00 2.458918080729066258e+00 3.587751806674966959e-01 3.480991064845782468e+00 5.762452769027060384e+00 3.050792935922366222e+00 2.753735416179960538e+00 2.189046513302877806e+00 2.069975477038175526e+00 3.784556119477013425e+00 2.316548590698542576e+00 4.718207942830602519e+00 3.343380243652223527e+00 3.938459696751620553e-01
2.302918720064605740e+00 4.491338893221528572e+00 1.154503494262709706e+00 3.671643927637620042e+00 2.360705278971106491e+00 3.359571176054841679e+00 5.030114271436698203e+00 1.746026227798709085e+00 5.698918889379759989e+00 3.117030686468922784e+00 4.110065588961396621e+00 2.432417512100205403e+00 2.175306001872595374e+00 9.730477971019304562e-01 3.283157425780469207e+00 2.940110910727752103e+00
4.936686325599837666e+00 3.039405304952737641e+00 6.275797388658171272e+00 5.030151478307303137e+00 3.772178431391457920e+00 5.636173944777062239e+00 5.581428258711290447e+00 3.012487025955459252e+00 5.760438210131666459e+00 8.676062795197349020e-01 1.271493030881693631e+00 5.982607651807536620e+00 1.076573481981255354e+00 2.786334630894884978e-01 3.707994186888303734e+00 2.760433040847538155e+00
4.679326357010505255e+00 1.208049856588180093e+00 3.766554212748176145e+00 6.032193818491345283e+00 2.993517075257389859e+00 2.140147235973366424e+00 2.207979517931689006e+00 4.186033875710080565e+00 2.051095482889318422e+00 1.440685776289375220e+00 6.165591773700232814e+00 4.815863693461013284e+00 2.791429475002401572e-01 2.240328585856284360e-01 4.283048701193501451e+00 2.958582524144670156e+00
3.628241824966482287e+00 5.778497248449025570e+00 2.147334533931400280e+00 4.379538879449613176e-01 5.022065083386344497e+00 6.081562746775177608e+00 2.024332873175044067e+00 5.617530621892352194e+00 6.039674331230604487e+00 1.595287774126560087e+00 2.343506355399811447e+00 3.151225361340495024e+00 6.009533306720489243e+00 6.771015009136452378e-02 3.554450550016996058e+00 2.596729725081076801e+00
6.333473944533353217e-01 5.361105739750652965e+00 6.153887432675512414e+00 3.202747136581353127e-01 3.785017211635376633e+00 5.642701916406588358e-01 2.081721021074786737e+00 6.225664401712215579e+00 4.711603332969582780e+00 4.571632339846684268e+00 1.342430099003596222e+00 4.964240420998274672e+00 3.706934007484368188e+00 1.141161461230011387e+00 1.713123658453097109e+00 3.913074633477100495e+00
2.042200514090434460e+00 5.362370377283421696e+00 2.256462624287436380e+00 1.340471819170774848e-01 4.117424708469183514e+00 3.971932126129297913e+00 3.882164142932124307e+00 2.239407431895795053e+00 5.818633852648339655e+00 1.638692142854217548e-01 5.829207774684626031e+00 4.494020956578753001e+00 3.750473686896687031e+00 3.085032095507762140e+00 3.610812507212525224e-01 3.811388094282593730e+00
6.040300026631216568e+00 1.495461486761688663e+00 3.639689604364707565e-01 4.097778393260303353e+00 4.976287855035308461e+00 1.876895523497457141e+00 1.890605160795042705e+00 3.900069857069224266e+00 1.173738476899329530e+00 3.180002507035299519e+00 4.030784412697852481e+00 6.128116432185887419e+00 4.316645357106666303e+00 8.662409407823290497e-01 4.568782573434322813e+00 1.325833279385269625e+00
7.229360930874063618e-01 4.611371403639244471e-02 5.970106410723378332e+00 4.114489410215591114e+00 5.528353413993037258e+00 3.514892561994907183e+00 5.289050130001286654e+00 4.879863479397212878e+00 2.587155311019433857e+00 9.180316731833217947e-01 9.481948271753058988e-01 1.363840432603093678e-01 1.419703920398279973e+00 6.596779674977363284e-01 8.433748355460205515e-01 6.280024854687919600e+00
5.849770181410794301e+00 4.838469661100199382e+00 5.949002242789180883e+00 5.386135581525569593e-01 1.601507691890619256e+00 4.626115034502482182e+00 2.504220950055254136e+00 3.490219349814672078e+00 2.960012773249993234e+00 6.937045954598529685e-01 2.560565945144588906e-01 3.657714707973055646e+00 1.206409405582862943e-01 4.747680503454545509e+00 4.590088958051392609e+00 2.447437079504176882e+00
5.572072740778343913e+00 2.448600194954866804e+00 2.018253044593482759e+00 4.545270063002504912e+00 5.869094993323256126e+00 2.822598439713267293e+00 4.675910223307123026e+00 2.321850432679220866e+00 3.108034790067474518e+00 6.163049692360419440e-01 4.253284635716430562e-01 9.595413511996746525e-01 1.996611897898971366e-01 4.126821050830253412e+00 5.588143191716353542e+00 3.046301387575462982e+00
1.450744191148430673e+00 1.219842490934168300e+00 2.089833989373502288e+00 5.738574187136554094e+00 2.417817385783840756e+00 5.543680303378753393e+00 1.820811664508056760e+00 4.848255956975637382e+00 3.877019548039944308e+00 4.253139732611872503e+00 6.259044592450774935e+00 1.952125736811265000e+00 5.047403709689710638e+00 4.444970003928738200e-01 3.832086011698475847e+00 3.923224654955766333e+00
5.541358792282408352e+00 2.695339379301349148e-01 5.696340030103753449e+00 2.393964097087820431e+00 1.724375982216859837e+00 9.562080716288450244e-01 2.977538841319306684e+00 3.443791018412639460e+00 2.638011671205423347e+00 4.018513808359847062e+00 3.647056659228375075e+00 3.161629997320351659e+00 1.279651367659836891e+00 1.189718829300820402e-01 4.439623403876833407e+00 2.069851978570246553e-01
3.259911160525657436e+00 2.317934535349607028e+00 9.618339906875280620e-01 3.210553921834584656e+00 2.718322387955024455e-01 5.899134350470472299e+00 5.917306676303395463e+00 3.534070352090036504e+00 4.207689846590958460e+00 6.250890373751143869e+00 5.011424404835778112e-01 3.358711595973636665e+00 2.997958624200738775e+00 5.072068318415059451e+00 4.779779658180338231e+00 3.063051521645747677e+00
1.117074136541645224e+00 3.611231250900971634e+00 4.490345029425418133e+00 2.393142408951331124e+00 3.619307343434717605e+00 2.031244740720052899e+00 5.247931237193491860e+00 5.343588586546759167e+00 4.011364714385978747e-01 5.773401694225834824e-01 2.343626951316704510e+00 2.009662005951870611e+00 2.824739626669905412e+00 3.208018778204917432e+00 5.985143149314322564e+00 3.354948561927302286e-01
4.027122515557588933e+00 1.594838695889470248e+00 8.909031834642434644e-01 3.038168524003194371e+00 4.224309765572521691e+00 2.996208785613838632e+00 2.056350468712432544e+00 7.145281252762457624e-01 1.671464688705321944e+00 4.012339417756386695e+00 3.159367002944860836e+00 5.569917596616129174e+00 1.235987774319316168e+00 5.530229955221016347e+00 2.852727636491256824e+00 1.286576041361785716e+00
3.259781031961078934e+00 1.739012756190757125e+00 5.345242527931947762e+00 4.664259585690158971e+00 1.340524808078361829e+00 4.585385079054607793e+00 4.551925175811146751e+00 4.466628977924441912e+00 5.411108738413806130e+00 2.289095777389790864e+00 5.690099732737826654e-01 1.747933088299118864e+00 3.515679005974289950e+00 1.269565716538396671e+00 6.180801993662121241e+00 2.699076127075683562e+00
1.762589041632247611e+00 4.043608393569675941e-01 6.127814281574462285e+00 5.098098603933307160e+00 5.541701835527929276e+00 3.996653146350710006e+00 4.873467503567058934e+00 1.551544054889973046e+00 3.129240544904529742e+00 1.681425951431579247e+00 7.280125993905741666e-01 2.719457563638711051e+00 3.113722048093265027e+00 5.663870723315334921e+00 2.821059709070015131e+00 8.421482170134730882e-01
5.778237406913353524e+00 5.432082058466635388e+00 3.406899121395386310e+00 1.767803198214296767e+00 5.177967167814506944e+00 5.345473978711818397e+00 3.902329276011031300e+00 2.030517378447477927e+00 5.053170368392144951e+00 3.734969129739026616e+00 2.532715316134862560e-01 2.679605843526750242e+00 2.956313676366622012e+00 5.465863943651394052e+00 1.481315870130007539e+00 1.506782257689088134e+00
6.142526830179654951e+00 1.979261144614181608e-02 2.636612883001924867e+00 5.596731667053850279e-01 2.871456153897159691e+00 7.306541041193312935e-01 5.096457751689899673e+00 5.186693147350283972e+00 5.402346008345507933e+00 2.775531905930549992e-01 2.921267403634720594e+00 4.681298883012420475e+00 3.806154385384984407e-01 4.574648339714431522e+00 2.016586028433748901e+00 8.687181068643087256e-01
2.067952054178771704e+00 2.653799063062972863e+00 2.308981716695801545e+00 4.090445345158064683e+00 5.393117805519310970e+00 5.412276288083036846e+00 1.335864798999405023e+00 4.068237043492223926e+00 2.997426397082770144e+00 2.587949044881036276e+00 3.894351571838928550e+00 4.103037726015055675e+00 7.734643187956991017e-01 6.925200534216449100e-01 9.313873000788864820e-01 4.816417907116520070e+00
3.058120869496530059e+00 1.192126553933116950e+00 4.802814071640629123e+00 4.292836094515855905e+00 3.691878749536785520e+00 3.533956926927650066e+00 5.724513470866591014e+00 4.264636124251529381e+00 2.260865286448226374e+00 4.454271170619662712e+00 9.370108705741284627e-01 3.140251669334669593e+00 2.898979136953599323e+00 5.805947089578626930e+00 5.586225120936879840e+00 4.530393486475823295e-01
2.477792687943099814e+00 1.651439864453433159e+00 4.542584462261770817e+00 2.204694656815692433e+00 9.018175915061396042e-01 6.103612848169014171e+00 3.135679401095307295e+00 4.417269441491011861e+00 3.733113960430818334e+00 5.723973022192039295e+00 1.656198525361851082e-01 5.058028603514170385e+00 5.922114280401374664e+00 1.610551311622943960e+00 4.105517456800390486e-01 2.991070226028385015e+00
1.398512472558319786e+00 5.488611486131422801e+00 3.994696580012632392e+00 5.401917906825364213e+00 3.247640174700376026e+00 2.866663391894503032e+00 6.513649000832517633e-01 2.618065263899910899e+00 1.442677206742838836e+00 6.855899330666737068e-01 3.928832046410433154e+00 3.073020819069797849e+00 3.505363273377169797e+00 2.873472924443779331e+00 9.112479809804198139e-01 4.223775270139266347e+00
