2.697686441735525076e+00 5.799188827121181333e+00 3.007343841892641478e+00 1.075431622740154358e+00 2.860167030980891867e-01 3.570893275308594905e+00 2.500979834951493785e+00 3.087621838311481515e+00 3.227113515925130294e+00 1.986165498458200007e+00 1.260070379651470507e+00 3.487094008108847287e+00 3.792428095116494369e+00 4.354358981243257709e+00 3.458572723538387628e+00 4.322804266137131535e+00 2.158046277146643099e+00 2.061380895510812383e+00 5.581508192635517007e-01 2.024574113711677725e+00
2.952870997016985299e+00 3.409642750966703328e+00 3.558187631989871313e+00 5.458862000625109623e+00 5.413974287079055259e+00 1.479416606298031400e+00 2.602105048382742591e+00 1.633650423700876875e+00 1.036358693498981909e+00 4.772154796419387779e+00 1.665925604269804738e+00 7.713386463078785171e-01 1.166716305460400172e+00 3.034291459770952937e+00 4.558677674286633952e+00 3.098588958583712305e+00 4.682888004114241554e+00 5.960559031215058923e+00 1.941899954958735464e+00 6.088000128205326433e+00
2.169279201046377725e+00 2.119862214675018564e+00 3.619736880584288885e-01 3.258775263339742878e+00 4.371109154991568602e+00 3.555203053823436932e+00 5.577410581559097302e+00 3.720763024262452312e+00 6.189385196341774531e+00 1.053367428346552170e+00 5.668904874160868523e+00 2.899037933899704989e+00 1.519958773804973129e+00 4.818254972942332515e+00 4.333409217429839089e+00 4.908982370553074404e+00 4.901013783622059528e+00 1.756984729535400636e+00 9.060354281204672233e-01 6.234715156660366020e+00
6.088054159501044005e+00 1.691335939476907857e+00 4.822782340231668741e+00 4.998575946842128026e+00 4.650707821745204917e+00 3.663498309718158819e+00 5.632427310332169590e+00 4.680666016014026098e+00 4.995972259592731390e+00 8.171724431490388074e-01 4.143007003672753541e+00 3.965219164459756307e+00 2.685163085899860747e+00 2.603901140479800258e+00 3.995321777638284555e+00 2.678565959110606798e+00 2.702200416027079832e+00 2.569879054812091557e+00 5.530044950836632722e+00 3.131014068625241009e+00
2.791919870751862653e+00 3.786337880083159302e+00 2.366908569878770408e+00 5.606790540073139262e+00 1.694828050677666731e+00 8.082547237698467502e-01 5.841816767787308073e+00 5.660250857206469144e-01 4.720827186715421675e+00 4.000000686280045237e-01 6.193937259096812475e+00 5.421773803180971463e+00 1.414944645709907300e+00 1.153051926735800592e+00 4.727085565975060355e+00 3.888329279749681788e+00 7.615952283409265222e-01 5.056644122421003473e+00 3.175496352169656866e+00 2.096626513654289425e+00
4.828886542777138580e+00 6.048073290969799842e-01 2.629244733011047774e+00 3.239220976821295395e+00 1.170623923583255621e+00 2.728625056488408251e+00 2.144486021888288629e+00 4.815462670511519438e-01 3.689242158770669633e+00 3.328730629205652658e+00 3.366580665355258351e+00 6.764327398973449812e-01 1.786670814810660257e+00 1.938685667974346494e+00 3.182893236154470173e+00 3.749753559973572070e-01 1.912930283099432360e+00 6.014666812331092238e+00 1.410341334132649171e+00 4.642377118051395968e+00
4.376013878553218106e+00 2.629114945028807160e+00 6.269684655013863406e+00 4.514391357180945086e+00 5.443894669671990094e+00 2.000616840683086650e+00 5.330272005829236548e+00 1.130343224515427902e+00 2.668700064572691488e+00 4.616367411480429617e+00 5.742616849636887899e+00 3.248349153426868696e+00 3.312785394607024175e-02 3.419055671815196540e+00 2.944676331351047782e+00 5.055813672470112152e+00 2.591038782600162182e+00 4.634696720141678661e+00 1.905263790459643669e+00 6.167203749993691808e+00
5.892830043412490504e+00 4.454075479514348679e+00 1.725260030074721618e+00 1.598302678819801370e+00 1.135810254568275363e-01 2.456831448004479945e+00 5.743989172255642650e+00 1.402644493660848424e+00 5.622989627251898881e+00 6.101367035433131747e+00 8.041545893434592918e-01 1.391863326702814652e+00 3.887476624141363857e+00 1.348666600941974547e+00 2.640500544601331878e+00 6.176063482301086260e+00 5.749919174910680386e-01 4.040935614129539388e+00 7.553933416896753128e-01 5.676913639807578349e+00
2.434118458183164968e+00 9.565870345055573765e-01 1.915014378373109116e-01 1.688676954158579768e+00 5.955722768918127130e+00 9.425009660390298860e-01 5.156735591569808541e+00 5.023137158080949405e+00 3.385003791498254255e+00 1.616327188193630304e+00 4.820844278241731118e+00 5.615892272946502395e+00 3.415960361657232047e-01 4.150068454021298869e+00 5.256284475949304369e-01 6.208787456447776520e+00 7.845682835273340983e-01 5.615914793459578780e-01 6.210076300776825597e+00 3.303782647428608055e-01
3.240689880571903991e+00 1.061831422972077998e+00 6.036250667053952412e+00 2.011757504925066886e+00 4.265151210729546394e-01 2.454058760360359415e+00 1.459916539811141334e+00 4.395846293819090533e+00 3.202771814505136039e+00 7.438242705617521822e-02 5.726723163891837665e+00 1.821051783100799737e+00 3.774738644079775329e-01 1.390112525859823256e+00 5.177367532047624898e+00 4.303275553607791792e+00 5.242123877925850550e-01 2.322439933975594784e+00 3.027208961556286937e+00 7.312818213896513653e-01
5.699224476283836438e+00 4.753113605772987249e+00 1.892257231168859244e+00 3.068921783117268376e+00 2.417286738011589442e+00 4.078693906293962002e+00 1.557725348441939994e+00 3.928612568846677977e+00 5.649632882490667640e+00 3.477985130972162331e+00 4.953692224194649718e+00 2.053792659080190541e-02 6.050367671282467441e+00 1.470982152945355725e+00 2.724602821942426534e+00 3.857809418682201397e+00 1.626451942352207469e+00 5.220226992095909679e+00 1.350337805496882426e+00 5.835663554437029887e+00
4.288304362087440147e+00 2.601670949420879619e+00 6.243311347462910277e+00 2.614557589499201917e+00 3.739517392721120714e+00 4.154884958025465203e+00 2.498558439904018602e+00 4.553266096776291683e+00 4.185637423888171504e+00 3.867639744163668958e+00 5.091557191775726743e+00 4.098908147311317585e+00 2.705465451896782447e-01 5.373989236726409047e+00 2.948669789626729987e+00 5.927246985139832169e+00 5.540589880188057315e+00 5.490158150922496816e+00 2.451147140690916437e+00 5.331568715686049842e+00
4.815209574037947249e+00 4.068400992645971215e+00 5.123629142374976020e+00 3.609190920291241778e+00 5.569400212185640520e+00 5.003237628981731078e+00 5.102448362412449256e+00 3.898175386595114755e+00 4.870844451821021992e-01 5.558780697736274146e-01 9.147296900037945599e-01 2.913392824406211723e+00 2.983495804915770599e-01 6.131935634366874055e+00 6.364476625609549743e-01 8.417688845583606305e-01 1.679115905190145641e+00 1.414966677087991176e+00 4.703018098463744856e+00 3.935667952224009003e+00
5.315541647703383887e+00 5.889875609327163808e+00 4.351919832860634330e+00 6.146275974961008970e+00 1.367141146437663490e+00 2.122750143896824149e+00 4.602656102162064222e+00 2.550379592606833334e+00 8.566008366770946347e-01 5.613172960539190015e+00 2.642449068806527634e+00 5.296723510945517077e+00 3.886394836249325024e+00 3.954940621884956098e+00 3.137644524646513666e+00 4.222713507674942690e+00 3.107841633717432828e+00 2.523591438034543000e+00 5.424577048217911646e+00 4.566394576675963712e+00
3.456235609294592503e+00 1.579259044562414838e+00 1.870613772990983081e+00 2.986149011783857166e+00 5.571093275759273489e+00 1.264456920287854169e+00 3.733829077681349418e+00 4.036979000048897426e+00 3.060786783740367500e+00 2.140470351314506470e+00 6.253355540849502070e+00 3.380214185921492920e+00 4.900370779886092265e+00 5.025716083219486485e+00 4.687411718722876763e+00 3.105882176372668724e+00 2.096263495071391869e+00 4.073639259091826226e+00 1.294714085833664985e+00 5.311305484699308188e+00
5.154487235003148093e+00 5.842531386791386616e+00 2.810492273464072266e+00 4.887371304124968674e+00 6.819653013633153460e-01 4.865493470837614076e+00 3.293862131204151389e+00 1.166194621556542301e-03 8.868422027066199531e-01 4.602327283287534598e+00 3.426755933520007513e+00 5.740964489413923566e+00 2.530679017098695915e+00 1.397580270302002825e+00 5.989139341095629510e-01 5.648897872426780209e-01 4.170866814117304422e+00 2.727491427798101609e-01 2.548495536830424957e+00 1.847478058574435700e+00
2.787259399588530417e+00 6.149696533352993377e+00 3.558507982641885725e+00 1.834634388346578104e+00 4.924445457491147593e+00 3.486388010191219244e+00 5.798451963770389739e+00 5.626173478252608717e+00 1.112915849370565091e+00 1.046588849549986017e-01 7.319746719191100315e-01 3.560720436234733333e-01 5.183594106653384159e+00 3.861039835582860569e+00 5.551400719225656033e+00 1.477333636196225264e+00 2.322037807347711702e+00 2.077641718929747583e+00 3.817767274040733128e+00 1.867544425318721224e+00
3.323442856831813064e+00 5.633326618018536180e+00 1.456549810659590216e+00 5.039305016836237883e+00 2.741888532608455886e+00 6.234791997571778488e+00 1.328177186064956494e+00 1.151686073864359061e+00 2.028742761351385759e+00 3.502531519993516085e+00 5.470820203157224171e+00 6.006338305611278905e+00 3.358080066371097239e+00 1.340965591330495421e+00 5.233385976885373658e+00 1.564502025303035060e+00 7.070639149095754306e-01 3.415765647394537474e+00 2.355922271680480851e+00 5.293262479194217995e+00
5.286380484050212658e+00 5.310495502855240524e+00 4.837369297051211881e+00 1.304704279916442777e+00 4.786030592398761385e+00 6.059993477753387481e+00 1.711499655310631807e-02 3.643409935490248053e+00 6.669109638455436029e-01 4.845713883560833324e+00 1.223070653973310495e+00 5.667446161742988764e+00 1.688226757056815464e+00 3.013076792874522791e+00 5.966545414944487646e+00 2.780224731507314750e+00 2.518895068635682022e-01 9.474297981983038630e-01 4.121198433470280698e+00 4.402906804957121167e+00
1.621910290803966870e+00 2.316944961677176007e+00 5.660573892931565432e+00 4.517716610755923234e+00 3.974753578913129637e+00 3.626650715321927176e+00 4.719005139647260982e+00 3.465846586452305367e+00 5.628090040499721169e+00 3.814297545100692854e+00 3.727410517096732545e-01 4.519321849807133695e+00 1.541279174101351401e+00 3.008381570387611781e+00 6.277180361346149873e+00 3.373710267270423557e+00 5.272282465404127372e+00 4.074204393122588641e+00 5.795878589883724175e+00 2.861689859087327426e-01
4.233784747848877039e+00 1.367453627209828548e+00 2.522653498384472393e+00 4.587241945522794850e+00 4.195934661215785511e+00 2.112347332549563195e+00 3.677856932473171803e+00 6.052902223265853365e+00 3.993655822065410810e+00 5.488673851218965005e+00 2.209824995057525054e+00 5.082707060615642369e+00 6.266568177085845015e+00 5.356848138423319083e-01 3.644425936470226723e+00 4.564586199000443933e+00 2.538602220873367385e-02 2.357323156602468384e+00 1.367964014215679702e+00 5.227489210436055522e+00
4.314023841373471058e+00 7.315229124183821874e-01 3.100234341361514101e+00 2.152805418364753365e+00 1.755136682723482000e+00 4.847850397812138112e+00 4.201719413958549865e+00 2.887596051972648237e+00 2.227084040545151300e+00 1.116322213112137751e+00 4.532885936695376650e+00 1.891300625968058924e+00 5.592326170526059625e-01 5.917366957823943174e+00 4.009111372213539859e+00 4.935847288751098461e+00 7.767781583185577876e-01 3.452841188611594614e+00 1.460814484828888427e+00 3.531447664812371823e+00
3.228717364912848442e+00 4.002790872233948249e+00 5.709082362068971239e-01 5.833374318008958781e+00 5.653931967543310844e-01 5.304782896939862491e-01 3.755058029424105381e+00 7.992149024360544196e-01 2.262048639874711942e+00 2.320291719945136055e+00 6.223192082246947976e+00 5.309426341276678230e+00 3.035745321476460035e+00 8.231457257989399645e-01 3.799717058807968062e+00 8.836448978132876997e-01 2.452851530968616967e+00 1.428547029709439364e+00 5.051383264331481548e+00 3.518723531980212815e+00
3.668416313994828482e+00 6.132660281511432387e+00 8.110233728296672995e-01 6.242181476966364606e+00 2.470970549745697298e+00 5.361947203014100438e+00 5.100024268909091330e-01 5.574194305123676862e+00 5.249906710795603004e+00 4.895173270177204827e+00 1.633293434805073163e+00 6.267260433978379952e-01 5.429192719048294258e+00 3.169545868215650763e+00 2.730872178869796496e+00 5.623558066975818726e+00 4.825454559753731942e+00 3.911094876512079654e+00 5.457843716896620956e-01 5.921229397230352021e+00
3.227413623621994354e+00 5.543827033316941488e+00 2.326044469398887315e+00 1.970685408089342783e+00 4.518972429264017876e+00 9.742908561548153656e-01 4.082770721316643092e-01 1.889370496270154298e+00 5.321508707468891153e+00 8.476121155544323882e-01 2.433000547411990677e+00 3.388667283270079711e+00 8.405625585896360219e-01 3.797788551376701793e+00 1.056452691266567490e+00 3.772941370003315864e+00 2.546011132561141643e+00 2.383305041975665173e+00 4.625887473093375668e+00 1.753057325799684651e+00
1.201565704368253940e+00 1.417462460505130473e+00 7.420375040445926773e-01 1.009317948018510158e+00 5.234066898887908437e+00 1.986020525788830371e+00 5.763705684057842227e+00 4.495999532186817582e+00 6.086622454992870246e+00 3.454801351176381985e+00 3.767655370630291767e+00 2.041144783049768652e+00 4.841272942093889142e+00 2.610686111587006142e-01 5.568859115007219529e+00 1.124168688688099049e+00 2.478567504837463353e+00 5.342497561944606232e+00 3.043867602225689861e+00 7.740752051396937450e-02
6.050791188110808072e+00 1.103090942582722445e+00 3.323105583737882451e+00 5.026186468816720154e-01 4.730460668754389530e+00 9.581818346389097130e-01 6.227068731309882033e+00 4.920428700980626679e+00 2.351200671089569205e+00 6.266510029852232933e+00 3.636077635026808696e+00 3.540068328811857512e+00 1.559770733068389752e-02 7.651137010561092078e-01 4.113840053178680733e+00 2.072630375594510355e+00 1.085323633592393033e+00 2.139074833612488735e+00 1.456701143088776407e+00 2.260186357652025801e+00
3.143935066243108256e+00 3.474185945306450751e+00 5.907597871408895251e+00 4.894650100791107405e+00 6.281801757498479688e+00 4.765307179169115059e+00 5.036517402650663833e+00 1.317951168020919273e+00 4.316598421374780337e+00 1.231528570010364643e+00 3.365996436612342380e-01 5.180195366422625014e+00 1.141752997855475682e+00 5.862242032182737539e+00 1.044204419534549677e+00 4.282511006357266226e+00 5.302512902768902414e+00 4.445343152249578544e+00 4.392111581986005930e+00 1.978044845577678901e+00
9.323780686523148731e-01 5.966714599127975305e+00 3.377992292403650065e+00 2.326616230371675087e+00 3.737033735755407982e+00 3.878337978736672742e+00 6.273255771951092186e+00 6.161605114657826121e+00 1.798889238504430832e+00 5.175711221571032361e+00 6.274605297533095261e+00 9.602637856030269425e-01 2.733753316432097624e-01 4.849330664560255855e+00 5.622972188735436694e-01 5.980808263673349501e+00 2.664037838556674753e+00 6.044522836042714786e+00 4.041326937816160481e+00 4.056691566883646516e+00
2.851465507023391854e+00 6.252609747085253744e+00 1.655892881546220607e+00 3.985837343626776441e+00 2.676221364554936866e+00 7.660889156911081521e-01 6.275961749847033921e+00 7.670042679260485885e-01 6.227844023857460165e+00 1.365696331676733433e+00 1.794546204258904210e+00 3.863964956622904179e+00 1.231468169202545093e+00 3.543463001972598114e+00 1.988938449097636507e+00 2.463733851611662473e-01 4.008270988537571355e+00 1.910707907777597692e+00 4.576061014536564997e+00 2.234644244594304663e+00
4.605725913490038570e-01 4.963131230555297257e+00 2.147290863507236747e+00 3.723381733979566288e+00 1.724893401028263940e+00 9.148466351077542136e-01 1.539527996326400805e+00 6.072118079472446084e+00 3.153255782005306429e+00 4.583896739521370556e+00 1.481529951295908365e+00 3.604789100162976379e+00 2.915248558916347044e+00 3.747241214455989233e+00 4.092055217404796608e+00 6.637543402421878236e-01 1.160832315906558332e+00 2.462715587019399799e-01 1.586431356128355841e+00 4.226142891819164027e-01
2.095458097816889964e+00 2.913076973273847514e+00 3.101443844062879762e+00 2.030819126292076948e+00 5.791169291472879621e+00 1.730350961606568427e+00 2.366176528827176551e+00 7.155488535200364708e-02 9.079399466725860401e-01 2.932843422601150163e+00 5.781517997438908596e-01 2.720252423019571264e+00 1.850466213319041042e+00 2.656265949719353703e+00 3.874969331028904396e+00 4.715098512543229425e+00 2.293991116817085896e+00 4.655167468148382781e+00 3.878342578864424350e+00 4.835610236992619271e+00
