4.276748411733984234e+00 4.733584593094607662e+00 4.274390474696020625e+00 1.656828180883852975e+00 2.212905376927863266e+00 4.398461487820450877e+00 5.377939217465697475e+00 6.553035414793904057e-01 1.896249677480027263e+00 1.460443390146137776e+00 1.940688714749066346e+00 1.414771166452074347e+00 1.449080286495206149e+00 1.544148450998489075e+00 1.517663509381080633e+00 6.100216241033012743e+00
1.200071852616573231e+00 6.263675200214755989e+00 5.379223434466495313e+00 4.917619070691758409e+00 4.761983006547942487e+00 6.164746118946865749e+00 3.137522025591412689e-01 3.060318005410703091e+00 1.301708652629847807e+00 3.862104844864933995e+00 5.207138586258788227e-01 1.283631978201182466e+00 4.128405696385390122e+00 2.706768720098668091e+00 2.642265511596197936e+00 1.462490333259813813e+00
4.155278037589084761e+00 1.441930076213831513e-01 1.755904442746192728e+00 2.425163837388442101e+00 2.709672149379600992e+00 8.415078312553536666e-01 5.244421472856949151e+00 2.336484056907421447e+00 4.983986136854730020e+00 2.428060561865778288e-01 4.773460431404720872e+00 5.075429246283015061e+00 1.565634409145158390e+00 3.429151295087587314e+00 6.874408773715201537e-01 5.547946797553144016e+00
1.131165818833065773e+00 4.214609358557781071e+00 5.322829225827103272e+00 4.938773460627388978e+00 4.101531779503835295e+00 3.377431633348705553e+00 3.216840115650636100e+00 5.448659771065932134e+00 6.467590469220640959e-01 2.299329675058692679e+00 1.564656776266192040e+00 2.102921234501114789e+00 1.359164844491075996e+00 2.423789144893032876e+00 1.218685863808350311e-01 5.475701561121611327e+00
2.080556852876056961e+00 4.610302162198556708e+00 1.107504489742895615e+00 2.898187383159211539e+00 9.029230934255940699e-01 4.767451498344771998e+00 5.762069520447808735e+00 2.420648239556602022e+00 6.010369760844020526e+00 5.576711884874878677e+00 4.146399436510858294e+00 2.193125192821146818e+00 2.737891249981002861e+00 5.163488019374399052e+00 1.478057590977323477e+00 1.217421879093687265e+00
4.829712468337113762e+00 5.664650456147392710e+00 2.065787436094830287e+00 1.927272826630664904e+00 3.695646996216632729e+00 3.974614383412230723e+00 3.019895016013366629e+00 2.676655509079036932e+00 1.965283932896127128e+00 3.102005795136725030e+00 2.988272529184098580e+00 6.271132046302523300e-01 1.515821226216743867e+00 2.842167104324972104e+00 4.529204630474962023e+00 2.953525535570012961e-01
4.011784320870846798e+00 3.749681090406673967e+00 3.637039953020170913e+00 1.197594726334110682e+00 1.016042490225009587e+00 4.282967058739636457e+00 6.066316225921677407e+00 8.883397188581936277e-01 4.895937009247766092e+00 4.230860497033410716e+00 5.673924382969676827e+00 3.431246315991011819e+00 1.443470378478055371e+00 4.685000280139998807e+00 4.057169167100065921e-01 3.023060372839000420e-01
4.802281998103720362e+00 4.026851248393586324e+00 2.188656146966641458e+00 4.827103227450132650e+00 4.145748677683579686e+00 5.923188112379055070e+00 2.963335610749787463e+00 3.294633991228638870e+00 4.607433673973244659e+00 3.409823504458968646e-01 2.614781655574861752e+00 5.672222717283844418e+00 5.044629638347418954e+00 2.901417732032318675e+00 6.080810767306915388e+00 4.228576347626756160e+00
6.789414575887146031e-01 2.656697035292496789e+00 3.494741478770435616e+00 1.057169392403238539e-01 5.305045668955498783e+00 3.093253083608120235e+00 2.646315749881336998e+00 4.408920701649405860e-01 5.426172566429837474e+00 3.043110935608970280e+00 3.551514811466257804e+00 1.732657030005279042e+00 3.560647091092393079e+00 2.525315160270766857e+00 4.278788670337982936e+00 4.696610343159062673e+00
1.128825680544859322e+00 2.277323774328454675e+00 2.487553476750961057e+00 2.977415190901707920e+00 4.801335821939844095e+00 2.589545412314808281e+00 4.763879570020174370e+00 7.681913623350282716e-01 3.263713583296324661e+00 3.840772265167295085e+00 1.624432960809351512e+00 5.555921608293884262e+00 3.852058872139755508e+00 1.813420676927984365e+00 8.594550606651032432e-01 4.535400499535985119e+00
4.472189430091030871e-01 2.241241185606553277e+00 8.500030291925138037e-01 4.047936884647173272e+00 1.321714082170987403e+00 3.704497946387411478e+00 1.250228239064460345e+00 4.523459313396943848e+00 1.840385393521425828e+00 2.972242149836585301e-01 3.917360752232952770e+00 2.933045874644556683e+00 3.372204342846518266e+00 5.224420542120876476e+00 5.960397669768300766e+00 1.901761219557097649e+00
1.595108299563614107e+00 5.441830562611596811e+00 7.922581975444413782e-01 4.143463575885853345e+00 1.026628350799526412e+00 5.805095336436846942e+00 3.851099784318962715e+00 5.326960341209523442e+00 5.734063467333246678e+00 2.019619236711438059e+00 5.154352136581138666e+00 5.404772250176445247e+00 3.532205865404787648e+00 4.606290415575508668e+00 6.959033124316381658e-01 1.833672876437392407e+00
5.551027065758998624e+00 1.781681390901727946e+00 6.517464362360401997e-02 5.876220096105865487e+00 3.133810299468068328e-01 4.045711892006980115e+00 5.372823024473049713e+00 6.636166400835377122e-01 1.890148968571327304e+00 5.758726899794994747e-01 4.691342909261589256e+00 5.026131034963059463e+00 4.680090392229839802e-01 2.747993331208720136e+00 5.898955295410151400e+00 4.815219718694205397e+00
2.910706455281194760e+00 3.320007536085959887e-01 5.781429802835225118e+00 5.870440260497730378e+00 1.628310829348025734e+00 4.118547600215458182e+00 5.327924763919989815e+00 3.300396805695647640e+00 5.180678352193273106e+00 9.987126050773927899e-01 2.938551477701295322e+00 3.763451525947741683e+00 3.953098997983358842e+00 4.596227882192978065e+00 4.237090993294007291e+00 3.484304766539894960e+00
2.929276265628905307e+00 5.219067987626846872e+00 1.487024142741835364e+00 1.469181092174817849e+00 4.154723408102587001e+00 4.370026287488388839e+00 4.454469499073720584e+00 8.125201713042590201e-01 4.063290061101347383e+00 1.656835198519164498e+00 3.134811517224101340e+00 4.832308535789139547e+00 4.933326107142375072e+00 1.449916893886876057e+00 3.863622613825540508e+00 5.899069503361278777e+00
1.637420442361963824e+00 5.137787055132967851e+00 3.942206431169696490e+00 3.001919040336453293e+00 8.749228091906202653e-01 5.185365693237921292e+00 5.890179138522464442e+00 4.820959070403944224e+00 6.032689485895678105e-01 7.975633561777600855e-01 3.026238253505967979e+00 5.063934556767033524e-01 4.826629093675470550e+00 1.415036477158239325e+00 5.866134491847613930e+00 4.895420690351346416e+00
3.712490004714300795e+00 6.207314728486047706e+00 4.226876965078983694e+00 5.987940685155426657e+00 4.623245335230414810e-01 4.867875596437321484e+00 4.969125989795059262e+00 2.807809653037188546e+00 2.274008488753185009e-01 1.037796295640468491e+00 5.707809052967633967e+00 3.453496217385148004e+00 4.512142615714718197e+00 1.809567241136779692e-01 2.176626670642503925e+00 1.250362064199802115e+00
3.184111541043145532e+00 1.778884503557130348e+00 7.156229524189100522e-01 4.470764284485191808e+00 2.355791891353756107e+00 5.746712248693357061e+00 2.533046660764180391e+00 2.293925875471682030e+00 3.834382131045048214e-01 6.032943411156850289e+00 3.832579127525780116e+00 2.329189556487094137e+00 5.321999894685820465e+00 2.910605366863257437e+00 2.393427414297578881e+00 2.103477046025379049e-01
1.181301782828511504e+00 4.336273897627549445e+00 8.185303643682998453e-01 1.172997588510750422e+00 3.096999936526643182e-01 1.096717787194798621e+00 4.645374131272514973e+00 5.334602783798665371e+00 2.989395221575230632e+00 2.437127266890160016e+00 3.318144750405223942e+00 1.920133227605863580e-01 5.690388766205063398e+00 2.454085397251871914e+00 5.437654801034185859e+00 4.815498635922701887e+00
2.504103185089222361e+00 1.142633550004866549e+00 6.119554029095071179e+00 3.419509528276848620e+00 9.312669019844719287e-01 1.788535139678735009e+00 4.374599654664114823e+00 3.137081601065650815e+00 4.639619380317596686e+00 1.553544378126549441e+00 3.286877356174296327e+00 2.572041930091902184e+00 1.765951141241989264e-01 4.635299263489052635e+00 3.833069873589979082e+00 3.545861120213695816e+00
5.998305600098559509e+00 1.019768813213259628e+00 4.838385268859255461e+00 2.627723665662644592e+00 5.177931858018175459e-02 3.523684745395462947e+00 5.148893103698518381e+00 4.629292256060479005e+00 3.206345250588340523e-01 2.464332761684195461e+00 5.382382355361217563e+00 2.220022178707965921e+00 1.160182664798752761e+00 5.938138141109248203e+00 5.732899788976726363e+00 2.928870216101876700e+00
5.962001930690227880e+00 6.197378099338076041e+00 1.029657059219477588e+00 6.078790343778820215e+00 4.157367280184870673e+00 2.551674644349300802e+00 2.728576395596610471e+00 5.443011494437024034e+00 5.787529917944877589e+00 5.136302759671562690e+00 5.233458193184613805e+00 2.286086643198968815e+00 5.031735479950586232e+00 2.745896675536569020e+00 6.099360941913907652e+00 3.103656423359554051e+00
5.559440037230929832e+00 5.121532782909176795e+00 1.414365061824476744e+00 4.978878936194413463e+00 6.262840952730852173e+00 5.052806715412112126e+00 8.673773228681850300e-01 4.165604480945147792e+00 6.569232615325800717e-01 5.419209285185799807e+00 2.002716580333303575e+00 2.711513263549448549e+00 1.356062292612776998e+00 6.442655748772756485e-01 3.595834989862438213e+00 8.569891302969370184e-01
3.232395055524419192e+00 6.759627221135410258e-01 4.486506885734224070e+00 4.339483645589305105e+00 8.962311637721477320e-01 5.311700253108910807e-01 5.525205861601749646e+00 3.799192337424104782e+00 5.277044924049614671e+00 5.664722638892603912e-02 5.087746945216621519e+00 3.016649669250194954e+00 5.279378633430538592e+00 4.684603103965117477e+00 7.054520225880238637e-01 4.700938684895159980e+00
2.953603257521567382e+00 5.084869202774158214e-01 5.201853103258488709e+00 5.378727481045458170e+00 1.876584095786186124e+00 4.439766287016343682e+00 2.396615970989344202e+00 6.019861351563451812e+00 4.805332943175857352e+00 4.705872751169689394e+00 3.302376817539891540e+00 5.353943432828539351e+00 5.290124894139663914e-01 4.102039472974768231e+00 4.459497613854883191e+00 9.194350040866717810e-01
4.120124013410760178e+00 4.467325331255602272e+00 2.015983543622429153e+00 4.946671795382493464e+00 4.136865707158538186e+00 5.759008586959720510e+00 7.626710855087214247e-01 8.758647711416958082e-01 5.618110270771145665e+00 1.344647558277861421e+00 3.681245335079944336e+00 3.175110045135202341e+00 4.817524188680923358e-01 1.404391646537775484e+00 2.720840132864663197e+00 1.447266980994709185e-01
3.042549223782089918e+00 2.419047297864029833e+00 3.291398810132186159e-01 5.487133862843053045e+00 5.895038804154672185e+00 2.222775073016044267e+00 2.759042590542547746e+00 2.171340093120653236e+00 5.981220964243404659e+00 5.197160298830524106e+00 1.842481936613026006e-01 2.289675113071392154e+00 1.521282541240952968e+00 2.399801419893615950e+00 4.632275629671327444e+00 1.372823127358613338e+00
2.813640861001389659e+00 4.062431917858263297e+00 5.584307842960172685e+00 2.531010371285098426e+00 5.393429497852149090e+00 5.473748598805392440e+00 6.678100463607683501e-02 1.122234453260485543e+00 5.724909827117699912e+00 5.280333406960304288e+00 2.467513496539420981e+00 3.122351678221248594e+00 6.117900579667312044e+00 1.138210488568675682e+00 1.726960495247917171e+00 1.963441576858763415e+00
5.218816174150430420e+00 4.575605312869434727e+00 2.792481692765953927e+00 3.609371140321041782e+00 1.483537279785244190e-01 4.979916285017815802e+00 5.331833951662112270e+00 2.620059702835629167e+00 9.862957043857550898e-01 4.287691651791157632e+00 4.571833535429115969e+00 4.736192860693496876e+00 3.816142575583963747e+00 2.822357284522155840e+00 4.710900856860252617e+00 4.044653277345111597e+00
1.143488273477985429e+00 5.633972417709550484e+00 3.702193946330574748e-01 3.323628542678715991e+00 3.442561389394800386e+00 1.903263065069476789e-01 1.165902487773461393e+00 6.916148983109241533e-01 1.021113747526512183e+00 3.088288705087051333e+00 1.482230079505402642e+00 5.871006447818897023e+00 8.375258571085560932e-01 3.476308866645662077e-01 3.236344632225173767e-01 4.879697193262732213e+00
5.994585810419687633e+00 5.858316739237956483e+00 5.642888706068195148e+00 2.844821419741018431e+00 4.281422265039184438e+00 5.119138858952558380e+00 5.382939663765925253e+00 6.238897895733600762e+00 5.751522303333884700e+00 3.446887056629314383e+00 3.724745635357931128e+00 4.125942308226552058e+00 4.527963431144092610e+00 5.827063110664850498e+00 5.294238436337328046e+00 8.088503443044233743e-01
3.414794578037977590e+00 1.615586321234827594e+00 5.363712704039778068e+00 4.273193573432434000e+00 6.140763619601258050e+00 4.073239279943114965e+00 3.207257113402766535e+00 1.625149580512493142e+00 6.022092386200715852e-01 3.504161193827076470e+00 5.992752779056205625e+00 1.840397703407876229e+00 3.530288481369856068e+00 2.194724603876487684e-02 2.742350576535694362e+00 6.077093790594095601e+00
