2.736436827947412276e+00 4.250644979803510637e+00 7.381231382983216571e-01 5.925158767141963878e+00 2.174557710716207293e+00 5.456900846677283923e+00 5.475759013451408030e+00 4.833087432098467140e+00 4.772196219556212871e-01 5.082885194293499387e-01 3.547007491077251107e+00 5.898075822219494668e+00 3.750121819030765025e-01 1.684728006604552519e-01 9.423122714813790823e-01 2.299622224003971205e+00
4.602165947522227185e+00 6.001717602093980197e+00 4.613425689179259770e+00 2.469889942578757491e+00 4.166431816390098852e+00 3.638897725183454668e+00 5.360731283745734821e+00 5.491851050830036662e-01 4.798101747891014845e+00 2.309553855691774960e+00 5.736052923355069666e+00 2.079969422093161047e+00 2.444057300821425915e+00 2.523321174601909522e+00 1.355932137712189567e+00 5.016170925946326520e+00
3.471173584965072112e-01 3.775136257830676190e+00 1.622669400790136829e-01 2.905049097127557545e+00 4.349947692452284187e+00 4.414093714915856559e+00 5.716013449324435669e+00 4.939951069878185663e+00 3.896223460030113994e+00 1.778433109531568856e+00 5.909461922263275824e+00 5.632203180193156022e+00 4.088143979990796484e-01 3.494131601292987721e+00 4.560896942305418200e+00 2.601523730112134114e+00
4.977199328005406542e+00 3.197387193083271573e+00 2.943682371382231100e+00 4.086575600685013576e+00 1.394760192051935244e+00 4.078990907880701400e+00 4.527804869107623809e+00 3.484381065558441737e+00 9.918562075504677722e-01 1.369494142928635583e+00 4.401711511524004194e+00 1.725690212381571387e+00 1.356261770800834876e+00 2.545722197190629199e+00 5.322271340839427323e-01 3.117948471517169917e+00
5.525477456161383971e-01 3.846086165037524651e+00 9.195207288793390277e-02 4.762785573527097860e+00 5.107187338149056011e+00 9.946200989590542330e-01 3.623958661377375989e+00 3.077776456856545106e+00 5.714526007956481912e+00 4.476808171465185282e+00 2.162359063545192583e+00 1.536280849431692408e+00 4.212902906486569066e+00 4.065280886327085952e+00 5.771138845197284262e+00 4.115678314352689604e+00
2.591841587602110142e+00 3.038819865978534263e-01 5.986351043764883695e-01 4.812581923964245334e+00 5.014046742961967951e+00 5.953023735448271125e+00 3.906944600717172644e+00 2.805357431041234140e+00 5.420025784503104127e+00 6.118075614099405257e+00 1.981090928623522318e+00 2.864774938684440109e+00 2.909730073891515723e+00 1.915322307162240500e+00 2.050610885723272325e+00 5.188705892130464292e+00
6.140330132447975764e+00 1.472690153262335100e+00 5.958969996483268083e+00 4.506115744348034191e+00 4.091721342101291903e+00 3.081768881064053556e+00 1.290165943039567109e+00 4.012334514619142922e+00 4.761849978309251163e+00 4.486381140525637967e+00 3.898017936550598250e+00 2.785844392171484607e+00 2.355100058198864588e+00 5.113643121833709060e+00 2.054088023765660576e-01 2.537345898541503164e+00
9.798044197986752746e-01 3.712082156580144954e+00 1.987044024529639685e+00 2.209938553420203178e+00 5.375717790933016715e+00 1.833694573508541259e+00 3.315528649058668176e+00 2.134331572506801056e+00 3.907553855096897788e+00 2.113029474607157621e+00 4.907187543611428282e+00 6.195665323705223493e+00 5.000512422815535984e+00 3.274589216218159571e+00 3.332779091048120534e+00 1.432653547901635793e+00
1.174197560678364116e+00 3.022310675673101077e+00 1.995249738421406516e+00 6.145740438890117119e-01 4.517443217595497273e+00 1.927233087349331297e+00 2.726398048691779596e+00 1.668869038743159061e+00 5.919108706856050617e+00 4.897181190008929264e+00 4.002914743226415162e+00 1.822119027600861640e+00 1.820498367963284014e+00 1.448136057173497582e+00 5.199116161895442900e+00 5.272386966321627177e+00
2.490334102808782646e+00 5.989552461258905502e+00 5.917449170908073874e+00 1.931536733896036084e+00 3.890788888845555960e+00 5.103342562113050818e+00 3.133812230886493300e+00 4.950303646312751660e+00 3.852471036097896651e+00 1.016275616987523556e+00 1.783828218909218721e+00 1.558888265343513435e+00 2.736802625715572646e+00 3.989034386100618335e-01 5.219568152922876791e+00 4.873884551709489088e+00
4.805978983511930203e+00 1.828033495328557523e+00 5.364121263993713029e-01 2.147911933401174700e+00 3.837359127182477181e+00 3.359449899098607695e-01 2.265202380873538868e+00 4.023535453592373301e+00 1.755980476543923530e+00 1.944009829148537483e+00 5.168399862318085347e+00 2.203363799870737161e+00 1.141783636529408730e+00 2.097169682589781647e+00 5.072071203604227918e+00 3.721200952437496712e-01
5.454501168486396878e+00 1.469494128322973214e+00 2.084118935052780230e+00 5.539839389962780913e+00 1.189691833112106911e+00 4.760398210967342614e+00 5.318712030027730187e+00 5.513140649483874611e+00 2.482996403835332710e+00 3.371331419872658497e+00 6.666909945178775554e-02 2.268244420060554489e+00 4.775297078879512824e+00 1.057221114480591861e+00 1.785061325749602856e+00 2.398149662206720656e+00
3.557032373077078979e+00 3.447006800379492475e+00 2.338394347791790673e-01 1.569903326851211256e+00 1.964753297206935478e+00 1.687447428032921692e+00 3.402767324969934837e+00 3.003152188322666838e+00 3.562959298749732717e+00 3.377674835844308721e+00 5.165944574941493173e+00 9.008200633591270656e-02 6.193828628120359170e-01 2.099972441768756859e+00 2.801464006469117862e+00 2.167615336458085018e+00
5.364337751542303856e+00 4.590256395029104652e+00 2.451247294587137471e-01 2.467602861723405372e+00 3.899602913433831919e+00 2.579909083977109940e+00 3.633715581765530889e+00 4.794960100213958576e+00 1.829063401377555076e+00 4.013396538756511589e+00 1.498589275547652866e+00 3.433300744922938463e+00 4.162003040837063850e+00 2.248853968345132237e-01 5.905527109557930920e-01 1.363617734861384934e+00
4.990858014673805521e+00 4.671981379409910318e+00 3.425101225440049468e+00 6.052700950415762726e+00 3.631864327270508674e+00 2.041514883409899728e+00 3.651347356204527106e+00 4.766935085630104929e+00 3.629685678237033919e+00 1.396301982833669575e+00 2.546563004836355226e+00 1.493774805033666775e+00 3.408162440421444117e+00 4.648031206463986154e-01 5.399031443476589587e-01 1.101243076218752615e+00
4.684066500382524367e+00 5.833702032616750799e+00 1.077016994333604316e+00 1.731482333242831739e+00 5.214831693087792708e+00 1.654566369337699294e+00 1.273960204444308575e+00 2.438143531053801105e+00 1.696203478614138893e+00 1.620953589674531958e+00 5.530198062597875719e+00 1.278322523801480148e+00 4.321773932123142536e+00 3.355195213974035529e+00 3.527852515791535026e+00 1.801128478385876530e+00
1.643360291480690405e+00 4.682334883526004354e+00 1.236522242006585781e+00 2.400285730595313805e+00 5.636633482013297503e+00 4.610047843157956571e+00 5.778514004400961745e+00 5.663990162415797336e+00 1.956840479875532779e+00 1.902096875612787341e-01 2.528342815591437809e+00 3.442741604979504988e+00 3.833628574145043988e+00 3.849237905490229483e+00 3.901581694036493797e+00 2.388107607212107464e+00
3.966217220669006061e+00 2.877518245897311200e+00 2.670832913782005047e+00 3.999130125272583491e+00 2.544015073392071891e+00 3.892176260205951532e+00 5.476514831278563866e-01 4.721331402780405639e+00 2.964788916834518062e+00 4.956061562067759496e+00 1.286303018773339968e+00 2.856766977470215796e+00 5.577715520551224770e+00 2.803198687467633565e+00 4.522107183904024552e+00 5.188870514268625556e+00
3.265188578917082918e+00 1.954081448862333037e+00 6.286954125799315563e-01 1.794505677782144648e+00 5.974430839963691398e+00 1.364402828416908076e+00 1.891883657597193125e+00 4.242178434921136443e+00 7.923137653203073949e-01 8.716180118505663099e-01 1.501552488519102724e+00 1.469356938132673429e+00 6.792569549548693741e-01 3.340724313306073778e+00 2.924768605586116177e+00 6.400514694407061222e-01
4.204628247254346363e+00 5.101389989459966579e+00 2.768980196207682098e+00 4.413389162915376751e+00 5.953159802602382200e+00 6.260833088203107799e+00 3.674861637788319424e+00 4.175277852760794772e+00 3.646889361435935673e+00 1.623719284695139264e-01 1.291914947639780209e+00 4.611985452127676410e+00 1.712282305837241836e+00 7.872222743348235019e-01 2.016443794122349420e+00 5.033673096493490595e-01
1.413671903381617412e+00 2.257831704206822554e+00 8.756206448367441775e-01 2.266789971974675577e+00 2.008294240584904244e+00 9.966958776216484905e-02 2.894672751630578578e+00 1.875675484098000778e+00 4.981010686966452994e+00 1.241769376931120217e+00 3.135394131460294442e+00 6.095124735848508557e+00 4.955902717053812800e+00 1.084334119486095593e+00 9.764050461183767515e-01 4.731916162874223453e+00
5.421530665460164933e+00 2.232327450850390083e+00 5.403730498055445697e-01 3.897061872760571699e+00 9.982413482007166383e-01 2.158848456841978847e-01 4.301683588759185106e+00 4.875297943796891076e+00 7.471012785702343950e-02 3.910413874134269996e+00 5.522773975019100945e+00 9.186238634761345612e-01 1.135301662224819319e+00 4.164394370407977775e+00 5.618956458754468919e+00 4.073551844592260274e-01
4.198741686477912793e+00 3.840974080558000381e+00 4.028068636370385924e+00 3.349006924874827984e+00 3.576710787380397161e+00 3.786310375446996224e-01 2.231858507380813261e+00 5.264234117713286309e+00 1.132700234722471500e+00 1.470352045303625621e+00 4.199280762816817725e-01 3.675164120863686712e+00 1.239112801678347253e+00 2.883632189212219643e+00 4.003326382034029685e+00 4.612241026422430501e+00
1.244367637729216991e+00 4.619365713246464722e+00 3.356059557627186329e+00 2.051447380362098283e+00 1.955116548671870236e+00 1.986476799637917123e+00 3.153838550143097108e-01 5.322984617589715306e+00 1.820414856863003195e+00 3.273024964363916212e+00 2.655653947939833781e+00 4.466348046300001151e+00 3.649046681860165009e+00 4.827837512942609322e-01 1.733828966468685007e+00 1.151400621464589547e+00
3.868204427601205975e+00 2.635805398466611660e+00 3.403166148769581678e+00 1.649409185065504824e+00 6.096620274299231035e+00 5.884435846844167983e+00 2.649938182319217184e+00 4.717513659851212182e+00 1.531361745106903371e-01 3.533315449075334347e-01 2.765353418347185066e+00 3.768816427048547801e+00 4.899805111150815407e+00 4.569965227130986740e+00 4.289024344780376197e+00 1.294684811404167135e+00
1.156747485407009668e+00 6.226152278396251738e+00 1.400612714232539746e-01 4.818123144121719825e+00 5.254741137127431072e-01 1.373505581472452830e-01 3.474450152232960942e+00 3.190837338804658252e+00 3.756132997196696355e+00 2.385814016064730314e+00 3.140036561180336250e+00 5.609288574211425349e+00 2.797941688107824287e+00 9.565518610698050539e-01 5.958908833036301367e+00 2.929809495302739375e+00
3.979947058480326039e+00 5.308281850490904397e+00 5.977786365662521639e+00 3.822574641086676106e+00 5.081130963939576972e+00 5.288238475923421333e+00 4.869076738011741234e+00 3.202502114758264629e+00 4.724735777560058914e+00 2.597075771126629573e-01 5.626326230817736196e+00 2.336429014389589831e+00 3.841862753249495555e+00 2.865644770701296275e-03 6.122042617852272883e+00 4.127648406973332684e-01
2.390118715936929039e+00 4.062893004081408854e+00 3.058824395859697454e+00 1.012477619267790008e+00 5.018128825201919163e+00 3.411001560970392088e+00 4.834023973636026456e-02 1.857104937020478630e+00 4.820807079135017048e+00 1.150523404581632159e+00 4.662175109170914489e+00 2.226136231884480399e+00 6.612352199986011314e-01 2.553854148187554518e+00 4.441319730588699777e+00 3.044668303697649847e+00
3.627225773054872260e+00 4.981608005676530837e+00 2.841203751392249455e+00 3.093067758478530660e+00 2.839226893411595398e+00 6.063625774475344343e+00 4.292837854543600784e+00 4.939564141694938293e+00 2.283110705654476824e+00 1.068479906328041018e+00 4.763415320032334810e-01 4.577705252771703037e+00 5.313654101058707724e+00 1.070948649572487588e+00 5.941319045592020842e+00 3.948200191499716016e+00
1.172561520759875409e+00 4.875914656476990627e-01 5.183094295289150111e+00 3.175113065179663518e+00 3.573358766437346734e+00 5.176356004786460296e+00 1.526666234011291978e+00 4.295417749276615460e+00 3.239920531570392281e+00 1.051762045620160180e+00 4.092567034149865002e+00 2.832482924599326157e+00 3.484990533048295092e+00 6.207482511988083651e+00 3.937997066901206100e+00 5.978939669055841399e+00
1.293042533659766458e-01 4.235076159630982717e-01 4.538701033478903746e+00 3.126280670294149022e+00 3.330611340647243512e+00 2.218372898561089546e+00 5.023636538203653856e+00 1.875843149819688138e+00 3.401845146867378267e-01 5.658161825268464007e+00 3.335672713858852667e+00 2.589329424332029284e+00 5.335555359052311708e+00 6.064112400528373747e+00 2.270682880757921573e+00 7.958820132290930771e-02
2.147976070370834822e+00 5.596709704570579369e+00 2.297554986375194286e+00 2.521511195021663987e+00 5.439105465771839398e+00 1.077168192279607029e+00 4.234003537983491938e+00 5.248896667320639864e+00 3.080803526846751073e+00 8.568837420287102047e-01 1.474580498613186075e+00 1.988863691912806098e-01 2.909808447043253032e+00 1.253341828612861475e+00 4.325097670862906085e+00 4.615124587188802252e+00
