1.330755683923732002e+00 5.196490863705285790e+00 2.721501394653098593e+00 5.810853785124311388e-01 2.998615060354021811e+00 4.739800014371096104e+00 3.634052698124975667e+00 1.233168025047568950e+00 4.076391182547940417e+00 1.273289056771544470e+00 1.906489346229621296e+00 6.114529093075146804e+00 2.775827216305444267e+00 4.804443003883060115e+00 3.480852103165676503e+00 4.698865752848305100e+00
4.669063783879316532e+00 5.334457776222214065e+00 1.358195484448323942e+00 5.973427542854206074e+00 1.621436052451047161e+00 4.056024368105973998e+00 5.428470516254770395e+00 8.389069964962436732e-01 4.863748170897693512e+00 5.137429416886728217e-02 2.036070738414855974e+00 2.099535371247690296e+00 4.637251345276617087e+00 2.196797653925437022e+00 4.818234553027871847e+00 4.978219332783319295e+00
6.855533315790454107e-01 2.487445278825658246e+00 2.531131371069309743e+00 5.936352663991268930e-01 1.981503927566961254e+00 4.525454730147948190e+00 1.866399215274523016e+00 3.049132770648558921e+00 2.723653362241314824e+00 5.640858217428947441e+00 8.801302520985528899e-01 1.089706864948164045e+00 4.022679110560411608e+00 3.669396055008673940e+00 2.411019467387605364e-01 6.203293486419948266e+00
5.369012089636931329e+00 4.058378894597403530e+00 8.435161643747618454e-01 2.134618738766528523e+00 2.699768736236586530e+00 5.398825882238914353e+00 5.740402552506167488e+00 3.107949922531296316e+00 5.019442410671733912e-01 1.823242524449647739e+00 5.275467260084448107e+00 1.272201578787891307e+00 3.967365113936424104e-01 6.003224515657715976e+00 5.744364135074547129e+00 6.164473431999430098e+00
1.301170076620425942e+00 3.073724873363442356e+00 5.871409409640747867e+00 3.166082523098541213e+00 1.173618202025644708e+00 4.461810351517851103e+00 1.699596626046455006e+00 2.895807925180313269e+00 4.713266704275795305e-01 3.631651333706523488e+00 2.123497973053693144e+00 6.917291245355071672e-01 8.601600890729677040e-01 3.887976865354213718e+00 5.423097227525314201e-01 2.709387399794206175e+00
4.542998776028259300e+00 3.569525938591084024e+00 1.087443786105659171e+00 6.074048317260732910e-01 3.168342597208368527e+00 5.896533267657784627e+00 3.638147904675880451e+00 1.693228504235068765e+00 2.764518041682324512e+00 4.471327485090227150e+00 3.364312313058453463e-01 3.326202335480035188e+00 5.976261702853949309e+00 3.317489619691367797e-01 5.279427238384895915e+00 4.144094293891167347e+00
5.401591740412957421e+00 5.241811480192968276e-01 3.223786288862938054e+00 2.507634785572576241e+00 3.880213507497145553e+00 5.915899018479091609e-01 3.793899468640385297e+00 6.073068642378795623e+00 1.075908018095179663e+00 2.470728111092995061e+00 2.609169531673466658e+00 5.476756946420123562e+00 2.384912855138719312e+00 1.254260972527004414e+00 5.296300441432427952e+00 5.020484822916593259e+00
4.532549534503000466e+00 4.021690437087171333e+00 4.117025017884469840e+00 1.053649077673140672e-01 2.090099413151459640e+00 2.612620602532718106e-01 4.925899738952015383e+00 3.930850901883927051e+00 1.200901525976028283e+00 1.670091223126200175e+00 2.537717799259291418e+00 4.519340651922716945e-01 1.758701788609772443e+00 2.872948175287952211e+00 3.039801365865623772e+00 2.938629668857562827e+00
2.416816210090768191e+00 3.429974534485125570e+00 5.954469870235826079e+00 5.826136038044608334e+00 6.337091075627561132e-01 5.144711080698221473e+00 1.410333304388990072e+00 4.362589205770450174e-01 3.448195866574302215e+00 5.856260967804888473e+00 5.608778899739866652e+00 4.173540442052736665e+00 2.948216630729552534e+00 2.369540209208758519e+00 3.579396418116756795e+00 3.149096186227361205e+00
1.593421650730222128e+00 1.429824731670982896e+00 2.409656175644419474e+00 5.157925406487584574e+00 1.129088381214774062e+00 6.443667823807540662e-01 1.788014596287556823e-01 2.904854769571993955e+00 6.854623282120707595e-01 3.638301632575748012e+00 5.397954328221716835e+00 4.526359789911981402e+00 2.862505078871570685e+00 1.466688844091119659e+00 3.043011709684246391e+00 3.418667584081201305e+00
1.569953333323659050e+00 3.211854387329146299e+00 4.901267529071827056e+00 3.581058475570348509e+00 2.133927845414499425e-01 1.247504748496323757e+00 1.517479272217604036e+00 1.625360303529910788e-01 4.922345692412541496e+00 4.305726879528624984e+00 5.431586438163511055e+00 1.602916102578466617e+00 5.993408819211728300e+00 1.970825415437529093e+00 2.682488399640894569e-02 4.941241127176574377e-01
1.747759871759342609e-01 3.458432773801209503e+00 3.804412040029922615e+00 2.027639757996184955e-01 2.204418445645426772e+00 2.575005881244169181e+00 2.486446918533656181e+00 6.255907666356931962e+00 2.673313875827777686e+00 2.168045207579942346e+00 2.589684897646838735e+00 1.476387685025950525e+00 3.991260696580124279e+00 5.072465140502887770e+00 4.243255863994976451e+00 2.648515458150963120e+00
2.935339718889377281e+00 5.895402388478054867e+00 4.659399925015152100e+00 5.679388715194280124e+00 3.999190791054351823e+00 5.245198226836635946e+00 2.721349526830661780e+00 3.828500175525878291e+00 4.075656739612170121e+00 3.073171699387184486e+00 3.867516112715361665e+00 5.723612168559990998e+00 2.386233408433208858e+00 2.460986669768004731e+00 5.049870110248042998e+00 3.984224243800429388e+00
1.908629330110105604e+00 3.172283814122213830e+00 1.857497030836492424e+00 1.251650599391536334e+00 5.653721313103286406e+00 5.183540977972478814e+00 1.238587436998861424e+00 6.161419015453224901e+00 2.793842258439604986e+00 4.778981366083268512e+00 1.630684979733911355e+00 2.293850335411065977e+00 5.442627799615227246e+00 2.604873640218921871e+00 4.673957775462786124e+00 3.250139042074983386e+00
4.774192190792891033e+00 4.691585917867556965e+00 1.925563958249752350e+00 1.986772063397083343e+00 5.910599607275375256e+00 1.960894436424319265e+00 1.368983526167967257e+00 1.686063041347412472e+00 4.542006952358291549e+00 2.906335889132483974e+00 3.912471395341205582e+00 4.607813212773535838e+00 3.683128470365112150e+00 1.070137195964689258e+00 2.799731867457321943e+00 2.521348917433378745e+00
3.123713730245725628e+00 6.053740534386381489e-01 2.241229869199798053e+00 2.895015513402682955e-02 4.459598343388234132e-01 5.996124349849169199e+00 1.711450532333247398e+00 4.761710004863791035e+00 4.746817872041388497e+00 4.191296491832866011e-01 3.171191334853816546e+00 4.991425528786081145e+00 5.740993664448811096e+00 2.396884586083161572e+00 6.272776940839124293e+00 1.349743239995472299e-01
3.485852629454048390e+00 2.081893749004675165e+00 4.276678692104980861e+00 2.611527549728241304e+00 4.747276594331218291e+00 4.989047771233770412e+00 6.106404576139232709e-01 2.529471132429093605e-01 5.159200521089639224e+00 7.236289065660074238e-01 4.382894950950890767e+00 5.515209798042361555e+00 1.114086269610214286e+00 2.803549854870289515e+00 3.382386147748559946e+00 1.963072761228964236e+00
8.021680033117817299e-01 1.094197440960126971e-01 2.505554414901423499e+00 5.691489898214061594e-01 1.171545561283644510e+00 1.471654849889302952e+00 7.606828818033352091e-01 4.840285545992047744e+00 6.103953278153872120e+00 6.048804140205307073e-02 2.240955153668102717e+00 1.705646847081784934e+00 1.393535860954846717e+00 3.344096850385881670e+00 1.726557546284018807e+00 1.994684208284640992e+00
1.346333631737865133e+00 4.699909176974610858e+00 1.779405328533444131e+00 5.928306354825850555e+00 5.079282539363215498e+00 3.688045081757906907e+00 2.791573706118553488e+00 4.582685005716572668e+00 4.226468142645814829e+00 9.643075650171372137e-01 5.161010828692240260e+00 4.923764591130546542e+00 5.715556780179166907e+00 3.864374455807227271e+00 3.248970179076365650e+00 1.059944531118069522e+00
2.603905420887195898e+00 3.461501851361273197e+00 4.999727333915998884e+00 2.469556037915824481e-02 2.741274097023109757e-01 3.781289684966768760e+00 4.189414736374144077e+00 3.513986500471541152e+00 1.366918772929001769e+00 1.559434586309065063e+00 2.686914026741802353e+00 3.444322024528808424e+00 2.206333435103721985e-01 1.161518103226110599e+00 6.121390542142554736e+00 4.712978529689074492e+00
1.718562969614750191e+00 1.388330307733633528e+00 4.809155607707896962e+00 5.534702759704480668e-01 5.815958108165551366e+00 1.437964744906103709e+00 3.452455156818318383e+00 2.163722204977243102e+00 1.014830816203588837e+00 2.198393758863873337e+00 3.641818820252542555e-01 1.893857669195103455e+00 2.845448195830244664e+00 2.062172047744299519e+00 4.335358199894451481e+00 4.949704507253734065e-02
3.714396188661260645e+00 5.274725002664338191e+00 9.762039811678532297e-01 4.978815566901724665e+00 9.742344542745647873e-01 3.999977350320210068e+00 8.379908792333075063e-01 3.724091796888435280e+00 2.909162241617598177e+00 2.847933924079321777e+00 1.402649099114021913e+00 7.131426793627628768e-01 3.639146941427261195e-02 2.575819450647692577e+00 2.333861433028103338e+00 4.126892507117404740e+00
1.358975932353356120e+00 3.884025078633080330e+00 3.302782902169865586e+00 5.893057000017563496e+00 3.641171387152102312e+00 5.849785035268727285e+00 8.783446044596990854e-01 6.250138828668180047e+00 1.338604353605503450e+00 5.266111948101443119e+00 1.090126116016926661e+00 4.926566560249631133e-01 4.105170163826654672e+00 4.369198531748649472e+00 4.782296982878553315e+00 1.848122544424166902e+00
3.119799254257915599e+00 1.693735896537706731e+00 1.202303980837197139e+00 2.669448766441566256e+00 3.584484325540076455e+00 2.034843201661173495e+00 6.131176884089058809e+00 4.735185029966881842e+00 9.855666455992517783e-01 4.418305108019493055e+00 3.223652963483389922e+00 5.867608415355825002e+00 2.489288398560847160e+00 4.019777428814739650e+00 4.107197592674102893e+00 1.369916845950516882e+00
5.892745812124119631e+00 3.533347334250805716e+00 3.872128448237891263e+00 4.558394824452477678e+00 6.119635043565408772e+00 8.321382245013545509e-01 4.670770857777993612e+00 4.972979808556309500e+00 2.762712152399374954e+00 4.171995405087957742e+00 5.422518645803248383e+00 4.672639552142833885e+00 3.272316983827172177e+00 6.042888420461029142e+00 5.227950448509014691e+00 4.690441224378950835e+00
5.911720756934634835e+00 4.117423229898105497e+00 5.117886586782958602e+00 5.017380847437864055e+00 2.908232689933571979e+00 2.526380528694709970e-01 4.117575836950654100e+00 4.833337842229090242e+00 3.021179440278339623e+00 2.598573732327293939e+00 5.845444951572101644e+00 4.147526669013412715e+00 4.851834416474870793e+00 5.177550785768794128e-01 2.773417136974635877e+00 1.117039304479347850e+00
5.180274388694235732e+00 2.136568759771392045e+00 3.617495965687452575e+00 6.750622165171349387e-01 1.525261255333079768e+00 2.852048724089447429e+00 5.998941839261680009e+00 6.100723700724893561e+00 2.729323772353296373e+00 3.529523206325127394e+00 2.448775562332439648e+00 1.207554230524369582e-01 4.944729986471309680e+00 7.732551592147832165e-02 3.360496680854454521e+00 5.831071589016243450e+00
1.367993347778482915e+00 5.145775283244502063e+00 3.403908558480430724e+00 4.219897368998616116e+00 2.895960227148832722e+00 2.547231771435608305e+00 6.000105690473469089e+00 3.200917069318405250e-01 6.829389027110361887e-01 6.523549241506355900e-02 1.884397195502456324e+00 2.247653580562654518e+00 4.190874520738988807e+00 3.577965120149824152e+00 2.315515590309296545e+00 1.615903981821569246e-01
5.680574819677083553e+00 4.723677638463515294e+00 5.713126720105016432e+00 5.211511040076017842e+00 5.717976182330719581e+00 6.266451047906781646e+00 6.125779614042042631e+00 1.992099167867147358e+00 6.014071758925112476e-01 4.662296413746473966e+00 3.988294101336403941e+00 1.510403275687878910e+00 4.616577237348615803e+00 1.771681722132092185e+00 5.110817492906789994e+00 1.371157263933535209e+00
1.112241435465901596e+00 3.853964287323938809e-01 2.598461204961814097e+00 3.827262299455904127e-01 2.921371880444891378e+00 2.242882281362975405e+00 3.455529509458588056e+00 6.033803640085894315e+00 4.581935270733848320e+00 3.398897777316534086e+00 4.252446761384448770e+00 3.379133241869764159e+00 3.306458963841698129e+00 1.323335265964037166e+00 2.663820500723409701e+00 4.587128365075560765e+00
3.134334841024970508e+00 3.882865290071846776e+00 5.409339732960502189e+00 6.025778735511519102e+00 3.380627708806819065e+00 2.216516296705077327e+00 1.327404198712500483e+00 4.034498372948095657e+00 3.557426090276923247e+00 3.042357750172413500e+00 4.210166813763711602e+00 5.749068928990685556e+00 1.611293913225630314e+00 1.559926428942301213e-01 3.240497509920943209e+00 3.670623691132441024e+00
5.950604062313678888e+00 3.785958399098900973e+00 4.464491864988485936e+00 2.288081679455173933e+00 5.837742412668045056e+00 2.769048214930316831e+00 4.172693147153162530e-01 5.873139303246161624e+00 2.897412949457787157e+00 4.640887149040380244e+00 5.198583917698205603e+00 1.205171098740446922e+00 2.911003184755383888e+00 4.155938289990942280e+00 2.273643174750942464e+00 1.963409916677742117e+00
