6.082241050133919025e+00 4.588134535435853145e+00 4.704995816803987929e-01 1.600995381890243152e+00 5.725957545773249002e+00 3.558563764821708331e-01 2.844148230408047873e+00 4.779202558137669143e+00 2.944992993946356385e+00 4.027554754113486624e+00 4.759752518602306637e+00 2.763528902442231150e+00 2.921787845514419057e+00 4.465583466238034482e+00 2.758782556461017776e+00 5.160096421003442124e+00
3.542228826523553753e+00 5.726147096233883182e+00 5.460483882336516714e+00 5.647623124542724860e+00 3.801808531965201965e+00 1.052487569344671359e+00 1.189331980105706732e+00 4.147416145281293431e+00 3.076548836543929522e+00 5.459261878755683917e+00 4.110763804256311049e-01 6.154743540446659722e+00 5.204393950394585744e+00 3.091809232511550487e+00 5.330042196080690076e+00 5.767090383085134775e+00
5.466601693390560790e+00 7.226490917446664053e-01 5.629037752540918760e+00 5.269676837488955989e+00 4.742549604492402260e+00 6.125655360196708088e+00 2.782837954849231021e+00 5.342343940998052432e+00 3.084378994275791541e+00 6.071032388539026492e+00 3.499456998077375314e+00 4.208101989375989116e-01 3.586602056551633222e+00 3.190680201536022054e+00 4.732290994683559404e+00 4.073726551033099774e+00
5.753354673677075759e+00 3.977445519833311405e-01 7.790302125025200253e-02 1.830051488544381932e+00 2.022907572042704327e+00 3.259931021616419677e+00 5.871539581994946744e+00 1.965348503416090242e+00 5.571145866197810825e+00 4.037057328264131995e-01 5.634811495242312951e+00 1.028420748222065750e+00 1.938047322788214455e+00 3.399621674921725845e+00 4.314076683393463618e+00 3.932696659375325421e-01
4.877568501063465511e+00 4.120875009781668763e-01 5.064629658886373953e+00 1.245813116452961999e+00 5.272724421564576325e+00 3.591171285960982562e+00 6.038454498152550087e+00 5.377658369574852770e+00 5.617773810783977417e+00 4.807194360673910261e+00 6.020464709544446791e+00 4.157084776082340838e+00 1.072880580244029547e+00 3.090675950354359713e+00 3.690651956866949135e+00 4.432334279229501739e+00
3.625945429295715172e+00 3.889019106121396785e+00 2.560205288199276508e-01 5.767653432891060028e+00 5.547428181798986557e+00 3.000602521737630646e+00 4.333201959228522249e+00 5.069338238563593224e-01 4.071090317481979248e+00 8.701211370890697960e-01 4.519282316669244182e+00 2.669271489520570917e+00 3.272295729740981596e+00 3.414550404450863663e+00 2.327072097938855055e+00 1.271547328262304433e+00
4.082211841638213379e+00 4.730883243745340749e+00 8.594385292218399419e-01 6.189052182298119931e+00 5.828280856680258637e+00 4.925054825498960120e+00 6.157511315069892355e+00 1.811610015929310702e+00 1.521876043769796905e+00 5.956729544966298029e+00 3.258240178352498351e-01 1.954175411417622854e+00 5.764888391165699844e+00 2.091890799217066554e+00 1.617531820117407149e+00 5.741030498405877980e-01
1.280916381111097513e+00 3.687480808981086877e+00 3.438190048872858534e-02 3.267012909755790062e+00 3.280763239255176433e+00 2.350204868822425741e+00 1.908126526499403841e+00 3.430372393989399527e+00 4.621067472431435341e+00 4.254625895857904183e+00 1.846847850845027006e-01 3.232922700409018635e+00 2.230832161642958944e+00 3.411560414922372608e+00 5.335398969382388890e-01 4.960319382993436221e+00
2.692632874062177883e+00 2.944923213656349681e+00 8.026355574335585219e-01 1.509620513515604889e+00 4.301504115408897877e-01 5.861753353066880834e+00 4.080448246465463669e+00 6.139401371704494847e-01 6.040329930410574200e+00 4.941696499826006672e+00 3.915979686965069373e+00 6.488466325756466757e-01 2.126899034618041084e-01 5.418295827243101437e-01 4.724495368904770842e+00 6.208172783765836478e+00
8.584511732899486880e-01 2.519989107739044609e+00 1.757681071593865552e+00 5.061282219259427784e+00 5.386680899448138327e+00 4.333283097928239513e+00 1.316791183295932921e+00 4.611580696686252701e+00 3.124453091915869507e+00 5.889411440997556646e+00 5.661496532134853155e+00 2.357104271982580990e+00 5.826281701733144303e+00 1.682635494999159764e+00 5.661254744071496425e+00 5.124994793141277150e+00
5.355594226688627835e+00 5.068068442280158070e-01 5.604895168795349658e-01 1.119153446326242696e+00 4.893728778756986308e+00 6.233631576487533188e+00 3.326810014428429163e+00 5.412796868322348409e+00 1.284376902997928394e+00 3.972763877380468767e+00 1.939988025996179921e+00 4.531695520518975506e+00 2.764419274754829292e+00 3.417398458764588476e+00 9.692292296175460953e-01 5.904927507640826079e+00
3.674250972932743053e+00 4.442982060215996398e+00 4.211235183684610917e+00 3.691072894555361472e+00 1.099193292636654551e+00 4.877652921180440693e+00 3.279656204702181554e+00 3.066083299671760631e+00 1.470496654628721700e+00 4.545211825620300017e-01 1.894697979932658649e+00 4.431926234349416460e-01 3.464042551399436842e+00 5.484107490560121256e+00 1.654903251922245744e+00 4.163725975676092483e-01
5.722941976138380404e+00 3.866430548241439613e+00 3.170436825190739438e-01 5.619221994393058139e+00 2.255210122253730631e+00 2.121644683634503092e+00 3.946156452830966277e+00 3.954892270249246167e+00 6.120383398144515930e+00 2.374174554844532992e+00 8.744336201521342167e-01 5.530538943473094271e+00 2.728174315975818942e+00 4.128737651676940068e+00 4.092480748076676278e+00 5.180812612326642252e+00
3.880329570344380752e+00 1.964246070852182058e+00 4.614211783099489317e+00 4.143238545128731687e+00 4.805296383792820869e+00 3.394783405988942349e+00 3.925307161163809067e+00 3.936763145381843909e+00 2.241296012826240691e+00 8.066835465137459638e-01 5.082613479289379121e+00 2.906269599749837340e+00 7.550781616734979496e-01 1.294683654803611361e+00 5.556610852316581806e+00 1.128816070656182946e+00
5.800325817497566483e+00 4.673210550921828244e+00 1.350457158237582833e+00 3.958716877915714250e+00 2.039611485789762924e+00 4.892596392639936731e+00 5.559684371469415076e+00 5.575038134616391972e+00 3.734815346844388984e+00 2.247203748888181973e+00 2.065201275273575110e+00 2.920310470811018355e+00 1.378372470580341291e-01 3.435231228579729734e+00 4.407849944267117515e+00 1.887967952995271981e-01
3.413503474427904472e+00 2.605450629353818215e+00 4.410827253983722329e+00 3.775178355922288009e+00 7.558693429672338482e-01 4.579662987284184084e+00 5.189485508115991408e+00 2.770008952007393610e+00 6.106616487787918102e-01 3.027516572274807860e+00 3.086861904576896798e+00 5.194289238812215714e+00 3.490907508310422180e+00 2.758496482250656356e-01 1.853829804551329730e+00 5.337825230625671935e+00
3.447348592771155573e+00 2.674854992656546582e+00 1.975818504531760222e+00 2.474916710252302199e+00 6.841207053066700183e-01 2.238948971826247636e+00 1.002698106084483509e+00 2.951489177460056013e+00 3.285450850446342219e+00 6.057535364868550154e+00 8.022140791458577391e-01 6.124286784195072997e+00 2.366002478598810743e+00 2.200212484352268294e-01 5.894902968918251496e+00 3.004562371726959391e+00
6.191053201171298426e+00 5.053100787930151050e+00 1.294497281044617865e-01 1.324164407811156685e-01 1.429163801263762072e-02 6.206547505141480237e+00 4.744368907386329881e-01 2.576834065430488430e+00 6.160697295788388317e+00 2.135865695463359248e+00 2.320888229327827901e+00 8.421186648615440751e-01 4.008804284461042755e+00 2.023183086531422870e+00 1.975610891188131379e+00 6.191464354881116350e+00
1.885682156503688089e+00 3.424828622324605387e+00 1.961873335531228779e+00 3.401074791162153943e+00 1.433729154559188590e+00 2.443797764786262317e+00 6.206991998070860106e+00 5.520344378134622865e+00 3.373022206795000866e+00 1.544629898026610437e+00 1.967217856503746531e-01 5.607892274558331280e+00 1.379194158172965423e+00 2.387691118420682379e+00 5.844959955761522608e+00 3.190998331763751139e+00
4.387183109774275280e+00 3.828407605639793321e+00 2.333585950113044039e+00 2.764190580498745220e+00 1.588384641118257834e+00 3.342957906872322305e+00 2.274326305389818170e+00 1.713741325929469372e+00 3.128846528326655552e+00 1.058082714470784946e+00 1.038420024630032357e+00 4.298927465708704432e+00 3.746427564093214868e-01 5.615153443515248810e+00 2.031738275717242637e+00 1.355633046703407674e+00
4.600669491739036054e+00 3.412101687771740277e+00 3.398418978723024009e-01 2.106411334097114008e+00 5.653979549094623636e+00 5.232422708749727924e+00 3.410265802359813136e+00 2.610523638213922748e+00 5.793714383890725017e+00 4.020610905962727522e+00 1.762575391813602010e+00 4.186163853697425274e+00 2.142499342382958805e+00 5.226263917137488058e+00 2.723448431399862479e-01 2.875045699319722203e+00
4.696690162230217624e-01 2.170518342479506479e+00 1.916924739769838570e+00 1.491701854252138748e+00 3.410877250580191422e+00 6.073394720798671820e+00 2.735939234469228487e-01 2.583381230254224725e-01 1.532694458833205875e+00 7.985496771853428655e-01 1.389946365930076148e-04 1.785291842114540284e+00 5.954187375268629623e+00 1.734911606987139976e+00 1.056262341008574468e-01 2.077712621923410996e+00
6.230739732563657540e+00 2.268271024264555180e+00 3.882187198337490042e+00 5.575977208182853140e+00 7.291733865200635822e-01 3.337930659786208842e+00 1.386087732509594384e+00 6.012709850390619337e+00 4.366837028906732643e-01 3.652849454821145425e+00 2.360500068685316699e-01 5.865257793650860974e-01 3.523150527996713688e+00 4.141775710252521669e+00 2.376016588073288638e+00 6.022277046597277028e+00
6.162612575460863162e+00 3.339255629469642384e-01 7.968385754775477725e-01 2.929278933922699668e+00 8.846238218732197511e-01 3.826607485428620947e+00 7.467498342081833052e-01 5.500404783417115695e+00 5.756204120875635155e+00 4.174673279725316100e+00 4.709658013653139186e+00 2.713090674743333430e+00 1.402109366552932501e+00 2.655537929261739372e+00 1.894649036754832538e+00 3.091291996097511152e+00
3.533984443871641012e+00 2.349652720886329149e+00 1.121878946965972901e+00 1.456505785872545866e+00 4.324915685228420514e+00 1.292335070019709597e+00 5.441752997963440919e+00 7.974436254828084492e-01 4.133533564208708100e+00 5.098811013256032254e+00 5.997711874414155986e+00 2.769269396216992085e+00 2.023958920141109896e+00 5.688925448686547703e+00 3.108210602011295620e+00 4.826381694593853133e+00
1.678764421489330694e+00 6.268293850396314149e+00 4.822758921889169215e-01 5.279272236154805675e+00 5.444457683842690798e+00 1.130788146922458548e+00 4.783472051850607976e+00 9.423962288114671182e-01 1.398807958996989509e+00 5.967789295737631505e+00 2.293798687097572397e+00 3.036114418403496718e+00 3.072241777231880189e+00 3.010630435782030823e+00 4.014059776243917632e+00 7.656235513923375091e-01
1.111160098411135833e-01 3.812423507103039899e+00 2.375924974961341363e+00 7.006682205435821320e-01 1.992820001503881944e+00 6.027878664743829162e+00 2.484081804833111473e+00 3.377859720564504453e+00 4.888366351325560188e+00 3.044293897304484187e+00 2.987652256038105136e+00 2.761391735029282923e+00 5.355862662632833171e+00 3.815219325619173318e+00 2.128308109389293712e+00 1.436843249356960506e+00
3.257620749381157310e+00 3.520426968511481292e+00 3.022756877687521104e+00 3.664568929369100392e+00 2.295346801233918654e+00 5.922072559219421883e+00 4.348509942371604708e+00 3.811320394844281423e-01 2.493747888157904047e+00 4.597800758782069508e+00 3.913395360175776272e+00 4.027753956681667802e+00 2.441481602563032816e+00 6.726405623149166457e-01 2.674913193329920169e+00 1.739250475841336963e+00
2.264335562964787663e+00 1.798609876671399821e-01 3.750345204547847366e+00 1.236589656014271732e+00 5.866407355711309002e+00 6.148574905559200054e+00 1.905566340780271650e+00 5.502262434919339418e-01 3.491752253517743210e+00 4.495339622242783939e+00 3.452095638500487507e+00 5.825654212729367565e+00 4.994653404345418934e+00 4.265883588904946677e+00 5.890423525690888340e+00 1.234866966781816178e+00
2.750645355829489880e+00 3.553326386587481789e+00 1.498095857699348832e+00 4.881230189695864752e+00 2.392502475303243781e+00 1.266334997966446885e+00 3.385589251523851484e+00 2.929310442594837305e+00 2.384231201916823029e+00 4.517981306482937498e+00 7.106023367474818553e-01 3.149988107573115093e-01 8.455136777788614388e-01 3.150621700832946459e+00 5.022732002825199160e+00 2.282286047740007984e+00
4.324316156753955198e+00 5.414829872705314351e+00 5.627603644087781021e+00 1.720780034608653031e+00 5.524128469137761677e+00 4.635150537513307967e+00 4.901306393273705986e+00 6.243697573568339543e+00 9.456368713130002268e-01 1.847859385051337622e+00 5.834172846444892535e+00 2.742348940385602063e+00 3.553326492625006772e+00 2.859789442958045602e-01 9.097078758758720962e-01 4.273014851141321735e+00
2.620577162179487996e+00 1.096782830378472129e+00 2.659507643243793629e-01 1.800274988139302368e-01 1.458599204904472035e+00 5.362407451945893300e+00 1.127215115627529629e+00 5.520243260823878728e+00 3.841207978857416272e+00 5.687229573533664428e+00 3.365874232969733315e-01 4.874787920374808792e+00 2.370133961250722621e+00 3.179448318005942409e-01 4.526902576080464868e+00 1.955806706219012980e+00
