6.209076075420179031e+00 1.808152957265650729e+00 5.425467459325725272e+00 4.290838243565707977e+00 2.276553169573283686e+00 1.817645539889513939e+00 3.942547646665846006e+00 9.348578355658263561e-01 4.429705819439250902e+00 1.066920394519779602e+00 2.878585620440930803e+00 1.238534943156576862e+00 2.045990024908822313e+00 4.783392720484395788e+00 5.869554083158387670e+00 2.990296429008637347e+00
1.459207506776352359e+00 4.105730286343477253e+00 5.614928154534939431e+00 3.202734227746537599e+00 5.090987833802976148e+00 1.733110951556907642e+00 5.900046449285545336e+00 7.867598635457574430e-01 5.484724181417687916e+00 1.362710828097794868e+00 9.222204351955271689e-03 2.758139396733869209e+00 3.515568144250074578e+00 1.997362419718311521e-01 3.011016991533214338e+00 2.601322012055919952e+00
3.424146819281463472e+00 4.795576784411475502e-01 3.893598541030943938e+00 1.416897198759181853e+00 2.033560611422770226e+00 3.680122317780962327e+00 3.638791005326484918e-01 5.071691658863669794e+00 4.753011080935423571e+00 3.393001351200428228e+00 4.170803295085697471e+00 3.547066337976518824e+00 2.980280595011774558e+00 4.466078392787505180e+00 5.804950304500860803e+00 5.543089926779481980e-01
5.648678200084235712e+00 2.461046594046397473e+00 6.252724003277445597e+00 4.449947778350744620e+00 5.123579506447915932e+00 4.702946934087522735e+00 2.750605482453656769e+00 1.979539430040854753e-01 1.340181255968612373e+00 4.049098428347762457e+00 4.944443636003414078e+00 4.612288193969999561e+00 4.816264774830912643e+00 1.785120836685075041e+00 3.286021896207562243e+00 1.481980916558230721e+00
1.541914172876914568e+00 5.524759627922174232e+00 3.439168245855477868e-01 4.742490556966448167e+00 5.204996085792883143e-02 4.638484662776114931e+00 4.159263711574008759e+00 3.867353616912037051e+00 2.336160071604424626e+00 4.910965745902297286e+00 1.293345716052220151e+00 3.949820955525940591e-01 5.373993212233874495e+00 1.383349123920409041e-01 3.868708913457741261e+00 8.677199449784367413e-01
3.581650552472609661e+00 1.847775548218126174e+00 4.713810214253817965e-01 1.959067282196858439e+00 6.173364403430266378e+00 3.648337756337542093e+00 3.572278583755696069e+00 3.834742021407717694e+00 1.799033504971850606e-01 2.174012482957294434e+00 7.320102747705282686e-01 5.462216612872092369e+00 4.136866505213861345e+00 2.397515628073026761e+00 5.991996806682503562e-01 4.693087413726885870e+00
7.372989695021435752e-01 3.005341248547552246e-01 3.045035789013237792e+00 8.834864268899443873e-01 2.144787386179078936e+00 3.289076308135179261e+00 5.818284161505578034e+00 2.119919140542473102e+00 2.559198757819090897e+00 2.945814438881216635e+00 1.075454996919865958e-01 4.797829631894088842e-01 3.006983640542446157e+00 6.782713339197719016e-01 2.807687207615920943e+00 1.223877394451858391e+00
8.206819963070898227e-01 4.219600273572496896e+00 3.924779606190541781e+00 1.348168340755115713e+00 5.610171759837784933e+00 9.773329555930074797e-01 1.362025389134002396e+00 6.133194665134460877e+00 6.240241597845521682e+00 3.185347407265155084e+00 2.107965082061521445e-01 4.975598321106644129e+00 1.298671009265584431e+00 1.503890364202804975e+00 5.648455365110478965e+00 3.629585459303135142e+00
1.333104615654182590e+00 2.462530544766778462e+00 5.716935453236490217e-01 1.210327212562819721e+00 4.203100850301456859e+00 4.906916296992292814e+00 3.985590240696498476e+00 2.281636464576066281e+00 2.879619098424557766e+00 2.978115553310746400e+00 1.939474589665821203e+00 1.818859671580363546e+00 1.673938830136095790e+00 1.411522052404819982e+00 6.291149323077616096e-01 3.010497731929508980e+00
2.373997510054949522e+00 4.012576989143703976e+00 1.881377905963018682e+00 2.085021470608359628e+00 4.620413857072367847e+00 3.167886778893648891e+00 1.017340494738216083e+00 6.072447677695452128e+00 5.089157618803264782e+00 3.674259714875873217e-01 3.447996121677702419e+00 8.947946087244943447e-01 2.102308775103067795e+00 5.162125188453094538e+00 2.421688265271712659e+00 3.072411209113837138e+00
4.248405250740455941e+00 5.164026549593284443e+00 2.932883835553115048e+00 9.921927823475809038e-01 1.348549292807274425e+00 6.202682780996487288e+00 6.142574280549939481e+00 2.539968272502883817e+00 2.835354228127825227e+00 6.122388205273838757e+00 5.164284415003784545e+00 2.905883134637005094e-01 8.323625259818362432e-01 6.204842230620796428e+00 4.143917200527335254e+00 5.981608230190868625e+00
5.159540507550948618e+00 4.581902389165039224e+00 3.444796007632275003e+00 1.565611318804736918e+00 4.529176096998416057e+00 6.580054308908993566e-01 3.947954221118822993e+00 1.898725475403504559e+00 4.023726535719028163e+00 1.513872002775393133e+00 4.743003898888274783e+00 4.560328992230288314e+00 2.197005770022397275e+00 3.490757185279265151e+00 1.423446309176493729e+00 4.593943734336152218e+00
3.524041686352887837e+00 9.934417897582619172e-01 5.610617368376717096e+00 1.615193456426094742e-01 3.436231759848394685e+00 1.968077140438302841e+00 5.608505020369743299e+00 5.017686609675160447e-01 2.156121916610948652e+00 6.277171279866918141e+00 1.022676776337422710e+00 6.253463571765876416e+00 2.770816621261669166e+00 4.081890543129826021e+00 1.887975142265695183e+00 1.482657868582818228e+00
3.056515051014446205e-01 3.081556137333270051e-01 3.589996301811317458e+00 4.180404463730113207e+00 5.254528995330758789e+00 2.989827053085988839e-01 5.298901993800476440e+00 3.762302917636545452e+00 4.740251689097187082e+00 2.463762339838106996e+00 4.909562549730992487e+00 8.042085672819275777e-01 1.417703343139967487e+00 2.088574011881263459e+00 4.656997076796923096e+00 3.021394455674069501e+00
3.762815282283668683e+00 4.572956723697432224e+00 2.220660320318670777e+00 3.016054616785135423e+00 4.580324743669129006e+00 3.163511532956047478e+00 3.759115649096906320e-01 2.698908066239616765e+00 1.255058414375233466e+00 4.153581142939842152e+00 4.348290271489909209e+00 1.607327349828300278e+00 2.811079575564151001e-01 1.724539899138521903e+00 1.340609212220975399e+00 1.989029299158002750e+00
3.048284433138933380e+00 2.591916713271668282e+00 1.271674112914286336e+00 5.391135176126626405e+00 3.170925177933697547e+00 5.967039347922413306e+00 1.055215734983342868e+00 6.382799360643606201e-01 3.512607747737485631e-01 3.811763969886312609e+00 5.781458965760093882e+00 4.044580538185803320e+00 5.977445013094248694e+00 4.579612536704098069e+00 2.100551267889716467e+00 2.908555804183726945e+00
2.087065582116786278e+00 4.143620790959261946e+00 3.007272522284883731e+00 1.996950543186863491e+00 5.589885147334010540e+00 1.142406761863568265e+00 5.407809986111567824e+00 2.657634851357308037e+00 2.431407112805533011e+00 3.163671316593675842e-01 1.714077470768866185e+00 5.267141086307917774e+00 1.936620401616093945e+00 3.228155872348268396e+00 3.605490117689877039e+00 4.446275972429295287e+00
6.015682927162521842e+00 2.605735882772473033e+00 2.298218033867512222e+00 4.100508930210359004e+00 1.674046664042773136e-01 4.920893894043298467e+00 1.424381128051414702e+00 1.266557675206697597e+00 1.280654801656281538e+00 2.772744681064117422e+00 4.212905732265238790e+00 5.618348590347199689e+00 4.001598727149497492e+00 5.700655772109425534e+00 5.205331448113820869e+00 5.375438515744088708e-01
3.449196054951395141e+00 1.582683479330907250e+00 2.562624529462468881e-01 1.646030638014642777e+00 3.586297982285317598e+00 5.396533353414907808e+00 3.321461797822449769e-01 5.797102912375155626e+00 6.117551403271606070e+00 3.622630207461799756e+00 2.538919681089326086e-01 8.193687196283941931e-01 3.703443883531776781e-01 3.259148686539507622e+00 4.280241430994731644e+00 2.525462747684573461e+00
4.523809558500187400e+00 6.171773693183960852e+00 4.900486669840523390e+00 5.173828629650778055e+00 3.429076081890623851e+00 2.714497402595789310e+00 1.952303793373740159e+00 5.928823024828427712e+00 3.811817360116929176e-01 2.464247333428477127e+00 3.234084659750039670e+00 5.494564280388585686e+00 4.797090924757144492e+00 6.400310059088207826e-01 2.966947485654034100e+00 6.940007610497962443e-01
5.732034152287676321e+00 3.780978551549444955e+00 4.019900234335692879e+00 4.174757396615304650e+00 5.049697580130753316e+00 2.962819479205737405e+00 2.989216979430378007e+00 4.195738617850238938e+00 2.815607000275157645e+00 3.274618859441206453e+00 6.055281137110497980e+00 5.543418475928600930e-01 5.660357856179107472e+00 2.124324339777308168e+00 5.776382638621205601e+00 1.920967422248555545e+00
5.430297350143387547e+00 2.783599495795889389e+00 9.642129832317796190e-01 2.548029034710204144e+00 2.225862664171039285e+00 2.252352312455970118e+00 2.467077688405007851e+00 2.781363443168787697e+00 2.866987127221413689e-01 2.804628557449631909e+00 5.435710950206072312e+00 6.025659598179350596e+00 3.584690203513809514e+00 1.721268966988966254e+00 3.215956167519798736e+00 1.725411078275540300e+00
6.253636968865692758e+00 5.967330446662217902e+00 1.432552128744087883e+00 2.101409589144756396e+00 2.719999829595655783e+00 1.804073779681480749e+00 2.526968588729368026e+00 2.074353587890699124e+00 3.541529417775876709e+00 3.247767178439670221e+00 4.077084102919074304e+00 4.218651628569315193e+00 4.311294845514872520e+00 2.372669384319857633e-01 3.005145334155042924e+00 2.833016819960827437e+00
1.405455325978397285e+00 3.821510097625473446e+00 2.836792714456183528e+00 2.313600564469420640e+00 2.266530958181777855e+00 4.160045382627727051e+00 5.944559358899970114e+00 4.106757614903973952e+00 2.707405657734372403e-02 6.270192912053182965e+00 5.322666400330969272e-02 5.942147847734817745e+00 1.186974299595227711e+00 5.715075012214964723e+00 4.925549039882061386e+00 2.622347147929861233e+00
5.131618641746200637e+00 3.243553078747839713e+00 5.759895321956210346e+00 6.020751338822269538e+00 7.050544099132644016e-01 3.939031227064194063e+00 3.099165486462879482e+00 2.599062522419997912e+00 5.305174556219173221e-01 3.676929057372767318e+00 4.852286575931491264e+00 1.768691839486311590e+00 3.253015476749971935e+00 5.714615751272876132e+00 2.239126697452392456e+00 6.179774337517857319e+00
5.876048589259401211e+00 4.376361527870865409e+00 4.872719185589137858e+00 4.011057219158865372e+00 4.090063170130863845e+00 9.954779961277728795e-01 3.230092646945171175e+00 4.209277910013493162e+00 1.072481320387348447e+00 1.070152317207471032e-01 4.568470672799020527e+00 4.137413049623333450e+00 5.529745237718352691e+00 2.554752044718186177e+00 1.840451350535462272e+00 5.574232596528961636e+00
3.918435201534534507e+00 5.962627621800384858e+00 1.183151057898884861e+00 1.172487892311822710e+00 6.251304494571668258e+00 3.182690602829092441e-01 2.630004258365913561e+00 5.996960550326230210e-01 2.945354564183690904e+00 4.045014481448212074e+00 1.399984865649865906e+00 2.191790186083210301e+00 4.632357636341331464e+00 2.360523415903094779e+00 5.502631016605323389e+00 1.853848737412603809e+00
5.295362394219861102e+00 1.134205699208429424e-01 4.492437555021372653e+00 5.498308816456803250e+00 3.093591334228116718e+00 5.198307888902808926e+00 4.341541632304142695e+00 6.024836886990171614e+00 1.708487997722758500e+00 1.197845454098447338e+00 3.070775995170976991e+00 2.220328641186597007e+00 4.991486072868057455e+00 5.398392541678817658e+00 2.709112218824953344e-01 2.344315590836600016e+00
1.663734996372545072e-01 6.150739299526112092e+00 4.468570462045455827e+00 2.051575523191434769e+00 4.247675566063596087e+00 9.603905992885654053e-01 4.577573674913779200e+00 2.857103540145460752e+00 3.497364016331361736e+00 1.636178542635091215e+00 5.805079589646650717e+00 5.687089927816137092e+00 2.697380734051315621e+00 4.977406716696195943e+00 1.834491878420448030e+00 1.185962960539922006e+00
4.750272635157745671e-01 1.348917926336921536e+00 2.434500177260005838e-01 2.486311896062129101e+00 5.752978083841544965e+00 1.040949702372276464e+00 3.511981481821282891e+00 6.045870894220120029e-01 6.081925844487859889e-01 4.998742424226105263e-01 8.960699065521747497e-02 3.757615126879543688e+00 2.842238275427228178e+00 4.363644828652748942e+00 5.938341684526324826e+00 3.982782724934643248e+00
3.560051844347850825e+00 1.024830801136363406e-01 6.137955084613891721e+00 1.431225395594095673e-01 2.393912530751123313e+00 3.313646698342948671e+00 2.727464860045312189e+00 4.556511855451318205e+00 7.924525558878113829e-01 5.086090639892630882e+00 2.758611398956400063e+00 4.592293164376009429e+00 3.687194450895006970e+00 4.279522379424825496e-01 4.075206164792803065e+00 4.631747369421194804e+00
5.060148024328330330e+00 6.100806938476618591e+00 5.244752099371425835e+00 2.548399967535025290e+00 3.398410218386205273e+00 4.536393706483711874e+00 5.251732090894319249e+00 5.147369912761739386e+00 2.598066973707115479e-01 7.991255809682804578e-01 5.389292036364593530e-01 5.807305098769336205e+00 3.307814154787108163e-01 4.859572771231792210e+00 1.652510435855833126e+00 6.267332684632149764e+00
