5.693019244886279751e+00 3.441249454842162603e+00 5.692420028354039374e+00 1.513745549207875296e+00 3.630789012357581669e+00 1.921845161267097035e+00 4.755720147605067005e+00 3.603072636679761853e+00 2.893671909160909106e+00 2.033620850967926774e+00 5.142257571966429630e+00 7.083636808286836173e-02 3.521308313373472831e+00 5.337523513464795144e+00 9.193611061641601134e-01 4.088312127797880002e+00
2.382016531955119643e+00 5.054005384999591399e+00 5.568992646154073078e+00 3.048561363567269478e+00 2.787346497967643000e+00 1.538798442607213435e+00 5.665036070623610698e+00 7.005224531088661832e-01 3.726568163104240661e+00 2.899784770387700217e+00 4.759575996087297423e-01 5.489873980518325425e+00 3.477196261001387345e+00 4.452347308931313030e+00 3.407039585364931789e+00 1.648908523271116922e+00
2.777310742419317191e-01 1.805942254860492646e+00 3.590176521000803866e+00 2.936974800355841353e+00 5.622696361851574842e+00 7.110205987209703427e-01 9.997172620034980861e-01 7.376531659767286975e-01 2.252033852149651683e+00 3.030882217798602785e+00 4.858520924103556737e+00 2.559124263365786689e+00 4.830225860913126112e+00 2.384766673392817449e+00 4.472611715142477351e+00 3.266281131553705475e+00
4.311992153282303342e+00 2.751716555265722786e+00 2.217806968261043288e+00 2.671050811224810140e+00 1.974403371120952544e+00 3.782328404479423867e+00 6.280258831670908926e+00 4.180715696329099229e-01 4.743698952630635901e+00 4.681611391614124429e+00 5.784982229219854943e+00 2.123261517965115697e-01 3.848938432171136736e-01 3.160479625916262858e+00 4.858700949037141115e+00 4.728700793406812153e+00
2.327521676849869880e+00 5.467188007071366762e+00 2.630015400717363061e+00 5.187033862591673206e+00 2.643841239373617480e+00 2.008439132469324928e+00 4.897762733298240967e+00 3.132648876509497304e-01 2.372708374359623118e+00 1.199129640762055082e+00 4.865742354795476565e+00 2.186535572168829766e+00 1.266158323466091584e+00 3.836324938360380354e+00 2.719160724403790752e+00 8.444424489709627668e-01
2.629734436015808363e+00 4.353197859654079904e-01 9.730287527504787315e-01 1.415664782439672864e+00 1.492949533282241115e+00 2.602270002542388827e+00 1.155493328488033544e+00 2.512714423586146939e+00 5.384050728273614972e+00 1.770968884360335061e+00 1.142294835344413173e-01 3.029659096364724302e+00 5.232250310445004438e+00 3.782254124939101597e-02 9.640947244690432072e-01 4.593377127104171009e+00
4.035049842798722253e+00 4.949611889725686886e+00 3.411733369115020231e+00 4.292971335164330604e+00 3.227790139347457732e+00 4.915111002848552291e-01 3.656142237301833742e+00 4.764871823539128748e+00 3.468708227456221316e+00 3.514525097732096537e+00 2.828747168376277710e+00 1.638839255043925913e+00 3.218160019721904241e+00 4.613758784572736360e+00 1.999829263987305650e+00 5.899958604600114009e-01
1.622984681146307784e+00 2.629583954081480268e+00 3.534611086416425074e+00 6.039320969830187735e+00 2.170729755418495444e+00 4.512176087132104385e+00 6.280397654400466045e+00 6.201548620280196822e+00 2.161356988240437982e+00 5.731582832029213037e+00 2.758661074864088736e+00 1.667047184636734514e+00 4.612427382067604498e+00 8.733567562643794746e-01 1.772484574255235756e+00 1.196046028602599787e+00
4.911998991073344811e+00 1.143054644556271260e+00 8.480986812153503696e-01 5.636492848918890353e+00 1.506906157197183405e-01 6.901409068897849108e-01 3.784213539447387475e-01 2.928523231886410727e+00 5.405460933379094612e+00 4.996217420789421104e-01 1.536509903747863781e+00 4.750522587631790472e+00 2.940276429285135329e+00 1.961327516528867720e+00 3.089550684084197751e+00 1.145975499926082247e-01
4.369845752556206442e+00 3.758678274030399891e+00 5.035802324719834688e-01 5.670702132063184742e+00 3.282598576637120846e+00 1.690155352821645973e+00 1.929103719323119526e+00 1.169439709450237341e+00 5.734920811194600176e+00 5.876487559705667607e+00 5.618712367920817741e+00 4.384987904689942262e+00 2.410297407565278771e+00 3.398255411951874194e+00 1.688183943372715712e+00 4.171868216436630306e+00
7.291597661823793208e-01 4.406034275103297482e+00 2.167734655690672252e+00 2.092292333888737144e+00 1.545694209352479254e+00 2.606320661340589595e+00 1.844142809550603612e+00 2.467525655909425186e+00 4.938869718272188791e+00 5.984527740884934000e-01 7.984600196667525074e-01 5.707728761049088106e+00 1.796607094915041891e+00 4.253217049508370984e+00 1.540061841433647105e+00 5.081063372164069669e+00
5.626044239194448515e+00 3.679163265981967856e-01 3.521494030766596506e+00 4.912464463170180373e+00 3.361754783037459227e+00 5.376514394150483156e+00 1.822714751809315858e+00 4.307539627248904601e+00 3.670569325591551024e+00 4.012564667032711085e+00 1.854410416514775006e+00 2.200633249679837089e+00 2.072867286218728289e+00 1.328669321146267734e-01 1.254745460438342120e+00 3.072298773176159514e+00
6.030897133827931356e+00 5.793004935529165955e+00 3.271493917418251685e-01 5.306093108966334349e+00 1.595787420678901114e+00 6.122972907896994776e+00 3.004319456642500219e-01 1.753202924489496439e+00 3.758386122753699876e+00 5.092816838959206116e+00 3.638052824401728724e+00 3.891850791866593884e+00 1.604956873560201280e-01 4.918433005622890875e+00 6.180338423341029674e+00 2.389158152716771344e+00
5.195860408421552279e+00 9.114138158115457911e-01 6.263992590572063923e-01 6.228659158088380998e+00 3.594355252821866742e+00 6.262458818833428253e+00 1.660375059551156163e+00 3.230884010039986043e-01 1.783582630653040235e+00 5.350868903908963858e+00 1.975244225764889894e+00 3.313012310335537780e+00 3.567219673722811013e+00 6.070363437168982301e+00 5.840949409325107311e+00 6.006091172132841827e+00
2.672895268739076680e-01 9.090453735193354534e-02 4.658945015064380968e+00 5.576873710102244530e+00 4.668057202035246434e+00 2.481503559120584068e+00 4.813519561982100292e+00 2.874964185889990365e+00 4.979073557960629337e+00 3.502213222962075712e+00 1.208246601526426600e+00 5.088484150040656573e+00 1.095681959727511812e+00 2.007514797354289282e+00 3.360313945819728865e+00 5.305643284587591602e+00
2.848872503290306391e+00 2.990331976742219844e+00 7.860491163355615152e-01 5.515860143039337693e+00 2.094967917388039336e+00 3.531953073201227866e+00 3.480454727404711512e+00 1.242991603465268602e+00 4.179249937407504278e-01 1.715024306736758763e+00 3.662500873366581366e+00 3.705320949726031987e+00 1.464083102695145355e-01 4.090929898099243900e+00 5.439280364246397159e-01 2.745392658689846943e+00
7.631141645220433922e-01 4.604740360353820172e+00 5.788931354517812267e+00 6.134575954136271214e+00 4.034181617304136935e+00 8.096843578698768029e-01 4.344079053162619886e+00 1.650124194624093432e+00 5.116232127909474681e-01 3.552212364241703835e+00 2.044749929240748720e+00 4.996841394548195758e+00 4.060954994706762022e+00 2.405472529266171333e-01 4.158568417789341609e+00 3.211356552533108033e+00
2.348042375346445443e+00 5.117565659284596613e+00 1.541129836823890153e+00 4.550697035032676752e+00 1.889509398838630672e+00 4.045056972004214657e+00 4.820629690697930236e+00 5.036976519730040458e+00 8.791869456509602276e-01 6.073386541524921078e+00 2.606879753922959342e+00 3.319622594187795706e+00 5.736243831849635377e+00 5.637401204614195471e+00 1.983417022948983921e-01 7.868180930405701545e-01
3.993705794593002789e+00 5.104750949485190148e+00 2.314296274818373966e+00 3.279979810928631001e-01 5.778459039972517530e+00 5.763285602448819489e+00 2.982260827014419302e+00 9.045702601455569702e-01 4.429611480602718920e+00 5.907070551885242438e+00 6.564593659838678930e-01 3.730865085470094766e-01 5.077240563560849296e+00 2.479736455864306688e+00 1.881534703663625629e+00 4.401097981400106107e+00
2.325349068000009733e+00 1.730891619088237521e+00 2.362500455930814702e+00 5.811066824244499607e+00 7.028533096832155769e-01 1.714010467770801238e+00 4.104332599990684338e-01 2.056877509141463722e+00 6.802453207151263337e-01 6.272424711007407616e+00 1.392947780854969064e+00 5.073688948370171481e+00 6.244560888931676157e-01 4.331436302969929208e+00 3.767055763091678333e+00 3.509889313588034465e+00
3.045681099908598810e+00 1.073493519534355123e+00 4.759316888700717563e+00 2.576635248667643818e+00 3.155928880752466803e+00 2.295279458368677528e+00 1.288463538333952663e+00 5.797465759614691017e+00 2.561678078028486460e+00 3.524339647568698997e+00 5.675653829285043805e+00 2.748228768179249215e+00 1.601001319743536877e+00 4.396738267158284863e+00 3.564923112019876772e+00 1.871766456229501940e-01
6.078423627540607832e+00 1.789563346164956492e+00 4.446526882953424575e+00 6.538142719117322477e-01 4.660365187025321099e+00 5.523946832576735133e+00 5.079723065107266677e+00 4.892820695946176635e+00 4.926612768281621868e+00 8.915888888309868587e-01 3.322273551998054852e+00 5.042942636297814474e+00 1.004245819278114960e+00 4.720285771862264390e+00 5.252986464457936044e+00 1.260673985950651055e+00
3.116555392220812681e+00 2.189744446707372116e+00 2.816853044963074648e-01 3.296286846615537502e+00 5.982200200492137299e+00 7.287863589173881884e-01 4.675624753979580994e+00 2.763996172755303959e+00 4.980891317461070500e+00 4.095681802286470941e+00 7.642424239894920479e-01 2.688761214728010440e+00 1.945364345927839134e-01 4.136096980175600457e+00 4.901789065728413775e+00 3.065069573605338160e+00
4.239644200777440197e+00 4.660227690708405923e+00 5.280423382077966465e+00 4.616910074331761926e+00 4.918357760177383575e+00 2.853422131697584518e+00 4.751737080453814599e+00 3.968557084549567904e+00 1.581744207181283057e+00 1.044251969324437174e-01 1.889330187508760250e+00 2.383930251141534562e+00 5.453098980801485141e+00 2.175079911548916556e+00 5.614046060054963760e+00 3.813069146959962907e+00
4.154571850677136330e-02 5.132939439715383578e+00 1.790667870055656641e+00 4.215568545748838325e+00 1.820848684109235283e+00 2.980951396797377750e+00 1.419077657044929719e+00 1.746193117397893735e+00 4.026756835765834985e+00 3.309323729177009010e+00 3.583297445888199650e+00 1.419938579572987747e+00 1.607780092468594546e+00 2.248786811285656828e+00 5.664017462862347863e+00 5.679229074296304525e+00
2.501899333624690858e+00 1.870333720224110596e+00 2.951081270854650107e+00 5.033800225223755476e+00 3.954930136403133734e+00 1.362103728001733627e+00 3.880744642238501463e+00 3.379782214053160150e+00 1.400681107240806834e-02 1.277364931597968489e-01 5.632374234907480570e+00 1.540918524175682203e+00 1.249149848516411199e+00 5.443614367048832392e+00 2.916714105786429645e+00 2.865841821428992464e+00
4.391528393668273189e+00 1.825387998949523860e+00 1.572975489541504235e+00 7.207629105349179222e-01 3.518636780959307320e+00 3.114166272870901864e+00 5.021677681123732917e+00 5.393432260620262042e+00 3.768775910326986001e+00 1.254472821697947937e+00 5.724884611857745664e-01 1.988416372187077619e-01 5.385016279219452251e+00 4.611297669604034866e+00 2.736771507381750013e+00 2.843271669063085483e+00
1.931586743156291863e+00 5.851876637801759706e+00 1.874999140919686447e+00 2.536400749577818026e+00 5.113501168218063775e+00 4.011187370008708619e+00 3.775579461871469089e+00 6.158223599105176582e+00 2.588808724839226194e+00 1.293548393718663592e+00 2.151282060370101945e+00 4.393863114354267019e+00 9.297409941795109489e-01 1.860704491384770121e+00 1.752006082581369917e+00 1.956715766196770012e+00
6.270114275404681692e+00 5.424319087438097320e+00 5.276165519412823635e+00 3.133097504101474584e+00 2.611018335438222593e+00 4.140993436993618548e-01 2.548480437535563858e+00 3.397402036902669398e+00 5.950434484879154162e+00 4.235312794931842539e+00 4.772270918621871694e+00 2.692589536994912658e-01 4.370682902763923572e+00 4.797840118181352365e-01 3.666628790692314954e+00 5.947245007849942589e+00
2.082233381452209819e+00 1.635760653330979864e+00 5.370231291525969120e+00 3.064420129651683755e+00 3.216335569241463244e+00 3.084361872110596536e+00 5.234140617698876952e+00 4.647223011009781857e+00 4.679990323959204446e+00 6.173978052642840275e+00 6.932971212538935335e-01 1.777444714831905248e+00 4.304995539367459045e+00 6.131387084703863177e-01 2.695087505218646040e+00 4.096024644724692187e+00
2.988472051347135672e+00 2.209409730978122433e+00 5.197762175808877672e+00 3.925820752718446105e+00 3.268364938716697754e+00 5.555636936504045664e+00 4.361034655241920355e+00 6.230083236692136595e+00 4.322908351874904298e+00 5.482563298164522259e+00 5.118857768007222475e+00 1.729728378722100057e+00 5.072124886752730433e+00 6.126453425733114910e-01 6.260210025752717122e+00 5.417869017011377686e+00
1.240061864983897366e-01 3.186657098694887225e+00 1.760895146919302656e-01 4.886811694010613216e+00 1.671654801556447634e+00 4.617894883237964265e+00 2.609854760694344744e+00 1.424022593561368843e+00 4.298123826425552796e-01 1.540425523141722430e-01 8.796703277033550428e-02 1.484967607667513567e+00 2.522855835721219186e+00 3.403880133896861060e-01 3.602639927192355707e+00 1.577343208769109162e-01
