1.018577336224385510e+00 2.439858109051879609e+00 3.376159032475025690e+00 2.521312117325234414e+00 3.725733519741516897e+00 1.768630482457443698e+00 1.220662913223570789e-01 2.680373592617315559e+00 9.542332352100786341e-01 4.876039251046392131e+00 9.824072455443638718e-01 6.044156507327221206e+00 2.883595098811566615e+00 9.281857851280288507e-01 6.178521153320006398e+00 4.547073082055988813e+00
3.767553165425371109e+00 2.924066190337003324e+00 6.355586179991876139e-02 5.158381248719980050e+00 3.416281445376156078e+00 4.472952306178764381e+00 3.769396521027736480e+00 4.986657425754277839e-01 1.633698535199083812e+00 3.467991289404656730e+00 3.342669886367661825e+00 3.184487092400266395e+00 2.989249082148671022e+00 1.499744063520796145e+00 2.078647517387833155e+00 4.057734180030176496e+00
2.032265154260608497e+00 1.072893164210095396e+00 5.767817740506608004e+00 3.920497573153274740e+00 4.806146157430172261e-01 4.666026296609268265e+00 2.894185634325460388e+00 2.790344099245304910e-01 1.035605106907204531e+00 4.554111591820131366e+00 2.946295629900110846e-01 3.706332927142860778e-01 2.508535092240210762e+00 3.204063439352880405e+00 1.236066287108519068e+00 2.994258186266361754e+00
3.671670071671346847e+00 5.068881344267122557e+00 3.887156363834737061e+00 5.142583075270803050e+00 4.884079706558351219e+00 1.049091212457346156e+00 4.180724901559605300e+00 5.917101830353036718e+00 3.732997054903227085e-01 5.122843958730778802e+00 2.029142362364908247e-01 9.289618246644726351e-01 1.322055062522217828e+00 5.644906861340498239e+00 6.583129243500739358e-01 4.058065442197267281e+00
3.707011268852285379e+00 4.769329718200224555e+00 1.779179304010170437e+00 9.226907953270475637e-01 4.246440059903458852e+00 1.376253704541327005e+00 2.015963529390182529e+00 8.170604304725581635e-01 4.650325556896540036e+00 1.191885652320552325e-01 1.463360129274180466e+00 7.899791359766369370e-01 4.244606653525016426e+00 2.562663311547654921e+00 3.848397742676335387e+00 4.967954076607572489e+00
2.442815101313994042e+00 8.332382308878536481e-01 5.901607491319155407e+00 4.461819072028769817e+00 5.787746223580709781e+00 2.698740227160971727e+00 1.383183130373822234e+00 2.962049412869002474e+00 3.311487676098878286e+00 3.933010718824847984e+00 2.851058638827506098e+00 5.382250826571574720e+00 5.634430427629927962e+00 6.255069118228260727e+00 2.014117486870724338e+00 3.407098191459893011e-01
2.737923110413133632e+00 1.514955944368895357e+00 9.129647324219501980e-01 2.085167811548646277e+00 4.059464917016055163e-01 2.469214432820443061e+00 7.087616346295977365e-01 3.839189469448573533e+00 5.910585140874025090e-01 2.768120423676066810e+00 1.505935759247594818e+00 6.280793926253582349e+00 1.816231915992135404e+00 4.026328064720515520e+00 4.933049686480494245e+00 1.462081587019300244e+00
5.880087814015955594e+00 6.784040774061587120e-01 3.162734024577904979e+00 4.783217408654961922e+00 7.472934244751276989e-01 5.942919849891847406e+00 9.715503954895146066e-01 1.321900312617684037e+00 7.358159702998949836e-01 2.337457304500152599e-01 1.804834271955741976e+00 2.760608524921912998e+00 4.898813634977900122e+00 2.510880098209301803e+00 3.166117401565567757e+00 8.646497513317973338e-01
5.098213361239894326e+00 5.980151457991529362e+00 4.454495488827130423e+00 1.567688657568854671e+00 4.045447395376988275e+00 4.061114243456629858e+00 1.826329704868951964e+00 2.275017179586452887e+00 7.142296368012664987e-01 5.122028035844483629e-01 4.404659205912338393e+00 5.829198974614485884e+00 2.868701149839424147e+00 5.950500882945961578e+00 5.305453312927406628e+00 3.431402823623702858e+00
3.785495960566007678e+00 4.491854912196992233e-02 4.685716377801955268e+00 1.171542290943520914e+00 5.698362224202682569e+00 6.575373109402730953e-02 5.690954677184555166e+00 3.607318425063197331e+00 2.153828610427330315e+00 2.640263662721932025e+00 2.964085056370584059e+00 2.050182290359130466e+00 2.990882060325018021e-01 5.936689500326590263e+00 1.084690683124137411e+00 4.973479907162364988e+00
5.571567642487322836e+00 4.256899584961663763e+00 2.841510860400211946e+00 3.301637927965737962e+00 3.918108300056018845e+00 4.330570776700516156e+00 6.110911966658784777e+00 4.529436188504297078e+00 2.349801179405753615e+00 2.706472587328043744e+00 3.559832031879929470e+00 4.588915709773647933e+00 5.383300940535973744e+00 9.305106427959121129e-01 4.034960620584741697e+00 2.729302268527744157e+00
5.480446653318741257e-01 2.391056220552254530e+00 8.807090763929301680e-01 3.553296996901601723e+00 6.764190009566233286e-01 2.286479254896798263e+00 1.767837543831646263e+00 6.047440434672150644e+00 5.155986813931704660e+00 1.747814180698327613e+00 1.610440357521643273e+00 5.587145316934001293e+00 1.328685990060652911e+00 5.954896841359052395e+00 2.174805708956338623e+00 3.656702891285198653e+00
1.213772813042480303e+00 2.368136023491343778e+00 2.662654031172654978e+00 5.459251729518169505e+00 3.709645026930877609e+00 1.649639142232080413e+00 3.190928572370973271e+00 1.555033244832596973e+00 1.536009375175017677e+00 5.445149898210715378e+00 2.210661853466179050e+00 4.397105689740833157e+00 4.444843185598207569e+00 5.719807392926452572e+00 3.016036496900814434e+00 1.780249156466512606e+00
3.310207993644306512e+00 2.138770320133325242e+00 4.744608746096734109e+00 3.074886063370390499e+00 4.767070494801356695e+00 2.682025138319237278e+00 1.384766244726117979e+00 1.811581934786872905e+00 5.692466572522033808e+00 3.536518017594151519e+00 4.805843114375980996e+00 4.709917349870531567e+00 2.909766997229832786e+00 1.450456927779409488e+00 3.112911855453094900e-01 1.888257608091156725e-01
2.117102621408219143e+00 1.960657611827045343e+00 5.121116638699655610e+00 3.814944942474110867e+00 3.965394746357411293e+00 2.579353207412286686e+00 3.458723875866965169e+00 2.635476747297685662e+00 2.261886236965494845e+00 1.005144587062840156e+00 5.358400522431969293e+00 4.449750178110169485e-01 2.609848338127299883e+00 1.985579027926782647e+00 5.477412017759887286e-01 1.939610260093373562e+00
5.255086070372191998e+00 3.793006508014412859e+00 4.152966516532807795e+00 3.842734857079403987e+00 5.648302274879998919e+00 2.274235609699496674e+00 5.330956017995370999e+00 4.510482243485142817e+00 2.869431115771877039e+00 1.827934498938420971e+00 4.709598642646995792e+00 5.513538241668881845e+00 3.994030850763210516e+00 1.911508200280526704e-01 2.092359074490313997e+00 5.469774511562152775e+00
2.310511089177500921e+00 4.234586735695484272e+00 2.612637510839626476e+00 5.787617918036057851e+00 5.020809101686063869e+00 2.612879286544318447e+00 1.925829445871261036e+00 1.220697584746772923e+00 3.638614268786239947e+00 1.923354520258881095e+00 4.039224851905255598e+00 6.154711595322809536e+00 3.395565016238178746e+00 9.152865985994265152e-01 5.736780506770082777e-01 4.920449723591865165e+00
7.146595024819037967e-01 1.080107212493736091e+00 2.847720254646909144e+00 2.962935643563598731e+00 2.987737402316729796e+00 5.462496796549340949e+00 4.810802812369294301e+00 2.973090065677275629e+00 1.501418226479822593e+00 2.762494998353215436e+00 2.265290037023047098e+00 1.123894527486812400e+00 2.307095561599992184e+00 2.413838964159245926e+00 4.601269658890050351e+00 2.770434086014786246e+00
5.747533383625976988e+00 4.279826967938895166e+00 9.578004979722871959e-02 1.156646451154107053e-01 3.742092186662726139e+00 5.716813294095852704e+00 4.926088820507050769e+00 4.151657681540372735e+00 4.931298668669457541e+00 4.555364199202315945e+00 5.370165175215032782e+00 4.012384482006936537e+00 3.891277124434226575e+00 8.652436100166696065e-01 6.395695239496237416e-01 6.041972365000664702e+00
6.107038724437612309e+00 4.084953727636178478e+00 6.079558473738042146e+00 3.742801186584935103e+00 5.757356214557798779e+00 1.731914845118368129e+00 9.162183029571370207e-01 5.345540011494455790e+00 1.344145768454537704e+00 2.893267561744262917e+00 4.816297162231839124e+00 4.552623893922334020e+00 2.853601826150958587e+00 1.064124335211520611e+00 4.711244326519815395e+00 3.631916904503578625e+00
5.345655011595996875e+00 2.740069979070403505e+00 1.912747508670677776e+00 5.849446375187008940e+00 5.591209725532650943e+00 8.830965149870998454e-01 2.275905331662932518e+00 2.750696653289776528e+00 2.278833835230432037e+00 5.622958358237307941e+00 2.808247843193129700e+00 4.325669716963718159e+00 4.776178753883115746e+00 1.784129615787894085e+00 4.629253471389493946e+00 5.473554619080903905e+00
5.746570579681425706e+00 3.286354099933036288e+00 5.162297047308898712e+00 2.555483520532037534e-01 5.078585722801060243e+00 3.213902465586798929e+00 4.548106885398564003e+00 7.125728183324669951e-02 5.112212338814121182e+00 4.442277117390398544e+00 4.294009880483816488e+00 1.692119170289339003e+00 6.408560761438734099e-01 5.874556206424531801e+00 6.230168283079730251e+00 4.574780019285697108e+00
5.823519195353151545e+00 2.070955129337189060e+00 2.536697023070769053e+00 1.737838563217997345e+00 3.461404042951277127e+00 5.784264763285476896e+00 5.907004567647218707e+00 3.759536208022757897e+00 3.856377854105906167e+00 1.762700822270500733e+00 5.412916298394818249e+00 5.251907793880233655e+00 3.083411695915260209e-01 5.746799978677484821e-01 9.296087790661640149e-01 3.392591239618389931e-01
5.746081038594477164e+00 5.086301258137368109e+00 3.631715966731869916e+00 2.509384778310608799e-01 5.957213609662107556e-01 1.852450123807764859e+00 4.029631756997597236e+00 4.540402327980312402e-01 5.729831487880614915e+00 4.644347305132001225e+00 3.694278318122081739e+00 4.256158360281980357e+00 1.569526626975112471e+00 3.226966562434477659e+00 5.573487389781226486e-01 5.591122371029574545e+00
6.465555412283461312e-01 4.634356938992165276e+00 5.764662112977415376e+00 4.480127752388742279e-01 2.436632201978398360e+00 4.768235206982446073e+00 2.132074552120733824e+00 4.003972259000533107e+00 2.010055690260262207e+00 2.309585531937827785e+00 1.849698428016435248e+00 3.201621622218621344e+00 5.349383492444921728e+00 5.147058895484957652e+00 5.606659979293760365e+00 1.125795580001124119e+00
4.830758818676989641e+00 7.577273285036766337e-01 5.044643196828707765e+00 4.068922048861084662e+00 2.011406935241454530e+00 3.818470331957606323e+00 1.560201853033660768e+00 2.967942644601638147e+00 1.216776229779578528e-01 1.824187226833631659e+00 3.368356698018724060e-01 9.115657073686522782e-01 6.082041257466815232e+00 5.212736130317942695e+00 3.876348462548285800e-01 5.400228745193058622e+00
3.078658197323637769e+00 5.932925439162684000e+00 3.264949912519417019e+00 3.603564587313837997e+00 5.149964400972632639e+00 3.110430689423713257e-01 2.763112482773443013e+00 2.422192241334974572e+00 1.556432242314583991e+00 2.735843268217683200e+00 1.020258765177368687e+00 1.482253578457325416e+00 7.930233083857377574e-01 1.709385811210234030e+00 6.079084354207960672e+00 5.070607924915724318e+00
5.546978420935044785e-02 6.279411043725411368e+00 6.159440722365053134e+00 4.080526568603445980e+00 3.945974210506571378e+00 3.555100949872171512e+00 5.298580110878758909e+00 5.548521609265351984e+00 5.397213565401259849e+00 3.434450365624935886e-01 2.222069206759805571e+00 5.816198549881205437e+00 1.583573705143381583e+00 1.766360322938387517e+00 5.373878302467107737e+00 2.736620895729072078e+00
3.294799076108332336e-01 1.962537244039139983e+00 5.280827404697277849e+00 5.627260051367231064e+00 5.716767929613039811e+00 4.990897912994285868e+00 4.419122382460735077e-01 2.908525360839803175e-01 1.858278938619818632e+00 6.208909321171317330e+00 7.769658583285149467e-01 3.724168330184411957e+00 3.965965046755087764e-02 2.553137095698920334e+00 1.603844529210119552e+00 2.601131162514024098e+00
1.254048889569840730e+00 1.054677240387838166e+00 9.878638960383180345e-01 3.176241280659733768e+00 4.314973829138090800e+00 3.653322594080851804e+00 4.393127806607201258e+00 4.926831141114583090e+00 2.778685482278347330e+00 4.640125485086089796e+00 2.053166397485926886e+00 5.220372862144624371e+00 3.099700931283813521e+00 3.230442918157733767e-01 4.827414425499327311e-01 2.099179178050256667e+00
4.394776466418076843e+00 4.943080844439394106e+00 4.821750801436206935e+00 1.820998120562934974e-01 5.444022663410336804e+00 3.314049602908229808e+00 5.625898002833032763e+00 5.712976301363434040e+00 5.177360750212328000e+00 3.614067343666854892e+00 2.402533885578614470e+00 6.093882925341059797e-02 3.759409268617425415e+00 4.922198961244877324e+00 3.206090196412873516e-01 2.312286641049392522e-01
2.605331848258273464e+00 6.950803468265537299e-01 7.910712669705498301e-02 2.167197205895210033e+00 4.964715918959177188e+00 5.812502683164447070e+00 8.973058749158082659e-01 5.522587003436162156e+00 4.633016030964597770e-02 4.820903012243811236e-01 3.418442437227507735e+00 2.842527047804105145e+00 1.657444899631319357e+00 2.640152258664667961e+00 4.252174725675023303e+00 1.884046255722964691e+00
