4.970234242006831060e+00 5.784448193339237321e+00 5.912784139287905916e+00 4.426000626930869930e-01 7.069764124004024319e-02 1.536124893115038192e+00 7.488946359320984847e-01 6.153856624589479019e+00 2.159855543566540526e+00 2.847614361181348919e+00 3.774811525877788121e+00 5.229596117186801507e+00 3.889763021629280004e+00 5.153081400534987866e-01 5.277780589421984109e-02 4.359442580750714669e+00
1.576695995896055136e+00 1.771811767792900616e+00 3.887163966312655372e+00 8.515664568428116254e-01 6.184980243498708674e+00 4.266483644307276002e+00 6.172251867686163962e+00 4.720282247273362763e+00 6.136424178007660046e+00 3.136192561726780959e+00 4.230658780978437505e+00 4.631292822102494045e-01 4.332545357812349174e+00 3.546448477908033858e+00 2.779311698638096573e+00 3.970282085065802491e+00
4.269500134316008833e+00 4.040058636689368932e+00 1.792531563234720737e+00 6.221525889596682291e+00 6.205635326848571331e+00 7.661654504075265937e-01 2.614674829400975842e+00 3.129033179272862508e+00 1.480636677949481506e+00 5.611795008570034327e+00 3.164823943163279640e+00 4.126250672645869422e+00 9.951117036700731777e-01 4.852895374803165573e+00 3.342407178263832712e+00 3.705000314202889111e+00
5.047584009123173843e+00 3.508916613708018328e+00 4.822033150743966878e+00 3.454345030373892733e+00 2.347567870751501307e+00 4.114797449419097752e+00 1.036191162400964094e+00 5.721637283030015730e+00 2.091182641739477432e+00 1.691771537858506036e-01 2.672879562633604600e+00 3.842108471341688869e+00 2.450214057327690487e+00 3.372550992744931975e+00 6.101593199036558168e+00 3.917323259553759485e+00
3.043697705331410930e+00 4.392333499987474354e+00 3.794519142316175042e+00 4.847157461112333365e+00 2.396927773533632067e+00 1.209766759421497806e+00 1.858703594686755389e+00 5.347100018558090806e-01 7.206797143158006902e-01 4.574018205077003074e+00 7.387791418621869610e-01 1.882695284785541379e+00 4.176113018764083584e+00 5.325982999606947210e+00 6.150367022705317765e+00 4.585379275127980492e+00
1.852247734259045320e+00 3.521490310063365659e+00 3.323606371486207411e-01 2.130077417131615025e-01 2.949930305790069429e+00 5.958162342269800682e+00 6.221725530752145517e+00 1.809842615885693951e+00 3.303390582381938056e+00 8.925164945844026310e-01 4.392443656803873608e+00 3.329466200508289564e+00 1.063999326765794784e+00 1.232646286172673245e+00 1.442744313218151442e+00 2.527641792072444549e+00
3.085523419165994596e+00 4.547031136618035596e+00 4.985013252167565412e+00 4.837402143268044519e+00 4.860147759943901136e+00 1.829820188437066175e+00 6.175475093934700288e-01 1.449111134638203235e-01 6.793323359702844177e-01 4.371407521890914971e+00 3.607398325477516376e+00 2.305147768931872232e+00 1.679944244728346359e+00 5.387463132844839464e+00 2.820842156366937470e+00 4.384632777520274693e+00
1.521431891684155158e+00 3.753765703154990252e+00 3.052931146051412359e+00 4.214433479043564468e-01 1.260446707674717448e+00 7.026379999533771681e-01 6.819028810091400938e-01 2.922582727454053203e-02 5.565922485601523029e+00 2.726926157579016241e+00 3.436343740192367768e+00 4.997732058001330024e+00 1.721509019035326160e+00 1.812699435544953941e+00 2.641197574317243557e+00 2.201399437786590418e+00
3.856586785991893418e+00 2.784414239418024906e+00 2.172597679572958906e+00 4.050496099996633959e+00 1.370033122306362428e+00 4.443826239850136028e-01 3.047174209377582432e+00 4.601519441427135981e-01 2.255271001303296163e+00 5.506652198862249215e+00 2.111827183993113533e+00 1.506008619588088848e+00 3.127981221227356112e+00 2.066112956404776213e+00 5.187041205963345725e+00 1.848574054001254741e+00
5.176693030790159078e+00 4.564606209510198020e+00 2.755068660504812472e-01 2.050162389085381065e+00 7.493977229779171800e-01 3.244335483173248935e+00 1.557274012526873808e+00 2.322884779176145553e+00 1.415914300937503922e+00 6.139734852730130754e+00 3.659486193436859214e+00 1.766904976446347364e+00 4.379092309297600849e+00 4.391071993095163606e+00 4.768732199324967169e+00 1.935875141654863907e-01
1.622874811523484118e+00 4.692833661010832103e+00 4.135164328158341007e+00 5.334054262214849018e+00 6.365754532851485292e-01 4.241025303734767604e+00 2.121576642005873925e+00 1.699959701935077616e+00 3.215860309273414153e+00 3.457180021042707718e+00 5.872832770472067310e+00 2.625839442826724657e+00 5.701700115723794537e-01 5.204655980700702012e-01 1.854793684922094732e+00 1.508472269997555237e+00
7.854664270576099394e-01 1.169983475251997612e-01 5.394119383559476510e+00 2.648680483310910105e+00 2.484099963662302013e+00 1.832148830160426956e+00 4.013147942043403305e+00 1.956512276678653128e+00 9.686193679635971554e-01 2.896606128738265618e+00 9.548957308480068296e-01 4.060700378750445871e+00 2.263677655065618577e+00 3.941887494053592622e+00 5.608881725039971400e+00 5.920744684561071836e+00
5.796464314214550662e+00 5.878754312502213253e+00 6.085640188261276506e+00 5.432172976357360739e+00 3.030092472698424189e+00 6.017588218268989486e+00 2.602978973970112353e+00 2.887701314166563726e+00 3.720333986315449426e+00 4.991205701297892539e+00 2.024387718843143613e+00 6.174994442340987710e+00 6.161352844158376030e+00 1.304748855302221067e+00 2.972090213856433571e+00 5.424454622182974362e+00
5.448871194729902001e+00 3.525088541127906261e+00 4.577740543797335082e-01 2.725140715810163705e+00 5.843645185669576136e+00 2.024289683989024979e+00 2.226070595481224323e+00 1.508928894297071777e+00 1.946237058742121384e+00 4.524580224549326957e+00 1.675340420451699286e+00 4.854868672195467916e+00 7.767102423663916344e-01 4.184264569235199183e+00 6.818559450997609961e-01 9.920361033648653626e-01
1.831598799377682107e+00 5.554838813523134355e+00 4.534848268821250805e+00 5.762443382268993552e+00 2.254010358849207307e+00 5.143704111030253046e+00 6.062118700156371887e+00 5.881880156657197212e+00 5.856514494091214829e+00 2.993050722360187876e+00 9.370966014890602658e-01 4.137632845123155434e+00 4.376417911422975315e+00 1.462042263525769270e+00 3.332736280761864567e+00 6.064359707370480024e+00
2.611112491712422656e+00 7.298336641393872171e-01 3.516668414596972436e+00 3.146350271739464688e+00 6.221956314314446068e+00 8.092814077667220829e-01 4.640072639770290941e+00 4.174744185864282642e+00 4.821819237824383902e-02 2.491343374942589506e+00 5.176431457208839682e+00 1.911193676422931809e+00 3.308903899367164669e+00 2.732326343334173124e+00 3.253536035918907388e+00 4.061465229583274272e+00
6.198289444458187525e+00 4.076962818949135148e+00 6.010960863239890983e+00 2.469107184958482470e+00 2.814626589263408807e+00 1.629214094261533630e+00 2.024531082627612832e+00 6.019079418088844058e+00 2.998026471023813588e-01 2.367788222220662320e+00 3.789669299274490033e+00 5.505052757508454242e+00 5.828979124447684512e+00 3.171698947577620498e+00 1.020904034354748413e+00 2.452696569111666225e+00
3.594721597968518978e+00 4.611136149522305772e+00 2.418868550775318926e+00 5.624810379302170205e+00 4.411447415975598751e+00 1.165014776110132377e+00 3.221563199847376602e+00 7.112723656550198337e-01 5.338589747732698676e+00 2.242097286044401283e+00 6.104876188627444300e+00 4.858865143692671751e+00 3.107774456545481900e+00 3.631536588021338829e+00 1.363909489163656730e+00 3.170385340632157156e+00
1.793941722719551102e+00 6.089575018693663466e+00 5.179436611632715071e+00 5.122479439907671406e+00 2.248260089264669137e+00 1.738806701230734886e+00 4.784216970169863359e-02 2.653317535025486174e-01 2.899506293137396259e-02 1.059257622946373045e+00 5.676040968143501786e+00 4.123060010856705482e+00 3.495504034934672877e+00 5.545007311330785171e+00 5.773729825825390627e+00 1.216180110962540306e+00
1.330010819068906835e+00 4.801861111713961350e+00 6.222914102230389100e-01 1.100270233801441622e+00 5.002232012033214659e+00 3.209351236824278253e+00 2.572948807174326724e-01 5.619679702729102999e+00 3.886333501644339883e+00 4.516305603400375901e+00 3.687562234809857120e+00 5.748418970789452409e+00 2.364214119263714498e+00 5.941215436108628900e+00 3.602230065709175033e+00 1.301174523783804327e-01
6.037568955375367530e+00 1.287609935441150100e+00 2.221265021285348862e+00 7.493532500121200535e-01 5.680941585136679350e+00 5.835070354941347404e-01 4.069096323295287476e+00 4.450719005273083617e+00 5.870806522078676259e+00 5.593306577888967013e+00 4.474372380991331610e+00 4.172028186824397800e+00 2.226949790584360045e+00 4.707264998875947626e+00 2.278022809727555664e+00 4.825436680003637235e+00
8.788669638990150856e-01 2.151575215885193626e-01 4.694480180374819511e+00 2.848300487053652130e+00 2.438871445179452202e+00 1.278347018099642574e+00 6.184040271748441064e+00 3.810020809289695443e+00 5.058157445910388184e+00 4.064381979234899411e+00 7.865198502883388176e-01 1.134219245459821668e+00 1.041949998282234224e+00 4.875008303651994446e+00 9.083496732128141238e-01 3.035269737860316397e+00
6.170711192067100725e+00 1.472656955404343826e+00 8.515172290460618632e-01 3.144593533018908094e+00 4.120184298781222054e+00 3.092244366208337425e+00 3.732771084632839020e+00 4.201837977038804794e+00 4.620064837510434508e+00 2.919844197576592304e+00 1.791233514615740152e-01 1.574324952469189132e+00 3.039883780879651720e+00 2.619889706107707994e+00 1.070702528240186302e+00 5.727142153096403732e+00
2.226326764564808158e+00 2.777441930549233273e+00 1.408135100736106926e+00 3.265207610093750379e+00 6.056424163145878836e+00 6.027707310604391466e+00 2.193170400975248846e+00 5.595479574579772297e+00 3.030008679695728180e-01 7.598642644657373213e-02 1.625740871192762338e+00 2.876829261160072093e+00 5.141910537780348678e-01 3.555791370838560006e+00 2.514320168613683126e+00 2.696794598022905998e+00
3.710326703975428964e-01 2.107204347060722682e+00 5.793384937918483857e+00 3.952889242273653014e+00 3.336546459969200296e+00 3.642321877100569871e+00 5.831846873391148378e+00 5.978320083501814430e+00 4.077561999723449682e-01 3.503540317729298970e+00 2.357367421645299999e+00 1.061924213231067560e+00 3.889845480663683741e+00 3.835402742356909034e+00 2.057836264493580813e+00 4.635402029395052637e-01
1.491848633258339829e+00 4.343076488862958939e+00 3.313784349886219172e+00 3.127559516838360198e-01 1.154459435528272016e+00 1.388081575479132246e+00 4.539559046876449067e+00 5.786020369906058392e+00 2.749669702360354684e+00 2.406422152367611922e+00 7.435684387482781321e-02 1.224831108636703414e+00 1.621694421682185583e+00 2.138384070429340866e+00 3.557873082530933040e+00 1.790376145207614567e+00
2.464835750480349308e+00 2.608767002987953276e+00 5.365256681811099604e+00 5.087655746591700279e+00 3.910314366310296830e+00 3.139930428105259352e+00 4.222193652948823761e+00 5.925596642043048590e+00 3.042182054704206884e+00 4.391147473484320329e+00 3.899375856683376274e+00 3.987173062787729982e+00 2.632816661598253449e-01 5.792553014454945526e+00 5.623149681098833952e+00 3.723344570500465522e+00
5.716864849198370457e+00 2.751805316920667988e+00 5.560960720197779317e+00 4.369128737280840169e-01 1.950167212544777762e-01 4.743420168371103252e+00 5.064256738793555535e+00 2.843421445998059571e+00 1.664908947603491729e+00 3.457954129362871498e+00 6.166802542082395533e+00 1.577522740568617632e+00 1.992708341574351838e-01 1.828539844549723181e+00 2.425872095456392152e+00 7.952636370662703735e-02
2.855388584736972213e+00 1.092463718662648686e+00 1.150358688934635110e+00 2.418199322785928196e+00 4.011850565409913472e+00 2.140965099771721558e+00 4.582509462213842255e+00 3.070621018653215129e-01 4.434754751901240688e+00 2.384713135578867771e+00 4.446475541393488662e+00 2.660457490599971386e+00 1.736960460472771306e+00 5.943573703637162531e+00 5.833562211844731671e+00 4.318395217381161721e+00
5.078954971726439283e+00 4.511204971253979679e+00 2.706839447287715528e-01 2.561855746990946869e+00 3.743797042662082575e+00 4.298746590196643069e+00 3.579941930580660348e+00 1.901515384787132446e+00 4.881775898831762994e+00 3.694949473742665802e+00 5.451682437664689962e-01 5.525524082787832469e+00 4.991578166015885110e+00 5.499850396556463572e+00 4.129107351759385480e+00 2.118255243842568358e+00
1.918164755317015802e+00 8.684501222019537225e-01 4.343804812585089437e+00 1.040727828809603350e+00 2.722271624348007180e+00 4.155656528693927321e+00 5.440865318018423658e+00 3.228480506076218504e+00 1.470005357349671415e+00 9.977645533698907554e-02 1.525884921918611026e+00 1.528835417790673112e+00 3.952036574354234055e+00 7.394257644857161749e-01 1.793735843463109436e+00 8.893382017684489660e-02
8.000173401385587968e-02 4.374928532608131637e-01 5.867355336827857037e+00 1.785129956767090631e+00 8.235750824217888955e-01 5.119725842568272789e+00 5.898365596264937061e+00 1.385138351819756641e+00 4.058051090180491705e-01 6.869210255952521438e-01 4.442914986764151308e+00 3.753155212880540326e+00 3.658137248071096526e+00 5.323391076809728339e+00 4.414733580005066216e+00 2.583328473442980222e+00
