2.458067839490474804e-01 2.754677812578335772e+00 3.655502015330649002e+00 1.681096443942924346e-01 6.548379408664892765e-01 4.774544241197464345e+00 5.389227637446757591e+00 3.685155859607648132e+00 1.947183223410138941e+00 4.498336694206717112e+00 2.985247010843936621e+00 5.937913368593603636e+00 3.621303072772987797e+00 2.022229402793579212e+00 4.853667969855695041e+00 2.991381941307558634e+00 2.811206278765461697e+00 3.744695102769977080e+00 4.249174722184912767e+00 9.281113733091657103e-01
4.444294389001114176e+00 8.377584754450294602e-01 3.251933858828221613e+00 2.502823476153506199e+00 5.242328677453322427e+00 6.191686342251705888e+00 2.441581293605918912e+00 3.709686185476840370e-01 4.484798206125131692e+00 7.922242805435775193e-01 5.096268022252241625e-01 2.658990663176639568e+00 3.077520671308630718e+00 1.089933009570512645e+00 4.469965194869880420e+00 2.523152566171949829e+00 2.238464813995462155e+00 1.728210861749764016e+00 5.066915269557165091e-01 2.648199754141655204e-01
5.279476167910091888e+00 2.944032327641840308e+00 4.620466984679216793e+00 1.229442572867841088e+00 1.671829864833717316e+00 3.497322372171075333e+00 5.783502987436163423e+00 9.407134840833467071e-02 8.388350898249909982e-01 5.211549028753669210e-01 4.379568286568148672e+00 1.391612965878053221e-01 8.782071810889566787e-01 4.739357012452477314e+00 2.535071451930114961e+00 7.350338268520699714e-01 3.954862395699003663e+00 2.652798420174476757e+00 5.410184325294874697e+00 5.260574215457981317e+00
6.080887602395762315e+00 5.284265303488790977e+00 1.566369846601780580e+00 3.821813090229796428e-01 6.067507655648505249e-01 1.940658061169497073e-01 2.511412707006690059e+00 2.569908627945905799e+00 2.939811624855978245e+00 3.261286896447272987e+00 5.899720137515718221e+00 5.025625551978444072e+00 2.369326210852598980e+00 4.902145164948091605e+00 4.419249591634723195e+00 7.263526187938665890e-01 1.329042601277903968e+00 2.715576097781076559e+00 3.066568092432657711e+00 1.954553127023289427e+00
1.423782276094577304e+00 6.115972617065448702e+00 5.621651500878529495e-01 3.071291599523406912e-01 6.056997598682640760e-01 3.918495812838362014e+00 5.046102625834089750e+00 3.659437904829825339e+00 2.754241953002243282e+00 4.987473947008423281e+00 3.506653343151236446e-01 1.093224163620718919e-01 3.856674020831627914e+00 1.349954045810869419e+00 5.272351015462381163e+00 3.096489166305401164e-01 3.489033472644044398e+00 3.621776807749326643e+00 8.119582792481929712e-01 2.682301310426538077e+00
1.263201567167276940e-01 4.033406951556595565e+00 3.300313699116663724e+00 4.399190028517802276e+00 5.043210212928144642e+00 5.534000272590590797e+00 7.874508286013583991e-01 5.994497544235533937e+00 1.622637523886882316e-01 4.626228744816812899e+00 5.253559549797971684e+00 3.875741817623596486e+00 5.558688440917399554e+00 4.332793989858994443e+00 9.018161515690120700e-01 1.291031109367960950e+00 5.059057382677853987e+00 2.879597710627702867e+00 9.955994437176008960e-01 6.225886986981695514e+00
1.143983094319459770e+00 1.121588185945519678e+00 5.653177427149205236e+00 1.101581320339293457e+00 3.739650375858230458e+00 5.589122377013882925e+00 6.171443877391802779e+00 5.162582148549103245e+00 3.994401697678676033e+00 6.131295035107679148e+00 4.949083913296267845e+00 5.902998919982812787e+00 4.891871769765249844e+00 5.533463320792228579e+00 4.085503685188005996e+00 6.126286802450000124e+00 4.220029207906628166e+00 5.710246697771051316e+00 2.270705385292504985e+00 3.340912723956447117e+00
1.663661024491013274e+00 3.691333271639066993e+00 3.851971210448674743e+00 1.615536785858120439e+00 4.844849487144671230e+00 4.946002457395700880e+00 3.597862227143865610e+00 6.002408714448918658e+00 4.524458216085487372e+00 1.912645180788300259e+00 4.840474767469083339e+00 1.108177598416539844e+00 5.266998649700726176e+00 9.215587793294147678e-01 5.397194548169671258e+00 1.804762726746760526e+00 5.773424564620062149e+00 1.586788361949519333e+00 5.885826561670610246e+00 4.949518963191990473e+00
3.404445186257486711e+00 4.259589605132395818e+00 4.769639740503232028e-01 2.513152999169972812e+00 1.722516785941954121e+00 3.923412627424401666e+00 3.709205674801946184e+00 2.503603075337138772e+00 1.171366997203691307e+00 1.526896996646711635e+00 1.873168627787378693e+00 2.077668266247278517e+00 2.645266066071572109e+00 4.153414235429669255e+00 4.164029292678645078e+00 2.790866993812282093e+00 3.340661242984317880e+00 5.750870862793769689e+00 4.463141116187522073e+00 5.214064060396482958e+00
2.988806124302772371e+00 6.516942410955002263e-01 7.554742685444011396e-01 2.007876614639923396e+00 2.375198791933813780e+00 3.538707437925871613e+00 1.888296074639361555e+00 3.329152699581707786e+00 3.124390680924007402e+00 3.595303557330766786e+00 5.628134723786107685e+00 3.791523962324239161e+00 3.545143234653036934e+00 4.430420033133450897e-01 3.802374124234590091e+00 2.626547795115708794e+00 5.750687364270293145e+00 3.779267763115083945e+00 4.522937450313817109e+00 2.380405032356403439e+00
2.326210702977094813e-01 4.626195682922710439e+00 1.323967043956295608e+00 5.739969795275001729e+00 3.381837538801297227e-01 5.862831051568723417e+00 2.436003877389560923e+00 5.274451528488565799e+00 4.677731072682263402e+00 3.030111418738008933e+00 1.690959188413994951e+00 2.334997811935331402e+00 2.876731549766657903e+00 2.673629756094577647e+00 9.779265962478177476e-01 2.266411250973845437e+00 1.161610408812957740e+00 1.205280686666108991e+00 8.772201542351548698e-01 4.680738960791734904e+00
1.976151355029681644e-01 1.391469900360597700e+00 7.352741421900778063e-01 1.773983932280163156e+00 3.827562084559188449e+00 4.594659988941808493e+00 3.155781425543244811e-01 1.297491460779580663e+00 4.132831747862820149e-01 3.579370540063234518e+00 4.014643280442903084e+00 3.341473579300750618e+00 1.201582385704161648e+00 1.679233514904819202e+00 6.046800964753241026e+00 2.322330494220344654e+00 3.461479148467594413e+00 3.563307285795476176e+00 1.760261581201554293e+00 3.594761921463503374e+00
2.927291758866111149e+00 3.445289217392931480e+00 4.559101931932555196e+00 3.740477459580731967e+00 2.870921644433081621e+00 1.560242596989401820e+00 7.667759224798992301e-01 3.132349604168995327e+00 4.050654776318134864e+00 4.495455317500802295e+00 9.966307572725746633e-01 2.787735473329417069e+00 2.237615589933929172e+00 3.919574929186806056e+00 4.028875964507759200e+00 6.170941020559868484e+00 2.393824726874216768e+00 2.997465820736848752e+00 2.084470893297525329e+00 1.937868333799721787e+00
9.065587394754444084e-01 9.995718073598552911e-01 5.381609829854317795e+00 4.863446203461246675e+00 1.085447428994822827e+00 2.485356096090005185e+00 3.072221254435909543e+00 1.135187064432003679e+00 5.970665154908703087e-01 2.405128066543675391e+00 5.798900686540722660e+00 6.203884825453429563e+00 2.337103261972513391e+00 3.830279165179546030e+00 2.283834602380115708e+00 3.577432796540022775e+00 3.407998827540588582e+00 1.130724463698580040e+00 5.597593639605294769e+00 5.452213762345368586e+00
1.055005732319726164e+00 1.840779670792641376e+00 5.838754909731626697e+00 5.834013204704411315e+00 3.335790253996930299e-01 3.549882026943580460e+00 1.288894490215945154e+00 4.594436633410264315e-01 6.226701269018215967e+00 1.321720952371567392e+00 4.287930695900383782e+00 4.196145394807780704e+00 4.768757770244289595e+00 1.506126245320328350e-01 2.849428370259448506e+00 5.227442668870589948e+00 2.689882037609033105e+00 2.463616081279788705e+00 6.119252402475801489e+00 3.125679562623444596e+00
5.241579917744788375e+00 5.797428183523757106e+00 4.810669169411886159e+00 9.540702718145067651e-01 6.021338459311993851e+00 2.527916491971407442e+00 4.315101464325233671e+00 4.491312807196792711e+00 5.630139223211432231e+00 5.381995643989284872e+00 5.449587211535465991e-01 1.754177377956430917e+00 1.099388550525459474e+00 3.786277160751585047e+00 1.870547061245570353e+00 1.637672398308158028e+00 1.738856810491699045e+00 4.252602167975923386e+00 8.625797468546129998e-02 2.264679822392954289e+00
5.900662057208999833e+00 3.173224802973263259e+00 2.212064852425945083e-01 3.767840014163029494e+00 1.494521613438173580e+00 4.679434239507855864e+00 3.568619206661416854e+00 1.299400239153843062e+00 5.394992799490704094e+00 2.142368889782096275e+00 5.719266028221030140e+00 4.327723105731982045e+00 6.081691082448225094e-01 1.836537772439073235e+00 4.398190093166147285e+00 3.629804516352094002e+00 5.672614852188301526e+00 1.768352039710961721e-01 5.849226080483572510e+00 5.313767302516529512e+00
1.516933176453410637e+00 3.471889963521613609e+00 2.545238280129225483e+00 4.542790986850863355e+00 3.412619167109670393e+00 1.170548858433151596e+00 4.255137690751933377e+00 6.093085661565120326e+00 1.124959901435876652e+00 3.242554774742985035e+00 3.936180429513931323e+00 5.839849782493981012e-01 5.361140497391044590e+00 3.452937194630341544e+00 1.556940589526972119e+00 5.431316967524784545e+00 9.613234133040677865e-01 4.121462700037025861e+00 3.535879029207987578e+00 2.272898987607157917e+00
5.825271137916048225e+00 4.713034242426745735e+00 6.976230924607869088e-01 4.731236912452451371e+00 4.807659032459284942e-01 5.590043312906279205e+00 4.339609006693541993e+00 1.003958616074148713e+00 5.927568086010873039e+00 1.483051449238888542e-01 5.074926019684328438e+00 1.524467009400106043e+00 3.798350811889180889e+00 4.861684671148416292e+00 1.006781803966981137e+00 1.694696108121803713e+00 2.235310135100093465e+00 3.698642278815277074e+00 5.922865540060300305e+00 5.087477529319942349e+00
2.568403686104935080e+00 4.817542131174369580e+00 9.082341439333300182e-01 1.969973785245013598e-01 5.306704859827257259e+00 5.986210371740878777e+00 4.419083790388802502e-01 1.676514396623189240e+00 2.700219959876578368e+00 5.537980583571707527e+00 6.275584612833637443e+00 2.986673077006447130e+00 3.601946235131194385e+00 5.534958009449735705e+00 5.110506841589667060e-01 4.753552769310853243e+00 1.106605967945270885e+00 1.175992664430238754e+00 1.039963925892938956e+00 5.424184854983665538e+00
5.606647578049808622e+00 4.031853249441040177e+00 3.228180722257955715e+00 8.575903340382583229e-02 5.372475572966134649e+00 3.743617744068958419e+00 5.385138479232348452e+00 3.685023891030110743e+00 2.916391239012438241e+00 2.641199210205808168e+00 4.287757256545698503e+00 4.135489812280253474e+00 1.855897021065948227e+00 7.878608367023345327e-01 2.591683221177099039e+00 5.068186446814193502e+00 1.228595580098758466e+00 3.999146846280130951e+00 2.091799539465649893e+00 3.681883077177149577e+00
1.101305206388242919e+00 2.940078013615289532e+00 5.590617371484678522e+00 4.287711610811152596e+00 3.056124373422720364e+00 2.454734866226224277e+00 2.787114070420700696e+00 5.553683373620700081e+00 5.095626096722421394e+00 4.427315909125569604e+00 4.861504299666861151e+00 6.197583599971373536e-01 5.191800191432734302e+00 6.736401306635459996e-01 2.171568276469137082e+00 5.940884032758827260e+00 3.106366167354652763e+00 4.387888671939597529e+00 2.872639565276375428e+00 9.853968311879707231e-01
3.968612770991534866e+00 9.186235375734592701e-01 6.994777906555470215e-02 2.957904327441048142e+00 1.880428374128469304e+00 3.374654856030315564e+00 7.381696527902955607e-01 2.507127180672941158e+00 4.409819649811850262e+00 1.342831818689880531e-02 4.061578768660377925e+00 1.186859508902785132e+00 4.231856885788444878e+00 4.756616494091432834e+00 4.187638141214113929e+00 4.044091117182450290e+00 2.946897264095314828e+00 4.106181881544781476e+00 1.105699733506855242e+00 5.978619464851775867e+00
4.056796766955113043e+00 4.196591813772898583e+00 4.596630202261377640e+00 2.666706089978782224e+00 3.852510954820286493e+00 3.109289532440355774e+00 3.411446713569666667e+00 1.852986797622858450e+00 2.881817603859411658e+00 1.267861052428757018e+00 5.367850867017348371e+00 3.236330166947116727e+00 3.091440716949093837e+00 5.589294884267798302e+00 1.742845264650592974e+00 3.173755880214009117e+00 3.872186671966914240e+00 5.857304415329338099e+00 2.595543420379885502e-01 3.221033654476421759e+00
4.657641547353135181e+00 6.277543570751761282e-01 1.592553596841332908e+00 4.440571625744364148e+00 1.429491814472067412e+00 7.539349866698745739e-01 7.695348680655387241e-01 4.169483603918665793e+00 4.523226831306489615e+00 2.001298231500011834e-02 4.640330672478040874e+00 4.670701834856759049e+00 5.112138597740123913e+00 5.301369578232510982e+00 1.456431471558996327e+00 5.816985971776158948e+00 8.546150368915687023e-01 4.949266347794766929e+00 5.313458337298880174e+00 1.070228521851608994e+00
1.572300643141944620e+00 3.466457439048085121e+00 2.366087904361257266e+00 3.970833204982762599e+00 1.707347742689867998e+00 5.601627411777545085e+00 9.351128583583958598e-01 2.882958500552323500e+00 5.324413467718851045e+00 4.443522797696538795e+00 6.090682725792749608e+00 4.960312432629218726e+00 5.757425343072875457e+00 2.108515678393876325e+00 3.318160566221457053e+00 1.657089409364017829e+00 2.596113002696140537e+00 1.931475225849884403e+00 1.545902017733626010e+00 4.808867542407951667e+00
6.012357507843797855e+00 8.238048214176313389e-01 2.663518093977715218e+00 1.736532639142570389e+00 8.554320305644864675e-01 1.013798561112826180e+00 3.732632209427580783e+00 2.745338726182497968e+00 5.255756162416546751e+00 4.713846764397603195e+00 2.366087244213699314e+00 4.161617911371572553e+00 2.660478295371098589e+00 3.400537763994903262e+00 1.119844598574387007e+00 1.232115272316431254e+00 1.377175491455454148e+00 1.940413441804114125e-01 4.506646397097774148e+00 4.705483212195669118e+00
5.740068179802795711e+00 1.185423494057321614e+00 1.136018606551442378e+00 4.295950471322288244e+00 8.403715353151249845e-01 8.031089214877413784e-01 5.839963626601726077e+00 1.738854766760776993e+00 2.104665968514065622e+00 3.690226062173954436e+00 8.565254134798472307e-02 1.433147222890437389e+00 4.816466101909605335e+00 4.168664235662775219e+00 5.622121851729069419e+00 3.305723107412200434e+00 5.411724466535421385e+00 2.428231793895725854e+00 1.620807381326837993e+00 3.834189208487847278e+00
4.703106180715744600e+00 4.925352208990513070e+00 4.480400001768025220e+00 2.092137973293562769e+00 3.871134531309980087e+00 4.916385324286489222e+00 5.121142099050172369e+00 1.070779091306373720e+00 4.027024557764359969e+00 1.927434035194492967e+00 5.402150276681058294e+00 7.066011297873777686e-01 3.677357787605874950e+00 4.679230363541519111e+00 6.631077502014212088e-01 5.963153656090747212e-01 9.116882680544084738e-02 1.495062177139659054e+00 6.991777231712695828e-01 1.885081606042735558e+00
3.777939035869585016e+00 3.214953127533373145e+00 3.109816730047922473e+00 3.117021376915407149e+00 5.360886294782929440e+00 4.007134672634158790e+00 5.577399184179913760e+00 3.859781764492871581e+00 5.976003289795883688e-01 4.786610077652216688e+00 1.613025957320148640e+00 2.729650464295488854e-01 3.824478198596005463e+00 4.038286027001296574e+00 3.947701076850528068e+00 3.565777495669804065e+00 4.314847121818801590e+00 6.015986020977716286e+00 2.863367065244756038e+00 2.089706833400524655e+00
1.742783488184844742e+00 1.971971687067092471e+00 4.376410559123521615e+00 1.776857941422089304e+00 2.027052862968012015e+00 1.464342737885524048e+00 8.104013419002707996e-01 1.230563111957519773e+00 8.067938368801638171e-01 5.151564608604477513e+00 1.024116504951202655e+00 4.471518111907356818e+00 4.042197953967648694e+00 1.217425978353676941e+00 5.123562967664763157e+00 3.727175321865487501e+00 2.791048586581254209e+00 3.775793001247877090e+00 3.928929049318934386e+00 5.783548873113075750e-01
4.072027227659877013e+00 5.606238624623214761e+00 2.372740563963268823e+00 1.066978968069449696e+00 5.584493310940408684e+00 3.615385193419021093e+00 4.821614422004392608e+00 1.042463826511346614e+00 1.051559421893031754e+00 1.008040215537333806e+00 5.941772539442056633e+00 3.594695247736628740e+00 4.923294690472793889e+00 4.579298514553547861e+00 3.485954538254560475e+00 1.414497351763975619e+00 3.764060521247381552e-01 5.526717516376322692e+00 2.261672018759667946e+00 4.009675145666592222e+00
