4.197336152899708850e+00 9.091157887846558205e-01 3.272270083836051890e-01 5.230854060248535831e+00 3.032924703418973245e+00 3.189426680291961969e+00 6.228675922512011631e+00 4.932410274995923771e+00 2.756936108877489744e+00 2.519494962683375139e+00 6.015966315297530898e+00 1.369875455895662730e+00 3.541210324640808427e+00 2.121033321052399057e+00 2.206320143155314994e+00 3.041136564080719307e+00 2.775981610185368709e+00 1.537328321049601376e-01 1.419463007857435732e+00 4.745299351114075748e+00
5.054798197156122441e+00 3.610660411293489247e+00 3.683708129711223411e-01 1.192081982161022902e+00 5.946938562678970364e+00 3.836172429045622140e-02 3.775790356221027988e+00 1.538491812261255198e+00 1.347546336237410269e+00 2.962641263917847212e+00 6.092082940505356703e+00 1.867219626699377022e+00 7.784189069998855015e-02 4.729961649771110999e+00 5.877997176506361221e+00 4.363604770920577636e+00 2.935251367314363868e+00 7.532138865964593810e-02 4.624766587290893405e+00 5.627804515883265246e+00
6.092852922404051519e+00 2.675099189611415351e+00 5.551026832118473031e+00 4.531369016445114362e+00 3.462249520969235217e+00 3.213081835844137757e+00 4.617629595916931784e+00 1.569872063158085140e+00 6.213324019277236765e+00 2.120589900413743401e+00 1.955425867777039972e+00 4.997742374860400183e+00 4.278473410685598388e+00 5.628210887716238453e+00 4.320536064528285536e+00 3.560540092139901969e+00 4.643385593654653754e+00 5.743332802098733758e+00 3.954818084908436226e+00 5.961664171071175966e-01
2.769902958529382175e+00 1.166404846047933486e+00 4.451354398345879204e-01 2.131578303217480208e+00 1.170858880042638717e+00 4.929434280874533947e+00 2.957782168241314125e+00 1.196505950858187672e+00 2.782738826995668546e+00 2.076407555725720666e+00 2.864699026373303425e+00 1.275413105137751801e-01 3.519710256021003847e+00 2.919486237299058207e-01 5.819615065677500532e+00 3.731232723116625127e+00 4.056103920515769623e+00 5.751777205095191192e+00 4.646257735743953177e+00 2.454847563459223281e+00
4.342911948612904638e+00 4.628084926646187647e-01 2.796285969714096264e+00 1.634641697804360971e+00 5.805373551053739867e+00 3.609435513905962178e+00 4.858958753027473598e+00 1.086435187114717760e+00 3.486240798509187222e+00 5.481657759943572295e-01 3.230481872656404962e-01 6.135234451204462092e-01 2.795099908499573349e+00 2.152633750731908879e+00 5.128732728114983708e+00 5.723469611647031385e+00 4.744917404863711496e+00 3.652450161722621491e+00 4.852401224451946549e-01 2.005502676961990804e+00
3.997477229400856924e+00 8.715671788535933606e-02 2.937336015526625488e+00 3.077785241934508420e+00 3.406789769055199368e+00 5.854607731214150901e-01 1.504935809202883501e+00 5.181530301747923062e+00 4.027726135674093655e+00 3.989013515052056147e-01 1.687076599512424835e+00 4.740382383476760886e+00 2.304991238147586774e+00 2.463391840380684705e+00 4.386271502737125516e+00 5.557754150485354927e+00 3.963954323409683234e+00 3.634985515777741649e-01 5.966030564308042017e+00 2.983094023019460028e+00
3.782820155592855560e+00 2.182207384428407337e+00 1.601697372985336987e+00 4.714836830448534966e-01 3.875417297767984603e+00 3.328349492121577491e+00 2.592456293447888527e+00 5.911930121076724554e+00 2.082587634630593598e+00 4.168670492391089333e+00 3.378386172181348179e+00 3.147021816613988943e+00 3.566608723148949167e+00 5.051392771193365050e+00 5.199476890405693830e+00 1.474435034802772826e+00 5.767986263617766340e+00 4.373241336968995974e+00 2.626947464781905772e+00 3.157017074336050833e+00
2.249399511202203605e-01 5.128704217718876635e+00 7.093059915086251666e-01 6.604176708784075256e-01 4.656457213322910071e+00 2.524612408639006933e+00 3.386559204002538959e+00 2.123522803057696695e+00 3.091322228688169194e+00 3.518316600772104508e+00 9.289325132135971552e-01 1.564450665990676947e+00 2.380912658789965608e+00 2.253829667672448966e+00 3.735350052839362167e+00 4.282403761513198681e+00 5.596652325491152880e+00 4.032480077090073500e+00 2.440745896212552501e-02 2.573737576837661134e+00
3.841608812797969730e+00 3.278998715690961685e+00 4.912941477059389328e+00 3.721350744607211158e+00 4.229912524911779159e-01 4.308263192183263257e+00 1.123620049209515637e+00 1.414476597393100610e+00 3.978965862707589451e+00 5.962403705788720920e+00 5.953990005230218152e+00 7.689218653330168740e-01 2.173815551756289377e+00 7.657087210485223894e-01 2.111809168488115951e+00 2.456088843557279411e+00 6.224511710276414256e+00 5.668737103219786633e+00 3.249657328440353626e-02 2.779170036401249710e+00
5.549782876760814609e+00 5.985124175407128710e+00 1.223529190253164645e+00 4.349497779712283574e+00 6.692023346621351898e-01 2.044979916628186345e+00 1.555351031438040543e+00 2.830375824148835928e+00 2.936066938680361726e+00 5.037471551236741618e+00 4.230854607273602852e+00 2.260541044229135710e-01 3.465491661180312821e+00 1.671493107013372947e+00 4.618068257436713786e+00 1.352040723727693683e+00 4.642682167627492973e+00 3.425898988682109625e+00 7.657611990937097657e-01 3.453333948260068897e-01
9.979148412564116111e-01 1.234798918796140343e+00 2.252984038415140500e+00 2.154325309938070809e+00 5.206094126779665654e-01 4.169845673001326136e-01 6.755426349244170181e-01 4.777648179200348011e+00 3.453948331053720011e+00 2.049321135069066102e+00 3.860829429635827204e+00 5.384462722927567668e+00 3.040314409883138502e+00 1.818959359048644364e+00 2.220102231617518296e+00 1.565096974150489650e+00 3.636801381975160563e+00 1.222949914111024938e+00 1.188749076947761552e+00 3.859738919655975486e+00
5.724109255897788628e+00 2.300034269212046567e+00 5.371973297932607139e+00 2.206205859967004468e+00 7.543786654423055571e-02 5.966291579685075064e+00 5.653011436921952182e+00 2.962326884689218676e-01 5.502997120506217144e+00 6.887730166171646129e-01 3.834929525110826187e+00 6.101005266636176927e+00 4.322273705598660976e-01 3.961163908308543036e+00 3.663101423251330591e+00 1.429723320013985388e+00 2.728734222445443613e+00 1.091435579726969030e+00 4.802230436130361824e+00 1.766507927364286079e+00
4.203992608916333196e-01 4.214989861393044102e+00 8.894307332143329692e-01 5.728308547972101650e+00 5.768317324644124611e+00 3.309926384154366907e+00 2.286630893009613530e+00 9.262656162306887042e-01 2.054203518067168499e+00 4.790382039255032254e+00 1.097541995483627630e+00 2.791862566841898818e+00 1.281199419462252020e+00 5.954850604539607239e+00 4.410212522594949114e+00 5.217420424189209704e+00 1.597890318501242968e+00 8.634187140837564778e-01 4.460827829069175188e+00 1.126058384037129434e+00
3.526701370068413333e+00 2.055386783922601879e+00 5.414706575400677124e+00 1.888489092535615921e+00 1.214947217590528483e+00 5.378928053330103154e+00 2.090439722901420438e+00 4.786353975460128751e+00 1.723021209742414017e+00 4.527264953948888504e+00 2.480356932998350195e-01 4.373955326906771468e+00 5.584044283601723002e+00 5.296813892193411810e+00 1.722611891222008751e+00 4.360910108214386405e+00 3.224128310775704609e-01 5.715461886699015004e+00 2.750938069986568646e+00 4.760798872481083244e+00
4.333188922144324273e+00 2.952639276047411609e+00 3.608761781483519115e+00 2.300709873105029057e+00 2.639315382749462202e+00 1.157152418166059071e+00 2.585515432574936767e+00 1.153103983262663501e+00 4.343841242891090637e+00 2.396481257528307651e+00 4.614529032039053291e+00 3.057911241717751749e-01 9.797362845378860818e-01 5.936482901760730790e+00 4.144860910309970947e+00 5.279191227141601495e+00 5.766343080403451893e+00 3.495522170190471734e+00 3.968291096548425045e+00 1.471299041269363617e+00
2.402747920101417023e+00 5.120363154242706827e+00 5.961575545601449200e+00 3.282610739902652508e+00 4.353041567825647107e+00 1.324706943538628501e+00 3.023739804284121924e+00 3.515344150291387582e+00 1.192132392335391033e+00 5.271920565164113448e+00 4.326229595814294893e-01 4.666157736316081106e+00 4.003169884621232910e+00 1.974318131381328945e+00 3.189943898635160924e+00 4.824552040413274234e+00 8.499046488533340549e-01 1.615699277322248717e+00 2.070653277770073242e+00 2.733151950241401007e+00
6.137999263631764180e+00 6.072478734236225195e-01 8.232612109975414594e-01 7.400610923931949525e-01 4.270130861868967287e+00 4.972811442451899211e+00 5.526037532739623614e+00 5.474047838042381819e+00 3.561129904992296868e+00 8.637187714917875514e-01 3.848724923136753073e+00 3.128666372365859427e+00 1.114223501888741863e+00 5.484089970872252806e+00 3.746390226937226675e+00 1.617055846657829310e+00 7.947915703573269486e-01 2.910105716381341523e+00 6.872633470799039968e-01 1.658054725391310935e+00
4.184439239828646961e+00 1.436547634349417679e+00 5.617470900357618646e+00 2.903601754216632358e+00 3.276326238769001531e+00 5.141981028627273353e+00 1.771190655344072162e+00 3.003750373354240888e-01 2.448011757914923425e+00 1.830423166985739591e+00 3.126216153553198485e+00 1.674988862758180153e+00 1.819990268676643597e+00 6.051569621788120301e+00 5.595743141430626011e+00 6.472304513090085809e-01 5.533844409176634116e+00 3.116727815277371416e-01 2.012026377115908371e+00 4.209418044884401411e+00
3.494384971765020609e+00 2.567299373590521849e+00 1.573518028438521288e+00 2.168174955659325498e+00 1.072428300599529871e+00 3.897040115680095784e+00 4.756557201729693096e-01 4.579060112756631190e-02 2.402115757911592819e+00 7.584581486490065139e-01 6.278156522018743857e+00 1.957234881848021413e+00 3.553311583134332707e+00 6.161880514349124205e+00 7.286830231871500863e-02 5.649804519408428760e+00 2.148767673606970519e+00 2.845610891700428802e+00 6.801747386217932290e-01 3.999085265352227303e+00
3.150368183498099550e-01 5.210046307067623950e+00 2.588005903100301097e+00 6.169860888222876483e+00 2.152537076708820774e+00 4.868673605366011792e+00 9.720076873269350992e-02 1.026954016721626672e+00 6.026011251841003613e+00 4.680748699277812896e+00 5.388391827876875873e+00 3.383544809407763587e+00 4.744195532569261076e+00 2.739751096063049562e+00 5.844645179015200753e+00 2.798125962144554890e+00 3.340000932057529237e+00 2.126940974389977868e+00 5.302153792928636200e+00 3.163109148919911018e+00
3.208830191652443653e-01 7.127492348186457161e-01 3.709776526132731345e+00 4.440200673461223602e+00 4.475360459294969395e+00 3.885926401711084388e+00 5.963529976640646879e+00 2.485844966531425726e+00 2.687525060593231263e+00 4.464959032790961624e-01 6.202762812729536890e+00 5.119699098838029094e+00 3.850288823548623895e+00 2.601975579164076624e+00 2.698474144616995196e-01 9.882854214909989610e-01 4.591302952786609382e+00 4.509451683535229627e+00 3.020383001532404688e+00 7.755437216530706168e-01
4.839596576213266665e+00 4.157942503024639969e+00 2.412803835941887520e+00 2.588657802236619676e-01 5.704745592374223406e+00 9.534434661713561132e-01 5.301022764078566762e-01 3.954461186396077021e+00 2.395160749235299313e+00 5.648217360900974704e+00 2.826129129416333985e+00 1.890442180182898557e+00 8.862192669104653753e-01 2.879723870116039475e+00 1.593048620976443397e+00 4.605097967287469451e+00 3.099332248032265369e+00 3.384775674674408208e+00 1.913236121964984937e+00 3.025914613520450658e+00
3.259518860189341449e+00 8.767762554718422363e-01 2.779292051169314881e+00 5.187651928804259960e+00 4.714924020057374321e+00 3.257168687487374648e+00 4.660276176725069774e+00 4.250014973865100743e+00 1.114437358084027219e+00 2.051654819484657111e+00 4.011910841760259139e+00 3.082493288378318930e+00 5.458022992125314943e+00 5.924235111084528604e+00 1.435663346328765355e+00 1.174907822520792289e+00 2.760534537192883553e-01 2.914507294004565985e+00 9.292554607130305566e-01 1.590058715056408500e+00
3.765914153030882616e+00 4.587050815420379735e+00 7.452649038167359630e-02 1.182865588555992664e+00 4.280331531198524470e-03 6.110080241316814265e-01 3.929115378765726696e+00 6.040542553645492418e+00 5.682068933657888010e+00 4.825250975482050508e-01 5.395525004636095190e+00 2.582303423098662731e-02 4.890073732344898616e+00 1.352929665688873850e+00 5.678244969703480471e+00 6.185716140581804190e+00 2.619046309830149077e+00 5.884046303233451347e+00 2.146005199750697479e+00 2.050707775717683923e+00
2.356965298352679206e+00 9.741680630266070784e-01 3.334778389368211027e+00 3.800282783942090514e+00 2.314624302947992263e+00 1.625438817813323000e+00 6.052483593774130810e+00 4.926752435327202417e-01 3.998829378911397558e+00 1.797150955991192678e+00 1.127068000112866786e+00 4.976112984653068061e+00 5.045883633641789601e+00 5.167550992523191056e-01 4.853615223330649542e+00 1.416434419669752254e+00 1.136828900063325376e+00 2.988102494722926217e+00 4.415724417018261683e+00 3.537188293646212234e+00
1.996765987181216229e+00 1.232020798752261892e-01 3.382949680439388374e+00 2.667537237323783117e+00 5.650062467384748821e+00 4.498990400255554079e+00 4.330270222202806107e-01 2.765938966208064009e+00 4.892994853775821440e+00 4.576956462795907399e+00 4.927527685774484745e+00 3.654304436726753202e+00 1.102617702878832956e-01 1.138411212527144611e+00 3.109198894198974550e+00 2.564551222378216533e+00 5.396421822797930368e+00 5.672880047374864176e+00 7.356882253463258303e-01 2.849064846082089542e+00
3.359692827823378636e+00 1.829150487169859618e+00 2.216362501914800553e+00 4.402970687505808334e-01 4.737657595704709124e+00 1.737739949986349508e+00 4.211657081543246361e-01 3.472131221802422729e+00 1.121026665683104273e+00 6.204423224493793576e+00 3.504095326601254445e+00 2.502116426510891056e+00 5.726939865293046772e+00 5.407849798986364975e-01 1.442792265059996915e+00 1.489011300561092765e+00 3.393854778126129901e+00 5.450438101835495708e+00 6.119656631971125194e+00 1.906146642343392816e+00
4.156065623399339160e+00 1.319530885671502674e+00 2.796655443342964009e+00 2.350652437774378711e+00 4.270391599433210672e+00 2.790320914670393115e+00 1.368944770277295220e+00 3.238926250567300880e+00 4.890163738390214121e+00 1.797371481144230732e+00 3.660991002967091124e-01 1.298763262412095720e+00 1.793762261690681648e+00 4.452702079468151553e+00 4.869880806594919065e+00 5.886626225976192117e+00 1.874169453111689254e+00 8.756287039195418398e-01 2.722149425697105496e+00 9.836670117925400136e-01
6.257558127310844931e+00 3.860920587652591163e+00 1.971012286640139444e-01 1.443561207615546606e-02 4.476652885129945858e+00 7.545341640648979276e-01 5.676748479450706597e+00 5.983018785319583088e+00 5.552540462277391065e+00 2.046686117745871059e+00 7.078256238120859134e-01 3.743226482294711221e+00 4.819715633356183027e+00 3.087870789794887383e+00 5.064337009076587570e+00 4.523792935105065971e-01 3.436189244643812035e+00 3.251628741557709645e+00 4.789087199476372625e+00 5.022818567357319353e+00
5.006626556475505252e-01 3.857320412576577429e+00 6.027781726431130416e+00 3.870223477339559182e+00 2.164317148208320662e-01 2.740281021557664953e+00 4.436086281037441736e+00 4.405365147212985555e+00 1.779679312331968744e-01 3.494960089922205970e+00 1.773532857448357758e+00 4.500200368704356357e+00 1.836906067682505084e+00 5.391957406747765802e+00 6.030278687705059149e+00 1.540257692193510497e+00 5.759330213532647846e+00 5.839222464058654083e+00 3.279056998833421499e+00 5.154244714461354349e+00
1.985286544744874204e+00 5.565339325664084846e+00 3.064654189860050781e+00 1.673408265760574887e+00 2.778583230374689350e+00 5.539340656929817364e+00 3.918281050640723517e+00 1.082832746972302695e+00 5.815718301233427034e+00 5.806228379970859166e+00 3.989803734482989306e+00 2.675212316411062830e+00 2.014956630784209946e+00 5.417344035025350557e+00 5.105910319186133250e+00 2.531022011124951288e+00 5.295798344898610566e+00 4.811507855579248094e+00 4.668291902296746620e+00 5.299538540956882926e+00
2.503310317065373436e+00 1.285740085360584484e+00 5.789788950103171850e+00 1.628723387361523889e+00 3.350278472104176952e+00 2.520931976446476153e+00 1.493178499115828561e+00 5.802824681154160835e+00 9.802241114907420672e-01 3.971788787194033166e+00 1.174372084085218315e+00 1.943568956592827135e-01 1.683218197086757018e+00 4.507818125073260518e+00 5.969532723503147231e+00 3.299239592762962303e+00 4.930256643075705547e+00 3.936048012757906722e-01 6.643596227039908486e-01 1.035311930866072982e+00
