6.035103589337381669e-02 3.733212690481658047e+00 2.017550803609757804e+00 4.794860345510562616e-01 4.623307732271676684e+00 1.278737214137410705e+00 5.584782538496642079e-01 5.015175678268587234e+00 6.019273949395326007e+00 2.421534958164502260e+00 4.322810757570541895e+00 3.288864325839873093e+00 5.054733091584328264e+00 5.364357394637178089e+00 3.403530320451681135e+00 3.380481933763197055e+00 5.176552281968962443e-01 3.828990606566987420e+00 6.245760258845805879e+00 2.874276311574877951e+00
8.540940938829888474e-01 4.244736925732263133e-01 5.339513088585720268e+00 5.975402142802350269e+00 1.623390724612370439e+00 2.209636698630941254e+00 5.844494454222571633e+00 3.972828534413524348e+00 4.670949615771758268e+00 2.394048303756187046e+00 2.636008690746969307e+00 9.196919122541181713e-01 1.674485525582116274e+00 6.875100957500956955e-01 2.605447358816072589e-01 4.984901588487087309e+00 6.015254772314514220e+00 3.325939186768384070e-01 1.337103515685829080e+00 4.134908318426454343e+00
8.450955018550314612e-01 3.430569722289141588e+00 3.059587297704331021e+00 3.383271581341914747e+00 2.405126529219107911e-01 8.668094682103618664e-01 5.470716424596781202e+00 5.234862058631341242e+00 3.898768360858653637e+00 1.591154909832041886e+00 9.028714696647145432e-01 6.080894106677545707e+00 7.351745516142620396e-01 1.281545298712606085e-01 5.892202301711995993e+00 1.570054863338387507e+00 6.827484785127431177e-01 3.990494616297289188e+00 3.572066227213584355e+00 6.173958912940672228e+00
4.069269695624164740e+00 2.821577643660317491e+00 1.449997340914014554e+00 7.681956253959758563e-01 2.894441197936081789e-01 4.832262419483974725e+00 5.246088859590880560e+00 2.682377797984257128e+00 2.014244900558586071e+00 2.373603408409980520e-01 1.441815502947579652e+00 1.495559921287123117e+00 4.373403638247790326e+00 5.925239147389288696e+00 5.257402733049458377e+00 5.411078075118627595e+00 3.437057138862049666e+00 5.195699159579061366e+00 3.187206524280507214e+00 5.578078250316113262e+00
4.882547529837923506e+00 1.162301716670999019e+00 1.249365055569940708e+00 6.241503994132121313e+00 4.807182062822726643e+00 5.082666654493078084e+00 3.631991551575622701e+00 3.542357169433854924e+00 6.242376756520752856e+00 1.630952881932902665e+00 3.344293227922401357e+00 5.735412073640443475e-01 4.787252217933843035e+00 4.800299917441767761e+00 4.590502935702452270e+00 2.738575841910203312e+00 2.940900999855375897e-01 5.726854090596254387e+00 8.768121419963147423e-01 4.067427501838621673e+00
4.650722485816963570e+00 7.834128338144294434e-02 4.980617430215088959e+00 2.356073733622228161e+00 1.201365640760066800e+00 8.607313210148443972e-01 2.747792525444735734e+00 4.761581281286927592e+00 2.317066272718196096e+00 4.809204326846530542e+00 2.846781305331718137e+00 2.473982242964307132e-01 3.904579582410489635e+00 2.322609655931743067e+00 2.254119905805644031e+00 2.672299386312350311e+00 4.057355302216455684e+00 1.917678206501799432e+00 7.368148515828720768e-01 3.706355769769085651e+00
3.699454637798566203e+00 6.119184915069832975e+00 4.322117020814435939e+00 3.358312546888071903e+00 1.915919426184225172e+00 4.063368534905764662e+00 4.731915139778048562e+00 3.874435527991778594e-01 4.533714581480858818e+00 3.210474755496361077e+00 4.735753610926735746e+00 1.222529110052510637e+00 1.540785500343379688e+00 2.251905542709102814e+00 4.403112858125939333e+00 3.347530258761649780e+00 5.025558863045827884e+00 4.581745908955190849e+00 5.222071518275305024e+00 4.371000093219145066e-01
3.772867238623639707e+00 5.248365888294060255e+00 4.164560595403750121e+00 5.390855200353326993e+00 1.561822085346282529e+00 3.132720174106043975e-01 4.491241484473876611e+00 4.490378412624351334e+00 3.948045319585214430e-01 7.142376850042568837e-01 2.239010793829688595e+00 6.248406843940640387e-01 2.094145914314674783e+00 3.277472939475291724e+00 3.753746421919306187e+00 1.878447877518251152e-01 2.253516464505912253e+00 8.143477053624414985e-01 1.064725194075864190e+00 2.664829332551312380e+00
2.005949176703273884e-01 5.131206895038117111e+00 3.730784238699927258e+00 1.841438924484610773e+00 2.644113940337339486e+00 2.373943443821181276e+00 2.858460646573165453e-01 2.716781609178493540e-01 1.232638200868864997e+00 3.806934453788434203e-01 4.070178083758343446e-01 4.210717279646521760e+00 2.815254339913846882e-01 6.164068551577488897e+00 3.682892669543750497e+00 5.850305582579022889e+00 5.257843486264576427e+00 5.626496684954047645e+00 4.072350596595160077e+00 3.324147398282756516e+00
3.532805938511214272e+00 2.698701482182229050e+00 6.230485210070838775e+00 4.820142431481361456e+00 2.416872045649067768e+00 1.358504775878513593e+00 6.070456179712655498e+00 3.991459777154901634e+00 2.756179382021219038e+00 8.843120890245314003e-01 4.269961965839266682e+00 4.775689854461509398e+00 4.380572972091548500e+00 5.073833604182087065e+00 2.840843023451106397e+00 4.703489450413838036e+00 1.132003630635083358e+00 3.203014065408428923e+00 3.405163338384124661e+00 1.861652966197073322e+00
5.862318575317899683e-01 2.869849698788702774e+00 2.957123752723350041e+00 4.482430802911141043e+00 5.152719003525523256e-01 5.425881241578877301e+00 5.906557445829483832e+00 1.336432689704275756e+00 4.165015482525346258e+00 3.334867016281743535e+00 5.948827629555967889e+00 2.312935116054799234e-01 5.403778258870979734e+00 3.671890038882483775e+00 6.141405088866789264e+00 5.525920211219178313e+00 4.831265054393846015e+00 3.334826017418830446e+00 1.111663082934959412e+00 1.576421591986630677e+00
3.574023581973204688e-01 5.577451191143777187e+00 3.085646711150924482e+00 3.973361640584438970e+00 5.926014372759126347e-01 2.126388471772784616e-01 6.031576678812935022e+00 1.072124733588657897e+00 2.151856550421282210e-01 4.546974445792321795e+00 3.781052943990623305e+00 2.191145133614405438e+00 6.268610261656574423e+00 2.131643163910199146e+00 1.071739071526682352e+00 2.462617370830159302e+00 4.450662188676696829e+00 5.564834762489939912e+00 1.028566979990601926e-01 3.436961531732420028e+00
5.081283357276038082e+00 4.318021297663119817e+00 2.667026288836916947e+00 2.363400755182056834e+00 4.449848797377248921e+00 3.337615252268287147e+00 3.326051844877082886e-02 3.086744688474736265e+00 2.963426290318521783e+00 3.095544675797863299e+00 5.538203065095787636e+00 3.950466241840913995e+00 5.989411423680540913e+00 6.062363786311872893e+00 5.174192833220793375e+00 3.398527012343613762e+00 5.224383298593130220e+00 2.094949114953600644e-01 5.016869108105950659e+00 1.370351929133154956e+00
6.275191019413618676e+00 6.108057151736886681e+00 5.356077912948755682e+00 1.989886934087755410e+00 5.581147860447146947e+00 4.584202006062449541e+00 5.228588076331215362e+00 4.641989352058099705e+00 3.213972214946259065e+00 1.930273081795114143e+00 3.794897764357497483e+00 3.544285059698663698e+00 6.168967404080143879e+00 2.875944603727118576e+00 2.828437698507067832e+00 1.496875875677115442e+00 2.097414955515604362e-02 1.541920435253051558e+00 4.573524550701503877e+00 2.819426230491595131e+00
3.467967915202728069e+00 2.348497723662381187e+00 6.750924065144261466e-01 1.877733943800802274e+00 3.423235803650147346e+00 1.237590702772821238e+00 2.940771567778942774e+00 5.996120448495207533e+00 5.246353261564934201e+00 6.148647225527027693e+00 5.031307511716165415e+00 2.397364040822730136e+00 5.612024293595705871e+00 6.103781110723457637e+00 5.169894944274849635e+00 5.506718462951196713e+00 4.477686051990377614e+00 1.303426618497373957e+00 5.059339351767211390e+00 5.318563717100158073e+00
4.286118884586604949e+00 2.791804519830983211e-01 2.242461743864155643e+00 1.331869727581448615e+00 4.031042750885251991e+00 2.191648251930224500e+00 5.785400977868449424e+00 2.152063654863371145e+00 2.570037065065161386e+00 4.777853434238749308e+00 3.777227375082799821e+00 4.525213957391384767e+00 3.507531024058038405e+00 7.207020772158759803e-01 4.873787196927032439e-01 5.817646251745212993e+00 5.989052235102249711e+00 2.280236658181047371e+00 2.356703677203664693e+00 4.835285005697365079e+00
1.420554404866043896e+00 5.791091376670345348e+00 5.094049521586091700e+00 1.078880518664831589e+00 1.425431480309377941e+00 5.872931383426958973e+00 5.227948906105854832e-01 2.636293828564527431e+00 2.230900546598070466e+00 3.603483397924984732e+00 2.970470337750686252e+00 1.686891725081722804e+00 4.743441392868979811e+00 5.945839467963563996e-01 4.559652130132658243e+00 1.037404598652896803e+00 7.937119424097609510e-01 4.621612531418133329e-01 2.262725274645537576e-01 2.341178822884975919e+00
3.803304325840394462e+00 5.392041859519083324e+00 4.190336594216099719e+00 1.185915948919609386e+00 1.584389604512276284e+00 2.509790893361982356e+00 8.330321037137888851e-01 5.649960974439839134e+00 5.453703166562533511e+00 6.272683335912082825e+00 9.049061747272461043e-01 2.950041921421270086e+00 3.313742487630292999e+00 4.164087459163953397e+00 5.372748727154214698e+00 9.998028827794727125e-01 5.178346335606942574e+00 4.351198915882302565e+00 3.613499894154626801e+00 5.574805788149956420e+00
5.162829180960391895e+00 1.111072933124765072e+00 1.213799740339217781e+00 5.633565338919542143e+00 3.081168031523517037e+00 3.291388039436564661e+00 3.304353528741995394e+00 3.160336994798298882e+00 3.698117089421358639e+00 2.276475787319585109e+00 1.588957327209462811e+00 4.093652463147238407e+00 3.151945310115315202e+00 3.574558294808859227e+00 4.683659557019892006e+00 4.027354046339239740e-02 2.549387438332982647e+00 1.799965731198152508e+00 5.716297792861331217e+00 5.170223413719632788e+00
1.285378008540124295e+00 1.140635715195439159e+00 6.076125561955134202e+00 4.204873842106763959e+00 3.242521194326513090e+00 1.820932158398995027e+00 6.030210445813305453e-01 4.998266018935288990e+00 2.139261958257445251e+00 1.650449947126578776e-01 1.927163193218281112e+00 3.443069241319114848e+00 5.122310088944835194e+00 1.386899795456479623e-01 5.405125267460205940e+00 4.829895910156281502e+00 4.005076022144304027e+00 5.012908165791731818e+00 2.656295921927009029e+00 2.581786278811906143e+00
3.872725736234826854e+00 6.160557976019424231e+00 4.350799201330512567e+00 1.796447402400521420e-01 4.294282348123431348e+00 1.259928643876651488e+00 4.533382629877806380e+00 3.963160784642100420e+00 1.564861983358612596e+00 4.846190700925657957e+00 3.756714352105611887e+00 5.734942653551301284e+00 3.350654535998944805e-01 2.948399745222128221e+00 2.222841785535079495e+00 1.676023098055973604e+00 2.844741792607686226e-01 1.596285931818197668e+00 5.867708906574608391e-02 4.578511055622790926e-01
5.985520830154223759e+00 2.499313377485271381e+00 4.490148999193356083e+00 1.823590247463859670e+00 5.277447793128883013e+00 1.087523885839664528e+00 4.426047910553669418e+00 3.844003973792802675e+00 1.762519383643676107e+00 3.526978565900974694e+00 1.138492869496954052e+00 4.110752282292423843e+00 3.689556125700154343e+00 5.613859399009428763e+00 3.833900124721035585e+00 4.400305115463242454e-03 4.637936183675857471e+00 4.468616748912709546e+00 3.319157451493558453e-01 2.227352946355927177e+00
4.139486533499061593e+00 1.023683603416355892e+00 5.369701800379262480e+00 5.348242815149211182e-01 1.891004861555710681e-01 2.672029097922026253e+00 1.616185093391516947e+00 1.959698766984947715e+00 5.278196306628969658e+00 4.180089563971757016e+00 3.378199256302522713e+00 5.349524668311453013e+00 4.014208320716715406e+00 5.890789459285753260e+00 6.563834085855880796e-01 3.606729694801724229e+00 3.687995807345318511e+00 4.154856317335421600e+00 2.595573902028239566e+00 3.510252091498382132e+00
1.478297118377259467e-01 4.351231932921126422e+00 4.071271376188327906e+00 4.788118794711229143e+00 4.981533604906513979e+00 9.242818327848223436e-01 2.730150916159912011e+00 5.853249949061846813e+00 2.307666332711726387e+00 3.267649541861815443e+00 2.266409491531732989e+00 4.109394921425599811e+00 2.998861252941761091e+00 3.715390777349434348e+00 5.510498358327458490e+00 5.214832172086483197e-01 8.578626860445788260e-01 5.931507609087089072e+00 6.266568617901741689e+00 2.087424855372811638e+00
6.002116282217721199e+00 3.887770941954249881e+00 4.792614743565208002e+00 1.596750355098191632e+00 5.618894215769063116e+00 5.481382450557027219e+00 2.044371125535554334e+00 5.380600547797794952e+00 1.968305683712349430e-01 3.483693037746519394e+00 3.072500402646929807e+00 5.111384337407970158e+00 1.428207516735769289e+00 2.259277292314103569e+00 4.818283357135422662e+00 4.399445388148426339e+00 4.853245793581247192e+00 5.495969305627665946e+00 4.002333665444107957e+00 1.149154025566542225e+00
4.594080032407755532e+00 3.199342476001843849e+00 2.959196237742889757e+00 3.066254278677252199e+00 2.816892775894243250e+00 4.691929186680217967e+00 3.967084355337210599e+00 5.149810565590191125e+00 3.710633375127825762e+00 4.716654208957917205e-01 3.323432129189131334e+00 4.236784722046753160e+00 2.007626758182418758e+00 4.380494415635646455e+00 5.264196559965858668e+00 5.619643868962853617e+00 7.137395977647707779e-02 1.725511638851014773e+00 5.273040524530315798e-01 6.241682314073954352e+00
5.702199496074864093e+00 3.067693735785247178e+00 5.241218222639370872e+00 6.851675264724780279e-01 3.226337732413120829e+00 2.462567789357138714e+00 1.088322567238529714e+00 1.692651861670027569e-01 3.532487685116134646e+00 1.372254668119064158e+00 2.101157024649346283e+00 5.755215168192512998e+00 2.216884708851121655e+00 5.028901210562844781e+00 9.314529603222696519e-01 2.132663167387908398e+00 1.088905786951004151e+00 5.808478657065963446e+00 1.876458148334690268e+00 5.676202255600396818e+00
7.108049238336441311e-01 5.031043295645493352e+00 3.679771097725038853e+00 3.026930570409041010e+00 1.159277481531205467e+00 2.320534169935762614e-01 4.020251626968395442e+00 1.117872485858881326e+00 3.351036954593588496e-02 2.718023155956588166e+00 4.693448459411691864e+00 5.003113744136786778e+00 1.582414586978540427e+00 8.029046807354142112e-01 5.110907363369953771e+00 5.568563255929156242e+00 6.068341853070206848e-02 1.717908284848129075e+00 3.239909060099915195e+00 4.170894498414281060e+00
1.047956651766172698e+00 5.288066512228930982e+00 1.025381729960508137e+00 6.037180134756066963e+00 4.969956315310022354e+00 1.950276472704356889e+00 1.294413245944556978e+00 3.323224931862802212e+00 9.801877369442324461e-01 3.058281432569202041e-01 1.708966320534333949e+00 3.884099891154749518e+00 4.497500750168103245e+00 3.055543005746756524e+00 6.948647979190739621e-01 4.719107674437966971e+00 3.665925059377475037e+00 1.304953492343761123e+00 4.063278676081310437e+00 1.217475475903964766e+00
5.218853292683064637e+00 4.633975061463218914e+00 3.023943955208380219e-01 1.758719486164927126e+00 4.436223562068987825e+00 2.371963403505603640e+00 9.731696893354818689e-01 4.350966457788207009e+00 4.241844413048716511e+00 3.842399502853333537e+00 6.232249168732740922e-03 5.133867555997386312e+00 2.104014236809527816e+00 7.554978028437253634e-01 5.142192570799853257e+00 1.015895727454567021e+00 1.294025210716134078e+00 1.462591550856578326e+00 5.230463720025833041e-01 5.066510037166584546e+00
4.206155811639611386e+00 3.515138279709740576e+00 4.350918983152007868e+00 5.280290597747634429e+00 2.867624340351597301e+00 1.180809908738021941e+00 3.831004923606989632e+00 1.614650123326304421e+00 3.583781800257552774e-01 2.693396601265094059e+00 4.567923734800843683e+00 7.685089363806287821e-01 3.177035477988094492e+00 2.869270276450706536e+00 4.900784854207911323e+00 4.039461037341105509e+00 5.789093880646979606e+00 1.316174671805908192e+00 4.930932330364218963e+00 4.528104024489111090e+00
2.057068496627887377e+00 9.385404512619430761e-01 1.559397487941085014e+00 9.552323937729070846e-02 5.324566591015318373e+00 1.085279387716165944e+00 2.192355939393625164e+00 1.231752262316416102e+00 3.998563331096233409e+00 5.043653644825011106e+00 3.388491241294017353e+00 5.304759533469431965e+00 1.304831518011898561e+00 2.772900551230540689e+00 2.571347895951041629e+00 3.208923097232401656e+00 5.500308349345634618e+00 8.300542740329754920e-01 4.828895119984276008e+00 3.498378141125046525e+00
