7.478991282438092192e-01
7.295412279367541331e-01
7.252451319827494247e-01
6.945299687590017479e-01
7.435393335717739305e-01
7.351038793634478985e-01
7.257359495952913075e-01
7.184294521922225396e-01
7.233210647401964177e-01
7.317014627998450482e-01
7.051508049417976043e-01
6.719146989849816842e-01
7.514652969952539951e-01
7.462369534572443897e-01
5.939706646138536161e-01
7.370487571282445804e-01
7.218374103505650341e-01
7.342973740698126583e-01
7.600626450465217676e-01
7.261127019884352496e-01
7.502591948292879342e-01
7.337075782931047341e-01
6.991773424387930369e-01
7.482505211185015437e-01
7.249916921890735555e-01
7.503764498786923420e-01
7.411061891500363430e-01
7.294836592223059579e-01
7.007506898129463035e-01
7.497528426213407871e-01
7.453539836418480169e-01
6.833301306413713805e-01
7.191620176509637696e-01
6.953867511740272622e-01
7.071215955446522594e-01
7.327334252463572062e-01
7.364370433811386896e-01
7.364570911845831347e-01
7.299178500452855323e-01
7.566323030811197281e-01
7.416488779322610858e-01
7.016942205576196523e-01
7.543032467717684098e-01
7.572007234765923966e-01
7.327195376436068663e-01
5.914362964290377223e-01
7.206677495995528204e-01
7.291528664884030508e-01
6.412720082126013299e-01
7.440957280966147280e-01
7.338328465230310460e-01
7.211893152611166258e-01
7.629159213952914076e-01
7.115892538999686323e-01
7.250775887076181814e-01
6.787103676856534040e-01
7.243167780705884740e-01
7.021325825727344760e-01
7.366172760952557352e-01
7.092827087244140127e-01
7.557179893830597850e-01
7.342665030501370760e-01
5.632797906749343886e-01
7.315286105698881602e-01
7.650362714072187487e-01
7.272464600071594232e-01
7.229606738637902597e-01
7.044526843170009212e-01
7.274599786571224191e-01
7.228961443387450503e-01
7.187075099440445314e-01
7.454087314965474054e-01
6.874175672797017134e-01
7.437194107481658323e-01
7.316261192076212172e-01
7.324276458395194700e-01
7.464095920888657032e-01
7.339012871003263161e-01
7.277947842818558444e-01
7.337416711794317870e-01
5.876543010985354476e-01
7.061832524834135150e-01
7.119463461250070679e-01
7.484272941089212816e-01
7.568786647129551737e-01
7.536693007383749032e-01
7.319418457567261616e-01
7.452932030392515061e-01
7.329261756516513016e-01
6.584528935526412496e-01
7.629786288981091902e-01
6.639045259507028174e-01
7.383187880221290245e-01
7.225900252956789505e-01
7.251387472693137104e-01
7.392982573803456026e-01
7.347646222588342102e-01
6.765390462637910218e-01
7.378804108558774111e-01
7.466597062046599342e-01
