1.093952724656358511e+00 4.943251445539954547e-01 2.841063723418702391e+00 3.498939306322465193e+00 1.005228043525393078e+00 5.015235223397079167e+00 3.478962243665169929e+00 2.744152384806283873e+00 4.947579375774270538e+00 1.721855095182917905e+00 5.812095482639546340e+00 4.356973754139568555e+00 5.494260300236868844e+00 5.617108490837500412e+00 5.042053715363344901e-01 2.011486719094966791e+00 8.633054522277179288e-01 5.961596303836745214e+00 3.902605409974837958e+00 2.171653300056595626e+00
4.451120315181066545e+00 4.757803040166002972e+00 2.243393364934810119e+00 1.767413639098919242e+00 1.066114449468996694e+00 5.970000413934360317e+00 3.263632282806311125e+00 5.174153562089031766e+00 1.013866379635812720e+00 3.931421929021003958e+00 3.533951096371905187e+00 1.894803592345401855e+00 4.492607075183655319e+00 3.358163348738771870e+00 2.032804842454325911e+00 1.630665573823094183e+00 2.031844356357407122e+00 5.323492593678392781e-01 5.563573790820268705e+00 5.161098726899238542e+00
1.840821567153994920e+00 1.193723906208271401e+00 1.351490139979907967e+00 9.350557912515115033e-01 6.109242905552631164e+00 2.073891303925118557e+00 4.490013584976091821e+00 1.311757749958023522e+00 3.950631525195358762e+00 4.583457652240891633e+00 5.472231390277606522e+00 5.427664030793219574e+00 8.471269786046714545e-01 1.553121350984197235e+00 1.357407571961095627e+00 4.242911414123772929e+00 1.106813445025193632e+00 4.406453157923303721e+00 3.713356882997663533e+00 3.685978800699245550e+00
4.990119904113288762e-01 3.442968518090825381e+00 6.231883631308453575e-01 5.768516663603054262e+00 4.264566820184013451e+00 3.537455182609768212e+00 3.272226902090002554e+00 4.543399143836119869e+00 4.863520182177957452e+00 4.481999920584483377e+00 2.607174205343814055e+00 2.684765913137851623e+00 5.754357713050047174e+00 4.913859426452119372e+00 1.002460516438191673e+00 4.048197188226789756e+00 2.237579705742679170e+00 4.326459933342859387e-01 5.277746593233203498e+00 2.181097955443148440e+00
4.922953418819800753e+00 2.570902265243809381e+00 4.457126367405332523e+00 2.969054958063939598e+00 3.007412223582503832e-02 3.056299792770419188e+00 1.037566081509111449e+00 4.583868292000772726e+00 1.737169381723983053e+00 5.373260686723351220e+00 2.731090529336050121e+00 1.785151993002001447e+00 1.379216915954440958e-01 6.143975920862990492e+00 1.977117089986459408e+00 2.334823604547712872e+00 1.110388795442312837e+00 4.642898958597010406e+00 4.938533217327056413e+00 5.413525961309395562e+00
2.925754785029270000e+00 4.436276095648580053e+00 4.677310540196803146e+00 5.061075468603337235e+00 5.805261316177006137e+00 3.705323414472749377e+00 1.761517613209944821e+00 3.561740271050338080e+00 5.004526506287886534e+00 5.805175418536220988e+00 3.319216290869182018e+00 1.808526018034163130e+00 4.143860756727670847e+00 5.248898672260574827e+00 2.763268417582194658e+00 3.841353214693176366e+00 2.736327559119313690e+00 4.684194653596108537e+00 1.079186281566055117e+00 3.275972442214783453e-01
5.107481180886373373e+00 6.239165785920354423e+00 5.296253436398062675e+00 3.900663992594032292e-01 6.220940722741475248e+00 2.286834717364841119e+00 8.411838577482039225e-01 2.992375487153145497e-01 1.960389582312605183e+00 4.744148541347620096e+00 5.993678502955879672e+00 4.734203606841167478e+00 1.731527475699820906e+00 1.900694748282859114e+00 1.596478834200235397e+00 6.619499867839816476e-01 3.614849863134103725e+00 2.602327445168216347e+00 2.874734620514279637e+00 5.701396409499030149e+00
2.574155954218726450e+00 1.462857300703764851e+00 5.804517183251817869e+00 2.574218686840211490e+00 4.596432469536516408e+00 2.974508336269804154e+00 3.972358586978776529e+00 9.967845573217577471e-01 1.219279721476249412e+00 3.442130402553971180e+00 4.293792453684823762e+00 3.253905666182679290e+00 2.936272454880725746e+00 5.238036782497853538e-01 1.050511513668510144e+00 1.013450767964554355e+00 3.863495284095494586e+00 2.037954414129967251e+00 8.368685267131709127e-01 1.813495240505173633e+00
2.554755794539044444e+00 9.723707443601802280e-01 4.365934470253239219e+00 3.828955735165429530e+00 3.927208036713785155e+00 3.646035488832274130e+00 2.591504848708360509e+00 5.450835185465789934e+00 3.487111904792911776e+00 1.465411597916097097e+00 6.343620892959621338e-02 2.090928107186407647e+00 6.075896599367812456e+00 4.827935126548324796e+00 2.731617695305486038e-01 6.524638290537079222e-01 5.817814438445841674e+00 2.299522294514692700e+00 2.302304833253367544e+00 8.056167391504800435e-01
2.294794797671768194e+00 4.099169887902715637e+00 5.034377524205059018e+00 7.416972760323851110e-01 2.209514018010610981e-01 1.188898469734510410e+00 5.506345619809094316e+00 3.781219066385662853e+00 3.183751136480165389e+00 2.209011647187344440e+00 2.594990933690125012e-01 4.600463313535118282e+00 3.113359385091850062e-01 1.993338518624996336e+00 4.155431405058935823e+00 1.734591007838876431e+00 3.585092862175509154e+00 4.342817457916275381e-01 4.117101877040679980e+00 5.580092801586634010e+00
3.706778851925019325e+00 5.856335837880643602e+00 4.502805647363993025e+00 4.101134018691476868e-01 3.956370711010057661e+00 2.407065752029108108e+00 4.685479784553335136e+00 3.609019872950254726e+00 4.814314143982365568e-01 3.654870869847677284e+00 1.304297596296044803e+00 4.598548398035410045e+00 4.058033114926269391e+00 1.994275738504379891e+00 4.357905164526754138e-01 2.724096394163807999e-01 9.934345504164826535e-01 5.257778090262609894e+00 3.010203356442960665e+00 6.226330478216810072e+00
4.010210922777900922e-01 6.123927111493079334e-01 1.834994325377862778e-01 9.884160691283154776e-01 4.570572181137943168e+00 1.116153269289925198e+00 1.453324709130809245e+00 5.116619554259253633e+00 2.109403626310518920e+00 2.471861123720782594e+00 4.765007341037283517e+00 1.145184908561694748e+00 2.902572253749954534e+00 3.790454830502881123e+00 4.495717350162895976e+00 3.696390293477736400e+00 3.902993062429416932e-02 5.435775588747444154e+00 5.437371122865897632e+00 6.257999815832049784e+00
3.608436445196405717e+00 8.947762751983210361e-01 1.635098433796518202e+00 4.604894267085822612e+00 3.303070995475861693e+00 3.814756963498947773e+00 2.747156269924421856e+00 1.094265672502011677e+00 9.534702616055166224e-01 5.696034302697147389e+00 2.313007606411310757e+00 4.055014094130750202e+00 2.100463016918932446e+00 4.451635899310089073e+00 4.474819702894723861e+00 2.868099894054987775e+00 3.748499942151275466e+00 9.943748775801394268e-01 4.621065483899371884e+00 4.103615005509571922e+00
1.852842089544588289e+00 3.660431087715260823e+00 6.097567954395040069e+00 3.709379175380008498e+00 5.537083757001671103e+00 5.259124280900597803e+00 2.235814281005374493e+00 4.001973954481671036e+00 2.690242392377236058e+00 7.841551434287603595e-01 1.802966867697764208e-01 2.464239744151938805e+00 5.942411947233445346e+00 2.951162978516071345e+00 1.138812964883636036e+00 3.040163031189357046e+00 2.779726423646291078e+00 2.109640991167120561e+00 4.535398362426590779e+00 5.774984727252367556e+00
4.349516246792358487e+00 2.964414087836344525e+00 2.346053936360152026e+00 9.307637245231307199e-01 5.022190592544797938e-02 5.603520612445219484e+00 5.531265564717153360e+00 5.195934363970766690e+00 4.459029712122715594e+00 3.125421201716685471e-02 7.414046811039768370e-01 8.026768376365324142e-01 2.909615712166787826e+00 9.543075993983333172e-01 8.530173977485706605e-01 7.445912276418484854e-01 2.953778497811216486e+00 5.652769839018497500e+00 1.091132377818942567e+00 4.402644204918676252e+00
4.152000185113985609e+00 2.299580039971839795e+00 1.513908547338740362e+00 5.027512146302615115e+00 5.183020799768163656e+00 3.554810639852640008e+00 4.758092351014073351e+00 3.210304711658185095e+00 3.401497264523141606e+00 4.643447435533531120e+00 1.239174629561556662e+00 3.696659028953916959e+00 2.716859638333687155e+00 1.978672589544531735e-01 3.196859994879423184e+00 5.491303267398744303e+00 1.116085024218858690e+00 4.671305234627843639e+00 2.197728454041845136e+00 2.517650258557905474e+00
5.187947435000048735e+00 1.709346813648192187e+00 4.109469571158281376e+00 3.316520140592121635e+00 3.655031342195545818e+00 5.673238372282396469e+00 1.180423423151354262e-01 6.145912957986456870e-01 5.008444745425975952e+00 2.949113511642764696e+00 7.630834165802365954e-01 2.983905238677709182e+00 1.497488984755773300e+00 1.997198698093599845e+00 4.437652318706490462e+00 1.721790762287076282e+00 1.647723196761415654e+00 3.440227673911560036e+00 3.658341428439430221e+00 5.887327732724219942e+00
4.676662015067519995e+00 3.646777700748387030e-01 1.987955597724373691e+00 4.139046960686801668e+00 1.503988490537591760e+00 5.075294118045620806e+00 5.037543669742967190e+00 7.468122586569515553e-01 6.013060557308550713e+00 5.336803502583467917e+00 4.358722196567188512e-02 5.257735833493387467e+00 2.647066819996334974e+00 5.561827039162152708e-01 4.255732212220838306e+00 9.365775363310282486e-01 1.437783399226304271e+00 2.718125525244469820e+00 9.639246143880927375e-01 3.492517455358054690e+00
4.732054575958570375e+00 9.329854711243081855e-01 6.087247185436730490e+00 2.517157525193551404e+00 4.347326607346551519e+00 6.277747101869274537e+00 4.965227473127471924e+00 5.934155425439842979e+00 8.615420304613092828e-01 1.592889887341288668e+00 1.337954575883806951e+00 5.919328572301314040e+00 2.486588902576079452e+00 1.147212629579610205e-01 2.916871954799171274e+00 5.815625662674963475e-02 2.895090649965924356e+00 3.926457953077663987e+00 5.361740350363908725e+00 2.006425467446216526e+00
5.468288063559821666e+00 4.900380290294465979e+00 1.293688391541892635e+00 3.374125491314117209e+00 5.727043067076605709e+00 6.498746763454523734e-01 5.566270661301417899e-01 3.719646230692745803e+00 2.355545520941006110e+00 2.169031123567946029e+00 6.230303466439218951e+00 2.501423109900730690e+00 5.509097089381459256e+00 2.656769406116786580e+00 5.478225541322635728e+00 4.607248132821121445e+00 6.044515141729263075e-01 3.022646938229867519e+00 3.334263999363321851e+00 5.530648514389088888e+00
3.290174218326276101e+00 3.386211964430215104e+00 2.814793198176750000e+00 5.652782570448271038e+00 1.526633556236985489e+00 5.989110443520647920e+00 2.924568594915421649e+00 2.510356434349120924e+00 1.522383778717300462e+00 2.026243900661542696e+00 2.644930284636455298e+00 2.082687675283488637e+00 3.158772270252652170e+00 3.007115839337339391e+00 5.879314585013379890e+00 5.510394305899281697e+00 5.135757090084076992e+00 4.635230994535406879e+00 5.996923207181316329e+00 7.450014821572495949e-01
2.286514599593544528e+00 3.664669786894018344e+00 1.197135736380172011e+00 1.408271516626674158e+00 1.842516913098187548e+00 8.551888884343270547e-01 2.657328548691837877e+00 3.110494382086052556e-01 3.157706488191429184e+00 5.244719724146715834e+00 3.356062556831418964e-01 3.500557471234797990e+00 2.782364719025720134e+00 2.172033952999146422e-01 3.588233730868325200e+00 3.739408812230065049e+00 6.136071100426499392e+00 3.033478412760016507e+00 6.181241752045337989e+00 2.211117048468566271e+00
1.540520069557786753e+00 2.233123486618796338e+00 3.621664008906127830e+00 1.919375332379885224e+00 4.673124729882511263e-01 3.201871906341806628e-01 5.201316501931300129e-01 8.575505889573116214e-01 4.935831758557770677e+00 7.729375849136608245e-01 5.061009826020097080e+00 1.153309098164723379e+00 4.575334572511776443e+00 5.931455541337895987e+00 1.644698468591406115e+00 1.676100574670300603e+00 3.640134501540397416e+00 1.577084659913643216e+00 6.042145775786197603e+00 2.905731431455794933e+00
1.451445391259150508e+00 3.835497085646606852e+00 6.123508377003998859e+00 2.914514670126100437e+00 3.216712996055848262e+00 5.802831263149701435e+00 2.067091399316418610e+00 4.347064598546289460e+00 3.518817762187277598e+00 1.644953051267425970e+00 3.981843133175817062e+00 4.690963389625749436e+00 3.008621834060487110e+00 2.193049373344448938e+00 2.737893046876034742e+00 3.844452204844514664e+00 1.045544447372949914e-03 1.019096910493104469e+00 6.066993975509494597e+00 2.465225417910386962e+00
3.501261111248473501e+00 1.200772077032117302e+00 2.047735951511674646e+00 5.090991237884506804e-01 2.847985118530309112e+00 4.699148831661891457e+00 4.817585090450185348e+00 2.799247543032020724e-01 5.093658926076798821e+00 5.609227966564562351e+00 1.492773609252321387e+00 2.309527599559152655e+00 4.205691810363009209e-01 3.755611267559772620e-02 3.577181037207599168e+00 1.007175241081117445e+00 6.173118143826371806e+00 5.621003724664660472e-01 6.267788937042576336e+00 5.046942395629598010e+00
3.273724068653270702e+00 1.096954338197394963e+00 3.195745635642846416e+00 3.526383553819275374e+00 3.968299463037119779e+00 5.717695304941702972e+00 4.893278684714524651e+00 1.463836223087625399e+00 2.647578235513403655e+00 2.218360894365910774e+00 4.226792797520742440e+00 4.321951166203335859e+00 2.439948900370065399e+00 4.078739439850120441e+00 2.662245384462801567e+00 2.948200837655759798e+00 2.425869256031234489e+00 4.552524619601749478e+00 2.011058627220272843e+00 1.894312760156492415e+00
4.637577148001030380e+00 1.786344768860646859e+00 3.604419745424189969e+00 4.790504797488644328e+00 2.441517116561742196e+00 4.227045951647124156e+00 5.991332703555243278e+00 3.451447634974107448e+00 3.186526609982925251e+00 1.923814720974126591e-01 2.544735572817689029e+00 1.481201962742941580e+00 4.328133650147039546e+00 1.537716230761225211e-01 1.270171664081484852e+00 4.389382351284897510e+00 2.444714368947995986e+00 5.383361800228223082e+00 3.989056724507452856e+00 6.406578471105787154e-01
2.961606593886578209e-01 4.441717239522011695e+00 3.515700364904439823e+00 7.320173524032467238e-01 2.128460373703596975e+00 5.631436101136546135e+00 3.159369192944696980e+00 2.500831140493520177e+00 6.081435852888827043e+00 5.751647010976812524e+00 1.937610370049800856e+00 5.045558573843115013e+00 1.904940459345541237e+00 2.120726577170910065e+00 5.321502729543516885e+00 4.605779834692603991e+00 5.592557582892780488e+00 2.489944406447330394e+00 1.501546433065083785e-01 4.823071436677580870e+00
5.082516473003052759e+00 1.194260325094543163e+00 5.618485697720601912e+00 3.659223323034467068e+00 2.004173148351377776e-01 1.639775557572995757e+00 4.248227580902284028e-01 1.628037098204913879e-01 1.287415868795121598e+00 6.000341340532433954e+00 5.955933777073029844e+00 1.886260451879870237e+00 5.506477515152808699e+00 2.269647396659399519e+00 1.247498844231384130e+00 1.882224752104765253e+00 2.970818899934674739e+00 3.475433093255714923e+00 4.471961948636336004e+00 3.446549997864293058e+00
4.652679161422029530e+00 6.078934482296862729e-01 1.218885899701555031e+00 5.402079537167447043e+00 5.444548988017885449e+00 5.773177242881287974e+00 3.663050725341139735e+00 1.939968006923611599e+00 5.734692669157969824e+00 5.683588210161123477e+00 4.032544159522127303e-01 3.145743454870024158e-01 2.859301040610605082e-01 3.066074823579221231e+00 5.077171613763847624e+00 2.500368496568252219e+00 5.744044481693983961e+00 1.078077491242326991e+00 9.822189248567163578e-01 4.994222949099760278e+00
3.146030010755489492e+00 1.462484830284593862e+00 5.183109654910256658e+00 4.390505479540304457e+00 4.602928781143934778e+00 1.731549723277905128e+00 6.384365989471232350e-01 2.355583268733241753e-01 2.954265381472382490e+00 3.089572139448887533e+00 3.048296660476111697e+00 2.609546181564988743e+00 1.810004802921113543e+00 4.590337013903560859e+00 5.048179989884786778e+00 5.295726237743426879e+00 6.135542885257164514e+00 6.242401896657794325e+00 1.117874583763761143e+00 3.788920436092613642e+00
2.847821258643360665e+00 3.361039120062160324e-01 5.228069521712286338e+00 3.955229358415996987e+00 3.845265212791567855e+00 1.629959682530456977e+00 1.649815205399975504e+00 5.914617701428054986e+00 6.557257819296593571e-01 7.228542732945318905e-01 3.599209693245135178e+00 1.486428527999318572e+00 3.392720212754517295e+00 2.553441761663199472e+00 3.661941188904872302e+00 1.394151752006192790e+00 3.808652856635401651e+00 1.080842702708051162e+00 6.244228856646882875e+00 5.064705060699294492e+00
