2.703492751658187476e+00 1.246419663728960625e+00 5.826734238321933823e+00 5.206762530732655492e+00 8.925766707333649894e-03 4.522734801690913464e+00 2.428166265324371853e+00 2.616245018055618043e+00 3.673556597312064298e+00 2.851709328507857411e+00 4.386493952433711208e+00 4.507398833739275190e+00 5.954854018322864206e+00 5.326302915429290685e+00 4.851131506109411795e+00 3.415922010695999322e+00
2.791731405493568463e+00 1.168155482610543361e+00 1.077584065830206939e+00 6.119862344050059022e+00 3.151761154214218319e+00 4.010685048717127721e+00 6.203189777989575049e+00 6.153536181123107518e+00 4.397484245727692476e-02 4.425540009394913099e+00 5.358959089907982865e+00 4.759987475500383702e+00 4.985098057495023660e+00 4.770200196367492929e+00 5.262398396062970996e+00 2.679097964235099383e+00
4.521321270752719279e+00 3.465165815157455587e+00 2.738444888540205735e+00 3.639120445558868600e+00 8.636051748601023537e-01 4.681129662228998178e+00 5.919473946018060317e+00 3.819870422525900366e+00 4.431560517700557256e+00 4.887694653858087435e+00 3.187215202229095823e+00 4.102390056816995312e+00 1.254970084332847957e+00 5.266391484584417526e+00 3.707305022456890420e+00 6.105912704188866336e+00
1.964325027614128416e+00 5.482473353322047771e+00 5.360754317042332850e+00 8.930107535408700337e-02 1.375574244304880178e+00 3.058799862148819937e+00 5.935626186677202654e+00 4.502130081362305525e-01 5.042990188127403961e+00 1.556873035056293819e+00 2.108200273398979085e+00 5.022331174901733419e+00 3.084464669467659625e+00 5.661093727259356889e+00 4.635736003312094233e+00 1.001566071499599753e+00
5.821579714673417172e-01 4.322040636346915043e+00 4.076846048735168537e+00 1.981228836193443144e+00 1.399036098883563728e-01 4.978073132216007224e+00 2.274099541031552985e+00 2.735489146808407490e+00 5.273028296655854597e+00 5.831772407828565985e-01 4.252328619856992731e+00 1.499026926507737389e+00 2.879603487261101158e+00 4.831350861217439174e+00 8.015152535923597554e-01 4.714742184143817738e+00
2.188057679156972579e+00 5.383841972947331911e+00 3.985326765152438444e+00 1.054509158116790690e+00 5.262099732941032393e-01 4.834053119255602660e+00 1.584919209493525827e+00 1.889467850731726184e+00 5.505269728873542157e+00 2.154781454660509965e+00 2.074483405305076911e+00 3.348227289966436260e+00 9.587538812611322292e-02 5.586758435266095724e+00 3.345143184653718738e+00 3.192918503896844951e-01
4.645041346925194325e+00 4.975829452231826266e+00 1.864308739328249809e+00 2.269032801224566853e+00 5.440423467670290059e-01 2.579082743393623645e-01 1.664671429995347784e+00 5.898918748860874750e+00 7.112268612649880195e-02 5.220049089909459816e+00 1.734260155263283698e+00 5.618660880111901790e+00 7.240014037901327804e-01 6.215979955582309202e+00 5.035307005212870557e+00 2.119743489241279200e+00
2.040970571150554580e+00 4.050160080156504527e+00 6.073598237548892165e+00 8.839167064777717076e-02 5.273735811606515611e+00 4.379286839245616347e-01 6.250642970188731162e-01 1.307109292258528566e+00 4.911111067970516331e+00 2.091558661123286367e+00 4.934930091104082983e+00 3.290832066069647954e+00 1.106812649787462188e+00 4.286251639351224441e+00 5.564317277200367506e+00 1.795114274860492687e+00
1.487924290963578366e+00 1.792540253235306857e-01 6.273627825461709051e+00 2.654357810870509482e+00 5.961603305569786571e+00 1.650286840076430117e+00 1.014823895752797744e+00 1.433063514413997597e+00 1.380076822483649712e+00 6.189713838576791360e+00 4.890389044446250111e+00 5.571451877957669829e+00 4.726626342836754979e+00 6.561502697612109358e-01 5.892924657300327773e+00 3.092612600162973457e+00
4.654000802693906813e+00 1.892928866899184381e+00 4.091883621848479535e+00 1.250131892483199225e+00 8.092906183299897194e-01 4.199227953262911761e+00 6.142021996140903717e+00 5.391039008355561712e+00 4.946637841835149096e+00 4.204309738940237295e+00 3.658246437587248767e+00 5.522699414025138864e+00 2.189461392310660948e+00 1.659286993143088473e+00 4.293046435813808515e+00 5.154938662172097175e+00
3.682527655061873517e+00 2.249548235343944658e+00 9.075732380244838637e-01 3.617902114429139893e+00 4.509663869841628703e+00 5.228622805833535558e+00 3.058639696566017308e-01 3.011999092926414434e+00 3.620309630601763029e+00 1.587256765705630013e+00 3.260572752967665799e+00 5.995586699100191375e+00 3.126474747499939699e+00 4.269320700247298817e+00 2.192432555645791870e-01 4.284367394154100950e+00
4.544182154660770245e-01 1.348501227413550774e-01 1.321077371832122482e+00 5.802170623794764559e+00 5.233391282828611324e+00 6.247940359815239653e+00 3.633124786823882957e+00 6.150704055033137330e+00 3.681321245494254324e+00 3.900649355251327943e+00 5.695773841429677020e+00 3.740841855600645083e+00 5.327675707674989880e+00 3.839578730586011179e+00 1.604294258936285189e+00 1.654959460636636459e+00
3.672781305314988032e+00 3.929709087673739276e+00 1.274974887343822028e+00 1.643181200564240996e+00 2.033920189111984911e+00 1.699170186504126434e+00 9.293351372442935077e-01 2.827508906133630262e+00 3.101748912715622808e+00 5.039908866274979360e+00 5.546697719293137929e+00 5.318833775670727348e+00 4.160103334733179281e+00 2.088490524336130694e+00 1.159605703980165665e-02 4.134875550954237866e+00
2.308568786338502932e+00 5.807914642361530433e+00 2.540272562781581200e+00 4.457829358251933272e+00 3.035060595387511828e+00 5.215496002722040281e+00 1.862628669781402291e+00 1.265638530002682227e+00 1.094563830569171170e+00 3.833487970266914235e+00 6.500627275498749302e-01 5.857105072939712720e+00 3.258053581755757211e+00 7.864276078662021385e-01 2.765586608226043630e+00 2.656545380867038286e+00
1.717779351941571164e+00 8.843550138456014453e-01 3.245922880892616380e+00 4.758207280905135228e+00 4.212941147013404830e+00 3.799591262908744049e+00 2.147691436902833928e+00 3.947090531295509575e+00 3.112325558802516934e+00 3.224918116554866376e+00 4.138186340942272778e+00 3.782851211207294728e+00 5.093714209431746021e+00 4.617674579642420341e+00 2.510198951978473314e+00 6.665401607069642020e-01
4.762435471160281431e+00 6.017190565608268038e+00 1.663215485845190189e+00 1.795033830333333302e+00 3.725690077337575623e+00 2.523406620498023667e+00 7.002748413495537561e-01 2.510756430456785093e+00 1.520101042361729826e+00 2.363500005732424580e-01 1.427475983408625915e+00 4.966344558220807670e+00 1.631832398542840901e+00 9.024956982888155954e-01 2.424055189962123880e+00 2.792471787551691786e+00
1.424626950247877000e+00 5.863247739568877570e+00 1.178293068801389065e+00 2.468297243582764366e+00 8.776360505933250566e-01 1.493715826180958550e-01 2.234868453548186640e+00 6.189064784963932198e+00 2.605006328327522880e+00 6.239483910673777611e-01 3.664468116047427060e+00 3.384241786391588125e+00 2.412357961729581390e+00 5.449239754590213813e+00 4.965183804259317490e+00 4.387778848160064804e+00
1.202124091967796460e+00 1.668803844134507386e-01 2.833628018381606939e+00 6.063100552672575638e+00 4.898276285791495432e+00 4.407340154747647176e+00 4.149327556508348280e+00 1.223534341528836000e+00 1.413608960583974117e-01 4.339367871144411914e+00 2.023271009917503527e+00 5.316744248288719499e-01 2.238590838005953376e+00 6.086148000261585089e+00 3.191088119628477493e+00 2.866264590106351040e-01
2.358987222298631448e+00 2.385568698080339889e+00 2.625836976400347869e-02 1.618134770205953199e+00 6.258003407119724359e-01 5.895061017334415343e-01 2.518122586535646690e+00 2.625492236851955319e+00 3.051647375585765154e+00 3.439900979375749568e+00 3.941221141033372177e+00 4.401455382875655076e+00 5.146870240533333529e+00 3.470043115940387723e-01 5.781558522808080802e+00 6.737500260374004180e-01
2.767347959633554400e+00 4.097806941698890704e+00 4.862755389407865003e+00 4.660332952640277249e+00 3.901770431944565409e+00 5.664996326553121797e+00 2.303635862669448198e+00 1.081991578240514729e+00 5.956926768487120327e+00 6.071607496204034504e+00 2.604418177317346483e+00 6.071974128835621265e+00 3.582239189090248299e+00 1.189796189284453437e-01 6.010053845638117842e+00 3.938829128959478343e+00
4.158637336294611409e+00 1.707033200224150615e+00 3.414932956977893230e+00 4.355189000759064122e+00 4.458992507332579791e+00 6.141121644143953340e+00 2.351490000131009506e+00 5.120332313148651338e+00 5.526238864324690248e+00 5.270547524281496088e+00 2.852768657513436779e+00 5.763407414864739842e+00 2.162850009240371740e+00 3.544998770660448884e+00 4.777957879526176121e+00 4.872871243178855671e+00
2.724595319593313691e-01 1.989133126493821457e+00 3.021659390912335152e-01 4.736305138460592090e+00 4.919041854890311427e+00 6.158686474728749083e+00 4.339042750337308851e-02 3.946117870532194871e+00 2.416096266076733112e+00 3.761056953401484826e-01 5.879890330957472599e+00 5.888224167165761358e+00 4.085649496476623455e+00 3.073657789229538917e+00 3.285857891907487005e+00 5.318047456253783833e-01
6.119064884840104135e+00 3.210266864472622661e+00 4.157637648653980555e+00 4.132898333033911409e-01 1.976068326808655851e+00 3.413689990301486787e+00 5.713279483596827468e+00 3.103567473185645742e+00 6.229550789403868194e+00 1.589936148240040925e-01 2.370007104475976956e+00 3.760120334446696244e+00 1.999089579299076824e+00 8.211692865058975999e-01 7.208296300512465615e-01 6.272180023534481563e+00
5.954909928710143685e-01 4.708618555020622209e-01 3.485357382061835096e+00 9.885459930525400951e-01 5.403510558953843468e-01 2.701035504596572601e+00 5.647795987625234382e+00 3.601236408988554238e+00 2.404771998120515342e+00 1.949617429491194542e+00 3.010556753407924280e+00 5.485655428485880947e+00 1.578367776449596915e+00 2.420140705640884349e+00 2.085768697488823875e+00 5.154817293488273222e+00
2.987584360843977827e+00 1.124622013433220546e+00 1.733336178489276458e+00 3.378585782486195122e+00 1.407147982598907943e+00 1.916372005661856059e-01 3.223284072119438015e+00 2.082891725038080288e+00 5.983488182154181878e+00 5.400555924077176329e+00 2.390651956359059138e+00 1.709173275756643795e+00 7.156436153987816295e-01 3.303980643866238687e+00 2.689545682889043832e+00 2.050397123037543512e+00
5.835337563107565906e+00 4.872934600250458992e+00 5.578738631404908332e+00 3.226147093123906906e+00 6.098124333646885553e+00 2.588711590455454736e+00 2.639494330804360356e+00 1.881168239520206065e+00 5.824567893624797321e+00 1.151827646962493734e+00 6.772509798264230163e-01 4.740447388632852643e+00 5.216598186852738905e+00 6.051655843689585978e+00 6.178211525728986686e+00 1.337831574325542450e+00
3.923991890040172681e+00 5.592466480215859903e+00 1.707587490378345674e+00 4.755944220205066131e+00 5.862600932910344120e+00 1.878078075887726239e+00 2.659417866893995619e+00 3.045899981795908040e+00 2.727252079681131924e+00 1.895222068088385559e+00 2.643127152574785033e+00 2.182637500424840504e-01 2.302288876789629235e+00 1.050061540993787901e+00 4.493727576760556452e+00 9.647270176038970080e-01
2.941567635570315087e+00 2.091169431492463371e+00 5.958504927714780131e+00 3.074962523726715080e+00 4.595565652177674210e+00 9.132642537652595482e-01 2.680070734078496830e+00 3.634400295736759379e+00 5.917516974705013588e+00 5.435805186912106013e-01 1.071741486935046339e+00 5.075475976795424060e+00 3.384283256040681476e+00 4.309742085847839022e+00 1.558572255080871827e+00 2.263444034378571390e-01
4.778859531312801501e+00 2.191045444557232269e+00 2.304008159588602833e+00 1.088655104785637873e+00 2.604026256027226260e+00 4.404255492220550572e+00 5.152111894813566906e+00 2.249469852037925932e+00 4.658800340541936258e+00 1.054237002173851412e+00 4.141796303199966722e+00 2.268339331271417514e+00 2.198534744139644559e+00 3.114749937229421395e+00 2.097526431566295813e+00 1.503165738647684435e+00
5.104768182609339178e+00 1.358937809428111487e+00 2.343805324028658266e+00 4.185042412607425710e+00 1.253631486066801193e+00 2.352580089399540331e+00 5.748413163183552221e+00 9.279112496695611778e-01 1.604410120322875777e+00 4.049691648172487612e-01 3.274960867830076783e+00 5.444135012010870689e+00 3.769517815857639675e+00 4.949477359064470283e-01 3.939203635112384916e+00 5.983471132561874128e+00
4.089311565807939530e+00 4.743331822392796049e+00 2.887619168465574315e+00 2.412448632454144148e-01 4.999881751014206621e+00 1.243170151718569150e+00 6.221557277402958164e+00 5.540105434371715099e+00 2.179275784590816833e+00 4.693169193388192717e+00 1.870480332861159445e+00 5.249045084872280498e+00 4.652133408009289539e+00 9.934792185210302717e-01 5.492718541362155094e+00 5.074760937049664911e+00
4.417332766628521590e+00 2.351842926237449394e+00 1.976011915855286016e+00 4.286292700231794761e+00 3.510601794599852887e+00 5.923293881782818460e+00 1.170794858941120564e+00 2.803783954732864014e+00 2.280077051897175355e+00 5.506683076183441550e+00 1.768711743476091558e-01 2.322177466606137886e-01 1.569175575666026834e+00 3.930246921187838360e+00 1.652229234362281973e+00 5.673215652912796614e+00
