5.724152711063935861e+00 7.366048903898338995e-01 2.670217790618048426e+00 4.781230043802481511e+00 6.020338451550143688e+00 3.702608452031828090e+00 1.746137266157278711e+00 4.846516514859651181e+00 6.243990086213718982e+00 1.678054325862958329e+00 3.299956978954630582e+00 1.730492045580575233e+00 4.660562468888470589e-01 6.699119354460663089e-01 2.973489902165046495e+00 4.717792956383522807e+00
4.029961460486594760e+00 3.709909754170453322e+00 5.174253683410879212e+00 4.917302617994650404e+00 3.229616042844466461e-01 2.198881347287657828e+00 3.170284978309405144e+00 3.511891338388851480e+00 8.444408129525629025e-01 4.014557574509779236e+00 3.092566895079560396e+00 1.443362195541457060e+00 5.806040225616416528e+00 4.458572107249309191e+00 2.726701660846757580e-01 2.794375884044511427e+00
3.204960188237680363e+00 2.365281606910919487e-01 4.086589254411501670e+00 5.665598050955950704e+00 3.233187482442668514e+00 3.166384872061679179e+00 3.691016758420401889e+00 5.084672952372703669e+00 4.886932805223610093e-02 5.643746229380536272e-01 3.573038739026388910e+00 5.178235094282794826e+00 8.580166443016911115e-01 5.887912919677182444e+00 4.766633193290748416e+00 4.164855285069386071e+00
1.365421643613712988e+00 9.924007301045945084e-02 3.562657124584892365e+00 4.676743419590344009e-01 4.161565745104490510e+00 7.918441059522420833e-01 3.631277198845094922e+00 2.161614318717502758e+00 1.099108837677042150e+00 1.622899764995253458e+00 3.987560070021148650e+00 1.552094804748753720e+00 4.395535270169142805e+00 5.496351426773794735e+00 5.534473563809902075e+00 1.408865301943011739e+00
3.636523519769130797e+00 4.222589389891449052e+00 3.164356093585046992e+00 3.132365778317278249e+00 2.801362844154885234e+00 4.211931852084756400e+00 3.405977622200556887e+00 1.203164125862678624e+00 5.783834393315854250e+00 3.144822892084302879e+00 1.933831466886660078e+00 5.450715756223202924e+00 5.055241085472681029e+00 3.684466916483214227e+00 1.683612578881801269e+00 7.520248809663845346e-01
5.555129287661140225e+00 1.011122222792672831e+00 6.259556368807047910e+00 1.759637971221429398e-01 3.169820361076724602e+00 1.361299940988896395e+00 2.357173493419754351e+00 3.749088431616317774e+00 4.850253903190930416e+00 3.330963998072420829e+00 3.346534141387941919e+00 2.137412567425597931e+00 6.223079683711974397e+00 4.101364630531382893e+00 9.852723600467866438e-01 7.431706983613287631e-01
1.803124847849536305e+00 2.540528204869595630e+00 4.059751818145983293e+00 3.540439315268377296e+00 5.746014226775725042e+00 2.024057630390082796e+00 2.562957134298350592e+00 3.059103482340287172e+00 1.521171538355254649e+00 2.297178638989774146e-01 3.164506939878727998e+00 1.055189026640755756e+00 4.627804639099130313e+00 2.414812501062049421e-01 5.671220045037529189e+00 4.628370321847029345e+00
2.435917020522631871e-01 1.984599598602602821e+00 4.746367925999081194e+00 5.682961239273896403e+00 2.769067285989924354e+00 5.460722238259604344e-01 3.070703905286377156e-01 1.806303397415421452e+00 8.634463334441055959e-02 5.918874769297945981e+00 5.037633753037815687e-01 2.143242847793665362e+00 1.715993601781565570e+00 2.418159411871757758e+00 5.084626757515460227e+00 6.059862653683397937e+00
5.936259546664195419e+00 2.132617058407058952e+00 1.227330089712927341e+00 3.631163521555968998e+00 1.626614788452467320e+00 2.311166323010099610e+00 4.289322291066714143e+00 1.081099545405870277e+00 6.164941506304451480e+00 3.515705646650508776e+00 2.060530650134627884e+00 5.991999657698251269e+00 3.998087710971797826e+00 3.419809923043424238e+00 4.839446328728742586e+00 1.275476424587969060e+00
6.264393662090985693e+00 1.655218191441297559e+00 6.180762615173597041e+00 5.477586448881085701e+00 1.309900033888155235e+00 2.881309708603235986e+00 5.397891955787080143e+00 4.994638151290523354e+00 6.179597483709203587e+00 1.940074057837790633e+00 3.835116207699524882e+00 2.978287265734197664e+00 1.213925305585072278e+00 1.608117026675639494e+00 4.062923898956031010e+00 2.345927245070442257e+00
5.874381707851910051e+00 2.804387985762270663e+00 4.281893862091102676e+00 6.059258544527263979e+00 1.579336755133530001e+00 2.861198031295083322e+00 4.149161589958612062e+00 3.909262848988389383e+00 7.393158090088184364e-01 4.889382700256286185e+00 9.916160078080024087e-01 4.852743745626796112e+00 1.046457966397950745e+00 6.008583248665853915e+00 5.928879713221485659e+00 5.508015208965201914e+00
5.955881122923177173e+00 5.263247675463089692e+00 3.499428839780756917e+00 3.583689227895677565e+00 5.213411575570037648e+00 4.241817464474698873e+00 3.313329712245274727e+00 1.299064409487222793e+00 2.059952443509016073e-01 2.112603152477572355e+00 5.187225501050071408e+00 4.963148785159783749e+00 7.227269609063656786e-01 5.804439784759555465e+00 3.706074064594575557e+00 2.795601774730093414e+00
1.138857551220684439e+00 4.161072469572497212e+00 1.569302053703597100e+00 5.522016547282078136e+00 4.547236185385596485e+00 2.778049429626405775e+00 5.000042006102513703e+00 5.333421618011689347e+00 5.477593847711458075e+00 2.227620456809032312e+00 1.814711193998137517e+00 2.154652335543494779e+00 5.364658191976968915e+00 1.597636289107296381e+00 1.801623228248205866e+00 2.051276708224632372e+00
4.390485523967328163e+00 6.251975629524210376e+00 2.316454113540658888e+00 5.862144270955860215e-01 4.789396351845345734e+00 4.491608695537738782e+00 4.841006222226612365e+00 3.430834014069579663e+00 4.213279309158585839e+00 2.545153536475587952e+00 1.751565024313502139e+00 3.701585234562061455e+00 2.618118205010414368e+00 4.847826937803853542e-01 1.102566959044838146e+00 5.368953659344282592e+00
1.921707805352786291e+00 1.360105638006040785e+00 1.646955092617623517e+00 5.593572909308076824e+00 4.839841887264993758e+00 6.268151696320703792e+00 6.204945689217302274e+00 4.459623570050942121e+00 2.724752298937183514e+00 5.789813556336469880e+00 2.479706768805338690e+00 3.314605549112617400e+00 2.640231448001646442e+00 3.578510101305306890e+00 5.450400131680734006e+00 5.852550955001299293e+00
2.437790260879706405e+00 5.215506140384570166e+00 7.737954010381798975e-01 3.596069695887476492e+00 1.299958179578057482e+00 5.555752294903122390e+00 4.337781149304253070e+00 2.358115126650476956e+00 1.210023576290037317e+00 5.344343855292828849e+00 4.111742022222946602e+00 9.523689776310728661e-01 2.712498198371056102e+00 4.645645447905795145e+00 3.801517573362855451e+00 5.553133140747269714e+00
1.147515476860749395e+00 3.475662621406196973e+00 4.042485143756391786e+00 1.586393308619203024e+00 1.217321045797870482e+00 4.897828465452726654e+00 5.368849174465625040e+00 3.056671102195639200e+00 4.385873986213481679e+00 2.145751421143427429e+00 4.026058225679623348e+00 3.783474890933912427e+00 1.957825853795978066e+00 6.104140742451705792e-01 5.218253689064148437e-01 5.379049355012590183e+00
1.762385342595476301e+00 2.768119119024847752e+00 5.370496958464283210e+00 3.401468927731282843e+00 5.405787994256382234e+00 5.895678346474753084e+00 2.817258660693452210e+00 5.052065560113779163e+00 4.875725326693817863e+00 2.705631486610406533e+00 4.679721354896298813e+00 3.457283700833708284e+00 6.503428371273469732e-01 2.873882104458384656e+00 5.266112315841244396e+00 1.202046540633346039e+00
3.033613819958245639e+00 2.812130750326808926e+00 3.974274110646697888e+00 5.452457958020974216e-01 1.519247769885284649e+00 5.394565906048431003e+00 4.793162417035220280e+00 4.354991322432514522e+00 2.334587388656555795e+00 3.276702489596269530e+00 4.184731870227443196e+00 1.738489969073376162e+00 9.290972146606646387e-01 4.820849142216739658e+00 2.478763501909078126e+00 3.081002440391619412e+00
5.260764848204059874e+00 2.365813551903987122e+00 3.007547900705289656e-01 5.014464330498171307e+00 5.135463801110339510e+00 3.452339604980783072e+00 3.265937664755865555e+00 1.453761828559052560e+00 1.109028597166880736e+00 3.812311285881484491e+00 4.338094995157743550e-01 3.829945352182968943e+00 3.282002072744435672e+00 5.771991697621054129e+00 3.217594966176033466e+00 4.163764743256490597e+00
3.624710104130893562e+00 6.208933867182715005e+00 3.870752660093200515e+00 5.094720161741868314e-02 6.087610568428316604e+00 6.005539112926067347e+00 1.079076358876362329e+00 2.901548640772799281e+00 4.728895566101081194e+00 3.696428800945641857e+00 4.456746812064512620e-01 1.672050177582437680e+00 3.312515237938918666e+00 5.758226748814440077e-01 6.175276556622161017e+00 2.277873986638981052e-01
3.689638484613278813e+00 5.979310204254853822e+00 5.126844893667950487e+00 6.095071951505779850e+00 1.508594191844714105e+00 4.209352587343431651e+00 2.815849564112126835e+00 5.050838128882101152e+00 3.207085716300999589e+00 3.634670727913750898e+00 2.657457856361882254e+00 3.924557196339221843e+00 2.210072172253723100e+00 4.455364430371814954e+00 5.758404208531246127e+00 5.964485560675983677e+00
7.281953604858568685e-01 3.685293685303923983e+00 6.251635482401717958e+00 3.516543897059294377e+00 1.303820791686293834e+00 2.937845237643281759e+00 8.019048316962752443e-01 4.064540175351025297e+00 2.333223068632006125e+00 1.903164141504189999e+00 3.630840462314784300e+00 4.396899352140572148e+00 4.611100574085572390e+00 3.991161960089142813e+00 1.029266729502041677e+00 1.832294367985845884e+00
8.718017385855136858e-01 6.794154275648266461e-01 3.086721018972248487e+00 3.189592527993688975e+00 5.697612108920121265e+00 1.785726987456023762e+00 9.081187133658357169e-01 4.085194918205520942e+00 4.869276797324894268e+00 1.711712752611629140e+00 2.982718777126655563e-01 2.440887787194003344e+00 4.953586862468298158e+00 3.072301884766766467e+00 2.390758694285150643e+00 1.848151462084400398e+00
1.607337560719664382e-01 3.199451836620757827e+00 2.838207258822385892e+00 4.479010534268025978e+00 3.943666968234274872e+00 3.689358347192535525e+00 6.226750445259053635e+00 8.327708671687819031e-01 5.177853580603319017e+00 1.512163417214637651e+00 5.420032453380869697e+00 6.490728651689281481e-01 4.486628133340256674e+00 2.030674906883977560e+00 4.249271148206564597e+00 2.288677755935505598e+00
5.817768519682799067e+00 5.730185345170322186e+00 4.090774260542629825e+00 5.689294199218547732e+00 1.077066682857840352e+00 4.646926992300370429e+00 2.733043126867593209e+00 2.479038654859773150e+00 3.579328212634986794e-01 3.025535694703850975e+00 6.939316773214052603e-01 1.295494198403983610e+00 5.774047700789348703e+00 2.562031914421954326e+00 7.643776592585735941e-01 3.091248795941400118e+00
3.285316184280004936e+00 3.810543072888506355e+00 2.256780623627862248e+00 4.029117504584160514e+00 3.043891076432685416e+00 4.798323965561039905e-01 1.701150360974925446e+00 5.109771198801624337e+00 4.433075060163807812e+00 8.384520835738011602e-02 6.058397794951267734e+00 3.406482676864717174e-01 4.973065321576286557e+00 9.412244044626838502e-01 8.027478410606948556e-01 3.055258552063498390e-01
4.119063491997669857e+00 1.441118553307293437e+00 3.051610576718565504e+00 2.491558518278808254e+00 2.934214940174125097e+00 3.038566624311552555e+00 3.001951999438431162e+00 2.792688424366491340e+00 5.638409070710437732e+00 9.708944680257897142e-01 1.778796800683521140e-01 9.896108352976542566e-01 1.723067803072749982e+00 4.902037547191252287e+00 2.556610653735991723e-01 1.496907265118938568e+00
1.162488504153809998e+00 6.097727829451193848e+00 9.524101781364113783e-01 3.779479796466427288e+00 1.615974242178956244e+00 5.535248666604523748e+00 4.686318187113850620e+00 8.837347326282747328e-01 2.829158008931032531e-01 3.850030332010057066e+00 5.702901633779518420e+00 4.390589007069412908e+00 1.053344787618034850e+00 3.420902006499585646e+00 5.185991746367048627e+00 4.966340597277948632e+00
4.043284961655435161e+00 4.716800402280965088e+00 5.832694019318400258e+00 5.279407220304265458e+00 1.569620722115151912e+00 5.552808827517876189e+00 2.763664999443933734e+00 4.604544218800746158e+00 2.440192346579745042e+00 3.085385841058540635e+00 3.385232469776531694e+00 5.778418247110844064e+00 4.182063215866033801e+00 4.388338666730751569e+00 1.586911816474186332e-01 3.298054926934210762e+00
1.035144738259783370e+00 3.757082256344620230e+00 2.797194095298949801e+00 4.431697361960321047e+00 1.002672649239294111e+00 4.692818875231631992e+00 1.896978103269927107e+00 1.325963223015860004e+00 5.336621254997661268e+00 8.102939011417357174e-01 5.689894111486776929e+00 5.547445691529663492e+00 4.180303907421261123e+00 1.502537962246333514e+00 8.290386982333513011e-01 4.039746654810753235e+00
1.396745987198898975e+00 7.977647743183051698e-01 4.059361806846800036e+00 6.004076229503484186e+00 1.931327740491175060e+00 5.040152123016674146e+00 4.013473869775467051e+00 1.612487519821857784e+00 5.677265725810539676e-01 2.401718851554728862e-01 9.998622706734673349e-01 1.630802484854743772e+00 3.505955983905998941e-01 2.484039375656387882e+00 5.818459765829777641e-01 5.526012011898840726e+00
