4.312019315291419908e+00 5.029560903256672155e+00 4.516443019473134868e+00 4.548758107579279120e+00 3.471487227811590692e+00 2.139448595098700778e+00 1.774594469965420140e+00 2.516907120455675884e+00 5.686400622457883358e+00 5.289107244151237452e+00 6.078418097602215298e+00 3.400476820014224355e+00 1.991568835960644268e+00 6.148704634013657078e+00 1.587296431718643874e-01 4.879746199524125139e+00
1.062411113053821854e+00 9.543342980603713999e-01 1.517429101463179331e+00 4.339198432956260731e+00 1.530307862786115525e+00 2.879137014026538655e+00 3.776065691390004364e+00 1.920642750092822412e-02 1.355047165695104638e+00 1.333328438187140863e+00 3.703090812535758669e+00 1.965841416466564406e-01 1.117529372985379021e+00 5.690557283860242954e+00 6.201075560970899403e+00 1.060742915247400830e+00
2.287385979454720886e+00 3.828425808197482461e+00 4.574895300300509948e-01 2.651502093932191606e+00 3.829787224654147781e+00 1.133260898966889307e+00 2.111601904392123696e+00 3.344504136566399666e-01 2.639046058414256657e-01 4.986709370109982054e+00 1.103360611586104101e+00 4.375462536429898464e+00 1.461210133167955449e+00 3.858750617831726792e+00 5.893246943247446801e+00 5.165814813109999903e+00
2.650881960848269880e+00 5.438141417385160992e+00 2.805256166850123467e+00 5.456195553920023755e+00 5.973081723329259241e+00 3.566146629463571860e-01 4.022960593628623016e+00 1.257689576748794558e+00 6.269776893793791217e+00 5.569550663375533173e-01 2.652550839830991158e+00 8.091480100487876692e-01 1.533715479782507884e+00 2.433443951674524541e+00 2.431340074045914346e+00 6.214355121963838435e+00
4.063767517014348130e+00 1.572695667926762964e+00 2.398142847965521796e+00 1.850630785350293017e+00 5.584707615449702622e+00 5.121307937286111667e+00 9.578202527822698986e-01 4.169270650852979543e+00 2.084197652488739116e+00 5.575333221182997789e+00 2.758042059342945329e+00 8.938002422272143255e-01 5.316270862175860756e+00 4.044795229660510749e+00 6.295041177135770605e-01 1.909498472179063988e+00
4.349449553398579305e+00 2.022772904147350115e+00 4.606698242289865242e+00 5.701293149764405044e+00 3.870544415679097128e+00 7.735415978274070570e-01 6.426132327436563652e-02 2.720714593546872617e+00 6.227807691691890746e+00 2.502260880523350384e+00 5.928638930585891087e-01 2.521741885258586002e+00 3.638186057353278269e+00 3.749071132782519467e+00 5.620783997436063828e+00 1.598868998732737134e+00
3.594888225224792677e+00 1.809085196525867412e+00 6.562499338192512299e-01 8.393205429912007354e-01 5.598946130320783254e-01 5.694274889159815167e+00 9.847333764350811591e-02 2.260243350561575770e+00 1.712012090099589656e+00 3.494500294795699791e+00 4.702484017739943845e+00 4.847828917269207949e+00 5.830931204932277900e+00 8.128620704892682847e-01 1.815976922025697604e+00 3.164186647368286032e+00
2.230306308789917313e+00 3.547903112172163809e+00 3.203839759469302439e+00 2.492382316808475107e+00 4.951413842234154039e+00 4.653417058320564514e+00 1.666938070987419751e+00 1.344935926400465664e+00 2.866623621699917024e+00 1.970647003461509339e+00 5.115134254079658938e+00 2.185087409466877628e-01 2.681174259594406806e+00 5.378651732702151023e+00 2.178755271134934279e+00 3.320550354660879222e+00
5.637039619566960091e+00 3.834949993339953345e+00 6.265754408111040563e-01 9.121244095868027424e-01 4.070082342579435242e+00 1.127140062335345583e+00 2.267607416836750378e+00 4.522156772803746172e+00 3.201525130081776194e+00 1.666014504665011442e+00 3.523759170009852060e+00 4.437903900313586725e+00 5.246523935247113357e+00 3.794781409469696332e+00 4.561246410689046904e+00 6.288002232575138351e-01
3.690473168349800659e+00 2.127072313883186183e+00 2.728628711894198755e+00 8.425498339970216577e-01 5.661390615093798040e+00 3.472911896449026870e+00 6.041639550645644618e+00 1.773810589371861202e+00 4.286997130951549551e+00 2.093623192664263222e+00 4.229120880907150770e+00 3.408798977590559720e-01 1.691397137898560832e+00 3.720615536599484408e+00 3.506955217033951744e+00 5.379592346407924275e+00
4.639488740219354312e+00 6.153880041718474914e+00 2.551559084733048266e+00 9.564170218910272858e-01 2.292105117930264502e+00 2.195938528706942172e+00 1.042188871605627787e+00 2.583539648439578396e-02 4.136299117714224316e+00 2.014706878089711051e+00 9.839115937847939808e-01 4.035010607831799767e+00 5.171119275958981021e+00 3.112612633646200777e+00 9.387018655717023208e-01 3.439688875099407461e+00
1.297140252064214572e+00 3.975785232827570681e+00 5.768295618717330653e-01 1.181606117365587405e+00 2.842627884920706727e+00 2.475445827618321992e+00 1.027521555078679677e-01 5.759374273556944202e-01 2.509091816238621320e+00 6.195665529244577918e+00 2.104885805607276339e+00 2.721068810698886509e+00 4.431048227356214397e+00 6.084793248548709066e+00 4.093086057618873674e+00 4.234297346134749951e+00
4.671078378957160271e-01 1.009145550631304733e+00 4.245104406836667010e+00 2.436692705724188723e+00 4.619331528068541637e+00 4.683721732890737677e+00 2.078250608195986171e+00 2.870710913004084652e+00 3.476814236740467745e+00 5.215078232475614861e+00 6.083426926913178434e+00 9.212199101112659161e-01 2.156794184421344074e+00 3.509524557783107124e+00 3.980661081638106946e+00 6.242581118931696871e+00
5.942984580998293076e+00 1.804574951042111408e+00 2.546590561023281740e+00 6.205081197380575730e+00 3.026446300091678587e+00 1.010292581718624350e+00 5.741967656958943067e+00 4.746690408889419288e+00 1.650478617557202599e+00 5.635227103022883988e+00 1.386711634718114761e+00 4.207178230325771956e-02 7.573493859395146188e-01 5.036768075525011490e+00 2.255069218679189191e+00 3.844985736344283200e+00
8.206898894582470572e-01 2.937156200213820512e+00 2.016275491088378224e+00 2.576731529304827184e+00 3.321338050352673488e+00 2.401003527926198977e+00 3.093397053760199800e+00 5.828042734720758844e+00 1.210911429398840999e+00 3.024921402246919744e+00 5.457293059216830500e+00 6.120088820508339245e-01 4.548439973159107197e+00 4.904658189091929188e+00 1.034695799900692714e+00 2.308892548201351147e+00
1.395988206070109650e+00 2.843874251525675856e+00 3.432141772699681237e+00 3.039640016585587912e+00 5.157617751889699953e+00 4.805993602319318825e+00 2.317773432391989186e+00 4.742141775186194508e+00 6.189835589049256015e+00 4.403856687587894392e+00 5.051802019125496201e+00 4.519321435920970131e+00 4.862196232167088183e+00 1.515099262145111814e+00 4.816750880678529079e+00 5.791030573241869206e+00
2.625597223667717195e+00 4.756698182334930358e+00 5.191518332312864636e+00 5.329742848821913404e-01 5.154784093990818050e+00 3.140183563657450438e+00 3.184796546133868311e+00 1.306490419286407523e+00 4.983733013261939071e+00 5.599872321889857396e+00 2.172901893886798774e+00 4.238397661986537557e+00 2.146404909922251303e+00 3.852741940217509597e+00 4.931274170907966159e+00 3.862320328325016039e+00
2.240605784114419574e+00 5.938784902605169336e+00 4.393384694620565689e+00 1.857320522367625681e+00 6.261907307330950800e+00 3.673100676685880028e+00 2.859116189386128326e+00 5.647180910344663296e+00 2.517785857506933400e+00 5.748600538178940234e+00 5.298011595850926625e+00 2.315406506805161690e+00 1.857720163948651582e+00 5.031010259249660832e-01 6.028117052229916339e+00 5.010773461744729040e+00
6.273608464324996525e+00 5.759799049293468087e+00 1.735755214213789310e+00 1.913349032422685836e+00 2.108238102961384364e+00 2.238265452591843729e+00 6.196423817655245969e+00 1.334285361696729622e+00 5.919190476102242471e+00 8.473155964021173991e-01 1.949561056650590263e-01 3.647555438991471721e+00 6.139478234718756866e+00 3.626626822992944810e+00 1.561584502749515657e+00 3.544913102275637051e+00
5.006529637663727605e+00 1.976701805006265911e+00 1.787015668474250862e+00 2.862393135139577605e-01 3.202630371052427982e+00 4.622775825400241345e+00 1.253034072037639834e+00 2.875915206098848209e+00 5.404375621889496717e-01 2.597755695194564840e+00 6.717277256042444300e-01 5.832346549786058709e+00 1.827764282960745668e+00 3.760103297029577796e+00 3.005880915357783234e+00 3.732914398711369319e+00
5.050880139268565827e+00 3.933559054659071741e+00 1.254392580652676115e+00 5.776014666676045906e+00 5.309324425087148747e+00 4.756786618517709009e+00 1.881258723541659572e+00 8.372688930479640357e-01 4.294909136178320708e+00 1.555100629591073425e+00 1.097338298075191121e+00 5.615456930403602165e+00 2.640966029845665641e+00 2.724038205505909804e+00 5.310601866892963763e+00 2.266821945620705492e+00
4.060083115166849943e+00 2.912599260344680641e+00 2.145526228973920535e+00 4.509526310983538622e+00 2.368813762168985093e+00 5.501098340674992038e+00 8.085715902158857604e-02 4.210850164905152404e+00 5.063159344968507725e+00 3.630346000769129056e+00 3.047504495281857739e+00 5.036619497790554512e+00 9.446386015404719672e-01 4.432834247799256389e+00 7.820404714416142600e-01 6.170336247729531820e+00
2.531379070959269395e+00 6.934021962052301369e-01 5.331341693916336943e+00 4.936409242066890357e+00 4.976973879755478336e+00 3.509039569784412560e+00 3.103166867725555278e+00 3.127906073696876454e+00 3.525461446621861228e+00 8.850690254505698684e-01 4.716179582742856979e+00 4.665277966927054543e+00 3.524366690628071730e+00 1.881961020447763921e+00 5.624438587446169535e+00 1.080265700373520099e+00
4.144219963505076265e+00 4.171695546078250771e+00 4.970737481023046911e+00 5.701307752775956139e+00 5.557674177426500606e+00 4.631666736644288740e+00 1.738507386093239404e+00 2.003812961723088648e+00 2.959342801713583881e+00 6.272529145889592650e-01 3.823795958293023656e+00 4.474302463593344825e+00 2.765022125695013600e+00 1.842122620292982738e-01 3.979546950865997079e+00 2.873442226613887041e+00
5.461886894140800308e+00 2.287593728222387046e+00 1.929114794843901581e+00 4.574375214669324841e+00 4.032775819604114131e-01 6.133070124777955989e+00 1.624636284858122504e-01 1.078332248209870947e+00 5.146067859771770614e+00 9.039850037254985038e-01 7.899303219120084041e-01 1.377722601726035334e+00 2.592912150663005288e+00 3.190124519165458583e+00 4.255981438708263731e+00 4.028825677906805680e+00
5.526464696531839138e+00 2.528570176695600580e+00 4.366000464977561002e+00 5.197765283985271267e+00 4.687009900152837361e+00 1.366684684706570341e+00 5.460503448854772124e+00 1.614416065040937376e+00 1.878298409833943250e+00 2.193223176381289274e+00 2.744196665733128704e+00 2.850600094395602024e+00 3.310515999751880045e+00 4.808768131052804762e+00 1.149317247075468673e+00 6.173209230647730195e+00
4.825002382909612031e+00 6.536938659352609093e-02 2.191531946328185709e-01 1.852661421808498021e+00 9.926677502233481887e-01 2.080450391064218252e+00 2.495808318543851545e+00 1.467998896970176270e+00 3.195449844411483387e+00 6.219825329573369643e+00 2.893277483374452785e+00 3.955918106716573845e+00 6.174792165824660728e+00 4.622252446384454316e+00 5.160566844560825928e+00 6.958056512053873988e-01
3.265841228058221191e+00 2.245307911965314762e+00 4.418615737674901345e-01 8.345870581371138408e-02 2.932944551618873685e+00 4.780529016792546493e+00 5.720783833825722198e+00 3.738393469963800175e+00 5.113308996519552174e+00 3.870412141212225876e+00 6.039199280081722243e+00 5.295889709485564367e+00 1.962260191227243711e+00 4.750491486153594067e+00 2.917210355408873745e+00 3.719158380695021027e+00
3.295634830257075265e+00 9.536527776920872279e-01 2.934331552223395700e+00 5.170246755061866928e+00 5.612463804065450645e+00 3.697278879861396028e+00 3.250755079584886964e+00 4.015792654502148729e+00 2.806423652406996982e+00 2.221992323088578303e+00 4.412273192819386125e+00 1.485663619828078819e+00 3.694005503138475532e+00 1.816950450628743718e+00 3.135231568810584069e+00 3.902475757403865320e+00
1.946356669151223517e+00 5.983614453574698011e+00 4.145682795666344234e+00 6.058752804260857383e-01 2.556625589195704595e+00 3.365931415078486033e+00 5.944090838888192785e+00 5.591238217798717436e+00 5.325218895702354516e+00 2.518417750900495022e+00 2.662256032824985574e+00 3.824353365484841394e+00 3.983284855893172605e+00 5.839544055613372642e+00 7.650148562311559486e-01 3.702996873608009665e+00
4.723931688258463879e+00 4.873864976050234610e+00 1.882544167680371583e+00 7.776758601142456095e-01 5.212520565731015409e+00 1.623968145490836568e+00 7.309050993650496597e-01 3.705133153663573431e-01 1.268924504078522419e+00 3.358298229306974636e-01 1.043688963011987214e+00 3.306908529738994407e+00 2.131731858424161352e+00 5.437407297940286099e+00 5.694865800257456812e+00 9.256943563906682160e-01
4.910908826123238646e-01 5.762007924175931883e+00 2.113872035013701023e+00 4.709313343497877113e+00 3.176119541527046675e+00 2.894343641754890117e-01 6.488742097505296735e-01 4.323569195178260216e+00 2.999646603098331088e+00 5.169114179481453242e+00 4.292280099308487529e+00 5.174133935369495951e+00 2.854739065634074979e+00 5.823415067616605434e+00 1.840742902047347362e+00 5.195609825294498663e+00
