1.158799909166701836e+00 2.020824078573176141e+00 6.028664087716076203e+00 4.774499166061294986e+00 2.534813551210789662e+00 1.434911708527388141e+00 6.164836539088397460e-01 4.398251216463203050e+00 5.090865209475138320e-01 3.563143413358793588e+00 2.285188324829066642e-01 1.613217681972965334e+00 1.203118670165390203e+00 1.666778277791435559e-01 5.778848294099881322e+00 6.064479706308771867e+00 4.445473760130874474e+00 4.319136557486840999e+00 5.630662623881993234e+00 3.169267989177024347e+00
5.697542896841371274e+00 3.082236096644940915e+00 3.343697823519277357e+00 9.743948126720856084e-01 3.289463783086381543e+00 4.895627810398230473e+00 4.594249687484278866e+00 2.952432227611685889e+00 6.044810249616508813e+00 4.885863687920402043e+00 5.211023961131139970e+00 4.901664476786360858e+00 4.450461342734575609e+00 4.902800383064663592e+00 5.841397193317430236e+00 2.737313071633485695e+00 9.400614196916252940e-02 8.978533683272951205e-01 5.474797535055737185e+00 1.155711270514885092e+00
4.317372944090478448e+00 1.474525604768514908e+00 4.196947654827410723e+00 6.171581380172439957e+00 4.662543475503708179e-01 3.306044564296506838e+00 4.195961183577351150e+00 4.279031045684575929e+00 1.769012708949927237e+00 4.379462952639559425e+00 5.023371920708050276e+00 3.106351879413622452e+00 2.379182461517028724e+00 5.563113631836410278e+00 1.012376934834949171e+00 2.397491124061398970e+00 2.605954322656079958e-01 4.024110152138512753e+00 4.797411744568354841e+00 1.506779885205067337e+00
1.411355654683003946e+00 5.711887523008170930e+00 4.462609725272302263e+00 2.231664729320428808e+00 5.003511153865737526e+00 1.016916314343568439e+00 5.814520072758232239e+00 3.416403592369606557e+00 8.649409024025784820e-01 1.929780340566163099e+00 5.118330995067761791e+00 2.322964320543083883e-01 5.615766276139544377e-01 5.912116555182217681e+00 3.370221201145606305e+00 5.449393920629799076e-02 2.165071779436351651e+00 3.757379383714610110e+00 4.543552174357159856e+00 3.373104346004359044e+00
1.741718692902987753e+00 1.907417487787116173e+00 2.119047761002629926e+00 8.416023993773688039e-01 4.317322041006607769e+00 3.316128086395804697e+00 5.921779829923432104e+00 4.260535585127043667e+00 1.170630548503380775e+00 9.038515100294863824e-02 2.149297712221643231e+00 2.662681344539829187e+00 3.535834040030488179e+00 1.478439405095887338e+00 2.190950654262437958e+00 2.785185446548319455e-01 2.547722957127206644e+00 3.094252602330653357e+00 2.550030035595123756e+00 1.825800310513019387e+00
6.053034844460208896e-01 5.359617718749767334e+00 1.895960542625818146e+00 1.716676999281127269e+00 4.236601524334211000e+00 5.888145931989945403e+00 1.993205919835963513e+00 2.496887061919046413e+00 3.193491052594364277e+00 6.172926199156578697e+00 9.946737057267366344e-01 3.074320090643759329e+00 6.179103704312400858e+00 2.688667318688777286e+00 4.667501313109593930e+00 4.753063448485447928e+00 7.399243083169807500e-01 2.130826107743016617e+00 1.754065545280593774e+00 1.125684448780244901e-01
5.521675324855801037e+00 3.207261442641318627e+00 2.522481153327363224e+00 4.305102126315901168e-01 6.277911402419396047e+00 4.900825821656799697e+00 6.130128102214738028e+00 5.100121740192086861e+00 1.005405134351158969e+00 3.825211128271127636e-01 1.181804791851796654e+00 4.054808598010553489e+00 5.606803088734758411e+00 1.307414643062313919e+00 4.394561184064017745e+00 1.660597688093775171e+00 4.555960625447657009e+00 1.917084007231144582e-01 2.426946735526085419e+00 3.724372146440168674e+00
6.033357538523460128e+00 1.377311030699057137e-01 4.300738724765523990e+00 3.103646339284194422e+00 1.218557549898700465e+00 5.688987019465845840e+00 4.838772416793514775e-01 5.538481016800906431e+00 1.534673549792234359e+00 5.785155300234003484e+00 2.772387987353915673e+00 5.045149737503860976e+00 2.962781592235411043e+00 5.886243140926971762e+00 6.044963298176698530e+00 2.608878515319178693e+00 5.639312462400303261e+00 2.212433279777291928e-01 1.279374502437446104e+00 4.738536998674153011e+00
1.903660183179569643e+00 5.273247790274792735e+00 5.888268211520194306e+00 2.697275110415985111e+00 5.330243803483912579e+00 5.797033190878629227e+00 1.289597745342067725e+00 4.882711361620514445e+00 4.020796615750739988e+00 5.417300826267560154e+00 5.276833775224187839e+00 3.594567471629284139e+00 3.020032887318279791e+00 4.672056589327739040e+00 6.761087463957420329e-01 3.938899631764382070e-01 1.600626553816396846e+00 1.501357146803457665e+00 5.748169448494565792e+00 7.885557674960282926e-01
4.487469849694028845e+00 3.877830982176065699e+00 4.590683441405044363e+00 5.218313225634185315e+00 2.162638347444063580e+00 1.410193319427789360e+00 2.483320020989556287e+00 1.091516870623036706e+00 2.294567399012477971e+00 5.878158224965424061e+00 5.673124269703885503e+00 6.194979014203562118e-01 3.408910640283925098e+00 5.447755727873355269e+00 2.720996381021186128e+00 4.997346111029337123e+00 6.183845240713041314e+00 1.993783837779399715e+00 6.142954193498086773e-02 7.089199300421216154e-01
2.740932524717430319e+00 5.232613680225219888e+00 4.613780472446824987e+00 2.468083219809503071e+00 1.706034585808860360e+00 3.087063779510714756e+00 4.920231887961764805e+00 1.161646590702295478e+00 2.797506127507253249e-01 2.266569835192435267e+00 4.500979779116340396e+00 1.642447067569484664e+00 2.678571686705640609e+00 3.880449734661201688e+00 1.855436146243486073e+00 5.187158573361783986e+00 3.469909911452838114e-01 1.685328961547710447e-01 5.823742121467543775e+00 5.312206153910184803e+00
5.449568729561579117e-01 5.717510884601748167e+00 5.567075032509591459e+00 5.160205420912746810e+00 4.189797257964304578e+00 4.312347294544055742e+00 3.271240527504918116e+00 2.571731892792635588e+00 5.932565539684749645e+00 5.214086879881789649e-01 1.152670995834615519e+00 3.649356313329670698e+00 1.374063858157839602e-01 3.292169058573378937e+00 5.318300169766633445e+00 4.167379934162553035e+00 6.109840660794767508e+00 5.986982141703721005e+00 2.408842043467119609e+00 1.730610969090675910e+00
2.889585813545143100e+00 6.198753221649919709e+00 5.869907517793224727e+00 6.278230639277615488e+00 9.378336978607108021e-01 2.863513971466943975e+00 1.931103865831047539e-01 1.493638252974653358e-01 3.948300444746333682e+00 3.288451816691105645e+00 8.543691676647378053e-01 1.106494117649103215e+00 1.230631966995600735e+00 2.190632314851465257e+00 5.044393789258252880e+00 1.405053341188539084e+00 2.570890291115678572e+00 7.311316364314782712e-01 1.773688743196737860e+00 2.116351684186359439e+00
1.590446458052350298e+00 1.014753478262585773e+00 3.617706135690373692e+00 6.025464332030217030e+00 3.220280606909283527e+00 4.932968216202799461e+00 3.952676827928111258e+00 3.305832749795488468e+00 3.391822577005514372e+00 5.312523279650667618e+00 5.567131438758496920e+00 1.965574424292215516e+00 4.876303913194311335e+00 3.770212740053836775e+00 6.281348974275360320e-01 4.751671948657112843e+00 6.124607049693634231e+00 3.570123298960841574e+00 3.088238364035535533e+00 4.487310927372828218e+00
5.006201420778657596e-01 5.977283143613416172e+00 5.591610413410267100e+00 5.439491903492444713e+00 5.399502846927534350e+00 1.899813574528244065e+00 1.431467224035984920e-01 1.914082944900596717e+00 5.174591150600698519e+00 4.407985283593648163e+00 3.227334714660657244e+00 4.821539709875714230e+00 1.846052523086527009e+00 3.631298545749594431e-01 3.154068280983915784e+00 4.668996263468312868e+00 5.270676895214078783e+00 2.870809053209453676e+00 4.762645337432297232e+00 2.204380392993574578e+00
5.976864019564184227e-01 1.229107054570670043e-01 3.672340872203743611e+00 7.865765870597055676e-01 1.252718219994359838e+00 3.268057721519559422e+00 1.447660564926738447e+00 4.058136260077811919e+00 3.992208220752112985e-02 2.532515952665324921e+00 4.161988602856326658e+00 2.615775105186687988e+00 6.173301415175092011e+00 3.517307170250159931e+00 2.965615950458379224e+00 2.065619679375583662e+00 2.176869615361065158e+00 3.923879882115560491e+00 5.542265212202617697e+00 4.716090410401220789e-01
2.376719212129712933e+00 6.484954173373701503e-01 3.147452247687713367e+00 3.249791651843250584e+00 5.555557007973293437e+00 6.232532530171876139e+00 4.925043250646520931e+00 3.920905262311468409e+00 4.162395595132804438e+00 2.589792673003500578e+00 4.950289406184078977e+00 5.899054334865960758e-01 4.407407648496761254e+00 6.158859000332888023e-01 3.738756685689966108e+00 2.187559485751136013e+00 1.991112878119859486e+00 1.122004580231975801e+00 1.429471657973826471e+00 4.985288116590574248e+00
1.577739504535492943e+00 5.640326225813085514e+00 1.303731963793365589e-01 4.230625516036530698e+00 5.445037754677302999e+00 5.320839064600638935e+00 2.286937746785695502e+00 6.011170316658987822e+00 4.078547303163444770e-02 1.312331770158113420e+00 6.106697299647231958e+00 2.489260695978102511e+00 3.987433005358042681e+00 5.156259259668180661e+00 4.451676410873121270e+00 4.136615620754221290e+00 3.789170771913221714e-01 1.860202769063221018e+00 3.486494905846337033e+00 2.898020754927820963e+00
3.896747438143101316e+00 6.145449582914950248e+00 3.175908371374012162e+00 1.784937179267389151e+00 5.063473552151280366e+00 5.174792473280675154e+00 6.200063414318497834e+00 4.182240101228321905e+00 1.554534336917264281e-01 4.046165491148983051e+00 8.283525725235248993e-01 6.139097642486293083e+00 3.674678545444441280e+00 6.568196942234268976e-01 3.962749183245570794e+00 1.982800379935408808e+00 1.581180101572540853e+00 5.323083484376225805e+00 2.644855345202796304e+00 4.976537296105505881e+00
7.598406406259736734e-01 1.138296358953809984e+00 3.372810973685349989e+00 2.507329279668996325e+00 4.313190021120894002e+00 4.733484549577777756e+00 4.726466841504806116e-01 3.338701969311213880e+00 1.821178970205901360e+00 3.061432187362338464e+00 6.122878512852716781e+00 2.023670229271248289e+00 1.880418035348577988e+00 5.917820945382984199e+00 4.894820060527725225e+00 4.328958037937513659e+00 5.965449753039430369e+00 5.256379409922082857e+00 3.260795077262264918e+00 1.392736562060530314e+00
3.121537011947665419e-01 2.916995955574238408e+00 1.776051316050556161e-01 1.949116339915083707e+00 2.823292184706548635e+00 6.216991087888525946e+00 3.887110957275698109e+00 7.957193920891831862e-01 5.002121015147367622e+00 6.202775582809824328e+00 5.544060632673093458e+00 4.622855567151098910e+00 3.502505804273100321e+00 5.228185170784801272e+00 1.773056935715538351e+00 1.318915648577543842e-01 3.633000490558182971e+00 5.952851183262733770e+00 5.200824406717817538e+00 3.848332142477207674e-01
3.754375447704222601e+00 1.844740485763777693e+00 3.900561178460778766e+00 2.558960646234815339e+00 3.520405538812452662e+00 5.688033829354343096e-01 3.681638190122730414e+00 4.845926580783850746e+00 1.713264974984625433e-01 4.890743632359934701e+00 8.120416358083528685e-01 1.819646651821803962e+00 5.032196482805901816e+00 9.290449978218967564e-02 9.469347267323630080e-01 1.633191852304887171e+00 6.767233987415667285e-01 1.029807872592616302e+00 4.030023560319799358e+00 5.658412731814609131e+00
2.736886696734851743e+00 6.072349904295644585e+00 6.151063729093104726e+00 2.250378687919435627e+00 3.415020146135381296e+00 4.165857130915223472e+00 1.948594820316349674e+00 5.478812114800806654e+00 4.174557582588908744e+00 4.499465671794736110e+00 2.529327351195863827e+00 2.907168771902765680e+00 5.082670285769915530e+00 4.125745625015443174e+00 6.647688699839272575e-01 1.423844769380421926e+00 5.193889143696985400e+00 5.443650875493638353e+00 4.893980133681484546e+00 5.152109105798043487e+00
5.610134407573645454e+00 5.490505026283369006e+00 1.443584661839848016e+00 1.091968925676337854e+00 1.125264580369749856e+00 3.814995765737396294e+00 2.227398619674342939e+00 3.147493247853032639e+00 3.186310147095804957e-01 5.866698902476723987e+00 2.993874973856026855e+00 4.075065023406896358e+00 3.079835277338055288e+00 1.584158624844098417e+00 4.864944911324225352e+00 1.452659973349373357e-01 4.785275860719502283e+00 5.686327706916927127e+00 1.193035556588947887e+00 2.438841065711011780e+00
4.791627322897872077e+00 4.204731338559792420e+00 5.823675830731396275e+00 1.931396713938073662e+00 5.005894143056628387e+00 3.380098424879686814e+00 5.432799884924565781e+00 2.117006658127007057e+00 9.989585584211627678e-01 5.320528100282129635e+00 5.112616056803301889e-01 3.789975636024504713e+00 5.755706327625623508e+00 2.212755197614499902e+00 6.035398189514892486e+00 2.019229253654021061e+00 2.458451610062067250e+00 2.494942340395966074e+00 5.878932267415279966e+00 4.062385554400282928e-01
2.447642235652229381e+00 1.060226248652407666e+00 3.540421649366336521e+00 3.055091327748961749e+00 4.457480587537944849e+00 2.327670786587768159e+00 4.077040285546585707e+00 1.882810941350922418e+00 5.039128509734174699e+00 1.435116309271016855e+00 2.146774668622650761e+00 4.113403245562083477e+00 3.789730608125790656e+00 7.465375097346870215e-01 5.683380551792740043e+00 1.862137634141372011e+00 6.915768056819698861e-01 5.157857449049672915e+00 4.744563715491927347e-01 3.859745071879558953e+00
1.875353284682299115e+00 1.905162548977263892e+00 3.211659749396842845e+00 1.731022732754644355e+00 2.793988450828350789e+00 5.010181508804577355e+00 2.877178515718815111e-01 6.426107628598745070e-01 6.265990198253608590e+00 3.908669667434728101e+00 5.268381197493707369e+00 3.357517093025302879e-01 5.732789816010503081e+00 3.463796063855716145e+00 1.383624373787826212e+00 4.645348656181422342e+00 4.823740179528618555e+00 8.376531195779939321e-01 6.266952129362734603e+00 5.707505100862533265e-01
1.755310582817756426e+00 6.172600007696172675e+00 1.352867658226037939e+00 4.269253495652733044e+00 5.488159201459683167e+00 1.844681311460020678e+00 3.866213687003007049e+00 5.547491740691395279e+00 2.451497003207894654e+00 3.336600378368612674e-01 5.601716997349735827e+00 4.630212293660101786e+00 2.026760426231837720e+00 1.178855112902650104e+00 3.119115362117052204e+00 4.679074908072157202e-01 1.546770417614300230e+00 8.098852683412669506e-01 4.580228131464475716e+00 1.959750951328845803e+00
1.027687558144535052e+00 5.425011008158579173e+00 2.279249020676280324e+00 5.837939183549792910e-01 1.502810125430863675e+00 2.943408327893087595e+00 2.412227326478822320e+00 1.045081863187169668e+00 3.117326800577132406e+00 1.702436915912484805e+00 2.820042078043156319e+00 4.877311343620373663e+00 1.376673773627762554e+00 4.694324957896480188e-01 2.287097233074336433e+00 7.597474860647064343e-01 4.533766804110103799e+00 6.486548116376489141e-03 1.519075870000212047e+00 9.548344054366592060e-01
3.994864875085947897e+00 6.081754914392054623e+00 4.456195763070575744e+00 2.216974186614260045e+00 2.731765329484507898e+00 3.876351246718393817e+00 3.356628674518557620e+00 2.014788038254634372e+00 1.281035968032001593e+00 2.788554664567462371e+00 3.722132019434412520e+00 4.096743533044047147e+00 5.306909045871134545e+00 3.445147681444357679e-01 3.839362840100139618e+00 5.237075697186126533e+00 6.267246605036863594e-01 5.092851293817743041e+00 4.264484769548042564e+00 3.805587299169900017e+00
9.557441759476363596e-02 4.566630859129930720e+00 4.567582976479910073e+00 3.661980199586176710e+00 4.580211879061841351e+00 1.030718504720682382e+00 5.633366043207766793e+00 1.372422881042466347e+00 5.510100857910137151e+00 4.268870042867048298e+00 2.609390868255552665e+00 5.450159459077673851e+00 1.840274184504456567e+00 3.254366755273675693e+00 6.206449073142233708e+00 6.978691135481202013e-01 2.853934020421078799e+00 3.727115003907857993e+00 4.430666111353757763e+00 5.982150947601589941e-01
1.753038659504562391e+00 1.978094531155518698e+00 3.551925803242490964e+00 5.367016533050929183e+00 2.923815993268273239e+00 2.022952216592647900e+00 3.515056977067775090e+00 3.957386045101332961e+00 4.181272309719169300e+00 1.391074168584702120e+00 4.321772255700280507e-02 1.937464962496785237e+00 3.857576442051189325e+00 1.409201296950513438e+00 4.916546641776542992e-01 3.395558098696509930e+00 2.977604278185378206e+00 1.528005834398753260e+00 6.256802688251314137e+00 3.397269829450626943e+00
