3.617611807124603285e+00 1.315584848258634365e-01 9.527741524962883846e-01 3.342111917348614014e+00 5.302027695881926128e+00 1.218092668368671250e+00 1.574106139256771897e+00 3.742020606277205896e+00 4.722073675082040234e-01 2.254537626282286489e+00 4.296225570260145510e+00 3.426196310629426645e+00 3.410514398948407244e+00 4.917719593584219395e-01 2.100176726673202321e+00 3.472058064757934659e+00
1.996878575456481064e+00 1.746148848026163602e-01 5.244019532828633423e+00 3.224504290369060833e+00 2.726560974759913325e+00 2.802449246629256763e+00 1.525116180941552546e+00 5.431194208594934736e+00 1.769665659593934848e+00 4.761219480849534946e+00 1.515366255279737118e+00 2.655036716055576562e+00 2.412386117301580146e+00 5.293003130942111056e+00 5.393757731005359712e-01 4.503291474528642091e+00
5.173549729323252855e+00 3.259468329155537969e+00 5.643548818876831241e+00 5.597306867436838473e+00 4.911535454253248112e+00 4.872071899763126268e+00 9.801693954007741905e-01 1.409822464354695937e+00 1.786143034815725894e+00 4.272736823501366743e+00 4.770834314930929132e+00 4.667344383523349016e+00 1.976136960175405966e+00 2.373434430147969731e+00 3.221085517601148140e+00 6.072140479333243412e+00
3.914809129642598418e+00 9.101552180263411396e-01 3.839801958384794212e+00 4.782698647064592024e+00 3.536960242418523581e+00 4.092097555523602992e+00 2.591653470949850213e+00 8.485170058636251067e-01 5.900460909376376684e+00 9.706780307282316667e-01 4.140790573080179726e+00 6.068130947214010362e+00 6.167974328147444396e+00 5.297922687893806604e+00 1.935791813750543877e+00 6.121152898813210896e+00
2.668176224492357917e+00 9.628334485376548457e-01 6.037870596591488948e+00 1.573835765854953772e+00 4.276793866475085970e+00 4.477862052872455756e+00 5.764853578734342676e+00 3.578149688446488952e+00 4.066098429934709713e-01 4.517939593128073916e+00 2.687506452391134726e+00 5.285003326506923393e+00 6.238014966153235363e+00 5.028177429380638053e+00 4.522123208458165955e+00 5.887269044679104724e+00
5.646108978807625078e+00 4.100901899176138343e+00 6.047905575291240510e+00 5.555078545316741057e+00 3.998658656566560499e+00 3.917808337831219401e+00 1.969086754021013075e+00 1.520372241995152640e+00 3.266716834806953518e+00 2.091981054958524933e+00 4.329652106534529921e+00 2.605894635829089534e+00 5.988463894279446365e+00 1.494951697367449928e+00 1.496761122364299368e+00 2.180850672662168199e-01
3.703423260608675882e+00 5.512329583291772472e+00 4.291667947514633319e+00 3.968806994752281714e+00 2.244973688881729323e+00 8.824624787282169258e-01 3.657309701318864015e+00 6.106257053233642651e+00 4.154743895898325157e+00 5.732514675108502544e+00 5.206409977587100002e+00 5.153878238778027310e+00 1.665980191674505839e+00 5.392266965971150405e+00 4.632522060603453951e-01 1.429112745218934721e+00
2.124067807924301388e+00 1.306691757639755758e-01 5.980774014712874731e+00 1.056565271822234697e+00 1.573156399466311417e-01 2.571448312344730702e+00 2.853115938890777858e+00 2.847934844853893477e+00 3.384297771874409833e+00 5.726222615764005930e+00 2.884504108295541158e+00 4.817900840827221920e+00 2.502499342569454832e+00 3.677134782754857945e+00 5.573159681402185761e+00 2.284090891285241731e-01
2.808079533023342123e-01 2.745217702183663011e+00 3.450576312485575503e+00 2.374569388766708311e+00 3.903175040188001876e+00 4.040211358100440187e+00 2.190446252439160357e+00 4.359305385864794324e+00 1.448487938701694899e+00 2.227758174814123304e+00 3.242339391405890670e+00 3.129479245944139620e+00 1.919688201442733222e+00 5.229458748425779291e+00 4.555791896324137724e+00 5.618823103559957843e+00
3.133120612050501741e+00 4.435874523354555343e+00 4.338232814265046144e+00 5.092587380894025628e+00 2.685483474429955830e+00 1.105909044192780577e+00 7.956407823572821114e-02 3.535751182887752808e+00 3.891713262570467791e+00 3.461618395527361614e+00 3.373721762378092404e-01 1.353488350770908122e+00 2.287316950343110999e+00 1.509766040109225549e-01 1.013427542735132691e+00 5.073395199605838179e+00
5.465563312016147535e+00 5.583865351077523798e+00 5.897289469786739957e+00 6.102463744955230140e+00 2.437353685999484654e+00 5.998584217106876615e+00 4.015312086146933801e+00 3.926973249421760404e+00 5.228502963031308681e+00 5.068328110453278690e+00 2.960161292119314780e+00 1.183081595811130926e+00 3.052474831246880349e+00 3.753413829516583533e+00 3.950923201666642015e+00 3.949087448986578597e+00
1.777414275103830939e-03 1.192111835985844914e+00 5.383058334127302835e+00 3.948135671771527466e+00 6.262448678402569691e+00 1.836694529456751601e+00 2.160354449695202739e+00 3.750123885405482138e+00 5.515350844344036219e+00 1.887575540683521513e+00 3.495192099545333164e+00 2.435463198270797491e+00 3.153728213604771291e+00 1.875280324579107427e+00 3.077931343782080553e+00 2.943547365025676932e+00
6.157997106919988362e+00 2.708255907277477004e+00 3.820521750696832530e+00 3.077804076809837142e+00 4.088247345442790781e+00 5.878501951270878934e+00 2.302135073230827889e+00 4.957588961383620152e+00 3.578920467699447716e+00 4.554958974107837122e+00 1.697013150745150245e+00 5.233036123243206106e+00 2.367677827342087760e+00 2.389410354085882204e+00 8.239961645068457630e-01 2.309703749632502912e-01
5.981031518477536224e+00 1.256509644956375293e+00 7.577396261557752810e-01 4.315129862326235188e-01 5.034682835343605944e+00 2.292414831348566384e+00 2.195645562979466892e+00 3.952760000105361993e-01 1.804737393986628025e+00 1.711314076395969330e+00 3.956943304103219372e+00 8.350721063354343832e-01 2.431763559661433760e+00 3.376595180418910047e+00 6.974071144082600870e-01 1.832663586257528232e+00
2.549669865468600971e+00 3.018353575749199713e+00 2.392659353527597066e+00 3.383825184191300739e+00 7.127262083676447757e-01 4.156019988451747693e+00 2.842946816508002517e+00 5.403633036331270567e+00 3.346367851739250110e+00 3.516007949127427867e+00 6.061110608049765425e+00 4.931301141652711273e+00 4.058230736586046383e+00 5.713558319038348543e+00 2.732497387280308221e+00 5.661647168524433837e+00
2.637702371301256399e+00 5.529135567187949185e+00 5.939611485424963533e+00 3.511389336777201109e+00 8.789202137710306895e-01 8.219952405657743322e-01 5.650489532782130730e+00 3.036764800798477548e+00 9.529427741250532380e-01 1.147788245641534755e-01 3.026567961073300506e+00 3.602356821203562376e+00 4.447751523204851232e+00 1.985404921653013854e+00 1.029207308984306124e+00 1.012040884138754704e+00
1.481397954482598145e+00 1.099633121509799444e-01 1.262314705886834032e+00 2.824035700093944445e+00 5.157493234932851722e-01 2.135099980771764105e+00 3.378673166728679789e+00 5.172030617083072990e+00 1.234638524564147799e+00 1.143488250705341880e+00 3.314241021126310915e+00 4.542560419603708377e-01 5.718030562604415890e-01 2.547489644617061622e+00 5.981217681707412304e+00 3.885041643999087579e+00
3.426292989579605708e-01 5.922041364656066342e+00 5.353697392724258819e+00 6.016866004525374123e+00 6.356238309413029253e-01 4.567892603991297484e+00 3.090044513906646806e+00 2.428472852150620920e+00 3.681972156617710823e+00 2.419272365542416425e-01 5.429422892147370838e+00 4.767755481789627936e+00 1.910428371481176502e+00 1.685809882729930598e+00 5.479885816908350860e-01 2.582934685743990322e+00
1.252401124909429786e+00 5.053348786594011877e+00 5.784748864044305883e+00 5.053784924229143272e-01 6.143807679616929640e+00 9.285623810266360745e-02 6.895453555091080045e-02 5.835479497113567060e-01 3.210119533514257384e+00 5.432230443304041145e+00 2.219756594939658711e+00 8.843370787079694040e-01 5.169965748891385715e+00 3.250713382241935623e+00 6.049104672090485302e+00 5.150663762174793270e+00
5.705583549250653697e+00 3.442216909591546248e+00 4.629912356015648101e+00 4.268696570672633861e+00 2.155368456346320460e-01 5.473814270455529929e+00 2.976367057109189140e+00 2.995179167016193134e+00 4.686625965997492038e+00 1.612284830400066982e+00 1.782842186906232085e+00 4.036613980539087265e+00 5.794107817348607137e-01 4.456753689025044984e+00 4.212259886731157255e-01 4.144685387225095496e+00
3.965698641537724889e+00 5.209209848688977074e-01 1.349700947996792078e+00 1.396683484817462073e+00 1.731185968275258169e+00 5.979117039280430035e+00 5.168539040242315252e+00 1.190552689151701399e-01 5.948785726181896827e+00 2.795816800195064733e+00 3.270153226747988473e+00 5.569674548153660254e+00 2.187114716846698670e+00 3.842695064894319668e+00 6.107093229777226462e+00 5.443065059573308773e+00
5.775422413292511159e+00 4.042548821978281914e+00 4.258134022867316126e+00 5.087637012077186327e+00 1.796943841907442163e+00 5.467634371489898726e+00 4.778178888332874408e+00 1.234907962424959926e+00 1.111887199945098825e-01 3.561692122553290041e+00 3.858477155136289749e+00 1.665490937607043698e+00 5.273162386129705226e+00 2.069200078829474876e+00 2.313806408186848351e+00 5.165035656432481304e+00
3.182556664624979881e+00 2.459085115435081903e+00 2.454893731024350156e+00 1.004810669424065939e+00 5.168976765774898396e+00 1.816875159131066120e+00 1.259914815955992307e+00 4.961882395722244099e-01 1.962041033163104853e+00 4.498265284010685150e+00 4.178153645322042919e+00 2.840166082951307125e+00 3.480075299199006711e+00 5.398013320190508502e+00 2.847288081343935517e-01 4.163574687707046529e+00
5.102597509285462074e+00 2.569070661945831446e+00 4.184974748975535341e+00 4.062895446771653596e+00 2.957351369173649491e+00 1.154855977554840180e-01 4.744268120141513556e+00 4.342735636903214846e+00 8.103121033097658854e-01 5.654405686435469036e+00 8.069385207700540130e-01 4.078315531364006041e+00 4.309071747159300081e+00 2.306421324373157056e+00 5.144188378746514800e+00 2.978865287023767516e-01
4.457811149546275331e+00 4.126123448723333809e+00 2.019662846710508664e+00 4.296302212564531153e+00 5.084404161697978708e+00 3.877304535210299274e+00 3.146118756985179399e+00 2.664917148390157919e+00 3.968410753308963645e+00 4.702992876318259796e+00 4.483229766037537090e+00 6.209667083416524846e+00 1.383546772564596683e+00 4.974000305340080530e+00 5.435755556426146384e+00 3.222747284015814451e+00
2.049016158276162347e+00 4.096215400632581272e+00 3.486586443980120631e+00 1.679100880206079838e+00 5.012070379664891107e+00 6.004276658452926796e+00 3.366568173141537557e+00 3.493628172840866686e+00 5.165713236103396611e+00 2.999196316166218956e+00 5.923907720275974675e+00 5.415289237416210710e+00 4.580681879396609091e+00 2.801307164957559936e-01 1.180084961624226159e+00 7.136615453171994972e-01
8.713359722716103040e-01 3.617852040250011836e+00 6.038926644900816321e+00 3.572399288639881654e+00 1.055586164473856225e+00 5.943959709858471996e+00 4.329067619146808710e+00 1.773009517639069665e+00 8.878873308114929586e-01 2.264541194960708825e+00 6.899880315257077568e-01 5.672442285370328463e+00 2.126504470499404942e+00 3.261450784486126520e-02 5.583692556047338051e+00 2.757592623301358792e+00
3.719560262573792908e+00 2.422846520648973101e+00 2.949363925693176292e+00 8.309282001390360106e-01 4.643972180467677013e+00 2.892771920189705526e+00 5.131941263107476559e+00 1.818243061160715657e+00 5.972133371016019154e+00 1.976878374051910470e+00 1.755605892754141362e+00 6.864019918279988808e-01 1.121676220965357240e+00 6.070183560371988030e+00 1.053170524516587436e+00 5.397707971992645071e+00
1.580945916216673686e+00 6.139287573939109510e-01 1.100206935994068713e+00 7.313860746823638292e-01 2.591974167951359043e+00 1.425406489610094862e+00 5.458170695460677457e+00 2.465591728522579018e+00 1.019855971788217408e+00 4.355867616513742213e+00 6.046614579828747615e+00 3.963853633629442541e+00 5.381722964735551784e+00 1.860593735728831577e+00 2.560668341833371109e+00 2.034887238864425463e+00
5.966759976132501642e+00 1.390715155671895298e+00 2.578478691808924417e+00 4.193992256584779810e+00 5.352628434023204207e+00 1.903957117847309144e+00 1.710686219277920639e+00 5.636897015563748781e+00 3.006649641896907088e+00 4.963577092589587236e-01 5.153960191346345532e+00 6.126772203629128333e-01 1.165425199821475077e+00 9.489023993577970773e-01 4.794135332213715905e+00 4.459693527914558864e+00
1.150275166126654147e+00 2.097189001788467344e+00 1.946994755651700881e+00 5.326000455985532511e+00 3.300131513218739432e+00 3.532370982755692168e+00 4.518392237501763553e+00 5.763504469343756043e+00 3.399490740262811062e-01 5.018723937657378009e+00 3.351688054841663877e+00 1.154808135913123701e+00 1.236074995183101599e+00 1.445063510465076195e+00 4.628851642025304081e+00 5.906048917315656510e+00
1.133892554955868714e+00 2.312074392931326994e+00 1.212854761112758917e+00 1.655561875727898480e+00 8.613380953030331799e-01 2.708288898050988713e+00 4.891944174591519867e-01 3.909728914672200517e+00 1.180818464212245456e-01 1.461406359451030701e-01 1.165628462422244160e+00 5.570366445517048071e+00 8.458824521806687646e-02 1.123462831669310491e+00 1.079104558799732105e+00 1.168914974689649888e+00
