2.345200450890962518e+00 1.642123238329099788e+00 3.029900562139228981e+00 9.746234500899559894e-01 4.590993792946585828e+00 6.570646677053745277e-01 5.741094590376622619e+00 1.690522870270945610e+00 5.553075056349954686e+00 1.650983449462801955e+00 5.545873295937566727e-01 3.927859267415701350e+00 4.575672337235254794e+00 1.529426682189076736e+00 1.105137022038504613e+00 3.481268628103929785e+00
5.685350044836884997e+00 4.203115445106731407e+00 4.482533658747087202e+00 3.845089820343077669e+00 1.506713899318945060e+00 2.811867063396638944e+00 2.651136042733761133e+00 4.637430010690419380e+00 5.790664996939201004e+00 4.269689131157386797e+00 1.618159013177561611e+00 1.883369444160462702e+00 5.246435791584732611e-01 2.474636449522385831e-02 5.483293274807058637e+00 9.673918985528302539e-01
2.668921987434461851e+00 5.994632755394072809e+00 3.953655206663654109e+00 3.266225107890566193e+00 1.642685479079523669e-01 4.269598945773864784e+00 1.146611265143780090e+00 1.084711613528783314e+00 1.440856910707469574e+00 3.964820002538713251e+00 2.573974606833788314e+00 1.252465976889576060e+00 1.769448534215092850e-01 3.594599415271702458e+00 5.261132354324209892e+00 4.116543018742992166e-02
2.732739606305008451e+00 1.669559391031438800e+00 4.058070034417244010e+00 2.148309307726618655e+00 2.601015275032097840e+00 2.356276122080434465e+00 1.833150196946464527e+00 2.211770002368083521e+00 3.068215962667992236e-01 4.459508318621783651e+00 4.936831806369692544e+00 5.257966406173513185e+00 3.525137987388751615e+00 5.016903031940901592e+00 5.224583114031641884e+00 1.169134534359732358e+00
4.737367916045008842e-01 5.810426611752962600e+00 5.782938823479705448e+00 5.034736529931131521e+00 6.214628119526239836e+00 6.269491270952203266e+00 5.887561865070391143e+00 2.765731760077062784e+00 5.186594272487516477e+00 3.970417218225048561e+00 7.251953841768709053e-01 3.003827173492756408e+00 2.354540832423785146e-01 1.028759123102695572e+00 4.033108560512038032e+00 4.419926707538159860e+00
2.907830327263395187e+00 5.460692313014787302e+00 9.067957128263209876e-01 5.029593163479300078e-01 2.569031613898167254e+00 4.486723411349293755e+00 3.723543443249021756e+00 3.348675846628491382e+00 4.279730744980065005e+00 3.166018053711988411e+00 4.825488450660782469e+00 5.722686955410102305e-01 5.956647341243860971e+00 6.498236788720818113e-01 4.668558796948963696e+00 2.673439384137044073e+00
1.843198457920881772e+00 3.709947670419198928e+00 4.904841130031945440e+00 1.034003615280442823e+00 5.145705394561870705e+00 3.214709289115864177e+00 3.890592315759088926e+00 1.435999454221719596e+00 5.208247420545347950e+00 3.962123430171786698e-01 1.715278341106919235e+00 4.226187294052766497e+00 6.166847262695548393e-01 1.858037692146646824e+00 5.874275406552708745e+00 1.413309418920008831e+00
3.761626917652602042e+00 6.033240148814109638e-01 3.629426907248658463e+00 3.184993427255307541e+00 5.919826219096328224e+00 4.720498693006502933e-01 4.269798730099394035e+00 5.055908491217795842e+00 1.483529075380295215e+00 2.959723648276307628e+00 2.962712818643884027e+00 3.632980016435171322e+00 7.714187638458196161e-02 5.341949490234132902e+00 4.236587537251954139e+00 2.019894086808344369e+00
5.837876608349454877e+00 4.194804591373396008e+00 6.146886619231862525e+00 4.760167969430454171e+00 5.357500485772949794e+00 4.576814940289649414e+00 4.158124036643928711e+00 4.066041904888485270e+00 8.757101595357729140e-01 6.002617059882196848e+00 1.761196577935598417e-01 2.156334978626379684e+00 2.109246630605363659e+00 1.856246407529853482e+00 2.370454968787852223e+00 3.165227072764686955e+00
9.993130440007298443e-01 3.742399803277200565e+00 4.887656021629032566e+00 3.726085066245920618e+00 5.985743561643539934e+00 3.980104382497009929e+00 6.038463148755455201e+00 1.526381955507021493e+00 4.002224519727813679e+00 1.642232548779416268e+00 8.995525612100847557e-01 4.630035556257921847e+00 4.878788681302061114e+00 1.318409591206156861e+00 2.055998784026051407e+00 6.047094440283810712e+00
2.158042864742239608e+00 1.017498855133428526e+00 4.177827520522705562e+00 3.321489572727534423e+00 1.444163612722797696e+00 7.457631424175903412e-02 7.234843031925402013e-01 3.726102869539598572e+00 1.080823577203280372e+00 3.036153593708433296e-01 2.880296014098458368e+00 2.516611171942055414e+00 1.347953816639523961e+00 3.079531458308862657e+00 2.337523349674659023e+00 3.389804150999294219e+00
2.166554243541621627e+00 2.197349887442576755e+00 3.228467136175384722e-01 2.773323810747374552e+00 2.826265970135841687e+00 5.130475150605697365e+00 7.837307110761149338e-04 5.203630390164001973e+00 8.461832749693840583e-01 3.954056740061183906e+00 2.214926364943968995e+00 1.493671407365590786e+00 4.959318591542922761e+00 1.419510690186096769e+00 6.611068056212465738e-01 6.021241557350083262e+00
9.086456318065752047e-01 1.803068062831173046e+00 1.112775399070036197e+00 2.460155057752314800e+00 4.988890743376051873e+00 5.722524137563173241e+00 7.870167612626192133e-01 4.912243416109791205e+00 4.169480957431474621e+00 5.315566622288391940e+00 3.317821398291140866e+00 1.935239840482663176e+00 1.458001169638015515e+00 7.429051728895590123e-02 6.941182260266307580e-01 5.987208851822448885e+00
5.586012184001343944e-02 1.032560025971834383e+00 1.607553220064404709e+00 2.182175136333794008e+00 1.592608533408659044e+00 1.119150971538131811e+00 5.099616361779777840e+00 4.723813427127760534e+00 3.498526339756180548e+00 4.754474838509639589e+00 5.238722895053441242e+00 6.692393758192416442e-01 2.247715736030333034e+00 3.148536824698793701e+00 5.672508859358674549e+00 3.960227514542292493e+00
3.002812368146474231e+00 3.121832158039690164e-01 3.174031149479974445e+00 5.241540881468189639e+00 5.489517280422159112e-02 4.430579415204753957e+00 4.165534512953680490e+00 3.483471861639315215e+00 1.715719603808472660e-01 3.054675311992428810e+00 5.667635120498470513e+00 4.774762943836499574e+00 1.291947731697710822e+00 2.275258429936584559e+00 6.021813038079625535e+00 1.160836314003180991e+00
4.278468657047140411e+00 1.855994725133827794e+00 1.128693138266326335e+00 3.009230652859681499e+00 4.881192300036111043e+00 3.747149688380339239e+00 1.057808775858579686e+00 9.413322158159378450e-01 1.722265059014610689e+00 3.084360567688936072e+00 2.298114797930726816e+00 1.674003574541375272e+00 1.345290221750994775e+00 4.898857052682265234e+00 2.278725148852262627e+00 1.565038953909829722e+00
5.491326355954336158e+00 1.434284360583037321e+00 1.201602616912868182e+00 1.181807980691085280e+00 1.761521435295466231e+00 1.723437934740205568e+00 2.039278603381595167e-01 1.493955566843403471e+00 1.175444727096892406e+00 5.988428846156723218e+00 5.629812888089796630e+00 2.528899923207725386e+00 4.339102826600799823e+00 4.280096051016562875e+00 4.670992352026314798e+00 2.239582832119243694e+00
4.426427776255231095e+00 4.728052326237207836e+00 1.049434501073698150e-01 5.064306185872379240e-01 1.768126007673527900e+00 4.319126453509785080e+00 3.476925910631240235e+00 3.026219402927893931e+00 4.548209409022480720e+00 4.247908343217442706e+00 3.228424669149113413e+00 2.577376086321780502e+00 4.452269828812907448e+00 4.649876487886765553e+00 2.013445548862874634e+00 5.118517721376414364e+00
5.362842405767016096e+00 3.108104567849671707e+00 1.296124630036922021e+00 2.002977633843689986e+00 2.511192898918714445e+00 2.862136523842160329e+00 6.000263862841885398e+00 1.497473165829783959e+00 9.884580405513279655e-03 6.207507152083405977e+00 3.339740741231088439e+00 1.134685342439694544e+00 3.463684666437041315e+00 5.315936394396449494e+00 4.554432985996092142e+00 4.798496412455313553e+00
1.653801244180290286e+00 5.896825949998121708e+00 4.618818976795004971e+00 2.543012602388078580e+00 1.606031879291456965e+00 4.329510898821109954e+00 3.916527626388210948e-01 6.055556827873610715e+00 5.327508472175474630e+00 3.695093697918596654e+00 3.749812811752048614e+00 5.103965697793555911e+00 6.199346804846033621e+00 3.966170819570155270e+00 1.128261124180358066e-01 5.380097627851834208e-01
5.958541173682278647e+00 2.942525407054671138e+00 2.178105704442210300e+00 4.022707534310939081e+00 5.767724282386814671e+00 5.348462498549132249e+00 3.638217546406586678e+00 4.561113707992596744e+00 2.447872787375961146e+00 5.856706246004543814e+00 2.404844594688201553e+00 4.426643857810821814e+00 5.878793441607252035e+00 1.221983425004019574e+00 2.638028976972149664e+00 6.133583603961935360e+00
3.919024128648013860e+00 5.959108567324205907e+00 1.108299285909455145e+00 1.862244197999800122e+00 4.039662905861311160e+00 2.046365129683304751e+00 4.484798517802479623e+00 4.509081712594374736e+00 2.746277640166139733e+00 2.311247023955444568e+00 4.095152975231995396e-01 3.680448121629863234e+00 2.362685156990988133e+00 4.011705643026997947e+00 4.817713349076131024e+00 5.705339813171467434e+00
5.134230076937243759e+00 3.425442234429601829e+00 3.836896457903667956e-01 3.356492682332044897e+00 5.006178824041461972e+00 1.452186335821681551e+00 1.454627224769598604e+00 5.034381144917058570e+00 2.204264199024756621e-01 1.743234018250900963e-01 4.735395409664218569e+00 6.020673953843445059e-01 4.425881326269934135e+00 4.912849999853937000e+00 1.834361892835492336e+00 3.247294093807448156e+00
1.027772098266691136e+00 3.731068073012198116e+00 4.881656295490531150e+00 5.769472296913294329e+00 5.631631727546220212e+00 4.351618299537140189e+00 2.716097191862092419e+00 6.039748213448488112e-01 1.900208159809475772e+00 1.993138526270699318e+00 3.997239200861643305e+00 6.186959080693300805e+00 2.109847013956417605e+00 4.107898001021333734e+00 4.450479186251373953e+00 3.870457676083253418e+00
5.642650686578837949e+00 4.637269795215819279e+00 3.445334050141253712e+00 2.818118695073407842e+00 1.634122957560881995e+00 1.303953026738341181e-01 5.623322339824391669e+00 6.001681968872395245e+00 3.060152975362763872e+00 9.009529647007533670e-01 1.603681596105497542e+00 3.296445432935612097e+00 3.903545016326427364e-01 3.081571096502318419e+00 6.427518809977693648e-01 8.616478350775433892e-01
3.446161660038378205e+00 4.680648133099920116e+00 1.011857094285509850e+00 4.934632097222854341e+00 3.786850208810782492e-03 5.222210402576695998e+00 2.045648854547460260e+00 5.398615758707975054e+00 4.705469027113235114e+00 2.910337186443002100e+00 2.766469077371562335e+00 3.504455905980407238e+00 4.694312351320123256e+00 4.398228767689873919e+00 2.016755959865796033e+00 3.737511708657132115e+00
5.279844048798184808e+00 1.931086222888746429e+00 1.238757344150287487e+00 2.178950699325012119e-01 6.271716467285441965e-01 1.861441519923554777e+00 7.836396868076329625e-01 4.037999031150079077e+00 1.145710924543584808e+00 5.997360843883084991e-01 6.034283840542184585e+00 1.426527677003127659e+00 3.679800225396489655e+00 5.511792788061546489e+00 1.508730437190148876e+00 5.367549989440624003e+00
4.152792755164075089e+00 5.238804151074789139e+00 5.247314017933225827e+00 2.679134898429469391e+00 2.629864784997451466e+00 1.674391577231462591e+00 2.420797575989978245e+00 7.788370757027051061e-01 5.570927570825467967e+00 2.163730602104702250e+00 2.279239520997125901e+00 1.208536588208055429e+00 1.122709887064877454e-01 3.101024757140206756e+00 2.796413689107554834e+00 5.103579848577136646e-01
4.893496398448840878e+00 6.234705356518555064e+00 1.495200740888508184e+00 4.143258899337398660e+00 5.456932400487611190e+00 5.051548846976485763e+00 4.457390266939687429e+00 2.175761756357182719e+00 7.810887340128597200e-01 6.002704179330158318e+00 5.657446216255061167e+00 4.165391816967370708e+00 5.741243847898496178e+00 5.688994699806706024e+00 1.148703032147116554e+00 2.518955016355478360e+00
4.766954237590097954e+00 3.638543004828126648e+00 1.952192564334220171e+00 1.026036047029257325e+00 4.121366126802558760e+00 5.287271408210961754e-01 2.185533014433428400e-01 1.118255073527011145e+00 3.919428518028116759e+00 5.530981428182967896e+00 2.916734230183316789e+00 4.082635779299168988e+00 2.856237604918300477e+00 1.303896223590409909e+00 1.325438018576110988e+00 4.580086184770865820e+00
5.085824881212936077e+00 5.343570828681697193e+00 1.660996435914696479e+00 4.358215807495778193e+00 9.135650914954014379e-01 3.588834413058623163e+00 4.321111357436588918e+00 3.780631172444478771e+00 2.083084943558561886e+00 9.858607141750728997e-02 5.432091146103824819e+00 5.666470830946532367e+00 8.202512750537888087e-01 5.441495942846047207e+00 3.836212484880890283e+00 4.507492078689852022e+00
2.420025677475123427e+00 5.039543725176372391e+00 5.145003047317628031e+00 2.288767612701145371e+00 5.207037039319820870e+00 6.196071248528468800e+00 5.047967389506846203e+00 3.190523703929454946e+00 5.795067436225637358e+00 1.390692104089527925e+00 7.161067780192823529e-01 8.086750133639314386e-01 1.864780249282657287e+00 1.060979371268282012e+00 2.872031798930822610e+00 2.077752668969908623e+00
