2.892276231814250309e+00 5.800016331459045382e+00 4.786219893026791183e+00 1.861126536962008471e+00 4.563089052113893374e+00 5.152589492063094134e+00 2.432622291547240412e+00 1.393318831493479015e+00 2.902699480303517765e-01 3.016300910775592481e+00 2.371592652309900018e+00 5.890428370613179254e+00 2.623842341987653537e+00 4.697387248781707214e+00 5.155665185193789135e+00 5.464452728584622498e+00 9.023018028809334234e-01 4.093355656771845430e-01 2.936347768300594296e+00 1.537400443401783612e+00
5.333963104526764809e+00 3.043138450051063870e+00 4.074719389004801684e+00 3.931358115082256521e+00 3.031597547517287605e+00 3.616162602888537414e+00 5.886794374950384601e+00 3.756126320350860581e+00 9.414095967857786240e-01 4.529876451138284410e-01 6.211825204535487366e+00 7.540838108515694749e-02 5.378526719091928365e-01 3.616881090899693452e-01 4.812242493843533531e+00 3.303303453545295643e+00 1.362095483423910958e+00 6.003955521352219549e+00 1.288323298462922262e+00 3.283469678467894615e-01
5.315260238694885508e+00 4.359861087374612865e+00 4.208647602136590393e+00 1.600471648503081434e+00 6.173010240141749705e+00 5.350009400180092634e+00 3.304723780324709370e+00 4.187444352901639633e+00 6.108704711839958446e-01 5.723500132435920484e+00 2.438890433954277182e+00 4.936476751452402723e-01 3.023791203056023669e+00 1.258954369863070299e+00 6.046226380551499524e+00 5.186115089243184428e+00 4.819519574147295593e+00 2.937548987895555630e+00 4.431027223225648903e+00 1.370080865577280260e+00
4.676493822660831579e-01 4.053256901975365700e+00 2.207927398048338041e+00 4.106096563661392196e+00 3.058397606072684946e-02 5.048385672625315124e+00 5.088129572390768018e+00 1.347238667388840128e+00 2.827328721433862935e+00 4.073199100440177967e-01 4.733545520536871720e+00 3.962869068435686426e+00 4.265668754414539521e+00 2.339809089321460978e-01 2.381146200832919557e-01 2.949312906343980245e+00 5.622139814321830187e+00 3.273940357888015740e+00 2.954954974426209358e+00 4.660607062819321911e+00
4.664748495533768136e+00 3.191549750869894453e+00 4.199799469901496884e+00 4.466362638893812687e+00 4.760935631702222004e+00 4.758433424200291029e+00 1.580747161510380527e+00 3.235619049832697686e-02 2.346440147450356672e+00 1.054269834232969494e+00 3.284391477071824994e+00 2.492266974283536385e+00 6.261691364671423621e+00 9.195749722182274821e-01 1.406230164760776224e+00 5.525401430427641536e+00 6.259970591471136991e+00 5.814184452646237844e+00 4.323035576629033372e+00 2.689803181239523777e+00
2.038126484019004536e+00 1.477639798002221116e+00 3.725547583447153421e+00 3.064018522221926943e+00 3.746269890031921346e+00 5.946213067681441977e+00 5.239498607865840540e+00 8.789246103298632429e-01 4.293468837451433373e+00 5.762679484479630299e-01 3.390573464259466707e+00 1.024984259383723950e+00 7.861834656800545384e-02 3.785433120036353349e-01 3.382981232752029221e+00 7.164722235475173839e-01 1.755941438054393622e+00 2.792463884666465113e+00 5.919713321816897356e+00 5.587361868700294387e+00
1.617094459647781424e+00 4.922846212268476407e+00 3.981876253837012491e+00 8.904736305123873708e-01 5.448307201074735318e+00 2.728120286249032800e-01 4.826248040934273398e+00 2.991208887026506336e+00 2.783506803483979941e-01 7.787430461074439370e-01 2.079799807339460571e+00 1.414774110708857169e+00 3.054260779740773368e-01 4.338073919344306972e+00 1.979429192159195550e-01 3.674962067543556365e+00 5.451712312012874762e+00 6.108378848336322164e+00 1.891422022874196474e+00 2.250870196349323837e+00
1.172867585326331064e+00 2.408659925469550100e-01 1.389227786092189998e+00 3.014968993503834849e+00 3.346142700040549478e+00 1.262053234412735980e+00 1.177379579316449654e+00 2.606704558397364035e+00 3.541398343947612659e+00 3.077674977769398357e+00 4.299995544249027302e-01 1.827604745258038621e+00 5.860552416408856935e+00 3.405084312484101705e+00 3.338381086718153146e+00 3.809059244312081205e+00 6.248287522067532684e+00 5.329606216070462921e+00 4.364575577607251233e+00 5.900308677996727980e+00
4.918503928543838555e+00 4.139452409264663402e+00 2.415123428302785147e+00 4.210730788499001065e+00 4.627352734325571149e+00 4.868901930099204911e+00 5.998774648469612281e+00 2.209141120086730581e+00 5.154040093085520802e+00 5.997193470821464700e+00 3.504764416578027397e+00 2.993305847370778761e+00 4.279049894989087832e+00 2.603464695223584702e+00 1.864149154151361065e+00 5.907024343660802757e+00 4.765736034396373277e+00 4.022172130810044877e+00 3.293867862773612654e+00 4.701299013204225830e+00
1.931670771428315891e+00 2.717187310777041453e+00 9.442942814241587213e-01 3.399705084465223681e+00 4.393728643248603349e-01 2.417150087832353744e-01 4.554198893365962952e+00 4.079961305033885210e+00 2.709027976303892249e+00 5.582158272441421154e+00 3.746111538980124056e+00 4.849311102699597420e+00 2.207164325128412319e+00 4.396833591831306620e+00 1.592647747448536322e+00 2.584904176013063548e+00 2.918337796290222830e+00 4.175050111664539543e+00 3.090111925769928103e+00 3.283813789359917301e+00
1.238564245581420531e+00 2.529616333507070269e+00 3.924311764877825848e+00 2.601191891614993867e+00 2.938804219453489797e+00 4.183691506820075290e+00 3.656473669036061303e+00 4.268236415933857941e+00 2.113431204899014926e+00 8.658806697549613629e-01 4.461906426859546748e+00 2.388886570952851063e+00 1.458859645569561270e+00 4.207079072887228044e+00 2.235233926830604290e+00 2.809060529739088263e+00 3.948109381770632087e+00 1.916509978873112419e-01 2.686124646735120525e+00 4.073222929189613595e+00
3.536072947617613371e-01 1.741565341402581124e+00 5.203443214496846991e+00 5.394057035413755585e+00 3.439345218842301932e+00 3.374475183066760309e+00 2.617439787283788899e+00 6.210047542433743573e+00 3.266991390029714282e+00 6.117686814915080262e+00 4.016931768673466685e+00 4.553538233770843213e+00 5.916730100284550709e+00 2.570834026001892259e+00 1.792757248893462441e+00 3.926226654346125500e+00 3.732130109781826466e+00 4.025225907900896516e+00 6.732549965531022806e-01 4.917015323851577691e+00
2.737374238529481030e+00 2.921357525621547602e+00 1.756328293157720655e+00 3.561549174582577137e+00 1.225017065893262425e+00 1.892216748978389762e-01 8.157041222412093617e-01 2.764868039350960149e+00 5.296948877526858723e+00 2.768704883790183757e+00 1.575906581454747379e-01 1.652550519023338049e+00 5.133965324887281412e+00 5.798307779096369963e+00 3.105329683059601553e+00 5.645417585881064682e+00 3.121482730920092319e+00 9.711562799778207244e-01 5.779583388385989284e-01 5.280131911729125882e+00
2.429499988136823330e+00 2.660597818352297139e+00 3.234924819203337520e+00 6.153180566103216620e+00 9.765741332249939788e-01 4.734145598156288548e-01 2.245559284733447569e+00 7.420451333905154767e-01 6.367939463950073042e-01 2.998322880463816009e+00 4.040069632009056555e+00 2.068025639291021012e+00 6.245589240651137075e+00 3.099113900151727830e+00 4.257369589788771336e+00 3.022654829848526514e+00 2.156457154582183122e+00 3.381983450084145026e-01 5.283879372321544921e+00 1.288154465296197787e-02
5.771538578551149712e+00 2.411952196511363944e+00 5.860500982814381921e+00 2.521057490172576632e+00 6.202555194751370848e+00 1.976643242655202748e+00 2.895133632268812374e+00 3.513303261161981883e+00 3.620718443126095032e+00 6.444493888043768548e-01 4.764629437231358011e+00 3.247288386878177224e+00 2.521885094679192196e+00 6.029833326573165841e+00 5.324045293471006524e+00 2.409443810919047024e+00 6.177373524038217711e-01 8.863507661082968836e-01 5.385682596211438522e+00 9.246352832035935609e-01
4.820404243752991036e+00 4.021205096241181387e+00 4.100944991257692074e+00 1.526956738007346992e+00 2.336919146997031849e+00 5.472369302681663328e+00 4.086568380760451369e+00 5.137293816269794533e+00 2.957281451314269116e+00 3.088571679353063065e-02 4.238797467499177962e+00 3.345899772891460344e+00 5.600064601888288252e+00 2.288266918061855559e+00 1.991648776000325416e+00 3.819452749116916124e+00 4.234435237454533763e+00 9.197865985594726457e-01 1.157254968293519148e+00 1.637515898791659652e-02
6.313714370048538471e-02 7.586153694324423435e-01 1.292106646550943649e+00 5.671217716417227273e+00 1.046375707364755187e-01 5.263340592497891102e+00 3.194757451763666989e+00 3.892844997414715014e+00 2.513027842736502482e+00 2.106290101492201305e+00 1.087270326175432844e+00 4.071012310962713876e+00 3.882248633524679082e+00 3.337036830050575276e+00 9.014220223636311147e-01 2.496077322078771310e+00 1.473099133889320234e+00 1.148406515812643525e+00 1.273713003265393606e+00 5.835946254828681568e+00
5.777054461223378290e+00 7.448751249757906701e-01 2.341128695732856091e+00 8.575214958394731246e-01 1.235470560238893789e+00 4.583142852507447351e+00 1.289843046041735164e+00 5.089120921363314842e+00 3.392152567213529424e-01 1.300987565768064735e+00 4.490835562497327516e+00 3.576832276447811654e-01 1.566560328874831765e+00 6.811915139175621636e-01 1.832668860797232568e+00 1.299006583874148246e-01 1.291146194320346829e+00 1.067220839103055097e+00 5.857598427805276842e+00 1.664125760157509903e+00
5.361236935751565014e+00 5.415008113715922278e+00 5.348399575781970228e+00 4.112660652788119542e+00 4.326801254508209738e+00 4.725543217822841591e+00 3.727243349948457851e+00 3.794334215936920884e+00 4.826840482801448395e+00 4.041977813551495657e+00 1.113410960484233714e+00 3.855540751519152209e+00 2.642882990325702064e+00 1.316551195314950240e+00 5.780996411925357847e+00 2.032439400193022661e-01 3.858540208648380876e+00 2.057343237201308295e+00 4.133878602369467359e+00 4.169791779855679392e-01
5.652768892068605666e+00 2.821414931779102631e+00 4.065826617026882417e+00 5.388534385366209989e+00 2.136098937631447647e+00 3.596261669012462137e-01 2.539406709762171310e+00 4.242729599599938672e-01 1.089099001026023084e+00 4.415843166742623005e+00 6.243043953724480843e+00 5.973333693500950226e+00 4.937565408052334348e+00 5.501474334409595102e+00 1.759623887875891191e+00 6.137093394331546214e+00 5.296507517007379207e+00 3.979322424004295033e+00 3.279658417079140964e+00 5.408769676175903207e+00
1.507852140044160683e+00 6.231557980626621918e-01 4.779700585645801247e+00 2.403212944827570752e+00 5.309528455740406550e+00 1.732697329139620379e+00 1.429025398597560947e+00 6.272601372021670230e+00 5.173117088945990538e+00 2.970792770805528615e+00 5.124745704069221475e+00 2.556989759823040664e+00 1.976229513888513534e+00 4.019457427759539847e+00 6.061498863553708816e+00 4.135232183556312613e+00 3.827576506851974036e-01 3.831655108371747609e+00 7.375610010662966287e-01 4.434601645807092929e+00
5.855587340379579508e+00 4.872477903058602067e+00 4.043085477354520840e+00 1.429673179679624484e+00 6.181445207123360319e+00 2.169840080906213498e+00 1.557808993966095068e+00 5.933515292475150638e+00 8.720708324766549557e-01 5.029542905090904625e+00 1.345838023644025938e+00 5.189193712880747711e+00 3.477797203713477447e+00 3.300558103319408687e+00 3.556035407381102686e+00 3.136113871058675784e+00 1.637443045575489364e+00 1.325907224986741406e+00 4.965981487837620278e+00 5.306184178836501619e-01
1.874244771100362028e+00 5.372395192915017326e+00 1.103495706730893922e+00 3.650649694087720665e+00 1.443002710701468239e+00 3.441952999447274841e+00 4.812307522976841057e+00 4.896366244706760185e+00 5.633234957848151758e+00 6.898039491688789937e-01 2.417688916198187599e+00 5.706901026708221636e+00 1.350696567356080846e-01 4.122526693829529520e+00 1.885805809948613021e+00 3.245981987298287130e+00 2.882442622614413086e+00 6.468247464233680688e-01 9.601550324430206673e-02 1.770363650095794883e+00
2.645227512181898000e+00 2.562274690932274446e+00 6.255436462846528656e+00 4.980478962731977433e+00 2.225958645503332001e+00 1.251633605025038065e+00 9.749719407236208113e-01 1.885032891664043087e+00 5.069845177611838949e+00 5.343683791556099294e+00 5.530033843138082439e+00 4.517912649608797793e+00 4.498174347554265928e+00 1.251534899314128646e+00 2.642688944811474094e+00 1.939386643609737337e+00 5.422370861193948066e-01 1.075557383080328888e+00 5.198149798726476867e+00 2.774944103673012141e-01
4.949000491575355376e+00 4.260034531988800666e+00 1.782549642859860173e+00 6.949758560111928274e-01 1.565912092571493330e+00 2.685883521754469427e+00 1.212698772569828609e+00 5.374329336530291990e+00 5.808266023904717912e+00 2.276158475937413161e+00 4.458075777587681365e+00 1.939318647592110034e+00 6.240169557785789634e-01 5.203973720068959530e+00 1.588069527623158297e-02 2.504158679769652007e+00 3.368856143760455168e+00 1.602849715089810889e+00 3.653337927040596345e+00 2.777889240819864991e+00
2.140763611070202188e+00 5.796881824092479540e+00 5.745219920782295375e+00 5.647286818045927248e+00 4.210732047316798621e+00 5.840715120253189063e+00 5.715428806676002615e+00 5.039911442878955761e+00 3.979221317660552426e+00 5.954974568762703591e+00 1.149130212396016898e-01 2.487355049281700925e+00 3.781146925396177583e+00 4.664280742608174490e-01 1.698471396582118986e+00 3.658099126677993418e+00 6.178098383275350436e+00 5.419995239745422884e-04 4.852167434392339551e+00 3.849910231950348205e+00
2.328222107729572166e+00 4.930289949843408515e+00 5.905377079604096080e-01 8.195071536463993667e-01 1.839389009653434437e+00 3.146916812606327940e-01 6.269132184087518045e-01 5.573113589977035653e-01 1.653088436382144977e+00 6.006728955692024030e+00 2.527196114650536174e+00 3.815070277577140789e+00 4.987315780567924683e+00 1.336357093584954470e+00 3.314003856013448268e-01 2.201777892884386745e+00 2.946788344989724973e+00 3.590286568736077211e+00 6.268515172746835784e-01 4.905333391628192707e+00
3.398519550493913410e+00 4.430074822509721955e+00 3.537928019553211456e+00 9.337800838256264946e-01 4.068883108552598382e-01 5.524967164640631090e+00 3.059625107567537361e-01 4.126801679846193061e+00 4.691739006126280920e+00 4.912306399190045525e+00 5.304756512774917443e-01 5.073377510680278313e+00 4.865499597555011491e+00 2.815947122105541545e-01 4.804552643451094340e+00 4.999067687935371929e+00 6.259161252516053153e+00 1.974856811761487585e-01 3.808237535749642966e+00 5.536533713859377315e+00
2.925109360828829441e+00 3.767160700692326447e+00 4.217403964373763081e+00 7.909656747348614569e-01 2.222597320434442469e+00 6.264139309182943371e+00 4.296604075984934212e+00 9.522299425134270745e-01 2.060781792212170505e+00 4.162283648906488054e+00 4.856015378557132500e+00 3.307598752068760195e+00 3.500620540820076343e+00 5.930346162165482049e+00 3.554995374053359303e+00 5.209009503957465093e+00 4.644155600986525023e+00 5.946005814186543503e+00 1.038978853915451195e+00 7.708771340058662158e-01
5.855956659601354808e+00 3.491562759723484177e+00 3.851508979708628377e+00 3.642863424326898247e+00 3.801097634140608417e+00 6.251741331856266903e+00 2.759781739296657488e+00 1.513468540259916173e+00 1.430081156058509606e+00 2.730750368917860715e+00 4.473763016877652654e-01 5.984807713877297042e-01 4.254874009048800865e+00 1.867553536284620286e+00 1.507438795744404647e+00 6.213617915481489007e+00 4.393200648029576882e+00 5.318674847745234580e+00 4.230671848435620497e+00 1.872629664573062236e+00
4.429596018502587107e+00 4.009271726719742190e+00 4.882513501150548052e+00 5.193437163284820635e+00 5.772947948480333658e+00 1.576426868121444169e+00 5.263468877828467285e+00 9.144247670459362265e-01 4.829174018701772653e+00 4.275859875666525589e+00 3.102952557977370684e+00 2.509118746909276609e+00 1.916277935188741843e-01 4.040629819404058409e+00 4.257374661875943822e+00 4.971781140508404029e+00 6.484005661139290444e-01 2.091568393517532876e+00 6.181923237720350350e+00 2.579922627664322121e+00
6.097258464501043029e+00 2.644460153542371295e+00 5.207200274072464552e+00 3.801962472490143075e+00 2.030673031721645927e+00 7.749893478342311237e-01 2.126142449268561219e+00 5.280866881703433435e+00 3.101759376437526861e+00 2.566414084971307297e+00 6.136295389510484810e+00 6.120370611310293363e+00 8.139685031779241298e-01 5.506738342609574843e+00 6.253925008350591064e+00 4.000569737037945828e+00 4.743900403364975205e+00 3.818091486725577965e+00 6.125059801346723454e+00 3.138956195428853846e+00
