2.908061203357471758e+00 4.542040439872605084e+00 1.849411816678869336e+00 4.022801073335029898e+00 5.648066235075455133e+00 3.901081048928591422e+00 1.216964875880579333e+00 2.015258816539528208e+00 5.472972681302278319e-01 5.344069812531099473e+00 8.320252903190766824e-01 7.876858453702410001e-01 4.183885975544701097e+00 7.214385595151557862e-01 4.579122213695673516e+00 9.121975511293010097e-01
2.322858233349893720e-01 5.475724934891920803e+00 2.918847098641590865e+00 5.442179985342938231e+00 5.653531732466672288e+00 1.417908600432885358e+00 1.652981243348293106e+00 4.108443292054709595e+00 3.704893728431543742e+00 2.089309105232363795e+00 4.376723629500576251e+00 2.628909053473206026e+00 1.049193613153476479e+00 2.329273967914850640e+00 8.454188081206645000e-01 3.931342602957453192e+00
3.368913662175721857e+00 9.072609507902756887e-02 1.538787411351170142e+00 4.364050659921961284e+00 5.692748278441873921e+00 3.219809267945149323e+00 2.115741360799878290e+00 2.022455821529096198e+00 5.452610108109245068e+00 5.615139163956239798e+00 1.053130065640234481e+00 5.997976336443817225e+00 3.987851572185295179e+00 3.370458900660237678e+00 5.967782620248101466e+00 3.327739331733543970e+00
1.332726949665802296e+00 2.729717513655053995e+00 5.881034484964458464e+00 4.083885937944676137e+00 1.576313600956089189e+00 2.569155984529817083e+00 2.440894826770381165e+00 5.318687031959851375e+00 5.556710567857452432e+00 4.725287925358391483e+00 2.945829430527113324e+00 8.665891164411014813e-01 4.748908763810184119e+00 5.332698658242068568e+00 4.546011604158615604e+00 2.533361143798304571e+00
4.299055854469361115e+00 6.740033164961824891e-03 5.307131431888708839e+00 5.937528466943263084e+00 3.923663564920408575e+00 5.728718451694079228e+00 1.791648366737749187e+00 2.660243250432227757e+00 1.500789719420766222e+00 4.047342210283759734e+00 6.145550026426191970e+00 2.947082650255454350e+00 2.514518347845072110e+00 1.165773904496513635e+00 7.919157612328042717e-01 3.865220312287266147e+00
6.028495061254859344e+00 2.785595745972076820e+00 4.095291998506103703e-02 3.310464083759278586e-01 2.122667806773717913e+00 2.924354588710822433e+00 1.108244026507485991e+00 5.012650865865781569e+00 5.304007309518491198e+00 2.399021367136829230e+00 6.775135690964504409e-01 2.278738570068399305e+00 3.141419289735141618e+00 1.143785041974300531e+00 2.534615498731582761e+00 5.073510924680894263e+00
5.600339768643559424e+00 6.196421990611511443e-01 1.445054249443434413e+00 4.143503260427038981e+00 4.776108899526761320e+00 2.788963859791870004e+00 7.060223225238118072e-01 4.788229969197350222e+00 3.635357284868221850e+00 4.678929121919540357e+00 5.540746463929800747e+00 2.302167242579058914e+00 1.328028065877238095e+00 1.770987389016802194e+00 2.336986921152936603e+00 4.992735538704110354e+00
5.696457123497532526e-01 3.101129935229740564e+00 2.799028682466226048e+00 4.601218369140289255e+00 4.234732634449364319e+00 4.702452793844758894e+00 4.654184769461536142e+00 1.175256398767086541e+00 4.092072764746587765e+00 1.144901873321481744e+00 4.498010160868805229e+00 1.155715267101852906e+00 4.420973434181669326e+00 2.719767718159548320e+00 4.905781943377313326e+00 5.560462316445828002e+00
3.348079172225250755e+00 4.676278904769894496e+00 1.372851645663391684e+00 3.802761888227989218e+00 2.310568369275328493e+00 3.204203469592139086e+00 5.710475703887349930e-01 5.445254672134235641e+00 1.627636987164772453e+00 4.419405682260148183e+00 4.644918346573962964e+00 2.043557375714411428e+00 3.915566335969894673e+00 1.029190813702986373e+00 5.236430630189210511e+00 3.576781782537635568e+00
2.077520110455101321e+00 2.122649057328946931e+00 6.077062239091443274e+00 6.017328860556117043e+00 5.856473181129046246e+00 6.372345407504381720e-02 4.254923194204993209e+00 5.380912399515609401e-01 3.730100404734256969e+00 5.278402604698001710e+00 6.010883510755827608e+00 5.022456417410811724e+00 6.153003916456343703e+00 1.180368946882512260e+00 1.606486275954212894e+00 7.065707031942367600e-01
4.641195043059836323e+00 8.620957501364013842e-01 1.016766741122197004e+00 6.440994266432744642e-01 1.759124838836754412e+00 4.345955893774070766e+00 5.141781406437311297e+00 2.447687351559209912e+00 1.459560076469496592e-01 4.522775729012746271e-01 3.836950085058055127e+00 6.206387361332801333e+00 5.347102615275844073e+00 4.890154074670191697e+00 3.749189845319495173e+00 7.760375771412942880e-01
2.090968741074052950e-01 4.324711548578012099e+00 5.282226310805958391e+00 2.808861483146423588e+00 3.396726006018107036e+00 4.208181053416108597e+00 6.336842739284206383e-01 2.762214635054921708e+00 5.285265051699192362e+00 4.561833947589316374e+00 3.313544593174634567e+00 4.577775518948331013e-01 6.162542801499200529e+00 2.052284360788286577e+00 3.655974167431687238e+00 4.205706686110148307e-01
5.786980149272317853e+00 1.536627552907424477e+00 3.227657073621633455e+00 5.497602997517446966e+00 5.956185402939357054e+00 2.046875738336537243e+00 9.188483239274050987e-03 3.011484816347346771e-01 4.013298618786413918e+00 5.230501616176861823e+00 3.682972608440184370e+00 3.649902216243614550e+00 1.001612821877585935e+00 5.927346852155054080e+00 1.729058144473012870e+00 3.762476984704834493e+00
9.957335115589703856e-01 1.641015118332305622e+00 9.126778405338560329e-01 6.347608987215412890e-01 6.118340023169659858e+00 4.389637827538277470e+00 2.730324748200836371e+00 3.107000425436888147e+00 2.043113196680017118e+00 3.771752708798038256e+00 6.228967836862074670e+00 2.644728217275778004e+00 8.756809082072490868e-01 3.360478846896028049e+00 5.407473344842836482e+00 5.874313740729864897e+00
3.296246015993005596e+00 1.072039452239934798e+00 6.236049166188276871e+00 2.028177328339058949e+00 3.984695893731335925e+00 3.373386096922576627e+00 5.635773636017990640e+00 3.016777965825728103e+00 3.996825446712104934e+00 5.288949188625275966e+00 6.213503662245950743e+00 3.311941395854173020e+00 2.260635880053661340e-01 4.544121382337372950e+00 5.306324322819101269e+00 1.745811191585189270e+00
3.126382361156743173e+00 2.969312197012467625e+00 7.093737891053123468e-01 2.945759360046084296e+00 2.382849848869745546e-01 5.619673711869942245e+00 1.732253146008011946e+00 1.515705123397996346e+00 4.549173258324779923e+00 1.041463584552990929e+00 1.764976035553324607e+00 1.629462600966680164e+00 5.268129825078747608e+00 1.882952593617263526e+00 4.669306398165231187e+00 3.234635523817044778e+00
6.112214588040655316e-01 5.781801263596981322e+00 2.232670444008708621e+00 3.463818486088159787e+00 2.013182470875397367e+00 1.465260514349229437e+00 1.086874582341013973e+00 2.414803711555525201e+00 3.115493903421509447e+00 1.325638581201821209e+00 1.912296856831800618e+00 4.746856197550195944e+00 1.759652270630387150e-01 1.409370419919713902e+00 4.105095871519361950e+00 1.089657926668074150e+00
5.274502700212251760e+00 2.397619140735828491e+00 1.917007929177081627e+00 3.232366620528425383e+00 5.528184579863112624e+00 1.092753480522108633e+00 3.348734964204720388e+00 4.587490547530927998e+00 5.328269177388419431e-01 4.745896253327418712e+00 2.857156407355234240e+00 5.818938331705011180e+00 3.651336490589522921e+00 1.453935108747586913e+00 9.610162029702056241e-01 1.211951754871990250e+00
3.456420583724475026e+00 4.584167065709929267e-01 1.475090741104203573e+00 4.403240200378042424e+00 3.217767212145037803e+00 3.175762846523112248e+00 5.749063414449151921e+00 2.064786077088895944e+00 5.401283408207475212e+00 4.455884777599505853e+00 1.127356323912295233e+00 3.283495208110717822e+00 2.622681681718190827e+00 5.963602847132459139e+00 1.576967251180360352e-01 3.439848880806444686e+00
1.366690071011283925e+00 1.931782930898390926e+00 1.184649197930125242e+00 2.531127168883459788e+00 3.269234061166224059e+00 2.453391313454543976e+00 5.547324137277813705e+00 4.427399108396930849e+00 7.199137937198546444e-01 5.496796879033044592e-01 1.835423315487110019e+00 5.093910947924286781e+00 2.066343344503269730e+00 6.728944402800853819e-01 5.919942913187336231e+00 5.550104219580234144e-01
3.388245312992499869e+00 1.463304926379778610e-02 6.142527153121918992e+00 2.667693072753563488e+00 4.001416755595734287e+00 2.866073714960372776e+00 2.075383090064961245e+00 2.822280288748062471e+00 2.215126012625977303e+00 5.504593212699304239e+00 4.850434842204680130e+00 4.844067205406123122e+00 5.671365151685741485e-02 3.195108511977857280e+00 3.301790293550318722e+00 6.192955807094923770e+00
8.623642213427673564e-01 2.450928182963405533e+00 3.041208421203958956e+00 2.347352060632412751e+00 3.060826491948389627e+00 4.180422187576203208e-01 8.144752030320057123e-01 1.872494015994026761e-01 4.346329268108334531e+00 5.136791607001947035e+00 5.506814451142446387e+00 5.988703689792802543e+00 5.534282185956286071e+00 1.023793820302679070e+00 1.222983990765983853e+00 2.971276947761541276e+00
4.609802804613549299e+00 1.132884432461384483e+00 5.971445901539381040e+00 1.152056978196859927e+00 3.477482937640065330e+00 1.554448835529020467e+00 6.123794531703863342e+00 3.932604034766711720e+00 1.276029838195259059e+00 4.467736909215782148e+00 4.570861193914214304e+00 3.112146119052192184e+00 5.107981797168052118e+00 2.224068722308210511e+00 2.047447294729864531e+00 2.677183305496021681e+00
1.319684865758917525e+00 5.888371392849584218e+00 3.889560822211176383e+00 4.198061415445859090e+00 1.169140389852786122e+00 1.358177749063362860e-01 1.031408185785561704e+00 5.019748469193253904e+00 2.625974044866445922e+00 1.402743895608614011e+00 1.703588886071529140e+00 2.029562076750121680e+00 5.931192705655381481e+00 4.678758247715906649e+00 1.960217590245790342e+00 4.280583781951040834e+00
3.733907229365092562e+00 4.703578850932129463e+00 6.282507312237121333e+00 3.650660856033054014e+00 9.324393925935418048e-01 2.648496235877309868e+00 4.668032421696857170e+00 3.346186798897578529e-01 1.462787477056538554e+00 5.148701388566913728e+00 8.819015987067273521e-01 2.961675369820996107e+00 3.755298289030252867e+00 3.415259053711924953e+00 3.359938545609464811e+00 3.418550847953798488e+00
4.136399305047735453e+00 2.076497741555752619e+00 3.915433029344164151e-01 4.708693896053134154e+00 2.584978041892804779e+00 3.339288362531830590e+00 2.569765947030818953e+00 4.447999690375804782e+00 6.218783527604794692e+00 1.557435475747107168e+00 5.253707266801790787e+00 5.849544392540055426e+00 5.826858450942792089e+00 1.167076959758434951e+00 6.087416223218429678e+00 2.462402726353485782e+00
6.166855373100531557e-01 2.379133608973016401e+00 2.380997351016779451e+00 1.830243387644505448e+00 6.144913564536473416e+00 3.702669197205653795e+00 4.070665319374155544e+00 1.248506780481806189e+00 2.312446047612426892e+00 6.244052066775100940e+00 3.608493388921940603e+00 2.735400202155848781e+00 4.441572186199470806e+00 2.737911434734886296e+00 4.779937104524530689e+00 2.166946647815421855e-03
9.023762324432588189e-01 1.036196778730640089e+00 2.759852704012507374e+00 1.110975640000829712e+00 4.705841774432477642e+00 2.056399928921889497e+00 2.509754336475187753e+00 2.969338242387446591e+00 4.438565091167172127e+00 2.682334665765835791e+00 3.208612057595705114e+00 2.821816052004059383e+00 2.856162187671434705e+00 6.214816249104461399e+00 4.626831034377660856e-01 4.619215733463888363e+00
4.464363586576711285e+00 1.963240616639870595e+00 4.164968497279835979e+00 2.760047878919478365e-02 1.238087755457320194e+00 3.945951879430006914e-01 4.628776135771471623e+00 3.917666936476992490e+00 2.461781001563887461e+00 6.161477631962395840e+00 2.322398603747919121e-01 1.270442943174896477e+00 2.564446510457697670e+00 6.269340919084060992e+00 5.598979780116787097e+00 1.577355960299174908e+00
3.675491270065373572e-01 2.586167409383584470e+00 5.037028221595599931e+00 1.140301794671530811e+00 5.601273337712428635e+00 6.068277893905721143e+00 5.423198054014984670e+00 6.062337415542831565e+00 2.264616792672611290e+00 5.981404405241057987e+00 5.318104177646305608e-01 4.811610486263870889e+00 4.425486455847237544e+00 1.496363027241297994e+00 5.694827316277670803e+00 4.394326093813479828e-01
2.799105549520187530e+00 5.202020814922920788e-01 2.424227001839103224e+00 1.489292959771032931e+00 3.599099698503729350e+00 3.093327551666519515e+00 4.607665997782470768e+00 7.612800993738529920e-01 3.947491592973270347e+00 4.563141374769633885e+00 5.533214597094560538e+00 1.346030649090871778e+00 3.769018829306880036e+00 2.047043971407514373e+00 1.193463349373395516e-01 3.055104077296901810e+00
6.274792768410494936e+00 2.096176100826544264e+00 2.942497106152389019e+00 3.498802058066767806e-01 3.254400063655455533e+00 2.117772205983782019e+00 1.982437850564074289e+00 5.862525794016303138e+00 7.341953775093756907e-01 1.137869421653636470e+00 8.525946521385578958e-01 3.031157313780931339e+00 3.195681454726555071e+00 8.319134003122089505e-01 4.907764770679789557e+00 7.168381379978204793e-01
