1.670123289304914715e+00 3.006437053400010662e+00 5.099359680231702718e+00 3.045501589582245483e+00 4.745215520938156573e+00 6.079118947149343199e+00 5.578908801082412161e+00 2.212275491167639885e+00 2.281392376424538959e+00 1.617444888404582004e+00 1.176316562387343501e+00 4.488551955191314446e-01 3.354581512710887115e+00 2.473520285573696409e+00 6.462449302647502725e-01 2.359083641755219229e+00 1.405785180532226564e+00 1.085227343798227384e+00 6.202377924514811403e-01 3.831583294367162940e-01
3.651466175638632627e+00 2.322999024148868497e+00 5.092464149299989806e+00 6.080604898148584958e+00 1.675069225318542854e+00 3.193764435364599752e+00 2.962414289819539803e+00 9.063787912903643607e-01 3.610767096250349972e+00 1.990614108716846076e+00 5.710280457965706269e+00 2.389404597824400511e+00 2.136095287889450134e+00 6.115425468829966071e+00 7.387186011346176251e-01 5.052145258015666052e+00 8.843282437392396833e-01 1.991313153054723895e+00 2.875285781833557763e+00 9.377623019792815651e-01
1.825070241499404666e-01 2.211926098407140717e+00 5.646639517166556210e+00 1.178933244363905120e+00 2.500143941793741220e+00 5.743343019759925561e-01 5.461774527726500850e+00 4.601850543782127545e+00 1.204726993927343281e+00 2.304235823232132052e+00 1.301560553475191062e+00 5.070516074849888533e+00 6.215274409234698538e+00 4.543192916872731857e+00 1.524537221083203331e+00 1.089765340496294393e-01 5.938803908474239890e+00 6.230178538117266740e+00 1.305202579511734462e-01 2.401387669471878983e+00
7.353786730677673855e-01 4.597367721097618265e+00 8.785202054149294781e-01 1.124123321850593715e+00 3.085479744637491528e+00 6.280514833446835254e+00 2.919324192770914372e+00 4.383359740511559188e+00 1.429480764815793448e+00 3.372975107272654594e+00 2.798535888814710493e+00 5.808521899049429393e+00 5.774333152176012618e+00 1.387034204679590710e+00 2.293583228771200133e+00 1.246260156671750829e+00 4.646115955020129751e-01 3.070987594242813312e+00 9.174502801937184371e-02 2.284521263120569579e+00
1.786650847782986551e+00 2.059335947450800397e+00 3.237570302349537688e+00 8.829744488567784488e-01 3.206385184728672400e+00 8.453763508809823968e-01 4.371582030089789406e+00 5.218893382728964525e+00 1.194200462875324886e+00 3.431909329602062186e+00 1.493994517375620168e+00 2.442921267953304554e+00 1.711656649079718873e-01 2.647794122406862183e+00 1.090566650172285490e+00 4.482189851493129318e+00 3.245326275684758066e+00 1.210105584013983382e+00 2.845928527587564982e+00 5.008880709581498003e+00
9.010067597071779177e-01 4.861123804820741690e+00 3.041656080534071105e+00 4.495894524754042720e+00 5.533071748331614970e+00 2.332510545419698378e+00 4.573961010866452459e-01 4.309313104329112853e+00 3.989165282997042095e+00 3.805357826195916893e+00 5.742339932655724510e+00 6.070144721836707724e+00 4.611728487664206177e+00 1.023974550011764961e+00 5.249147948779640416e+00 5.648465223224809151e+00 5.244206781856211919e+00 3.002765469013796373e+00 4.931722361298356283e+00 5.915231719234376406e+00
6.267081199101589561e-01 2.996740616795244172e+00 4.091744083149557176e-01 2.805185122546429266e+00 5.241486963993253312e+00 4.505875409821665123e+00 5.796334033032635169e+00 4.329023118811013759e+00 1.688269902078320950e+00 5.605256841742413121e-01 3.300238519583807761e+00 5.606235153407532756e+00 2.035418487729371950e+00 6.817556645179693176e-01 4.767679226756419197e+00 1.954488737302025658e+00 3.732573460462345949e+00 3.119552675666834141e+00 2.676349744384963980e+00 2.393607446396944116e+00
3.514930482947337786e+00 1.460698855366057147e+00 2.916235320348713245e+00 1.048950927179063575e+00 5.979889969127055949e+00 3.914082530996152887e+00 1.001014604446197609e+00 3.078654926653476842e+00 1.166288407810370575e+00 2.635890015280327958e+00 5.084803655005100786e+00 1.628984963915804718e+00 2.188062065351771945e+00 4.634800112171629571e+00 2.729649593960164378e+00 2.368540593311362574e+00 6.227112946688490247e+00 1.113123931972891389e+00 1.477735708255312863e+00 3.677266409431528160e+00
5.350796527848460826e+00 2.173385382434072088e+00 3.693423271174831157e+00 4.514549142761591582e+00 2.241208090468323200e-01 3.502593761523196125e+00 1.826327073471385454e+00 4.160379368453530624e+00 2.540413227762002624e+00 1.818299186731965333e+00 4.352301635714522554e+00 2.033638432314211375e+00 2.650184693082322074e+00 2.851157912561915087e+00 4.166736504221833393e+00 2.051280364853165672e+00 2.280058794822100054e+00 2.967201521046162416e+00 1.195873975535892697e+00 5.072233098847779509e+00
2.604678792922934250e+00 2.669300288012165012e+00 3.070461938849279870e-01 2.164482142475771642e+00 4.389321013425846907e+00 1.339834542433920583e-01 4.468627486487149469e-01 7.326672618052914032e-01 5.857519534808333539e+00 5.366311432588939390e+00 5.022867946265810346e+00 5.046879601261578863e+00 5.610743721299756182e+00 4.437372820934698758e+00 3.377249646188853927e+00 5.626855183887928824e+00 3.933058409855282100e+00 4.213739739164212850e+00 3.914115859175843593e+00 4.726977894673054514e+00
2.056381185728941130e+00 1.500145180144152768e+00 3.616495218054011307e+00 3.600540452894902987e+00 6.222066561164678156e+00 2.879894910272402520e+00 1.449764915977645785e+00 2.473032554533057502e-03 1.233605727182485873e-01 2.869638141518066288e+00 5.642167073920728804e+00 1.036654210102895268e+00 4.835434867629408551e+00 5.858573369674539677e+00 4.079969031133796165e+00 3.359373448078045943e+00 4.590842102055868068e+00 3.591682556988121000e+00 5.526567944816843436e+00 2.388554417794324980e+00
6.945170613684283067e-02 1.976277628764028460e+00 4.925049524436336590e+00 4.395310251609671148e+00 4.132017163506414015e+00 2.170937421405497947e+00 3.845243042587007665e-01 4.232096058702539132e+00 3.263929251661982889e+00 1.936024623304284598e+00 4.793691665477314956e+00 3.571186373136327474e-01 5.650440774451280568e+00 5.407646092131251692e+00 3.708524879651487804e+00 4.624201503101102340e+00 5.001452131201446605e+00 9.470508052402680788e-01 4.062089923050552498e-01 3.231355993781281466e+00
8.673304266606290946e-01 1.006351052446553762e+00 3.508076222476085526e+00 4.706632782125282688e+00 4.164656814529666407e-01 5.276709568188837629e+00 5.345051495459108182e+00 6.164924498398094421e+00 6.283157731691314751e+00 5.877564865121281734e+00 5.869633959597015505e+00 4.474646790441261679e+00 6.263861922863282139e+00 2.122553608194051478e+00 3.370089628822841910e+00 2.672146902880313313e+00 2.612484895828857123e+00 4.136561885050880960e+00 6.038745244594847961e+00 2.967995018538311935e+00
6.921730660219476139e-01 3.709315652909307648e+00 5.486114127136246132e+00 5.603718002224908901e+00 2.963094497796993299e+00 1.284662680994644868e+00 2.718064747529673308e+00 2.795164305036167196e+00 7.075820465329246689e-01 7.714992628055971080e-01 3.339538614894167701e+00 9.494848029307514925e-02 4.576865573305270996e-01 6.077507735081019824e+00 6.218718591279449370e+00 4.065185950636448275e+00 7.980653474412253701e-01 3.675013387226295336e+00 3.878350705698018874e+00 3.427612141682204516e+00
4.505053240048746410e+00 6.115787632286199482e+00 3.173522489218274512e+00 4.260990829152826898e+00 7.393818123399050757e-01 4.267941970997188861e-01 4.019692742310752465e+00 5.282859798596341250e+00 5.425950968576757738e+00 2.475463629746698757e+00 2.963301329456029976e+00 1.356199781366906887e+00 4.167875141040678244e+00 4.152519683295000874e+00 9.876247080400327727e-01 4.053117628424962149e+00 9.283433633543753949e-01 2.896128312020034845e-01 4.985923703544108854e+00 3.311997923469118810e+00
5.046976563085746825e+00 1.790820611924867301e+00 2.805692043922406231e+00 4.825649973639313473e+00 1.739817698417656988e+00 2.311709794498703285e+00 2.760808267314719622e+00 4.975262193636114993e+00 4.941839718431318751e+00 5.127184520818854452e+00 8.363447138916324519e-01 8.378546985676434966e-01 4.239311503468871756e+00 5.871230009768088287e+00 3.161984775482087340e+00 6.007784900537535222e+00 4.574732025954753034e+00 2.043773675422841052e+00 3.965958166750161773e+00 2.373497701750896471e+00
9.615549850402244081e-02 4.956249556876449525e+00 5.591129700196635355e+00 8.930811561416400757e-01 5.181742187749562412e+00 1.283787388541412389e+00 3.420380645025228872e-01 4.269367513041385509e-01 5.115254690024765516e+00 4.792406464156668378e+00 2.150808202986439210e-01 3.925406948416533925e+00 1.533703211355534224e+00 3.084567327105738777e+00 4.389994648308456426e+00 5.291609692268561815e+00 3.503693883507878581e+00 5.071575742073670678e-01 5.733919739927213932e+00 1.390939726076532823e+00
2.137635036167863323e+00 1.357497197330655769e+00 4.632743254078730111e+00 1.803118121411299901e+00 6.077410229285492349e+00 4.989547918401456172e+00 3.070933267238352915e+00 1.630154536595513681e+00 2.186062057974826334e-01 4.049179248420798238e+00 1.077767530406752661e+00 4.682237418800621498e+00 5.723311463710067493e+00 3.824741425782724580e+00 5.680785218299418737e+00 8.040405420062523012e-01 7.316011354138275413e-01 2.269179963281747536e+00 6.136346282006429398e+00 4.879739722444727867e+00
1.253856931462870306e-01 1.187482216770848309e+00 9.833625201314255548e-02 4.638521412161495050e+00 1.755956625925847892e+00 3.024974380410756503e+00 2.930505206459686374e+00 1.551420345120668731e+00 2.256288528949680905e-01 6.167318342957050170e+00 4.717733739718167563e+00 4.861379869877057835e+00 1.821986893622017378e+00 4.344475273820040950e-01 1.514154105862419941e+00 2.829040821857061516e+00 5.549808563758897861e+00 3.512089983324375275e+00 1.727976240146565923e-01 5.543691023557692610e+00
4.455039944154480125e+00 3.023237869040066528e+00 6.227096180541717096e+00 5.605276361063243229e+00 6.212411033876362509e+00 1.197725006781215962e+00 6.010870722427140933e+00 5.910797570790465194e+00 5.758153877257535136e+00 5.040286013670226772e+00 1.796595604070458929e+00 3.690930504083765662e+00 1.601760627466463971e+00 5.423870895182710150e+00 5.061965616884953612e+00 1.393052159166820458e-01 1.420014922040372940e-01 5.694791829368809566e+00 4.596999121522776122e+00 5.404506247742665970e+00
4.510690563403128905e+00 4.291225767847880235e+00 4.585517552347573300e+00 2.010055029631160561e+00 5.723585741974413388e+00 2.548454873429002898e+00 6.387045849995138802e-01 7.694109146605431215e-01 3.625021951780562190e+00 2.397718268480130810e+00 3.773286067843878433e-01 1.440549837496655772e-01 3.472000476617385090e-01 2.829169623027529834e+00 2.225224523279540012e+00 3.436530205658935522e+00 4.959916242233571637e+00 1.389587884089149128e+00 5.568271773414530834e+00 4.424286511784830900e+00
6.235017069876522378e+00 2.956731579000146493e+00 5.391397671403792557e+00 6.003218946147955926e+00 1.650000736968957549e+00 1.393164665908263711e+00 2.681126651888382284e+00 3.513847187317380882e+00 3.457806924065192966e+00 2.989669820135240297e+00 4.542591327130765522e-01 2.003039722064196670e+00 9.104683157960309359e-01 2.806290577348694026e-02 2.951783438969771134e-01 1.006006653824503827e+00 1.584074711016189907e+00 3.333381191889378758e+00 4.183997375505199123e+00 1.344802627823778574e+00
1.184521516738381353e+00 5.498014205895775497e+00 4.281345641825310189e+00 4.095845936299335577e+00 4.471830861631167942e+00 3.107658398246434306e+00 4.720127163900052381e+00 5.563852083148533190e+00 2.488760827188540414e+00 5.236983439994858713e+00 5.707452106777672896e+00 5.978025153191246055e+00 5.320706060524324599e+00 4.687209230702378271e+00 2.686693579059912906e+00 4.419161590957423336e+00 5.994509222833971585e+00 4.825605623308606873e+00 3.429974858872702814e+00 3.008786998246137490e+00
2.989849299233848345e+00 5.139988893088973221e+00 6.015282367083575998e+00 9.788527865049830856e-01 4.819204650519821165e+00 1.842906669421582988e+00 3.698937233794555191e+00 5.690667548287723143e+00 5.702561818519643611e-01 4.088059899321417667e+00 4.844197314158089185e+00 3.626873431426755889e+00 4.198597594137807754e+00 3.893449621179715603e+00 5.449411625899409195e+00 2.136375775396058163e+00 5.348057866032731589e+00 3.818069779013954612e+00 4.815099081551433180e+00 5.466258858519464248e+00
1.531393646727329250e+00 4.740346916067629479e+00 3.604740819385353401e+00 5.692120555128742154e+00 6.141488556910037921e+00 1.264831267604964671e+00 6.160443189043104395e-01 2.759172805765002678e+00 4.524570358951986115e+00 1.735923988719604960e+00 2.407037698018923977e-01 1.478804659284678413e+00 4.880916840608682250e+00 1.567885779359333154e-01 1.713239654645228871e+00 4.545772364090050921e+00 5.666921003127970202e+00 2.474770878513865124e+00 1.427811604610618401e+00 2.416631798970518386e+00
5.015039258563935398e+00 6.138732191140732652e+00 4.527456264196007218e+00 2.419402962156472991e+00 3.720768595974667470e+00 2.376888841211357573e+00 2.504461569892414641e+00 4.618879668950958362e+00 3.663797709386803270e+00 6.003275130458612274e+00 5.815216991693756832e+00 5.859275344853419609e-01 4.942169829353785460e+00 2.534223097935401903e-01 2.703890157095202973e+00 5.419358155512415287e+00 1.498264129670650036e+00 7.963718739136634861e-01 3.796270994007632016e+00 2.628211753597021749e-01
3.201471101392025176e+00 4.771980565014380282e+00 3.262099906383701953e+00 6.687769625389062833e-01 2.271959275348974128e+00 8.085087816576237429e-01 5.453528994291001020e+00 9.358828899761788556e-01 1.002103003472634146e+00 2.281409202649543388e+00 3.751051102239775226e+00 5.482452300728517969e+00 6.065557404387055485e+00 2.111134549582098507e-02 1.038157741872828943e+00 3.874249905419498763e+00 3.136152523716543516e+00 2.081254207120567301e+00 2.493451392978754289e+00 2.558363607825237640e+00
4.349477571494354322e+00 5.113005075597597537e-01 4.800477039314349881e+00 5.596209747471727169e+00 5.202918828998049916e-01 1.158890634257940810e+00 3.934254704450379947e+00 6.027611639509170338e+00 3.439165151780068985e+00 3.590900107567552180e+00 4.282649615803130194e-01 5.582175631335288379e+00 1.273928185894603660e+00 1.346351836631880738e+00 1.291832898503063598e+00 1.781684431019268544e+00 3.662735785480119688e+00 2.191150433916536855e+00 1.435788783848892969e+00 4.556194485486424917e+00
1.108106939200119712e+00 4.741605619869512012e+00 4.037225636871253798e+00 1.381400590150643648e+00 1.015663362798903346e+00 8.736894845538732968e-01 1.693658489912722942e+00 3.227654556906172534e+00 3.902200062365994149e-01 2.811195832073273948e+00 6.232615157857806842e+00 1.163892194545713910e+00 5.180991513437049889e+00 5.266060290434231739e+00 4.617577130191844681e+00 2.780214154433661822e+00 1.698380214159722179e+00 8.141833267648997952e-01 4.443400803305859625e+00 3.549917485734912059e+00
3.469555565551850407e+00 2.320452333384817045e-01 5.551453443656317432e+00 9.201562615227369679e-02 1.148631019757062166e+00 2.230992428371436631e+00 2.044103218549293999e+00 5.438016043727474269e+00 1.094673257605728534e+00 2.667675407295431178e+00 5.648396594607825172e+00 3.093887121450387134e+00 2.215377350802412160e+00 3.804341689738382826e+00 5.652259800970046433e-01 9.831144633897629381e-01 1.586482146950367378e+00 5.352383109516622106e+00 1.082507294072734938e+00 6.032660611205170831e+00
2.543230685554257242e+00 5.791501713158440978e+00 2.239431347830018293e+00 6.192785746315550455e+00 2.049109868696689762e+00 2.105524163865431841e+00 2.625639906998450623e+00 8.360585747149621438e-01 1.518518483582250056e+00 2.018867942837112017e-01 2.914903324279720653e-01 3.393098764122215449e+00 3.753861119653603140e+00 6.085629050461029088e+00 5.229004841581534890e+00 2.019557273779605033e+00 2.850704186512235117e-01 5.726912948860190866e+00 5.005673857893115475e+00 5.050731011362643130e+00
1.912446473111373280e+00 1.991090397465252293e+00 4.809612584240022137e+00 5.037193460575729809e+00 6.134591771141399974e+00 5.969744187076739372e+00 5.672346387171282700e+00 2.327173436188310962e+00 7.241183294400350690e-01 2.688236858348394431e+00 2.683538706299614329e+00 1.176705329259604582e+00 2.206750052533367867e+00 2.324044275496687462e+00 3.296469367615480817e+00 5.954600447679302633e+00 2.132945515278372284e+00 2.473929781644716108e+00 4.766723749344841665e-01 2.798754935204575744e+00
