4.136584346540407076e+00 2.202024148451365626e+00 5.902615976323565272e-01 2.604506862948738455e+00 3.991071805098147518e+00 5.591249713416484468e+00 5.765246863254576581e+00 4.859415543366059964e+00 5.024418103455113638e+00 1.953232211195064405e+00 3.779886722804131960e+00 4.215012291998320726e-01 3.467995223423301798e+00 5.456346474747712172e+00 7.926434637715127351e-01 1.300910915515396837e+00
5.952344219799971192e+00 1.832427933693205890e+00 6.123684891620096771e+00 3.974112073942456025e+00 4.073250001765152284e+00 5.542447315166585398e+00 5.896517437078589996e-01 4.968263340762915981e+00 5.302181970292285662e+00 4.958087467661267844e+00 6.037152200472230668e+00 1.830693156017090484e+00 1.703012490333908113e+00 3.524679465688518754e+00 3.963817866878872831e+00 1.588340427355860784e+00
5.029465455735079971e+00 4.976483791701395099e+00 4.983173455899085447e+00 1.571924800554999724e+00 3.287688264490265855e+00 4.470314616466093405e+00 3.167422016471736601e+00 8.764786596329441348e-01 3.897102412168970353e+00 1.930065292632896501e+00 1.208469137428474394e+00 5.163788112949853293e+00 1.216359504566563832e+00 2.042366029142983486e+00 3.517782227722638044e+00 9.846666083882801290e-01
3.869381501457367367e+00 2.812934158520107086e+00 5.097954769052788215e-01 4.505273579089912883e-01 9.789752894834207186e-01 1.083056111890644269e-01 5.271704786637338103e+00 3.221057208519511050e+00 1.527644399694788602e+00 3.293823164366979750e+00 9.051221089770289385e-01 5.270770177100517095e+00 5.284196457339147557e+00 1.119853356103276854e+00 3.628014694895394854e+00 7.269259357819375378e-01
1.893789269483157289e+00 5.251902383536939389e+00 3.751034641813633108e-01 5.091342926791182499e+00 5.253846212481679823e-01 2.622325209253255185e+00 2.611162024229710443e+00 4.919458121692118269e+00 3.347029968380772047e+00 5.442033113848771642e+00 1.704076573365983283e+00 1.695319796818040903e+00 2.402297521959084747e+00 1.638008113571601365e+00 1.732360635174308161e-01 3.607413564858892308e+00
5.419975543328577672e+00 3.355016281509960674e+00 1.801732403910852875e+00 5.819696234172917926e+00 3.822191288481409099e-01 3.930671382661685254e+00 1.734864707163600528e+00 5.001316490104038337e+00 2.614878476025080722e+00 7.794399285114821385e-01 3.283388269870624043e+00 5.173199387116080850e+00 4.513680788157513391e+00 5.570584032912737626e+00 5.918773300208626686e+00 3.515873662724489090e-02
1.875327629127485185e+00 8.609575232661796917e-01 3.452772595460642080e+00 3.519024648702914204e-01 8.149886680749526269e-01 1.611393065249466350e+00 5.240028001168536065e+00 6.174456681676754322e+00 4.601004473879272361e+00 5.031591725226761902e+00 8.435541023661482507e-01 4.309338548777412292e+00 7.613795871878521471e-01 1.089791798301129599e+00 2.647761941135780006e+00 5.866499166757430217e+00
2.301437557889805419e+00 3.967550670582007388e+00 3.239986837328844071e+00 3.370483624549920343e+00 3.602777344568064866e+00 6.119389985835097079e+00 3.276180603940471503e+00 4.624917740881699935e+00 3.558364841625553665e-01 1.874710570895441242e+00 1.694474141037952908e+00 2.006205298418092031e+00 1.895093145012176850e+00 6.198113751560377693e+00 3.952708553392570323e+00 1.738546781278452080e+00
1.771218602870050729e+00 4.691130278156259159e+00 4.302692307566628571e+00 5.440640377291614982e+00 1.788176589547542328e+00 4.258024729378507622e+00 2.041450817909173043e+00 5.057446043576887540e+00 4.693254198215780271e+00 2.581962119754964924e+00 6.114667293512012769e+00 1.840855019102762169e+00 3.900183427892349286e+00 3.407128491150265948e+00 3.619731010390272452e+00 7.164944820938075054e-01
5.713253869207578717e+00 1.257057740569138327e+00 2.013502130265459211e+00 2.266525826914875363e+00 3.856192327421589017e+00 4.954489118110400603e-01 4.048276028240286983e+00 5.969020059614977392e+00 4.467872412257150039e+00 3.961639461003355067e-01 1.215125239000145463e+00 4.299373248538396197e+00 5.043382998348208801e+00 3.812327405511775069e+00 4.261640041850656146e+00 3.440183967559988787e+00
5.407368636063786482e+00 2.393367551900785095e+00 1.736914166454489150e+00 4.541937479166223923e+00 5.783927232277144448e+00 2.730529644366633590e+00 4.774991782333363410e+00 2.425311080554124921e+00 8.399417276571898849e-01 3.080406350123265469e+00 2.770496225410930435e+00 2.377619590242372016e+00 2.362033053222311274e+00 5.039004105028181968e+00 2.268492499356217884e+00 3.976779229618756517e+00
6.145369459850962279e+00 5.783959067564389933e+00 2.994539569063788598e+00 4.839112823096518134e+00 3.548109506434188987e+00 3.380419368332027719e-01 1.835691163764835876e+00 1.747691780181148680e+00 5.529684075611715599e+00 2.384973834167706919e+00 4.835950403234304140e+00 2.462285105463225321e+00 3.283027988752805992e+00 3.136957430153394455e+00 3.967365895266342868e+00 5.233495239346042105e+00
8.199922050205770141e-01 9.265019446522104740e-01 3.645611838922504955e+00 2.702045590545339770e+00 4.731747598131693877e+00 6.124703137393612273e+00 1.363761206406635340e+00 6.196058426216279891e+00 3.357153721375608413e+00 1.423001286542842747e+00 1.879434851719758548e+00 1.631061161475893639e+00 2.195560159712070192e+00 2.165701765516154342e+00 1.718762546885920450e+00 4.304433291530989636e-01
1.602307239443971909e-01 3.324604494758707229e+00 3.499514804141043989e+00 1.613961312531957626e+00 4.673684199681158447e+00 5.773067919292485861e+00 1.610186658853970831e+00 6.034689943627990161e+00 2.344091252241968792e+00 2.714318492518602355e+00 3.054457019613846747e+00 1.712380195070678290e+00 3.378446548293245311e+00 3.478594963367909632e+00 3.536346562424618423e+00 2.373631179195973662e+00
4.134600041854747943e+00 5.083293108481210076e+00 3.511574517352679781e+00 5.800569034003023816e+00 9.439618423712760054e-01 1.968413410301115496e+00 4.058664481165521032e+00 3.162602459223822216e+00 2.425647177427378676e+00 3.111790568457766692e+00 2.479475718083244740e+00 2.789034613924817330e-01 3.658160249050084634e+00 4.066498210218462361e+00 2.726729037321284355e-01 3.752427155849607843e+00
2.747222186380009479e-01 1.126698702848472955e+00 2.127834976083989638e+00 4.405222746853155513e+00 1.287239982228736812e+00 3.112472476034795488e+00 2.813031014347589842e+00 5.583646502532157996e+00 3.310224468727811509e+00 4.130553592805155994e+00 3.896894970815842907e+00 5.412918126739808322e+00 2.282205600875171658e+00 2.477521862565610355e+00 6.778895596966442172e-01 5.301308141903446902e+00
8.540808476028610707e-01 4.922579933906153116e+00 2.092676541158667858e-01 7.373859239681409550e-01 5.224122011685564004e+00 4.636740663053021905e+00 4.465607360051570218e+00 8.526071092765834525e-01 2.553576935462734010e+00 5.898477219373317038e-01 4.215128562741115026e-01 5.927667115479168913e+00 6.138239539281586055e+00 1.258900953240086995e+00 7.294757208951480054e-01 1.847172008333697324e-01
9.031082183072489111e-02 4.315459086885752527e+00 4.803811444452380286e+00 1.428456377861773596e+00 2.734488115247339923e+00 4.491205872362710849e+00 4.413087722453956196e+00 4.285106478953420783e+00 4.920249575739888748e+00 1.939758330103493078e+00 1.448880812480366931e+00 9.219887498643939416e-01 3.374102191924970851e-01 7.968893994633646782e-01 3.304685800362046511e+00 1.165969289391186603e+00
2.330010008117062714e+00 2.944672330501837187e+00 3.451908806588883105e-01 5.574824763074420098e+00 1.362834470409117760e+00 3.231193705351729228e+00 3.645923065969434163e+00 5.734696958861024818e+00 3.238470627910929878e+00 7.288368209862010616e-01 3.837189397211196784e+00 3.483993891418654343e+00 5.516137535888048227e+00 5.048338280339349504e-01 5.101789626906102493e-01 1.571127714249463514e+00
5.593831780052067604e-01 6.798777039798042932e-02 2.218196662981406053e+00 2.071252077376253276e+00 1.200150923614507148e+00 6.025250797174289907e+00 3.502041537208561373e+00 1.372882440720650132e+00 5.355641960280724589e+00 5.695096058723384758e+00 5.245591770448364777e+00 5.830717954245591805e+00 1.214491646826415971e+00 6.080311686635718749e-01 9.280213198611515502e-01 5.294953941880450543e+00
3.260039313196325672e+00 4.615156861487069051e+00 6.101880405029744381e+00 4.328875674346314817e+00 3.688899666696807245e+00 6.227873216811677715e+00 5.531740008212848281e+00 3.066500327437235551e+00 5.016515864283966231e+00 1.933811338199126206e+00 5.969823302059166004e+00 3.104880541950967299e+00 4.818392040678248556e+00 2.270130579503779167e+00 7.375236872568439184e-01 4.949876928490136940e+00
1.126307166943957272e+00 1.597153502287095073e+00 1.520553464380904440e+00 1.658383267223292767e+00 1.484987092686612220e+00 1.187077613371705143e+00 1.195613380274029636e+00 5.872679094098470109e+00 6.465040901511195370e-01 1.083021217218319121e+00 5.624961979902044718e+00 1.565296919311942814e+00 4.132270244102985046e+00 4.892034204384114737e+00 2.421591507233802343e+00 5.140641215561687183e+00
7.683764123977943061e-01 5.630408070767524142e-01 5.009132471706806200e+00 3.716349006668509425e+00 3.217846408934972757e+00 2.135204794094590408e+00 6.075026449461947031e+00 7.684673081649633364e-01 2.367752017342016124e+00 3.440774119343891879e+00 4.868623834759596702e-01 3.565044249913711827e+00 4.883946074141413796e+00 2.171084607940474864e+00 1.194281867165059241e+00 5.988122757937216711e+00
2.182880206864719952e+00 4.080060799830485863e+00 2.812866578005521756e+00 1.136193738497193739e-01 1.691420807684075545e+00 4.114930286754502120e+00 3.179323334630100639e+00 1.027007033808166603e-01 5.515881950535534983e+00 3.815918396125417278e+00 4.582455893115435330e+00 2.823187958868115022e+00 3.014268846614438058e+00 1.556051699141511646e+00 5.127058796774357496e+00 1.977192585306321027e+00
3.984845784622460307e+00 5.099482647651101708e+00 4.961525824731699785e+00 3.254109704384694268e+00 6.835626732415359674e-01 4.521482422875671148e+00 5.603758086559659901e+00 6.096964059919166345e+00 1.407704437528428887e+00 3.144291238984311843e+00 5.204692618038568863e-01 4.127544275146814989e+00 4.016871642562835909e+00 4.260137325265878516e+00 5.669035674474717235e-01 3.699759875586680735e+00
5.680283197495949565e+00 4.155277561200493963e+00 4.304665161837871068e+00 1.083724598835738989e-01 4.802854998370940542e+00 2.258020603893080125e+00 6.024002163585641112e-01 1.833209583165910317e+00 6.209793025118451659e+00 5.492229398054342404e+00 7.165553850580257400e-01 1.641612432751566653e+00 3.971517933566629299e+00 4.447238652056985764e+00 5.006047656018715486e+00 4.504422884708622732e+00
3.593198233956889087e+00 5.122676979926843011e+00 1.257466619015328302e+00 2.029246357026395220e+00 4.675144293959746733e+00 3.146563972994692371e+00 3.810118225506705869e+00 3.899806059664517210e+00 1.088295099148098410e+00 3.957157418608598931e-01 2.514643578365733934e+00 1.438877248487642424e+00 1.546944057991293864e+00 1.355829240499504040e+00 5.700638092603774076e+00 4.530015325849925389e+00
5.662634790609843094e+00 3.712331064795140190e+00 5.911985554759158212e-01 2.781156846271138239e+00 4.834874437613044584e+00 1.959584112582916648e-01 1.460884665429557527e+00 3.772243575965560147e+00 2.052815333029784473e+00 2.551454467305363405e+00 9.180444507819244260e-01 3.596383847693336744e+00 4.755915190244856205e+00 5.760849838286983271e+00 1.178148981715338328e+00 3.834241529839917728e+00
1.910408227345840926e+00 1.752831420306250498e+00 2.487589468882563271e+00 2.018790775859812037e+00 4.248701199188184674e+00 1.039743849566121536e+00 3.624737809415848666e+00 6.136058440152713622e+00 3.084453150351913475e+00 1.610089380827300687e+00 1.372895630409160850e+00 1.856420759047257674e+00 4.713219724911992259e+00 4.196449893807276510e+00 4.771649029418534305e+00 2.837592859949749080e+00
6.421658829204743846e-01 5.153791781229604130e-01 1.214624831666737181e+00 4.460103946783864348e-01 9.444903682819459911e-01 1.402016091953005139e+00 4.937916776589701406e+00 1.162816553989874935e+00 5.397070301664535386e+00 6.013023493916099582e+00 5.787691731642174098e+00 4.945573013505383919e+00 7.666929974806243608e-01 4.348598795814811346e+00 3.260442435199409683e+00 2.652200622829058663e+00
1.566427913180444165e+00 7.021956560239026590e-01 3.732569542510675298e+00 2.858612198575603003e+00 3.454921704942627514e+00 4.944374471553675932e+00 2.741980137126466266e-01 3.003701250117707944e-01 3.142766010042685743e+00 9.212015373376856164e-01 5.957591209991166536e+00 2.515660682454386343e+00 2.190229016638508330e+00 1.152871422116838129e+00 2.828286629754667714e-01 2.132901511688252150e+00
2.564997003330566017e+00 5.715090543837201054e+00 4.978047359756447854e+00 5.993349021492119455e+00 2.642544168751254752e+00 6.495339017620055388e-02 1.427210151262668703e+00 3.296860682007018095e+00 4.383354322376180612e+00 6.180092256875362011e+00 4.719546120162243952e+00 4.971577379964362109e+00 2.853579527536636462e+00 3.564796161852566758e+00 3.016879806151064880e+00 3.880885166802575004e+00
