6.779325770509345706e-01 4.028323521351404035e-01 1.006756606050808855e+00 4.438981553384707901e+00 4.470368151845317328e+00 2.341120168276523472e+00 3.462326850833666203e+00 1.285681657791762245e+00 5.087868619770031131e+00 1.296114234929014009e+00 2.360061892702640940e-01 3.472655766593023774e+00 4.444982221743827289e+00 3.414205329583507531e+00 3.548423623523564996e-01 4.492146682500194110e+00
6.084269704302842641e+00 4.537414085016292731e+00 4.998242871844439605e+00 1.795118938126914809e+00 2.450573230814506953e+00 2.107084787015081062e+00 4.168591713975436264e+00 5.327692340931661441e+00 3.312556944109197321e+00 2.051643628179116607e+00 1.181061290294658089e-01 5.581615478441105616e+00 1.214842122824077997e+00 4.882684666831842435e+00 5.342759310731601374e+00 2.959340636062690155e+00
9.095292870029171306e-01 2.716436258542996196e+00 2.040746334474924595e+00 1.147985649824882382e+00 4.033439286096673904e+00 8.164094463505775501e-01 2.725486861423919827e+00 4.641928433572475865e-01 2.963620518682250182e+00 4.855898691013913471e-01 2.101066067462677101e+00 4.951819258799066703e-01 4.840246978568936598e+00 3.884846775547635911e+00 2.187873711582034808e+00 1.332294399527525597e+00
3.555975381167836069e+00 5.863103872021249607e+00 1.257674470857029769e+00 6.092134794822706922e+00 3.059099997062499021e+00 5.143719185068568400e+00 9.198434787447344885e-01 5.690163203758465293e+00 3.945169057200367924e+00 9.282737378731099609e-01 5.103215916951779008e+00 5.808624314159897217e+00 4.566199401484698939e+00 5.807887821456780841e+00 4.643172922448092876e+00 6.133869721770037309e+00
3.438773205438901304e+00 1.921773313721661047e+00 5.360959124736647263e-02 5.626167320338334221e+00 4.414886064734932170e+00 2.543866557732313627e+00 3.031988555555090947e+00 1.662552364629587276e-01 2.595386401733846160e+00 3.907767546886122823e+00 1.675202519896002773e+00 4.389509548212573442e+00 1.097680226320917773e+00 2.723524135425314352e+00 1.381969084563920314e+00 3.773426015861149452e+00
1.593598971903750439e+00 1.444841735075393929e+00 1.061353137885663513e-03 3.658499308664229677e+00 5.841487812803330293e+00 4.311718724813576209e+00 5.684868074849278585e+00 8.846775295855170418e-01 3.204040438376471567e+00 1.187603190495486682e+00 1.427520812259430727e+00 5.815072207672332461e+00 1.057316917956694802e+00 9.361551451932339507e-01 2.686444825943897552e+00 1.486013746405930203e+00
1.774188374634602106e+00 3.462596706174179584e+00 1.610182733388353604e+00 1.014637770835320474e+00 2.910247579800426809e+00 5.134595116065217013e+00 1.772991731747106003e+00 2.330776555300392072e+00 1.031932694205453638e+00 2.415207514579926773e-01 2.804677014204660868e+00 6.278411806431141606e+00 1.684893832714175366e+00 5.743159464550642745e+00 4.811892282821861322e+00 1.828605554484997731e+00
1.063324699014289942e+00 3.065413129215503130e+00 5.034494383704461562e+00 4.082263533433333258e+00 3.675217453573409454e+00 1.008227182388292675e+00 1.672117109098731902e+00 2.227638262628818921e+00 2.128342019711948196e-01 8.377121726326107742e-01 5.774787461441073688e+00 2.940586458703893236e+00 4.789088085000986261e+00 1.319541203672196961e+00 1.348549401639329348e+00 2.158319076536863168e+00
3.859345708918812790e+00 3.055203757991000302e+00 5.704665925663805481e+00 4.519815589511770426e+00 2.442332141750935381e+00 2.600480793624726061e+00 5.031385556858521291e+00 2.395659052982510584e+00 1.527909730274207067e+00 1.688366695344837298e+00 4.256513132985009662e+00 5.323190671604839608e+00 2.928636936581006989e+00 6.032894053189264971e-01 2.880382265224562310e+00 5.116547770208261348e+00
3.558597466800743625e+00 7.590946431874684430e-01 1.186558344123767705e+00 1.206881583125023027e+00 3.568133358028390489e+00 5.677465956807708380e+00 9.181169534786799424e-01 3.936837143088511848e+00 5.558922307614531988e+00 2.584719290428855398e+00 3.505431891531705535e+00 1.627691462437004910e+00 5.130584897285480395e+00 3.731841290979571735e+00 3.736663232921166422e+00 5.050314127723082303e-01
2.373421529565593158e+00 3.307462903719435854e+00 3.593378081935222568e+00 3.314010690602126608e-01 2.885371112253150461e+00 2.418321779151262785e+00 1.735990708914186609e+00 1.813416912152567007e-01 3.328667944502747389e+00 5.072320376480310422e+00 1.928971073771114986e+00 3.721357786631614761e+00 8.962326601870687082e-01 4.013280434484601145e+00 5.369812886709751432e+00 1.285734034988019525e+00
3.139629829143867124e+00 4.771705427764290519e+00 1.216555973237973376e+00 3.297266845187334372e+00 2.596770940628838620e+00 1.452157541020813625e+00 1.281591665536017777e+00 5.645746922235851173e+00 3.406293098594773028e+00 2.403185846969934758e+00 1.389017660536673526e+00 9.189675699391537389e-01 3.149073018349836772e+00 3.660740849790285356e+00 4.859588038298428003e-01 2.249953803318243128e+00
1.786938786119572076e-01 1.422773898525120373e+00 9.850442168626247219e-02 2.665605970415729331e+00 4.533722458671018529e+00 6.027703810788796801e+00 2.191815955840025198e-01 2.192823867587148534e+00 2.409344788929706827e+00 1.404913997316677765e+00 1.658537331057984510e+00 2.731186622780177320e+00 1.450688002551454581e+00 5.457423062647459133e+00 9.670017261757736238e-01 1.124181556748524935e+00
7.220602653149400529e-01 3.150416790334062411e-01 4.152768529240283613e+00 3.362218399096748023e+00 1.626563629172157244e+00 1.921071088801517002e+00 1.437585360662766210e+00 2.659401850680380264e+00 4.393677229337769607e-01 3.684648771325304661e+00 7.261176145301003748e-01 8.659356951553236481e-01 4.433388900505160990e+00 5.117966714188887600e+00 5.794257803369275095e+00 3.297074177883745794e+00
8.109054702653323288e-01 3.631719425636652065e+00 7.147332956031625661e-01 4.165005141575079506e+00 3.884415170515203575e-01 4.373797626572554442e+00 3.497373622739714083e+00 1.586426127926094942e+00 4.027184084601112879e+00 5.737778093143399261e+00 3.141960955481318152e+00 4.529419145788155632e+00 2.812300064681706679e+00 5.842299679740823315e+00 6.141562318916948371e+00 2.219936770944239690e+00
1.498878137487661188e+00 3.313693619312398919e-01 1.524074371129850336e+00 6.243196483271745478e+00 2.007156493148766430e+00 9.772902604960718165e-01 2.033444053640616644e+00 1.655194349786743180e+00 3.687812630877144837e+00 2.429991150712722980e+00 6.027248330660375686e+00 3.171562542577566646e+00 3.506998484764405066e-02 3.746701873161690788e+00 2.262857033113738481e-01 6.858329561534467489e-01
2.636243901515582078e+00 5.481576297352692695e-01 9.786859441133369808e-01 4.140137598739008773e+00 5.024471564602246865e+00 5.171403071172036015e+00 3.052960077963723595e+00 1.478978064746840904e+00 7.745484566075672150e-02 1.438478412391455130e+00 2.300996880286248825e+00 3.383988115804065444e+00 1.819967011810012525e-01 1.734056938806324055e+00 6.095141408239510561e+00 5.386973451224835507e+00
6.257808592426022720e+00 3.844767986874382260e+00 1.979316818296809277e+00 5.367090077354537137e+00 4.442013620736813273e+00 6.145391780279029881e+00 2.665600434021788256e+00 2.082011152870092641e+00 5.383578979955808919e+00 3.061031237875751376e+00 2.865611159511874728e+00 1.703555440703915735e+00 3.481871734163384691e+00 9.457764184495692783e-01 5.858783795014094409e+00 2.907580195028267589e+00
1.776728214196571454e+00 5.293431289337124035e+00 5.807599200638838610e+00 6.001335079408192996e+00 5.101040035275834938e+00 2.901223061526398528e+00 1.346542118665409182e+00 3.373376400259770619e-02 5.082667323347606292e+00 6.184752551056795777e-01 1.415065658072327093e+00 2.839166696084309827e-01 5.447184771094444322e-01 1.359372121132417233e+00 5.173797754430718321e+00 4.902411550435473053e+00
7.652289246345518325e-01 3.136664051027906908e+00 1.181581363414843322e+00 4.391666928162922368e+00 5.557087573805678637e+00 3.651145546431704414e+00 5.757521852634875259e+00 2.930262497039207492e+00 4.562555551743405324e+00 1.417187806798575256e+00 1.918672801319084575e+00 2.101556189949347342e+00 4.697047469874545023e+00 2.996017902503784747e+00 9.408841741190691055e-01 5.220623744945495304e+00
3.756159263840830320e-01 1.585685500772110901e+00 1.988781134960088126e+00 5.513455577536144681e+00 5.976303399522577386e+00 1.924659981180800505e+00 8.799370503796848098e-02 3.008556408886664091e+00 3.215694172813401419e+00 1.299077464513792579e+00 1.646424290037981963e+00 1.973471816992799222e-01 1.533658577320757388e+00 5.808535101147102253e+00 1.180915899516359779e+00 6.230833984619339461e+00
4.193742191428052379e+00 1.168416788569677678e+00 5.780865725435596403e+00 5.796665209471785651e+00 4.402609143427739014e+00 3.152644699236772485e+00 2.889197870357539610e+00 4.959989914041804226e+00 1.077782319895009611e+00 1.715203414523830849e+00 2.914594080260533571e-01 6.197060451420528082e+00 1.231640053217414987e+00 3.347549216031279418e+00 6.615613314615212959e-01 3.434911687850647155e+00
8.471802783536550585e-01 3.568764245832441340e+00 5.936211723591478417e+00 4.963095084271911261e+00 4.914171645766869823e+00 4.576451654870060004e+00 8.512991947715556895e-01 2.247956708586427599e+00 1.675126543923038280e+00 3.053778315708077784e+00 3.668805058828603638e+00 2.640588476227562875e+00 3.548708931154313184e+00 5.664297750325592240e+00 5.208351917554991495e+00 6.108548655910923664e+00
4.686635307466801237e+00 5.506759450431054859e+00 5.949637690532413536e+00 5.276235051043145496e+00 4.335722854862062547e+00 1.984722065795042178e+00 1.775570221162503959e+00 4.860090832307698783e+00 1.928302574073427644e+00 4.706139393032261253e+00 5.354655386870438960e+00 5.640108477451984292e+00 2.962127894490834468e+00 6.162419793450664152e+00 1.695568434093085664e+00 4.639904489594139925e+00
2.902037069797547719e+00 2.738401866413059604e+00 3.178865975837373181e+00 3.473316601410923798e+00 4.582890077324358380e+00 5.458939897503809036e+00 5.413358572960514259e+00 1.685159038811094856e+00 2.355273149027742541e+00 8.712009121588181193e-01 8.853397331807622006e-01 5.732729232408849462e+00 4.796960999057307440e+00 4.948306547543623424e+00 1.359236769387954569e+00 1.850618582738657647e+00
4.115329797589845739e+00 2.509475222146267948e-01 1.146254581214127377e+00 4.659190739126002789e+00 1.681747465762965188e+00 4.412127423940635396e+00 6.100722968650063471e+00 3.798721526236095603e+00 3.025664079137988072e+00 1.344074516253951135e+00 3.694530132155549040e+00 3.911754460931927468e+00 1.364387930706466856e-01 4.384827344960335438e+00 3.082539036465594684e+00 4.811737615434820370e+00
1.304903403434443332e+00 5.104663498687898038e-01 3.635723748940165478e+00 2.135150629679041678e+00 5.701381304077213663e+00 1.220500027989148695e+00 2.558256475239650829e+00 3.958659648429216027e+00 4.972915906454782764e+00 5.501615460520657308e+00 4.013421084245467618e+00 4.519781107664460507e+00 9.860036907799680783e-01 4.322512656345239179e+00 3.610542516941875668e+00 5.393414008394380232e+00
2.500923507740637319e+00 4.458341820139262168e+00 2.777536476110131325e+00 4.201032794575796814e+00 1.617235952038646785e+00 4.438531405910282501e+00 1.479228376217380125e+00 1.541372853356325567e+00 9.931401312032498430e-01 1.382732058221222360e+00 4.678174316955422185e+00 6.118514745426938184e+00 2.674911875439271558e+00 1.785354336272889197e+00 5.019798413811993321e+00 4.290149067015034956e-01
4.966668531110228768e-01 5.410559715483602705e-01 5.678325614138161725e+00 2.187681997653913690e+00 2.569423411686771352e+00 1.662597330388689620e+00 4.652443768230596910e-01 5.703077277680676183e+00 1.810978928824363843e+00 4.809633499337998552e-01 3.492004569143713599e+00 5.765702329707281137e+00 2.044948104344794793e+00 4.704108766389829555e-01 1.251268527076593973e+00 2.160643896485312521e+00
8.302352762189191271e-01 5.018557379606761515e+00 1.374988233848863040e+00 3.913359926989779858e+00 5.873336435531468780e+00 2.680053300792903048e+00 2.627936696304703279e+00 2.987527225968348077e+00 3.114923115569564693e+00 4.949549228830194103e+00 2.885620538438230298e+00 1.922140217861121103e+00 5.584786127311951454e-01 2.245729509758147002e-01 2.446019795911197559e+00 1.163816914680196657e+00
1.577858634234807322e+00 7.057170905877289124e-01 4.490867732864942674e+00 6.123091555525779661e+00 1.981425214309937566e+00 1.532555538371341619e+00 1.400412967936107034e+00 2.648993728838940243e+00 3.866583124148926576e+00 3.587987060395692485e+00 4.731188679941371156e+00 4.858776962591076831e+00 5.461949456730289754e+00 3.063896274495201411e+00 2.313924806442140714e+00 5.375251074896853609e+00
6.065649955948045902e-01 4.034812786314623700e+00 4.900922351785570008e+00 4.001870096347226458e+00 2.961902785644514591e+00 6.178158897428335905e+00 8.235390390857496579e-01 5.394270834972342499e+00 2.408367931031518694e+00 6.241954733610220352e+00 6.635844407185933491e-01 6.125877372481480343e+00 2.405809163711948528e+00 1.948946087251290704e+00 4.985553017394861008e+00 5.102100391749772257e+00
