2.971274096040713353e+00 4.952393748923867633e+00 1.416073749995990561e+00 1.026132180495149981e+00 1.187247008349934907e+00 1.526510637488703637e+00 1.464149684045868982e+00 4.585789162026894239e+00 6.188639094716226197e+00 4.276583124037508732e+00 5.286527764208527103e+00 6.000501873008637688e+00 2.816999683764576101e+00 3.627682424713719600e-01 2.785215972759326419e+00 5.961020465660851642e+00
3.145243069599397145e+00 2.004612288799275444e+00 2.316795504329343114e+00 3.386337424994400269e+00 1.629889301511948885e+00 2.170819687306506207e+00 4.759017245975119437e+00 1.786592594312866433e+00 2.513036353614098051e+00 2.318775993327221840e+00 2.051880796641690541e+00 2.421206618359803553e+00 5.582103371999321162e+00 9.094196192495737074e-01 4.094948192606333137e+00 1.279762069934987423e+00
3.057588896135140288e+00 4.249389888859423259e+00 4.212084077177549624e+00 5.338004058879040947e+00 3.481210008733100381e+00 4.387656912635084616e+00 3.992554430173525404e+00 3.558013239600922972e+00 1.971079767432420082e+00 2.142200396059623202e+00 6.091909046699006680e+00 3.024529379741635715e+00 2.606462638874249560e+00 2.442708157611935604e+00 1.388965798527465267e+00 4.071490814751783205e+00
1.834377987985293668e-01 1.120102962237981670e+00 4.870724680955643038e+00 2.478669816980454854e+00 5.219911316874135121e-01 6.155982889981081563e+00 6.112240264977343962e+00 9.485318266809992238e-01 4.784068304431085217e+00 2.066021770563871485e+00 3.511716261742439116e-01 2.782973230329272241e+00 2.123322793676643450e+00 3.018152075840958570e+00 3.392259904665938297e+00 4.847240625335034636e+00
1.917597032977935267e+00 2.909101197005848238e+00 2.057070729373339013e+00 2.129938735043078513e+00 2.128633184267575196e+00 5.767270818917289432e+00 4.452812167216886330e+00 1.631767559307891302e+00 1.238279181417150987e+00 3.722314975746200960e-01 8.920967128975694216e-01 1.707063370439403094e-01 5.677908810070817935e+00 1.072502498393405057e+00 1.850482015178467110e+00 3.912787512238071308e+00
7.474879147509539967e-01 2.879816986503653808e+00 5.061262173863754654e+00 2.851769383427074533e+00 2.118252553653505732e+00 4.117254054738490154e+00 4.622073834885242150e+00 1.959537963962937557e+00 6.088599760719092258e-01 4.402850074809134817e+00 2.038961320807453514e+00 1.926022462840160099e+00 1.832921806842351398e+00 2.394470603751876592e+00 5.050709606124428319e-01 2.709122942501651643e+00
1.695290915387865027e+00 9.435691125594275475e-01 3.197098113271116038e+00 4.446459393452274256e+00 5.862128995852004643e+00 2.365219636587309715e+00 2.448778366329778411e+00 2.937762088024626905e+00 1.453043623993279354e+00 1.897355033108243605e+00 1.291277697447452466e+00 6.703741873093279624e-01 8.185980851257308455e-01 3.924394724769673548e+00 2.088632306181936737e+00 3.847088551121654820e+00
6.079301798304272531e+00 4.718730828289916523e+00 5.785491062517107430e+00 1.575717160392436034e+00 2.996427326351486897e+00 1.158178692282400002e+00 2.214424260310136283e+00 3.484013038199736956e-01 5.144603908510271495e+00 5.904560087145053870e+00 2.258752787014112751e-01 5.145853787141914104e+00 2.271325223062119036e+00 5.796349590930179652e+00 3.753292111897636119e+00 7.853050073392674468e-01
1.280322737758410323e+00 5.600154867489899324e+00 4.268533311210317649e+00 1.322501310797347118e+00 1.307442041818302370e+00 5.008352928669370208e+00 1.422393040914947948e-01 5.511958415650251908e+00 1.839010308313879349e+00 5.561321968053859477e-01 8.109342802061555444e-01 5.891930839893257943e-01 4.732741273114142722e+00 2.661803392732108975e+00 1.760345876315379199e+00 5.314195017091173590e+00
3.749934662095409710e+00 9.856418213509430259e-01 8.673850122116125716e-01 4.338970104522432258e+00 3.968956176209169406e+00 3.527834004295544279e+00 2.323550520047394485e+00 3.551900818109297031e+00 3.604382813904756677e+00 2.461685825765744795e+00 2.408744537156654264e+00 9.098639368735323973e-01 1.895447478301794053e+00 6.231069702802553678e+00 5.215205312259628911e+00 6.249201054876350803e+00
3.303447809595128071e+00 4.966284377315544063e+00 1.255146982741566442e+00 5.756183761267011256e+00 3.695403330006627129e+00 2.293816145358763769e+00 6.236157759033786885e-01 2.736675172311636484e+00 2.954468006766004073e+00 5.987663266016446606e+00 5.555878909669402788e+00 3.544575010205257559e+00 3.077612440001607386e+00 2.002992616098274059e+00 3.947217525152077133e+00 4.137063611707136324e-01
2.790456830454910442e+00 5.108954457898713386e+00 5.216482787945149191e+00 3.415906056171620908e-01 3.602540265938402708e+00 1.497621394731028843e+00 2.266342374427138928e+00 5.586299683947268058e+00 6.138426332372014294e+00 1.227637697153269203e+00 3.408595171803003421e+00 6.069681596115552580e+00 8.357121736496148090e-02 2.396608113307041599e+00 4.963823832115201284e+00 6.111257904294904897e+00
6.388263894662782327e-01 1.937782400639567193e+00 2.871704164303534146e+00 1.783208312769545500e+00 2.437275113838396123e+00 1.353172151345264806e+00 5.951391285908339768e+00 2.834259978602391872e+00 3.034951693072296841e+00 8.770637834452656989e-01 1.993668957168149181e+00 5.656416943465436553e-01 3.091149012813449559e+00 4.825704654351182121e+00 4.627490666599923808e-01 4.492530004187532677e-01
4.895710076440940028e+00 3.290845701324941253e+00 5.588902112564767322e+00 4.724941200863616686e+00 6.195111985816255107e+00 4.248483147639667834e+00 1.557500858262233834e+00 1.761444535691366831e+00 4.947911253871247972e+00 8.714057164403160582e-01 1.694951895549216436e+00 1.533644596953392281e+00 5.382430288368399651e+00 1.684165686186175570e+00 3.857026353594902979e+00 4.465942402123515009e+00
2.191070702471775711e+00 2.865579900507640776e+00 5.138378386402517428e+00 6.285708695314463634e-01 4.613373582168050824e+00 1.658343945533780284e+00 2.949212996527621922e+00 3.335253677937038752e+00 4.807814701904681520e+00 4.586004493345976485e+00 1.487755995318398305e+00 1.497538169529882168e+00 3.235692895496155685e+00 1.892344372680363263e+00 7.521953726648352712e-01 6.106720473717128783e+00
2.560698559165484500e+00 2.061881134894767431e+00 3.024123096718890569e+00 4.108213883749334272e+00 4.812177144330301637e+00 2.909941896369149905e+00 3.132013491215988044e+00 3.034185898438352957e+00 5.708119703460130978e+00 2.011126357390417230e+00 2.527569159332797355e+00 5.672198123408444204e+00 1.783308576578634397e-01 2.599474107973144488e+00 1.422871804354232106e+00 3.958654612117615823e+00
4.514838084585675482e+00 5.682636472147556184e+00 5.605744939517545156e+00 3.836506803135621535e+00 3.680310031757353162e+00 5.475647754271644629e+00 2.888069761270422031e+00 4.777013405209681096e+00 2.224442980340665343e+00 3.294669656153851545e+00 1.727127316791718714e+00 1.890746978204478568e+00 2.885516447884008073e+00 4.490272423638729471e+00 4.968543630099552466e+00 3.100516492777658950e+00
5.573504569123394425e+00 4.446910576464185638e+00 3.128902161988599495e+00 6.117728550045894664e+00 1.117827575488026470e+00 5.598998358412161647e-01 3.520972834581217459e+00 1.191914560667381551e+00 5.607244970341579204e+00 2.216280998001745939e+00 4.419440830012032251e+00 1.717859661051894138e+00 5.723587059617702977e+00 5.185626012855101941e+00 6.204821425304945848e+00 1.867198609600938253e-01
2.239257835472734451e-02 2.427930518830388351e+00 6.262787009624386947e+00 2.888652370390015989e+00 1.851924852788818132e+00 5.287575710840220822e+00 5.376668405202891243e+00 5.213435503300611451e+00 4.770447965536984469e+00 3.789077346901687182e+00 2.281926896687204831e+00 3.202197950080968969e+00 2.988801703430440937e-01 1.581729637044792192e+00 3.189220057227675209e+00 4.081755083291779940e+00
1.737727693180681543e+00 5.324860101820271474e+00 3.873150092016494295e+00 2.358811194748943851e+00 9.968837226646941607e-01 3.289707748983738078e+00 2.641911793758677351e+00 4.509357071916372917e+00 6.192905061217611085e+00 5.152195297972476773e+00 4.463639890189812220e+00 3.488631526082173639e+00 5.417747767660287650e+00 1.454381196331618664e+00 3.977517276907713839e+00 5.513230302265134775e+00
4.053762754872465734e+00 1.469165156622080248e+00 2.743768295827003545e+00 1.627855919642445137e+00 3.611252829248473351e+00 3.232334750841429294e+00 2.090929747749294965e+00 3.864703937810076706e+00 1.617302779125095125e+00 5.738334203469822370e+00 5.228091765429231152e+00 8.985390371066843684e-01 1.851585881613792672e+00 5.258938531428917429e+00 6.945502525270963456e-02 3.633047126918393044e+00
1.438410383999319420e+00 6.162874381223994114e+00 1.088965184011397636e+00 1.616846525805610169e+00 4.644007648669028043e+00 1.965114007567660304e+00 4.022504292931841086e+00 3.254854537408713444e+00 2.972473936058479538e+00 4.158218283873650556e+00 4.638863255437772004e+00 3.886699872647969567e+00 4.912368370590528777e+00 1.418891797456767412e+00 3.327984465251420332e+00 5.450618618873251719e+00
5.179252478780984603e+00 3.821885832236536107e+00 3.250065672692457608e-01 4.589378109426381691e+00 6.087723885920990341e+00 2.907191697908898309e+00 2.443354081850602544e+00 3.762171132351082470e+00 1.731596904193662301e+00 5.194840564290625906e+00 3.436685626256476667e+00 4.237018456600484484e+00 7.009781948612220370e-01 1.638922364762591455e+00 2.056410462378805981e+00 1.744710494511081622e+00
1.813974344116799031e+00 4.716843715254791292e+00 1.925420142101268661e+00 2.950062370320751803e+00 1.163395795179291259e+00 5.988238888833088858e+00 4.859402334139121038e+00 4.652194906800609431e+00 1.979928946036113580e-01 3.390256468322837335e+00 1.209111592544875657e+00 4.461729032692809405e+00 4.906062680747452553e+00 2.349169061011333604e+00 1.254469688423216267e+00 6.128708421320391286e-01
7.581324143068137733e-01 2.371512101329703803e+00 4.156518329155312941e+00 1.391558412477974960e+00 3.582441981180193746e+00 1.958189920020960706e-01 4.499475519871136697e+00 8.801595013517516941e-01 4.902502470749309893e+00 5.844072172320395886e-01 1.635211941205683139e+00 1.080671661113265847e+00 2.783736664039117681e+00 1.635777660243541209e+00 4.269776945242512056e+00 2.098126639728778997e+00
9.231095444434690434e-01 2.515524639438045718e+00 5.992732027796189520e+00 2.265994044546428832e+00 1.785300352922450928e+00 4.782429554877015043e+00 3.218104411379384633e+00 3.034279268239826077e+00 5.971684277115553163e-01 5.041680406453224350e+00 3.177295278407555656e+00 2.293110961058532293e+00 8.720857734614371193e-01 5.631302325351889237e+00 4.352116932784023007e+00 4.819801950748712649e+00
8.127352225679546072e-01 3.160146457851201518e+00 1.453048986872102155e+00 3.333839269120289384e+00 2.364217995671528794e+00 4.389146314686209749e+00 4.546598860632070860e+00 3.021744979840371048e+00 3.527033731410561757e+00 6.173491487293325530e-01 2.929632136103788032e+00 3.233845808327134197e+00 5.178969489435510276e+00 5.564120988551091607e+00 3.370438390047852284e+00 4.296051204070209018e+00
6.132261501094537159e+00 2.103745817002223184e+00 7.838612131872909616e-01 6.006995324567927064e+00 1.016276173745916278e+00 5.265150324142542360e+00 1.808897353402494357e+00 2.346097650808729451e+00 5.771163239054004634e-01 5.796760802852006123e+00 5.582595943647165271e+00 5.699171468748633451e+00 5.670811899540656675e+00 2.710644991072157950e+00 4.905076180819207821e+00 1.437315368687899220e-01
1.504952617839927953e+00 2.794738800777824217e+00 5.023977938533814580e+00 4.043441648234112229e+00 4.896282054817463703e+00 7.780141838043711511e-01 4.164807760679981818e+00 2.033670530456785919e+00 7.802128697950004577e-02 5.448892020534745306e+00 4.846166852374462763e+00 3.392194322103548876e-01 1.508623211490865534e+00 2.329771380961189187e-01 1.427382026549342875e+00 1.390621040674441700e+00
4.633402527087910450e+00 2.534394299186086386e+00 4.831415021609412719e+00 3.059459701559067657e+00 5.483046071299653157e+00 2.802565052721221139e+00 2.523795054829748530e+00 2.700808680285336827e+00 3.540606763615833152e+00 3.722957455663146398e+00 1.055404194764128389e+00 3.746364212605388211e+00 1.036561467534123482e+00 1.486939148616272632e+00 2.989815815399116117e-01 5.463561452167390975e+00
4.795083995204960203e+00 1.444185846148880570e+00 4.886521676567517680e+00 2.534284837809010149e+00 7.404513005883973653e-01 1.418051612054165300e-01 4.129470314723416635e+00 6.111773060266632029e+00 3.957176705283870000e+00 5.044421007341350460e+00 3.518480549515610734e-01 4.927588462264850477e+00 4.977333833459043788e+00 4.788098697943172333e+00 4.744009097871755287e+00 2.760747721910276731e+00
2.990029747668757842e+00 4.665234739490231597e+00 3.876474609215398548e+00 2.635699707749745269e+00 9.446454663917762673e-01 2.039663590545472971e+00 5.503063614670333087e-02 2.673096717955798507e+00 1.480802685047367229e+00 3.304154641053203445e+00 3.277255624730804229e+00 2.892550700218041282e+00 5.972324738901617636e+00 4.737486100546656864e+00 3.732069857323684570e+00 4.678940399294016395e+00
