4.927024990903030144e+00 1.417581245001675039e-01 6.244284879582080450e+00 1.488146738903231014e+00 1.928713578455799882e-01 5.009577674930730806e-01 4.563171744251736328e+00 5.504422783641869543e+00 9.193711247946717569e-01 5.801607707987822771e+00 4.427449059404071185e+00 4.217169150024608903e+00 3.351679120603735740e+00 3.173714971756175451e+00 1.358691324466665851e+00 3.252885803148771959e+00 1.291614048002831749e+00 6.387237837075827596e-01 5.512800384442762436e+00 2.576801180918499412e+00
2.617288759695791667e-01 4.548467211584759085e+00 4.960767681603923229e+00 2.366082067327006655e+00 3.264514266032251921e+00 2.927985153516379668e+00 7.685426735701744727e-01 5.523990132665554498e+00 4.624180362232814367e+00 2.169717017192154263e+00 1.546965700688667456e+00 3.273759281107412988e+00 4.554300836442809697e+00 3.250340982810226986e+00 4.448208817282566230e+00 5.541215714283016514e-01 5.184378480453098348e+00 1.334708801396956301e-01 2.669003874985725888e-01 2.250046102945174820e+00
9.044301543022446044e-01 4.966260984856702976e+00 1.137101064903283776e+00 6.938341553995850397e-01 6.404739688574923040e-01 3.751612984534334228e+00 4.632699311779011175e+00 1.312080760175720284e+00 6.277961747760829603e+00 4.010643168046926554e+00 4.284574131871023539e+00 1.101213678410525310e+00 1.391990222590014370e-01 1.420941355275898710e+00 1.609555879165963210e+00 4.370400081705884787e+00 3.023016676994833674e+00 4.973886560327860917e-01 3.523924519910600850e+00 2.967227795608315954e-01
6.191903576899573380e+00 3.968988710893518235e+00 3.355822257626154936e+00 3.466197861919598999e+00 1.189000971173769239e+00 4.790645972022653964e+00 4.453926057788865300e+00 8.200521697789979747e-01 4.360759833445057021e-01 2.097396100132300045e+00 5.860635454935441579e+00 4.765882091575790014e+00 4.398724972154264279e+00 3.653801055820412813e+00 3.149748604354138060e+00 5.349073062419214430e+00 4.516807656002031379e+00 9.182215162312316048e-01 2.373866341348728870e+00 7.495287255228016976e-01
7.873910360022835508e-01 4.778706283525663956e+00 3.483388471553237942e+00 1.139822053351048775e-01 2.373678396137881563e+00 6.237421718250954150e+00 4.488647798878049877e-01 4.723312571997491105e+00 2.463147359738946107e-01 5.040478160964935839e+00 2.970402221721347644e-02 4.358242748202672878e+00 3.907587319376472301e+00 5.097984435628840849e+00 4.783868490395744466e+00 1.487856473266409019e+00 5.245058978532444627e+00 2.736217911437036410e+00 3.758844426917298809e-01 9.330410651804973421e-01
6.188561365275018211e+00 2.400106590148478602e+00 7.827499935750392712e-01 3.837394954974924222e+00 1.173258141208789684e+00 3.024640255532971889e+00 4.510799264128234398e+00 2.001699908869451150e+00 6.245896011609235465e+00 1.559909840380284463e+00 5.562182663339206634e+00 8.088182621310721632e-02 1.947289406158091429e+00 4.959518326234677588e+00 5.256013960708501465e+00 1.445678247497429236e+00 6.086063413672063938e+00 4.782876325515792004e+00 4.444027649105610323e+00 2.322551324503972836e+00
4.076567125775327760e+00 1.709469967512122102e+00 9.157703225228062127e-01 3.999579095081183144e+00 4.468643341115345891e-01 4.122600655014037052e+00 5.730780652131530317e+00 2.644936184778872601e+00 2.298351367083006025e+00 1.857140025103951597e+00 2.422314095998570505e+00 2.684981340013083972e+00 2.160222190225672190e+00 5.458258075566959633e+00 1.357049818178579281e+00 3.762893966246567690e+00 4.505033888842501888e+00 9.483363561642721429e-01 3.762029414641912428e+00 4.366607207749706454e+00
2.974646935639784662e+00 9.956094806626303306e-01 6.061363969101809523e+00 3.063788469400407610e+00 6.140337601976428417e+00 1.392289492104333837e+00 3.866105559899525868e-01 3.830671283846087682e+00 5.324122009259270705e+00 1.454590426732313535e+00 2.276535162021561920e+00 4.815359600792170486e-02 2.039783803882756708e+00 2.022094228821844641e+00 2.467541185269346293e+00 1.742929600367867371e+00 1.762444621207752249e+00 5.521571307236508908e+00 3.866317799173425218e+00 7.399530196317489761e-01
1.436008956820719051e+00 1.924106959389778160e+00 5.953593333206353755e+00 4.079095525351057461e+00 1.024238741849779144e+00 3.749742174103329884e+00 5.031768891199419474e-02 3.835745299778046125e-01 4.232687936856816435e+00 3.993322246786580099e+00 2.180666907562329448e-01 4.049016414298744593e+00 9.524692080489439716e-01 3.591450329106551376e+00 9.801450132178739505e-01 5.923002069241216638e+00 1.475202533674511152e+00 1.574236933991108423e+00 3.159047533870085633e+00 4.191775660573501261e-01
6.187308370980145078e+00 5.751722597826121941e+00 3.788377639945688991e+00 1.098879751052349363e+00 1.706943078100103151e+00 1.857194730799072380e+00 1.148923040253666983e+00 6.121564885872625705e-01 2.770257255492036386e+00 3.741766763407309071e+00 3.913464344001460038e+00 4.166056841257594456e+00 6.221908395754203625e+00 1.701519480937569440e-01 3.224325609196064146e+00 2.973869976413975103e+00 4.108305254915144644e+00 3.715639181970215588e-01 4.290291600048844245e+00 6.227347559922133513e+00
7.976091780059648695e-01 7.208602140841068318e-01 6.118821635435289785e+00 4.321805839937804983e+00 4.330806726974093301e+00 2.208214880023136040e+00 3.029950483566832276e+00 9.327041882940368955e-01 2.707012582071099516e+00 3.864282881950705795e-01 4.692306261955749846e+00 2.453096007611474949e+00 3.349970743080853630e+00 5.588782118570042812e+00 2.506140103384996376e+00 3.415444803474334545e+00 3.993542683402901528e+00 1.137206787827840015e+00 4.290194890673812544e+00 3.738096153881440564e+00
8.428027979479901788e-01 3.870976874045667593e+00 1.557802789415283939e+00 2.511521743857440647e+00 2.536018033550517248e-01 4.454882977973602110e+00 6.083796620596553240e+00 3.259093716090497583e+00 2.567740083896981329e-02 4.416882863782665147e+00 5.404692523189090991e+00 3.499125622620309795e+00 4.532504383291812822e+00 5.433878039204020460e+00 2.233744414671936074e+00 5.470777841852214607e+00 3.589675376631112691e+00 1.048448289827830400e-02 3.904350529432975225e+00 2.730411450381604155e+00
3.074454105700001438e+00 5.312561526167448811e+00 1.728550495863606873e+00 2.011361252878081096e+00 6.017938919982578128e+00 8.120237767550019248e-01 1.505361276340401400e+00 2.139521490764310363e-01 2.014795978241302077e+00 5.369501765080156197e+00 5.107244173357957884e+00 1.054063526361552983e+00 2.635055393216085284e-01 6.111364258175399300e+00 3.530464898087186221e+00 4.767996080939369108e+00 3.936427376804091605e+00 4.070499378492566933e+00 1.515529313526676303e+00 5.101580591190948866e+00
3.882072673718938827e+00 2.148365583729608286e+00 4.173909620240526586e+00 1.283110280996889951e+00 2.869227193001788745e+00 1.547801491137218655e+00 8.134978968312811531e-01 2.942861698948315285e-01 4.753981110816640765e+00 5.080233881330942225e+00 5.570038099828406253e+00 3.550449236976304324e+00 4.168024098586098347e+00 2.873015853996785385e+00 3.154873942587093971e+00 1.905491580204075053e+00 5.528725265472178130e+00 5.051835094194294662e+00 5.506104423205917087e+00 3.456780912610979417e+00
1.919006219572992666e+00 5.720130802276420567e+00 6.078198795765930029e-01 5.271792156381689409e+00 5.950055621276510109e+00 5.976604268652625507e+00 4.518633406467813529e-01 4.936763184438198948e+00 5.487342278780766414e+00 4.957826174324953428e+00 7.715957753307199907e-01 1.996849107795180878e+00 3.912662523087621746e+00 2.659928225773252830e+00 3.628738062298962341e-01 6.248167510838058547e+00 1.612201585806298132e+00 1.811872845821508760e+00 3.146446843056567744e+00 4.364559983195136716e+00
3.611654541048115785e+00 1.982529770073232722e+00 6.237943314063417510e+00 4.803518462953562107e+00 4.582343934155830856e-01 4.690581813726947047e+00 4.068982841275735063e-01 2.315419487958316758e+00 2.330390239612539993e+00 2.244771943514199286e+00 7.708032996342263354e-01 4.747185261949604218e+00 3.778563473366133074e+00 1.317027922499642290e-01 2.977787960695411629e-01 1.799149188286616630e+00 4.015423687543915321e+00 3.646616764858551907e+00 7.244071328361301187e-01 4.775753228944123130e+00
3.703885937191793598e+00 5.340966718064485974e+00 5.395669750536063347e+00 5.054682065674837688e+00 3.566214269621045929e+00 1.226767754613795391e+00 5.871864339915981112e+00 1.773914105401285024e+00 4.703236124481489533e+00 4.757013496067615255e-01 1.260343029870358400e+00 1.536378411546357459e-01 7.678241337387580190e-01 4.534110290821570466e+00 1.612720281622997076e+00 5.275149167552631191e+00 4.412692613069720160e+00 4.284481942328517867e+00 1.720995213299441495e+00 4.310138710008076579e+00
3.128139815561633785e+00 1.497478009319770820e+00 4.841982138263473345e+00 6.277839398741271282e+00 1.366014278897722534e+00 4.873706254920453951e+00 1.135398974478296630e+00 1.623960324690195689e+00 4.332905192649390003e-01 5.867720405232979886e+00 1.035319355228582205e+00 5.352876625575724745e+00 6.197817822570402813e-01 2.734160521666953780e+00 2.818466281278906305e+00 4.686778732623953836e+00 3.840918279074963859e+00 4.082762788986205038e+00 2.490879486195748616e+00 2.970273331483634482e+00
3.138968449411002837e+00 3.428662174332257617e+00 3.785006709617779297e+00 1.821885271591627165e+00 3.303091957429059811e+00 5.519108129717700706e+00 8.120132633919896481e-02 2.547965003961132346e+00 1.497880729367029318e+00 9.475839658567718482e-01 1.730816020552421897e+00 6.267606103692943798e+00 5.903321489021908341e+00 1.669787835256151043e+00 3.431225788442080926e+00 5.245327662649511780e+00 2.051742041012737605e+00 1.450954269578242473e+00 8.277280418935082373e-01 3.989471025612071120e+00
4.002453210696168995e+00 1.728512516572672464e+00 4.434281188985942812e+00 2.972930513755951409e+00 5.592249366555750001e+00 2.787053289585722737e+00 3.182798491769338156e+00 2.840926753980145270e-01 1.313860865670984229e-02 5.670243704149660502e+00 2.692659021375041206e+00 5.772052967535866941e+00 2.280396695725491529e+00 4.793399898554103089e+00 3.279637148851371364e+00 1.368149831996680055e+00 5.527961033941885205e+00 4.653566502038500197e+00 4.526999028771064859e-01 1.951533792410125312e-01
2.027320003457694142e+00 1.854685942175394064e+00 1.614615015776207363e+00 5.198033695190009240e+00 5.112574920416597557e+00 4.060580902632697220e-01 1.139324137174542617e+00 4.814418294439989587e+00 5.964716907435499982e-01 3.747000138103991684e+00 2.592252993265768968e+00 4.272216591847318057e+00 3.419028526337295482e+00 2.247945868993833862e+00 1.066280651298485704e+00 1.929313313153357745e+00 8.696450125681209897e-01 3.367166814292413157e+00 3.269868513308924474e+00 5.323353702605020388e+00
3.861192295083460291e+00 4.744946007738188420e+00 5.666664591487685421e+00 4.489076661990797135e+00 2.601775382827514971e+00 1.589481891844867434e+00 2.478310773310527626e+00 1.184968312403832602e+00 4.474006946333620172e-01 4.853508342706877698e+00 6.195033781289491337e+00 4.966854353187487803e+00 2.128954472368471240e+00 2.434086509265680043e+00 5.613279526062464164e+00 9.585159223760464364e-01 1.989426155772102911e+00 6.099993977345789631e+00 1.326924017907950226e+00 6.099868690959549866e+00
5.145365405080732479e+00 1.356238123278157515e+00 7.380776827966278875e-01 3.813639890063729165e+00 1.766841638831042338e-01 5.058493745053202595e+00 1.313380725914509828e+00 5.923183042163762124e+00 4.274756898001941252e+00 3.296500250665858722e+00 6.223743468588282646e+00 2.584311276690433257e+00 2.274432271326594979e+00 2.908436162827122473e+00 3.917080789772967364e+00 3.491950144436367864e+00 2.372564614468226640e+00 2.722344905548026883e+00 3.171541704649968874e-01 2.951932004910799989e+00
9.178189695218663680e-01 4.501561103185247603e+00 3.716705579739068899e+00 2.482775916929481852e+00 3.528159960942228501e+00 5.602941625429706640e+00 5.184099384125513410e+00 4.856129260200395592e+00 3.087368569370673388e+00 1.876912756835803497e+00 8.297019273262302708e-01 3.648026562986784960e+00 2.806638201436479907e-01 9.433651561202440750e-01 4.434398853917150163e+00 3.661389912928678658e+00 3.776874603586815926e+00 2.162766670688374582e+00 6.983549030405454827e-01 6.865020352064815645e-01
1.960257709733920883e+00 5.264549888335742445e+00 3.933250510092865859e+00 3.717547461235282125e+00 3.519659522914571514e+00 4.468236435221172087e+00 4.669659588863717126e+00 5.019310134640305954e+00 5.666652201434180469e+00 1.340500259840087027e+00 2.967801295581464327e+00 1.036562677741643457e+00 1.161195016023516935e+00 5.184881472112798484e+00 2.183133470213918681e+00 6.050380970145170956e+00 5.532127660107055256e+00 5.169186550014055470e-01 5.165811162395942624e+00 7.893985481964498341e-01
1.977356615382360294e+00 2.953122894730298320e+00 3.904406023499929823e+00 2.095104006483667458e+00 5.029951408633106524e+00 1.305329406235138656e-01 1.941233770674599679e+00 1.947275472197246504e+00 1.564955379586199902e+00 3.904209910673062556e+00 1.781797205286772323e+00 5.310478247699883525e+00 8.730869987390355025e-01 5.934465277669318084e+00 4.344390983298557884e+00 3.020918267091714959e+00 8.081384566361390354e-01 6.162230997602460292e+00 5.599442549413058856e+00 3.021455994649507648e+00
6.227765076982877623e+00 1.265947934084307391e+00 1.515573524784346926e+00 2.341803280387626529e+00 2.960758827105337332e+00 5.973178078903631949e+00 1.059550211289721711e+00 4.447509101642324048e+00 4.637770784435006455e+00 8.537330017537396731e-01 3.818302333445988683e+00 4.600172896860834082e-01 4.520786187777158460e+00 5.583085375774429870e+00 1.071349812722345751e+00 5.796001688366852811e+00 5.015689576794962079e+00 2.625229348957523356e+00 3.798829382502898699e+00 7.111040839344103803e-01
6.245095412592893247e+00 5.442780578413160875e+00 1.337630604284448799e+00 5.737005622907290103e+00 1.663821784471107623e+00 1.159776613595889572e+00 2.604492894560428873e+00 5.668802450998551734e+00 3.085597604765849766e+00 1.823352166629284288e-01 2.682618779868729320e+00 3.866513479404905418e+00 1.358585496094887990e+00 3.113399624656531639e+00 4.558142378842848785e+00 3.456266940420315237e+00 2.805562494690115871e-01 1.095220728998670623e+00 3.087364330622310415e+00 4.375098319319199014e+00
5.600532650774646015e+00 5.736673564831196614e+00 1.098061543348530407e-02 2.250764581029033984e+00 4.955443985112767180e+00 5.371115370080623563e+00 5.902430717249636416e+00 1.362942053685812338e+00 4.557606975839958885e+00 9.500209075128486225e-01 4.605017486709466645e+00 1.652692515685665886e-01 1.844714898739809872e-01 4.150519697085584547e-01 1.632709296502387497e+00 2.695258832293409679e+00 2.530204686019939864e+00 4.036721879982899885e+00 5.971042621144421858e+00 4.943074434409075124e+00
3.578475793110940106e+00 4.772014554500806582e+00 4.888909232957528772e+00 4.451782486207744860e+00 3.143004473781853658e+00 2.811826157177713448e+00 2.018993652824617069e+00 1.976611304202686714e+00 5.529532178117390728e+00 4.826899122749059301e-02 4.709812890828865228e+00 4.910377687948925818e+00 2.150096191046598104e+00 4.314662290256769950e+00 1.191842697559799769e+00 4.253336843501277720e+00 2.745643683077679587e+00 3.828220025610552302e+00 3.230720162814533780e-01 5.225537571213016541e+00
1.325519953941078244e+00 3.906400566081007053e+00 1.370060762402307564e+00 5.848382364165691349e+00 1.370388721410500665e-01 7.177773364277505452e-01 2.163402906276690740e-01 6.007141916226211853e-01 2.983662192809593439e+00 5.688722807088086419e+00 3.749926631978194980e+00 2.936263142737085552e+00 5.950863393673406776e+00 3.833252929169721934e+00 9.931471807579251854e-01 3.380444138062439929e+00 6.069336392799862256e-02 6.158202524049720405e-02 5.183335619882660339e+00 1.767961423123351139e+00
2.130059327378820644e+00 2.269115675666013132e+00 2.739613137698640788e+00 5.099481242843858730e+00 2.065761053990610385e+00 1.144236725767467711e+00 3.505628592451906833e+00 2.151246666657472550e-01 4.145927191190131311e-01 2.489672783688886781e+00 4.861847777822312366e+00 5.473468024036493240e+00 2.645051256038026821e+00 5.104761865431219015e+00 5.668685500813681166e+00 4.453296972604234405e+00 3.572872807510207860e+00 4.621179006257747801e+00 3.821696378036099961e+00 1.330927378563390717e-01
