6.091789932417104758e+00 1.447736232792915967e+00 4.478265037160458206e+00 5.394080710159058434e+00 6.826152319158866888e-01 3.196431304158545039e+00 2.579054858852698473e+00 3.257731464822066075e-02 5.043231547195966336e+00 1.366217085041958379e+00 4.241900939225920375e+00 8.979886853335738994e-01 6.169517306169503001e+00 4.005150457267713016e+00 4.287875412815750131e+00 5.763649764949136056e+00 2.414016827584608560e+00 2.251925988437732506e+00 6.833953697982563247e-01 2.201939599039649309e+00
1.040767021250850188e+00 1.309413679510607054e+00 2.244783750174142778e+00 5.479120102110170087e+00 3.934501485283394384e+00 5.703330541529348707e+00 1.208731381070981215e+00 4.433966510050032284e+00 1.442172992145169585e+00 4.412309731419409964e+00 1.259450013142585367e-01 5.181832878615107774e+00 4.849700454249624038e+00 1.655996197422074934e+00 2.816104409813719567e+00 9.131996078147792961e-02 4.447402615220825695e+00 3.892744202118648911e+00 2.375601250486701232e+00 4.936431510639858189e+00
5.579795682618417629e+00 2.385127710941984169e+00 9.870638666017016449e-01 4.647665494373820039e+00 2.560924068531849951e+00 4.503036781777201014e+00 1.098720072632630052e+00 4.470983141549870865e+00 2.628402679095831029e+00 3.813622223283331947e-02 1.977219336264256055e+00 4.090458988014918695e+00 1.190496871383028177e+00 3.700150638365927502e+00 2.483296002934195723e+00 5.590597666816091049e+00 4.112406466395343685e+00 3.118129178290936387e+00 5.808372367150835380e+00 3.325543651619052632e+00
4.639235687045331957e+00 2.506119385994022952e+00 5.318140883509351546e+00 4.365392093372250315e+00 7.745422899944719441e-01 1.391796528981207759e+00 7.658847624458900438e-02 2.733975032437525154e+00 4.500718905173037854e+00 4.259346311462760326e+00 5.003447678047462155e+00 3.712683886968212832e+00 5.543645606663288206e+00 4.898093522610859729e+00 1.245935514735591276e+00 4.288677281252916806e+00 2.557638837591887704e+00 4.825071444904594387e+00 2.890073789896432821e+00 1.101855842384108941e+00
6.410784807724759782e-01 4.756948487575466400e-01 6.234241752666580538e+00 5.028946032140738431e+00 1.643822241531708750e+00 5.605851609484271414e+00 3.600975682155815316e-01 2.050949286388753290e+00 5.029645330515019275e+00 2.829520626704598474e+00 1.257191743491700819e+00 3.004348530926292504e+00 3.059797072523836814e+00 4.547494612803089531e+00 4.677947527681057593e+00 5.573354745378920505e+00 3.008061458440672631e+00 2.245744097704401199e+00 4.366232893328846565e+00 2.744852564855497334e+00
2.526319159601733144e+00 4.365593828007892085e+00 8.854097684424399040e-01 4.606699252246206910e+00 4.314474698571435063e+00 1.234351667263016594e+00 5.681027676485341793e+00 5.330232194120246625e+00 2.186710624873890563e+00 8.642190225702756079e-01 8.570021137106786924e-01 6.263104852747447104e+00 6.055207722479190480e+00 2.678097681657217510e+00 2.040957471678948920e+00 1.333215096365518493e+00 4.279745794740614784e+00 9.109209464516723198e-01 1.481779551426373853e+00 6.266516485205222864e+00
3.142772856966130846e+00 2.065948752530594401e+00 4.900121808150851521e+00 3.797222262971128526e+00 2.198209185498853913e+00 1.796925730007163491e+00 1.829864104233126731e+00 2.796085205875116220e-01 1.107339023308429704e+00 2.507629758245424334e+00 8.786189819528871237e-01 3.701806075802982043e+00 5.610879198666496315e+00 1.723707158347977719e+00 1.319579625873055218e+00 4.821244660773647439e+00 1.403051240360460028e+00 3.863638195769692807e+00 5.696917436855641448e+00 1.372719891769080602e+00
2.940211814515347299e+00 1.099027493825294854e+00 6.108575463451025200e+00 4.723462471461453482e+00 5.078326062744395131e+00 2.076372666654802579e+00 6.157647981564053907e-01 4.985584826947564885e+00 6.208680103869300915e+00 1.454196828340420078e+00 6.197191713812254754e+00 1.684084943501751086e+00 2.881466428623131293e+00 1.483003077002560621e+00 3.253093224732016342e+00 8.286078447065732266e-01 1.295544636749512701e+00 3.991173683622060597e+00 3.984932115422269217e+00 4.173391436487150052e+00
1.826549437772534645e+00 4.460578884850666448e+00 1.573828755541800017e+00 4.144439277566230651e+00 5.115434263330778109e+00 1.200796935692300532e-01 3.423610386161684005e+00 2.598292567465705361e+00 5.525966911292612416e+00 4.620506578346708970e+00 3.994831674324522908e+00 2.222663161477696381e+00 2.379035819545806785e+00 2.984358944306423123e+00 5.071447875224965873e-01 4.232358377026335994e+00 3.028871390638224192e-01 3.436425099890697332e+00 5.689986162843809758e+00 1.117364034043914822e+00
3.376651860913788994e+00 2.263650838157841072e+00 2.910759721775723285e+00 1.596655820382437030e+00 1.774225077229630410e+00 1.312905878120950609e+00 4.287923605865421095e+00 4.686572811311257247e+00 5.077044802262473233e+00 4.857254196423556714e+00 4.996899503698896267e-02 6.125622578698231457e+00 3.886746108999190152e+00 4.587401802156464647e+00 1.142868477810149441e+00 5.271709887473224221e+00 1.976945364547188388e+00 1.024584620207038554e+00 6.414473623368707189e-01 1.318483067145098664e+00
1.762551886575398852e+00 7.964290188570586349e-01 5.591896260284930698e+00 1.682132094544678713e+00 5.878799335692118433e+00 5.735613500153504241e+00 1.229499964166640869e+00 2.584652470978406669e+00 1.506787570837175405e+00 8.327204289832608186e-01 5.463523607472330568e+00 3.837412742882438721e+00 2.795493330734188042e+00 4.509948463952092368e+00 1.343632986257493389e+00 6.127133463891440535e+00 4.749725066524749018e+00 3.331897291068078637e+00 4.504465999147840627e+00 5.110764184432823320e+00
4.395146472898046497e+00 6.255434700784864965e+00 3.864586573706027206e+00 4.184819259882013753e+00 3.123527645573759060e+00 1.965553507953237133e+00 3.543810260053102290e+00 1.017874724425862798e+00 4.465285640709913295e+00 4.425009020563041240e+00 2.118428196402810659e+00 2.111212450144498709e-01 3.627391582701830597e+00 3.108473024398463735e-01 5.880128485308602215e+00 1.508354005743559156e+00 3.620275980082416911e+00 1.401640879859884947e+00 1.631780145287729633e+00 2.943715018322329513e+00
2.232352111056184807e+00 5.237015922302296289e+00 1.093981149612766046e+00 5.255322420323580435e-01 5.729948618007784766e+00 6.113108871826198332e+00 6.117042930994939454e+00 3.934244020364631389e+00 5.602734520563597442e+00 2.254371337126487962e+00 3.238063472579224999e+00 3.003067656492862447e+00 3.148211359676217569e+00 3.157313482556281414e+00 2.787061374635133149e+00 6.213130998626507306e+00 4.966589733488699920e+00 1.940174225765907368e+00 2.288791709265116214e+00 4.274633271888209407e+00
2.166693063156320598e+00 3.037607478494050550e+00 4.827371014218720724e+00 4.852204501863827818e-02 4.008956558453216523e+00 4.373129751935924681e+00 5.114412176116789333e+00 3.759845399305830949e+00 6.007532509883309890e-01 5.215670592721323828e+00 4.129538261486541018e+00 1.899700955236049094e+00 1.148198309147945961e+00 3.857459869087687565e+00 4.441492790527504120e+00 1.508011708598905543e+00 4.802024671798293731e+00 5.328512991523972619e-01 5.479294857968514343e+00 1.914234150862768491e+00
2.416795312428089648e+00 3.400956484976050742e+00 5.109183227278339068e+00 2.140505363685111906e+00 1.788296567119577851e+00 1.040702482438251364e+00 2.854453843084081122e+00 1.269436400638527029e+00 9.210758782446288873e-01 1.114685169157225708e-02 4.624720059130789984e+00 5.308763463797413706e+00 3.704147058296630046e+00 3.052275661396395279e+00 5.835469610590565459e+00 1.397158234869450677e+00 3.675208582178170591e+00 5.168861140808762578e+00 4.559800192308521183e+00 3.470161084304285853e-02
2.665595479113981869e-01 4.348720643161841509e-02 2.909302778907432607e+00 7.001513330541765390e-01 3.111485744243190688e+00 3.138668335023028000e+00 4.112758918094825411e+00 4.226771469260122593e+00 4.010251820951856949e+00 1.679475782944628959e+00 1.937462613856520521e+00 2.937033832664047939e+00 2.446129792709461626e+00 1.483278264956218617e+00 6.201934863005080345e+00 5.417797959005927311e+00 5.392375907440105642e+00 3.067579158029448472e+00 5.325594698479028999e+00 6.906714609036619656e-02
3.076517032025962717e+00 4.034303074488602703e-01 9.482488775870433484e-01 1.707031289208859937e+00 2.685894686415890575e+00 3.575178803146710660e+00 1.057274621053814867e+00 2.417778109388286634e+00 8.209691294706721321e-01 6.021632801861112050e+00 2.229770015388823357e+00 3.829425692694405470e+00 3.689399205948924898e+00 5.181035665193656214e-01 4.024592474352217231e+00 3.097276131905906116e+00 1.462818224888216001e+00 3.067497373214142176e+00 5.722054076363112252e-01 5.763132327267872945e+00
2.514933628793563081e+00 1.172066628980893199e+00 5.084462481293291702e+00 8.579945546772733689e-01 2.203920598531655006e+00 3.463411207985433116e+00 2.392100633492458550e-01 1.683818915407214067e+00 5.080283535157420260e+00 4.101317764012395450e+00 1.332270475240957097e+00 4.122593659887228590e+00 1.629653674842559630e+00 9.565084798836388513e-01 4.999738999642835857e+00 2.950692602768600903e+00 5.736721555925895721e+00 5.527029056751737723e-01 5.397740322125999413e+00 5.496941080219754916e+00
5.426594643004047924e+00 4.876743504314129396e+00 1.084827982599832152e+00 1.246458253488328533e-01 5.798672237909417326e+00 1.856684676564264391e+00 4.895079502673171379e-01 1.446998879877515298e+00 3.780444888537217274e+00 2.528235411807049804e+00 7.312890923655377406e-01 3.375928442607107005e+00 3.971208369916588765e+00 2.980568015641136714e+00 4.881316058822833703e+00 2.295209859760321436e+00 3.454485883399034396e-01 3.548867538718736725e+00 1.909457020257762760e+00 3.428511684268102044e+00
5.226512470740455107e+00 3.608868685104958729e+00 5.750408899471139534e+00 4.278241397376473465e+00 4.076431491273226904e+00 5.430039827103021466e+00 5.083547158149766432e+00 3.269835108950633007e+00 2.091386813156258295e+00 2.383182953548732996e+00 2.793169225859435389e+00 2.660673897432982216e+00 2.903517244131768482e+00 5.837009776696888252e+00 3.949190501485106974e+00 5.580000060990447430e+00 5.908597512059341028e+00 3.189950035656555549e+00 4.338387945212320851e+00 5.701822504586001372e+00
3.198066975173429860e+00 9.820172459011674571e-01 6.191119689329674936e-01 7.805498135299736573e-01 7.809084775072310247e-01 1.655900030727162964e+00 6.167719614558379249e+00 4.285409821252791573e+00 9.570668134957866988e-03 3.806261478746693072e+00 1.440199722383526670e-01 8.656658130950463104e-01 4.443476053646817192e+00 3.874586650279995936e+00 8.837085279473116950e-01 4.358509133849867823e+00 1.988993077243887520e+00 5.274805334994733919e+00 4.510682675242098760e+00 3.872637046110621650e+00
2.170624567269739291e+00 4.086712084659328781e+00 2.545348498919004498e+00 8.960495058133326196e-02 1.403474059570682719e+00 4.551934279051698673e-01 2.913128133025972399e+00 4.820308228244793547e+00 1.833977128867874340e+00 4.145103223381797264e+00 3.560288714479914240e+00 4.074367006490461129e+00 5.785305022007722009e+00 4.766361228702786335e+00 1.543542584076096569e+00 1.480495397746498965e+00 1.601881019564087794e+00 1.969671114047915061e+00 5.709030734588962375e+00 1.373313043997184346e+00
2.285424867414805661e+00 1.549963655900590709e+00 6.023010978671592852e+00 4.725276482141048007e+00 1.509616002748560781e+00 3.793715965573107418e+00 5.109484953486107095e+00 4.040579875982468927e+00 4.965172360313072630e+00 5.845450917636472177e+00 1.077032852952489878e-01 1.713782089094064931e+00 2.203026633949275226e+00 2.938359108939048170e+00 8.700950888608695033e-01 3.521844432514017242e+00 1.984260219799812486e+00 1.910622392100221445e+00 4.201884366487542266e+00 3.274804343164573694e+00
5.451771347708779913e+00 5.923769662375460321e+00 1.538528133107839535e+00 5.525551364027589951e-01 2.019417001036936998e+00 3.551461843730484791e+00 2.447310456413354096e+00 5.227730303576270110e+00 5.426612661131477111e+00 3.309063539203173310e+00 5.818990423924770283e+00 5.093302701427609769e+00 3.092763875445721400e+00 1.421935357862862626e+00 2.111721488751229003e+00 1.843185939011236174e+00 3.624989972203616961e+00 9.746341757056125044e-01 1.342707748174611915e+00 4.375159497535141995e+00
2.364953664705417680e+00 5.593526115922355935e+00 1.599101444196183053e+00 2.534634917539188681e+00 3.784020844383317428e+00 5.854466335566706370e+00 3.918356523724397356e+00 1.506636217113776821e+00 5.682233907811557572e+00 3.659056093778723984e+00 4.537257176416081172e+00 6.099771383434967831e+00 6.007504419770684834e+00 2.065739224180655143e+00 2.459410897361500037e-01 1.407524048524135818e+00 2.081897752501327137e+00 1.548126107841075072e+00 2.455306257286380855e+00 3.947063921671158049e+00
5.941612601794573401e+00 2.726125531921221423e+00 4.832151315082593435e+00 3.754695456821938393e+00 1.573906674076863910e+00 3.546029208727649262e+00 5.675362729908579595e-01 6.271976119545365158e+00 2.660079530621070276e+00 2.825447345454535242e+00 2.976623711489912338e+00 2.580764800806565784e+00 5.937614065609047032e+00 5.446130603472945531e+00 2.702712092565523250e+00 1.139597461076014229e+00 1.645167247809976363e+00 9.245754188159495124e-01 4.496813052005111722e+00 1.882927062873356983e+00
4.962443954058339379e+00 6.249745603465893140e+00 2.549077573276795405e+00 3.876776954099319550e+00 5.558168723470637396e+00 4.222830931767176388e+00 4.821349332941448296e+00 1.585170461980631718e+00 2.375706947191409957e-01 5.435586174406377147e+00 4.592890903629527899e-01 2.971222429018007372e+00 6.014124942587428357e+00 4.677359329243384600e+00 2.500846019240603901e+00 5.648975591799846541e+00 2.715891830010657593e+00 2.308486542333651581e+00 3.692475474111859501e+00 5.682194633204291911e-02
4.805047346035615341e+00 2.276629686911224582e+00 3.619733147690219255e+00 4.772673926071632877e+00 5.675222019823434216e+00 1.920062857830386049e-01 5.136167882355077374e+00 5.913304571827472600e+00 1.573595779892357216e+00 5.226957971123990632e+00 2.074252360603318746e+00 5.435994699329298463e+00 5.217337895942784520e+00 2.028776266844354303e+00 5.028650325940770216e+00 1.671925177324228518e+00 4.196302529553190830e+00 2.462170836373763105e+00 5.007409375923804973e+00 6.594773999193198621e-01
4.938265855588161557e+00 5.322992227890006589e-01 4.153926681206692173e+00 6.051737985334336045e+00 3.438064098571359750e+00 1.757114336499003393e+00 2.301862582902520327e+00 3.848382437722641658e+00 3.813165828755928910e+00 6.127257084733004788e+00 3.011306796725246038e+00 5.981966857896249934e+00 2.014698573259343206e+00 4.315913741476141929e+00 2.805951794065751237e+00 7.601193164463934671e-02 4.857547539660282965e+00 5.790255344630678813e+00 1.070906433763942678e+00 1.851391840802041111e+00
6.181592870616047897e+00 3.141714522092760919e+00 4.866935746358119097e+00 1.605256531342866388e+00 5.230358733715266162e+00 5.810038331585716698e+00 5.476300813861019634e+00 8.343871990231371827e-01 5.558697175335802765e-01 5.326511680297230100e+00 2.049275179400287694e+00 6.085407249826652709e+00 5.241382587932929660e+00 6.235754299403592604e+00 2.212606756482402126e+00 3.584325473687748342e+00 3.260153604027793417e+00 3.773873934731086788e+00 3.024690417501302964e+00 5.559674253952060496e+00
2.881477084950376799e-01 1.445246382135240371e+00 5.835651078096030453e+00 7.837117493799017343e-02 3.203877729352426762e+00 1.611914646626773973e+00 4.460689402064546560e-01 4.366480014456415759e+00 1.251362081905794454e+00 4.071296057558152270e+00 4.625686651357662882e+00 1.278462651420038343e+00 1.899202110874046445e-01 1.213627097558510858e-02 3.968421191415055560e+00 2.152444463485008175e+00 3.208419776461588491e+00 6.077617352506503146e+00 3.511860060259824667e+00 5.481344521366648515e+00
5.410800945648550631e+00 4.770172849962872164e+00 4.048421380992345497e+00 3.070231367504504760e+00 1.526431866194290832e+00 6.054486251586491674e-01 4.753681096687546237e+00 2.637498398447375436e+00 4.760501417090856613e+00 2.540007801327285542e+00 4.435546581976311131e+00 4.808636658359247917e+00 1.271597712008251113e+00 5.621076554428342531e-01 5.982308490570123816e+00 3.074481336438806167e+00 3.111665376021353513e+00 5.565364339945022110e+00 2.645556349703821475e+00 4.155020789167997997e+00
