6.253677689828347930e+00 3.178980542944819465e+00 5.752602035852179441e+00 2.096050228960490980e+00 5.193229001470759165e+00 5.574148648957071295e+00 1.931447498947277408e+00 2.581612606393851816e+00 1.969837741995454916e+00 5.285446227519128293e+00 4.928306540673612623e+00 6.604644672936056393e-01 2.586269583118006032e+00 5.949751836188531762e+00 2.478115764686016131e+00 6.281221781235776902e+00
4.769064908932525881e+00 4.593095705485947255e-02 5.594278999370683181e+00 2.917772353557805509e+00 6.220560184764965861e+00 3.318992538771208700e+00 5.624063761864849020e+00 2.980942107370089023e+00 4.296568601983714153e+00 3.359833625948654312e+00 2.962606422175749987e+00 7.120162793565030235e-01 1.991759354635419976e+00 4.465018656667475661e+00 5.552620640234466443e+00 1.567487570054416191e+00
1.110135478337447967e+00 3.344107966264667553e+00 4.555856419850403682e+00 2.397887138502899695e+00 4.131924390270918401e+00 3.720571341132480336e-01 1.329307129863086079e+00 6.238684104154844867e+00 3.567243874099550016e+00 1.927005460512471735e-01 1.104991609529455854e+00 4.740099623983977217e+00 4.803277466902986070e+00 4.670865552404184662e+00 2.079520479730365135e-01 2.811259865554079362e-01
3.140663804355268596e+00 1.895150200521482864e+00 3.577040252940269394e+00 9.640663103504336640e-01 1.190642033833666374e-01 2.786939016838580585e+00 2.892347163592320136e+00 4.442919495611473479e+00 1.685848202053980449e+00 4.722642943371598179e+00 4.879046984563637501e+00 4.051633773995849119e-01 5.280030663066985763e-01 4.768250707988072712e+00 4.988383210142658619e+00 1.799237600141682991e+00
4.953352209438466325e+00 5.353078501798898436e+00 3.987682080080712232e+00 4.275983014640967639e+00 4.886222164070708196e+00 2.341372352393684686e+00 6.228055162027599678e+00 2.241048502071344650e+00 3.073546628086506693e+00 3.766535690299771311e+00 6.102511328979161931e+00 4.864894624791428868e+00 7.361589989623735786e-01 8.863393090799209784e-01 1.892791516028274224e+00 5.742630682061854230e+00
1.971328378039254536e+00 6.137162457185873166e+00 1.026415304411838481e-01 3.165957826795228858e+00 4.020418011134294090e-01 6.848124768795208483e-01 3.397026203561238855e+00 3.206768887778877808e+00 4.944873742838062469e+00 2.732591412741582459e+00 4.819286652551353356e+00 1.662591752710721460e+00 2.641681795908196406e+00 3.635589059566941561e+00 3.067006021166161833e+00 4.331680715235788348e+00
5.857699658705013412e-01 3.904694648568594051e+00 1.384079166160331775e+00 2.371287680115294894e+00 3.278686828687268129e+00 3.843993448499848586e+00 1.973529689349917682e+00 1.582519751179404466e+00 9.458910501051953634e-01 1.031105280431164228e+00 2.069143027372103150e-01 5.792306534787762473e+00 2.525683398860813611e+00 3.101393865616306922e+00 6.111877781564790446e+00 2.324622136408984741e+00
1.795470808011048858e+00 5.255294861450252597e+00 5.378220026872767789e+00 5.824611728674029543e+00 2.786379445252761045e+00 1.467783607273673629e+00 5.667794866593319547e+00 4.447658891775542855e+00 2.196165182229115498e+00 1.584073565527303940e+00 2.837208212391087447e-01 1.562951013359029862e+00 4.855234207596896390e+00 5.069073367062215674e+00 5.574229315601425760e+00 5.568121420381333841e+00
3.233208418659942573e+00 6.028754874342349801e+00 1.723579552535354997e+00 1.725368273223373716e+00 4.751168864179803109e+00 3.647032903322654729e+00 3.734082403340968526e+00 1.424162837684099792e+00 1.232407947595631326e+00 3.045200858406393429e+00 4.065515491526925373e+00 8.855435682156727328e-02 8.943451087770936114e-01 3.528874562674588322e+00 4.965250492898142909e+00 3.086349663588995984e+00
3.327709936262911228e+00 9.936436044716141502e-01 1.249127215326856666e+00 3.108202493861673132e-01 8.172657879534627190e-01 2.848437110429527852e+00 4.137775578187687486e+00 1.218086116361040361e+00 1.295228695746378333e+00 4.354284792352660638e+00 1.590829983922257496e+00 9.411160650468138877e-01 4.529620669079365669e+00 6.747789501753760355e-01 2.445361522852104452e-01 3.749144586391397471e-01
5.757722843873629870e+00 6.020356326707290151e+00 3.179116052600425846e+00 2.480128615523025548e+00 2.832453949676136951e+00 2.604361765016399488e+00 6.608387028504540961e-01 3.538867430778303458e+00 4.532590368946914694e+00 1.934822477658364681e+00 3.606725717326499048e+00 1.275224880269826055e+00 5.267880224246795251e+00 5.974516973948963638e+00 4.789203877854331992e+00 3.953161774219620561e+00
3.276018369824732268e+00 1.773793875944623899e+00 3.992076376977025998e+00 2.965230611750877987e+00 2.037573367624302412e-01 4.917727841328475513e+00 3.941017780191351072e+00 3.645102980207786114e+00 5.097297658786917651e+00 4.706335802840166949e+00 2.556750407837149019e+00 1.021550240735926263e+00 5.172792069995733044e+00 3.483108372814330611e+00 1.924542290646056308e+00 3.951975189337085137e+00
4.080953145176426489e+00 1.607446953715175653e+00 4.781080804463051059e+00 2.770641301508505627e+00 1.600678065930504435e+00 5.440198739254258342e+00 5.169521889398104975e+00 6.412581062422749723e-01 5.791837626035468922e+00 2.449579596390338398e+00 3.346769373345518161e+00 3.802947124384096877e+00 3.511294397825428515e+00 1.393543797478003610e+00 1.502290228011883277e+00 2.702368317712716017e+00
6.045644028590122510e-01 5.997090840078485030e+00 7.395721751360799789e-01 4.143536790849363882e+00 1.870091975328880274e+00 4.074583087264234571e+00 5.669577680872498249e+00 5.515151353205592244e+00 1.918142914848021130e+00 2.506367673831069620e+00 5.538730990410840604e+00 4.923127272154724565e+00 2.487831509828135168e+00 2.946627875482224379e+00 4.185644008013386319e+00 1.420027030277688507e+00
1.096962446651749579e+00 2.680787860456027349e+00 4.859287742570526092e+00 5.696987743461362719e+00 4.614964066806926390e-01 1.235693069011917444e+00 4.116249940675544394e+00 2.970427695368273557e+00 5.231245026243131591e+00 4.350832336136877920e+00 4.488117802961295588e+00 2.699136823969293442e+00 2.070676970452970167e+00 1.382834259483499917e+00 5.171186250662974437e+00 2.668988036072783121e+00
2.672827387825390311e+00 2.775623949680928959e+00 5.298240454968111024e+00 5.728973765458561296e+00 2.043014204258425170e+00 2.379888554185437766e+00 5.329669414455822540e+00 5.720347729521235713e-01 5.004254769679767456e+00 1.313445760508574756e+00 5.226123212413181562e+00 2.595528141729887217e+00 3.665077244139479440e+00 4.289652181958419241e+00 6.808324931349869769e-02 1.580053046244120685e+00
5.768546452861357920e+00 5.855862028610047787e+00 2.793955492026553245e+00 1.705862565651266927e+00 6.038636871091551228e+00 3.316494548366549555e+00 5.235731501775617858e+00 1.613907885453068625e-01 8.383158328589330743e-01 3.293093695619739303e-01 2.830819887840377191e+00 5.392014049844629398e+00 3.873248154393506670e+00 4.596559929471701889e-01 4.816519701451103530e-01 3.290659403279398099e+00
2.043044674176039965e+00 3.691196776574737215e-02 5.437818373679580652e+00 4.737509379511281038e-01 3.041774188617306418e+00 7.641210605128649913e-01 4.717396692334654418e+00 1.695654450854912954e+00 3.922641668280711702e+00 2.958261554769913149e-01 4.452457127687650562e+00 2.103919418709640610e+00 1.859787830963451682e+00 3.530984848239993923e+00 4.548543445514436456e+00 3.751925397734734879e+00
3.340715812402817786e+00 4.392749331859929995e+00 8.237335449622481542e-01 4.496204137461144335e+00 1.741550049325257365e+00 4.997416490538984846e+00 4.315292325682072772e+00 1.533318731187331752e+00 3.802204113849224409e+00 5.014739543133802657e-01 4.941271510247838172e+00 3.524752782894208458e+00 3.934743589118968599e-01 1.162135729087245606e+00 5.869464964949215879e-01 4.491675654141238816e+00
5.139495980027854571e+00 1.415687197221166427e+00 5.784235636008805415e+00 2.074233276498669731e+00 6.143714333161442553e+00 5.960438260474678174e+00 4.326055308129325816e+00 1.345437103738045925e+00 1.033973538096378375e+00 5.807347027858026145e+00 1.830365810216512124e+00 1.085425453109902350e+00 5.175348157683250072e+00 2.244682967131689022e+00 5.086402832251136097e+00 3.853108535608099849e+00
1.301930946950969892e+00 5.150183840680433445e-01 6.215596560684677030e+00 5.669661901078876909e+00 4.118420044351460696e+00 7.128312176587128790e-02 4.142653656344035262e+00 2.738371194856599633e+00 7.958421357413678621e-01 4.561502365182819041e+00 1.574077388498851038e+00 4.001156561983636450e+00 3.739796343322337346e+00 2.837021129234801098e+00 4.200188807217501541e+00 2.805053199491403859e+00
2.168433516885511114e+00 3.319192205597807366e+00 5.616297709620210910e+00 6.026955111817738242e+00 1.258907552125821949e+00 4.359540348153550404e+00 4.714322711871811400e+00 3.586484957701272069e+00 3.204335034528809523e+00 2.648365848277503876e+00 2.190466402222027487e+00 4.498779317023623991e-01 2.589816800456456569e+00 4.709857304785697862e-01 3.146935402523431957e+00 5.269092348671534642e-01
2.866486534770935624e-01 1.884659510891342649e+00 3.045106832665555263e+00 1.184571785125600574e+00 6.247288253262531121e+00 2.331828427786781344e+00 2.679276915987203633e+00 5.373502754695318906e+00 5.837034654700889114e+00 2.891718983188269476e+00 1.361525414400247769e+00 2.097043543044526115e-01 6.213526959908285408e-01 4.677094077203902689e-01 4.155732599245802739e+00 5.331389647046058666e-01
5.408558227288548181e+00 6.209979457515924395e+00 3.861357870528961733e+00 6.083111517787034295e+00 2.270940128361378818e+00 1.972689548862605724e+00 1.284342751796403892e+00 3.179768823801215394e+00 6.041130024578466262e+00 5.079630855197582839e+00 2.289975667678638693e+00 4.086587677131205965e+00 3.749299218743464834e+00 3.740596524346522234e+00 4.771919724706004118e+00 6.271940064508642720e+00
1.034691214495028211e+00 5.296192488992280900e+00 4.278265978577953099e+00 2.363845147670846636e+00 7.406189250636388000e-01 5.991488264820411302e+00 3.478350363478280194e+00 5.353670233242492138e+00 2.775938321182995328e+00 8.540115419557683385e-01 2.052934149548777676e-01 2.031249164831336884e+00 5.192669266505151704e+00 5.412447148975646272e+00 2.809912424127854802e+00 2.549722072405848028e+00
3.044177497092861451e+00 2.825655189877998019e+00 6.031459779990036907e+00 5.256271584848539291e+00 1.326975636812741000e+00 2.122570095616131969e+00 2.635988749597011793e+00 1.515016960324084172e+00 1.651653507629944562e+00 1.534167441853833802e+00 1.216385751185171449e+00 5.098176477009342733e+00 4.973726248003842443e+00 2.325373800639738864e+00 5.252595084769776657e-01 2.646087049462046981e+00
5.011711711929237367e+00 2.661158222806239593e+00 3.581355961694724144e+00 3.670825177613811441e+00 2.298618084486172997e+00 3.938677828856627539e+00 4.454338594578643118e+00 5.699757219761348637e+00 4.383173848366800129e+00 1.988571857076879834e-01 7.773361929420720129e-01 9.809695434244598555e-01 3.122447443484396068e+00 2.877021059579449425e+00 2.618457430155990640e+00 4.084629918908733615e+00
6.211934128157101664e-01 2.907609867925535330e+00 3.914730255572676398e+00 4.344453674733368409e+00 3.809001986464497946e+00 4.384174762547805138e+00 6.158733138838151655e-01 3.678930467704935037e+00 7.986039342642812233e-01 3.927515784727544368e+00 1.402659617961541372e+00 6.214377979060646817e-01 1.256149636869448249e+00 1.800301382874190503e+00 3.148845969289921776e+00 3.630813706768274862e+00
7.579111706438427243e-01 3.300764304343055233e+00 4.664332281913813105e+00 2.688217785538026483e+00 4.013708278871725987e+00 5.884585534003892171e+00 2.717860040040134706e+00 1.936219758303859562e-01 1.362003196368892555e+00 3.601442537753946294e+00 1.529071961008324765e-01 3.026204172784562552e+00 5.194299451685242985e+00 5.544623924317464869e+00 2.425622120267055593e+00 2.703582512711257824e+00
4.245997077196555503e-01 2.874388374737595786e+00 4.122059029767082272e+00 5.829017174978590177e-01 5.454782555084917384e+00 4.612171754179274608e+00 9.275398209896066337e-01 3.988943619609764735e+00 5.239213744219049396e+00 2.821295808541954830e+00 6.098042279426206802e-01 1.988871250578023275e+00 6.208685777661812288e+00 4.271345698849900785e+00 4.664765994369730606e+00 1.585666353291862229e+00
2.550259739641086210e+00 4.217116827815985403e+00 4.455475875257444152e+00 1.635602361522989323e+00 4.426181965305792332e+00 1.596138092228194916e+00 5.642449600808444821e+00 2.530158795910141034e+00 5.700371729805272514e-01 5.420924542057915296e+00 4.100847431902183260e+00 5.640402948013440110e+00 1.715453050555452719e-01 5.711561859117415985e+00 4.867843190930738473e+00 3.283334710388361888e+00
5.495009832308327624e+00 9.604892554882424882e-01 4.287976431533909505e+00 5.250574724313075592e+00 4.964658754568445076e+00 1.587451303981209483e+00 2.384040794398481822e+00 6.230463014107320063e+00 6.123208288200009619e+00 6.153928310217087194e+00 6.245372213578834319e+00 4.312729833112806332e+00 3.949004571145307008e+00 4.908077437477945892e+00 3.286360893681140372e+00 5.609984985703331262e+00
