4.009448521041809599e+00 1.968942808165135006e+00 5.957541492567654196e+00 1.541375507898907538e+00 1.778903261116040246e+00 2.526440994071963986e-01 5.393533021654416615e+00 1.857911618585110558e+00 3.440282715253025092e+00 1.137100992093440732e+00 4.311784985429396144e+00 2.491454516255052098e+00 4.785224941639008023e+00 2.264853398353245950e+00 4.801120236351109627e-01 2.034534074476776144e+00
1.754102421642829590e+00 5.125961547295752041e+00 3.679479152443597412e-02 5.667832974383672173e+00 2.360521376558871065e+00 5.655297238064648013e+00 5.076596282546099737e+00 1.402906494431161555e+00 3.334409602986722732e+00 4.881794973762533019e+00 7.818665617914004329e-02 2.763332342390147911e+00 1.655200931033153910e+00 2.578192123420489423e+00 2.268958128569836141e+00 3.602408819400431561e+00
4.802809330958518252e+00 3.052386489841718009e-01 1.454297239417525089e+00 4.543583436003139298e+00 2.386533022267491866e+00 2.190841434216571404e+00 9.847982890546568280e-01 3.909011705753223875e+00 4.573687813877046260e+00 4.121121736618741593e+00 2.505000318402813564e-01 2.951130796933029377e+00 2.939066396508991819e+00 2.736148873148981142e+00 4.322464287047963261e+00 2.587230136238386269e+00
4.285069457868865506e+00 5.255951148229280889e+00 4.637418637277166411e+00 5.767429272511984450e+00 3.411302439856939372e+00 3.430865618055484401e+00 3.382567943764639651e+00 5.179775397718210606e+00 2.192292412574933458e+00 2.874884684447753358e+00 6.106132418054878386e+00 6.106158960495444710e+00 2.339760518886063068e+00 6.585492068159091161e-01 4.907257994268805490e+00 4.843569134047717384e+00
2.032538747117218936e+00 3.566952211518543248e+00 2.050055543657238299e+00 1.627250540823588443e+00 5.446735790625828244e+00 1.306383627754824861e+00 2.046965367052744345e+00 3.646778821082409916e+00 6.031416582837910489e+00 5.374223879134341075e+00 7.811819723583751651e-01 7.747110257488094565e-01 2.092098607137258537e-01 6.625253537265777259e-01 3.344011720754446859e+00 4.483767559687693804e+00
1.206989135941485936e+00 5.956986662342379724e+00 2.791591647098534690e+00 2.945499059816246046e+00 5.660899432836812295e+00 3.665900641095776180e+00 3.502409844533233674e+00 1.238129289131573385e+00 4.427303747926628397e+00 6.075656824555887070e+00 3.114915029253155332e+00 5.579513309835459012e+00 1.553641430465902307e+00 3.371561228984809144e+00 2.427855687375493510e+00 4.419683718951902818e-01
3.282804386588108692e+00 1.059613477631990097e+00 5.754374844099129582e+00 4.998269401790299327e+00 5.978519133493886528e+00 5.423673035011942645e+00 4.481678340931025240e+00 5.039218997907659592e+00 2.486702197882170395e+00 2.042767296488934736e+00 1.167710755681798274e+00 3.993986900603121448e+00 2.350438727618816781e+00 5.676582173572961132e+00 6.038708462877332650e+00 5.618623691071904069e+00
2.367455452811344063e+00 1.074450086531348214e+00 7.168589731928161068e-01 4.998649371345694981e+00 2.501109185428534332e+00 4.784383395569155262e+00 6.262575308308871769e+00 6.074660569590815129e+00 5.690185529566323952e-01 3.381685297386349820e+00 4.944623744644832009e+00 6.077969964137930781e+00 4.737153267587983052e+00 4.097569711280155680e-01 3.582898946138917545e-02 1.914701034606451246e+00
8.075413353542072459e-01 4.190272183289976304e+00 1.617312342393830926e+00 5.580789268908098677e+00 5.243362555452224960e+00 3.799180936890196314e+00 4.835647571702141434e+00 3.974307956526371033e+00 2.283744375861076925e+00 2.840427036407147998e+00 4.101896881502959391e-01 3.755528013907299734e+00 4.091785398466412538e+00 6.154133228323946270e+00 3.832718765837446639e+00 2.508439354649458330e+00
3.384816152189523031e+00 5.257587580825258122e+00 4.054956958644382325e-01 5.436849889848729411e+00 3.802326441538103285e+00 5.813496540907023835e+00 6.030166653384084974e+00 4.912511435572985086e+00 4.602095567340818150e+00 2.571222239673828791e-01 3.017258277740692662e+00 5.631673710400905364e+00 4.202147431842478298e+00 3.365184466471061953e+00 5.161561759881401201e+00 3.167899346605215438e+00
4.245103428247367638e+00 8.894006758392715151e-01 4.562357525586475226e+00 1.886923985599381348e+00 3.559242665002574579e+00 1.727125542108153944e+00 1.626453130446632089e+00 2.141119270700142074e+00 5.695598600048453086e+00 8.601563302745598438e-01 5.851082251772359299e+00 4.705837138308261558e+00 5.532810857858419418e+00 2.319960067887386845e+00 3.951701053201923663e+00 1.873441730891448831e+00
1.109737318704119291e+00 2.696659743724385105e+00 4.228359707493446251e+00 5.794828740315653093e+00 1.298714555573982299e+00 5.611713671222422484e+00 6.174976760287037791e+00 1.362150167564095904e+00 1.389743086522539528e+00 1.308060581868192962e+00 3.092831217446723624e+00 3.125798052032412233e+00 3.534289729190566387e+00 1.670523118908383120e+00 3.887525153862088079e+00 3.147396313578386895e+00
1.677281701844482997e-01 5.760545989813419254e+00 1.402043404624015555e+00 1.234632973049544002e+00 3.710937051513152785e+00 1.131706955920460000e+00 1.602731345781239991e+00 2.544017060156191778e+00 9.599036615694195307e-01 4.247568768081660728e+00 3.061873323381501422e+00 1.851773530632384590e-01 6.174261922116757617e+00 4.951140483253349878e+00 4.601387745700875165e+00 6.076931991910193176e+00
2.191036266806793531e+00 2.822822649616244295e+00 2.047856589207188438e-01 6.115374675605013133e-01 3.284308946052679201e-01 5.525021642214002604e+00 4.160785024832926560e+00 4.529875859354246082e+00 3.495852752251234818e+00 2.727417165177319358e+00 6.027870605967816431e+00 6.195468579671970843e+00 2.375471756216871899e+00 4.281254056408793751e+00 4.407870891050804651e+00 4.329945411363008922e+00
3.680466033010322047e+00 2.382092672117967602e+00 4.962849876007822125e+00 4.132999402678432688e+00 2.299620925622102519e+00 1.519597898260583335e+00 3.787307758239914168e+00 5.429974575629179512e+00 2.892350840827444092e+00 6.274546986165531415e+00 4.357356114341603082e+00 2.449247028581156282e+00 5.245583157055998313e+00 4.127751873503677338e+00 2.114550607098496737e+00 5.150263255419553765e+00
6.046434230792405273e+00 2.200107891940810578e+00 1.621873253991560571e+00 9.661899572096913635e-01 3.866602672540960572e+00 3.909504267462949212e+00 4.684073907544624049e+00 4.031965187647096549e+00 1.061133175744306101e+00 5.415785114057703353e+00 3.725346617606129840e+00 5.448576475436895272e+00 5.065210538871445678e+00 4.121559041082337949e+00 4.798052480286945531e+00 5.196272349748710440e+00
4.874368011765255915e+00 2.893688125157308999e+00 2.707623497652154043e+00 2.483892088068942350e+00 1.240223226429022274e+00 5.303085373920878531e+00 2.751351062581213647e+00 2.188003092588252763e+00 4.923351377970035969e+00 8.521924347335039229e-01 1.671478147327287722e+00 2.733693113105369221e+00 9.138375205694947434e-01 4.889687981203310607e-01 6.189636371481467947e+00 3.389656684382436502e+00
6.675483958488701575e-01 5.797480692677830838e+00 5.710670795149466628e+00 1.562791073988655688e+00 6.177901719923738710e+00 5.837965681525943751e+00 2.531802741958705028e+00 6.110434868227440752e+00 1.657322610314461597e+00 2.827053219064885159e+00 2.451319514753670104e-01 2.280960157110053732e+00 4.924011987060354478e+00 4.916084467566773419e+00 4.618306720936270260e+00 2.673283912653118932e+00
2.741417174964484005e+00 5.635576812504078603e+00 2.435366693896725554e+00 5.549046641228347454e+00 5.706638472881411239e+00 4.519773271373590084e+00 4.966904964752831830e+00 4.164054443930395699e+00 3.088278001241646642e+00 9.736185822231047116e-01 3.959616099048827387e+00 3.237765355430494818e+00 5.946192239339873176e+00 3.255191857773072961e+00 5.656244782205742005e+00 3.853783872871978211e+00
2.115901605808698349e+00 3.630107984559336032e+00 5.199414903930410503e+00 8.986859399049621500e-01 4.600654027550659997e+00 1.253406186672110900e+00 1.389119785985034827e+00 5.412057826779751224e+00 3.481676556067119233e+00 3.602379737002927129e+00 5.272044840961223500e+00 2.941206455454681734e+00 1.019715251328145778e+00 7.748000968404993305e-01 5.321996849270628438e+00 5.129192522490746420e+00
2.874503965972607045e+00 1.603646961690804007e+00 5.189759583584316438e+00 5.978794703580574854e+00 5.158279145874008265e+00 5.386974297121139621e+00 3.917171752532614959e-01 6.203165117809867013e+00 6.041806351820754983e+00 3.836551590447752513e+00 2.305745173495410860e+00 5.602904840521908625e+00 2.341945960207931332e+00 8.860981640857035213e-01 5.978607652436086717e+00 3.816876752635551373e+00
2.695538320811829092e+00 4.780993883247434795e+00 1.294416686639417113e+00 4.805740922937834725e+00 4.884254400891686387e+00 2.836362173817437160e+00 4.476971809737689822e-01 2.227525374249871071e+00 6.066324595462877944e+00 2.597098351890789747e+00 2.659486275136107025e+00 3.870020247705283190e+00 5.157855143190623437e+00 6.096456074015231152e+00 1.741960116259877012e+00 1.307693600042105553e+00
3.420096629352959994e+00 3.347882060644909341e+00 3.993868041537020019e+00 2.202106903428814988e+00 6.350479908629272918e-01 8.539839486168686600e-01 2.950439603998354698e+00 3.876629983440790239e-01 4.771309690965199191e-01 2.640810190950836578e+00 3.812625171461709872e+00 1.924716479595220076e+00 4.155020688436237286e+00 4.958454289994205233e+00 1.469144742619653554e+00 1.528740609858129096e+00
2.775464096051804067e-02 1.116567664615282451e+00 4.539111103051523877e+00 5.596843075874649465e+00 6.043897607208955414e+00 6.184499726694121513e+00 6.265890860666930351e+00 1.085100435479358971e+00 5.005279419839049559e+00 1.798019779895946746e+00 3.505609787189514215e+00 5.991939413104010903e+00 2.353476051361769184e+00 1.156050930831114654e+00 5.986070721918156146e+00 3.412085856282656704e-01
5.233537365769028504e+00 5.698436235546249229e+00 1.321931840351212806e+00 5.279420796168639018e-01 1.409605373110558890e+00 3.846739616013129304e+00 3.980124240705335215e+00 5.999999274988404352e+00 1.455078203225275368e+00 2.907075324048429721e+00 2.042457309098796969e+00 6.206005671340974139e+00 4.551786296424616296e+00 3.578231776621587090e-01 7.370561240219615229e-01 2.911468768999937673e+00
1.568602546832525702e-01 3.436763573891794543e+00 2.268521171799242175e+00 2.126259977317870309e+00 6.227353584032628397e+00 2.160817264502306490e+00 6.086883658998284652e+00 3.191437698452860516e+00 4.193703884660075154e+00 2.988009884665888904e+00 3.865137064652602650e+00 5.753352428398450513e+00 2.103409172090581869e+00 4.740011749341683789e+00 1.270009605276676057e+00 2.533856847004737567e+00
2.964316451985339995e+00 2.421201979818833561e+00 2.387639956212431080e+00 2.305807585514978886e+00 5.310998750937733881e+00 3.058782141100660823e+00 4.596202713746011526e+00 3.617090405901350891e-01 2.628918974339037540e+00 2.006764963324160878e+00 4.609779365336244439e+00 1.141398299743014100e+00 1.143284686646115045e+00 2.650520870393461514e+00 5.811016521220346398e+00 2.496946375596576839e+00
5.705435831660962132e-01 3.384359926479987735e+00 5.201139396672726178e+00 4.176193880487507393e+00 6.263565652731779565e+00 1.765764406317048341e+00 1.938971740640756058e+00 2.625461371694204349e+00 3.418123402262688515e+00 2.942135487752237655e+00 3.307259766761693420e+00 1.796649359155989334e+00 5.832749992728377464e+00 3.472436056316273500e+00 3.062100202814294292e+00 5.058662487775620775e+00
3.357433103815202102e+00 2.583732678023256568e+00 5.829332927853236868e+00 3.657958866241432627e+00 4.419176145511387155e+00 4.522745481904913767e+00 4.279567966090862541e+00 4.357407173920031518e+00 3.971343048836482481e+00 2.633658614614692528e+00 6.195779601697219974e-01 5.024613271620624211e+00 2.133292836683368776e+00 5.711165810427374367e+00 2.967694748279887218e+00 1.161298365965293566e+00
5.893001246605065191e+00 8.647610199102724327e-01 3.487618010611400532e+00 1.843743210844912106e+00 5.101954789187347572e+00 5.102865789898062943e+00 2.489333905508440914e+00 3.165542801515522697e+00 3.076024643636307232e+00 4.047435469384998541e+00 3.592489657660123736e+00 8.484479150156798433e-02 1.965538624041704985e-01 1.983772495575467643e-01 6.099277477035298212e+00 7.122917696464856618e-01
3.195994220002079444e+00 2.151114309095531585e+00 1.011643060211258716e+00 4.228486411907767639e+00 2.420372649936873621e+00 3.531795211599643824e+00 3.724178561595826498e+00 4.008251338965081345e+00 4.109074320624598320e-01 6.373683267021074128e-01 4.508599227340522653e+00 3.329955126117291275e+00 5.910779509501303153e+00 1.528996000923631415e+00 3.196020024814578697e+00 4.884756406010083651e+00
2.168539322881417042e-01 3.309146819517092997e+00 4.376094782728381816e+00 3.172374435316845376e-01 4.841498470140973787e+00 9.525660478032378364e-01 4.811176044463391754e+00 6.233062801138499864e+00 3.946504341578038755e+00 5.568414510583097332e-01 1.937782449644946947e+00 5.843439215549221188e+00 3.332824363992243466e+00 6.141008265409093170e+00 4.387885786892452344e+00 4.098105610719203484e-02
