2.625871352267934000e+00 1.293914502500446373e+00 5.433076787009740727e+00 6.104385590648724325e+00 5.707952003590072820e+00 4.105102229601421904e+00 2.299193142993957828e+00 5.625716041253435939e+00 4.579222774827683473e+00 1.675031636433926829e+00 4.898652031527161554e+00 5.490866786492935248e+00 4.787438681562163345e-01 4.460210270431963053e+00 3.574758300456330584e+00 6.010475132000199672e+00
2.280212659211007520e-01 3.768846529673155032e+00 2.501917450261558429e+00 1.142796707931025946e+00 6.389523717656654389e-01 6.002446436332767199e+00 6.905272885816765571e-01 1.931834134730701091e+00 1.659959406777544277e+00 2.336462768430276338e+00 6.166502241929761041e+00 6.175309571065658254e+00 2.236137261565371404e+00 3.195201882241369695e+00 7.305387569843936335e-01 2.777639059436945779e+00
5.169176022117057734e+00 3.502311633172849437e+00 2.972648430836381639e+00 6.952497546914124804e-01 4.070884226571081399e+00 5.045699223072547257e-01 2.927941606261225793e+00 5.759666492219171374e+00 5.505983617665024532e+00 5.660997203257370991e+00 7.885599463572326995e-01 3.227004908654309556e+00 2.727415075281776957e+00 3.803330484799035904e+00 5.048227457029293319e+00 6.239855535005107257e+00
2.393699131504683386e+00 5.894168265160868003e+00 2.543638002573898937e+00 1.857287414385444091e+00 6.138175789345068800e+00 5.022176890391476967e+00 4.389881540688955752e+00 2.243862479062735726e+00 5.306595353110525437e+00 5.739016190827813446e+00 3.421849015779891534e+00 1.297669172824016615e+00 5.511356170234547047e-01 3.106803797624975605e+00 1.913614608629638170e+00 8.529263264434948644e-01
2.524328152297901973e+00 3.546957615708006273e+00 1.367618115514235733e+00 4.338850776233449835e+00 5.752647006807175778e+00 4.135369627222600819e+00 6.130104276954058129e+00 3.419329532404591809e+00 2.751343422364405988e+00 5.672360952443441739e+00 1.280592147880428300e+00 3.904383731650078015e+00 3.847575973024670137e+00 3.831003296356973564e+00 1.934814962580561737e+00 5.323440982024376211e+00
5.872439415987159350e+00 4.487960049937194107e+00 3.535134681897433850e-01 5.498432383543622848e+00 9.486239790997921251e-01 5.796073264222465937e+00 3.852885118191556657e+00 1.067160564001910172e+00 5.180421113216787887e+00 5.053393845305270915e+00 1.877729288262126595e+00 5.348398258321228838e+00 1.717752861220869010e+00 1.541268180311670122e-01 7.932182374232820132e-01 3.319906337588151679e+00
3.562535567946908621e+00 6.045161894801979408e+00 8.024949668229443001e-01 2.431417362717358976e+00 4.247111954280406998e+00 5.359860905877427584e+00 6.121803047504045026e+00 1.516971335479996075e+00 5.826033997248869500e-01 1.115534526293335826e+00 3.426277167953134750e+00 3.055339514364293851e+00 3.544049264555920509e+00 1.301625944901102505e+00 5.136817272396180911e+00 6.272354814566662107e+00
5.374086451488278904e+00 2.125678080174273177e+00 2.956755515841251736e+00 6.142375302419378791e+00 2.286060944929351635e+00 4.973096540943066302e+00 6.029313897388511201e+00 3.973959958492412348e-01 4.831174475148451108e+00 5.828581299270569893e+00 5.720069038130736416e+00 6.205325488620307972e+00 1.673412343983339268e+00 3.771987894344113634e+00 3.609702630788128030e-01 3.621814668769679724e+00
4.054965808073821343e+00 1.296631356779534838e-01 9.194907137073852210e-01 4.182755988501036803e+00 3.928781401037225507e+00 5.485540963779611978e+00 5.511130792629672648e+00 3.809339317634774513e+00 3.735220738498602699e+00 5.675417076875108435e+00 4.438005359387309223e-01 3.648320658557333562e-01 4.642330946984714934e+00 1.335715843159003935e+00 2.684835706413299938e-01 1.790529721288923515e+00
2.377926499637756041e+00 3.012719075908115052e+00 8.362250034262616039e-01 2.601509416959566057e+00 6.039982660375631696e+00 1.247927452847370278e+00 6.118651619584310808e+00 3.259159941854851361e+00 4.734960335795288522e+00 2.408043115576057769e+00 5.596205900693590252e+00 1.689358300534727464e+00 1.961990241634111509e+00 1.187648142550494779e+00 2.887857124724817481e+00 1.138252256745572843e+00
3.162824870916538966e+00 3.207648308150874428e+00 3.086436537176134198e+00 2.974114497304880089e+00 5.437227268195337082e-01 5.822242038941966014e-01 1.314729856669011099e+00 2.618508385233337399e-01 4.529457326779653958e-01 4.471108927878305828e+00 2.754714228896417705e+00 4.118139034148331490e+00 1.164869054937034631e+00 4.661167309844572948e+00 5.261890351406218969e+00 4.679024201562802965e+00
1.122553186940645764e+00 1.013937223868127901e+00 2.345137126169216657e+00 5.279344052457839886e+00 3.100594401979225978e+00 2.008902360780847385e+00 1.859196880671528218e+00 5.223338101983546089e+00 1.206532894514235288e+00 3.554923220934091965e+00 6.220416556160307531e-01 4.748938910198289065e+00 5.817870756445782554e+00 8.466075107985017167e-01 5.616609223233695047e+00 3.274862636887994061e+00
1.963449169424277718e+00 4.445345513599098908e+00 4.101917685525585888e+00 4.745944711765894830e+00 2.321918774747901537e+00 4.910057500444706235e+00 1.998468712263992586e+00 3.217483841745464090e+00 1.961551610637512488e-01 2.416104144763203010e+00 1.828647951329357868e+00 3.496068301517716748e+00 3.530323075929661325e+00 5.689090460642391101e+00 1.199032344281130813e+00 5.636818932198585763e+00
2.673309066752242114e+00 2.056776109096471128e+00 2.572447584417273170e+00 5.646855958738008496e+00 5.749366805952667470e+00 4.509424286345850241e+00 5.805541739851467931e+00 6.945438541977635438e-01 3.135328658834581006e+00 6.015710701039220787e+00 5.933459739958339085e+00 3.789972733854106934e+00 2.497109655049741139e+00 2.161683787123759970e+00 4.879742105619963688e+00 3.757394799919872241e+00
7.909015625037485453e-01 4.929337735593448677e+00 2.647512718055826664e+00 2.501824807402153183e+00 3.578100370197026869e+00 1.643202121665179538e+00 2.563731395199913443e+00 5.809368109882344200e+00 9.851026346210739471e-01 2.061316745066998468e+00 8.138886044825013877e-02 4.818361144134732932e+00 5.570962159338908037e+00 1.412842493892953466e-01 1.618117616848802731e+00 1.645097007974759107e+00
4.156318300255300358e+00 8.148332942442324534e-01 1.189133086531562356e+00 3.750550147926146494e+00 2.985805307030672040e+00 2.309088746937549175e+00 5.465274826657532614e+00 6.244196235584289489e+00 1.003474349236017860e+00 3.804152610947931112e+00 1.760328005290352715e+00 4.363486863243731584e+00 5.349903474265563119e+00 2.331758947384722447e+00 3.530646464287290787e+00 5.199775938867743363e+00
1.750277369665167448e+00 4.951668010725324365e+00 3.316047165593078994e-01 5.348151808423595277e+00 3.614382961026632923e+00 5.651978890767829888e+00 2.466912008958402680e+00 4.519626647476089332e+00 1.564734431732311748e+00 5.784904145238748185e+00 7.792332036499919345e-01 3.474582249636136932e+00 4.150510529254854752e+00 3.169349026678335068e+00 5.930132420393871229e+00 5.698044105167575424e+00
3.110496466203200860e+00 2.454190797574800520e+00 2.331338491659979528e+00 2.371310914536591152e+00 5.205730188616287668e-01 2.807642657755740068e+00 4.267801937258488110e+00 3.252447625788343344e-01 1.693014099422232466e+00 4.904647624094327085e+00 5.163315678279360554e+00 1.950670162120455631e+00 4.020321769205311035e+00 2.896166330272856637e+00 4.803665675308820937e+00 5.660255398339999466e+00
9.045442943496937449e-01 1.507670609865863431e+00 3.405313648313979868e+00 3.596627128489066294e+00 1.339684252354138794e+00 1.758467040136491910e+00 4.297430618043300399e+00 6.006298161374099109e+00 5.123222357879170907e+00 5.420404554995273294e+00 2.383572274683792569e-01 3.475814599273076233e+00 3.601350118023979530e+00 4.588381915890790808e+00 3.581646452140643255e+00 5.260823899220899769e+00
6.271842403736486382e+00 6.088169760116293183e+00 1.361354619150942913e+00 4.754430163069371940e-01 3.013035604663494293e+00 2.268703218891919005e-01 1.376447573129493396e-01 2.833777946190470853e+00 4.506780412432658700e+00 1.296340483811199373e+00 2.569457729969417237e+00 6.198737383741807605e+00 2.253442696413544777e+00 3.445444572380797599e+00 5.006172938336397316e+00 5.772957907744779682e+00
5.977957258782078398e+00 5.815353667187503461e+00 1.031681988743890166e+00 1.350090486248011645e+00 2.212024385990487563e+00 3.818008920004634543e+00 4.737107229665988406e+00 4.422890821411064266e+00 3.804451757478040541e+00 6.435398601433928167e-01 4.436407311982625501e+00 5.690775557732923318e+00 4.785115784090893776e+00 2.946153227286840259e+00 3.144439865892189268e+00 3.228532150156096847e+00
5.695706625326190320e+00 2.672937886663000473e+00 5.346715474439080573e+00 4.736025727801306262e-01 3.102100492655487374e-01 4.215944803884852377e+00 1.929393668326123912e+00 5.998330147517897615e+00 2.009916966048395093e+00 2.080484923652647478e+00 6.133095652195552638e+00 2.925053115218169797e+00 4.256300306414062540e+00 5.818522197841511812e+00 3.357210163107862133e+00 5.837421484199218469e+00
8.259195465100273026e-01 5.555759512139267997e+00 5.286740343174229473e+00 1.065925225350988992e+00 4.561311484671284333e+00 2.401623974319570809e-01 3.665933817249440896e+00 5.268437444523907054e+00 3.665254355775836803e+00 6.066583716275491867e+00 5.574179107327855043e+00 4.633615048418273652e+00 7.599039472841226384e-02 2.765578528544097914e+00 3.672635502292639575e+00 2.733490158302655515e-01
2.994902292439256541e-01 2.056820912206684948e+00 1.207475464390418640e+00 1.178794819311136610e+00 1.638739352910867808e+00 6.704771161954987679e-01 1.468918636603340877e+00 1.176208644424510785e+00 1.731021117412304466e+00 6.120192918178125829e+00 1.600461456789670889e+00 5.014758882378762550e+00 6.195733249489360439e+00 5.920433855289195080e+00 3.076907860909181558e+00 1.476985803364459615e+00
5.647052999489901026e+00 3.770422662152331572e+00 6.002046378755503397e+00 5.730931043728453744e+00 4.458579254512439194e-01 6.084829542695891824e+00 3.122031325187054396e+00 2.547078197876464944e+00 1.722298001214793484e+00 2.693926887729108266e+00 3.981008169898800020e+00 3.521118823467310754e+00 3.017408299837955887e-01 4.299256901714330503e+00 4.927330681347902974e+00 3.892014202595956096e+00
3.496691333303832305e+00 5.926418556149423367e+00 2.121374954681941816e+00 2.987739828744775394e+00 9.602860151821177581e-01 3.998437473932011432e+00 3.105770197425986368e+00 1.570461147937205704e+00 2.107662526483672139e+00 5.864452356682435585e+00 2.343283080950584019e+00 1.927163808014341173e+00 2.564125153195990769e+00 6.069588223460665510e+00 5.286927180981272123e+00 6.224040539299571240e-01
5.623305241637347685e+00 6.542913869238043967e-01 5.317726400249617846e+00 5.829268558158798186e+00 1.395798106050105014e+00 3.499766262908528436e+00 4.060176626599776739e+00 3.968306919022848600e+00 8.736084167672804046e-01 1.368421757268547756e+00 4.344216053667910415e+00 1.156993730373981677e+00 1.458709976795522500e+00 4.519870141154303411e+00 4.180341466184823496e+00 4.259217055526752560e+00
4.582852717192434255e+00 7.748336543882626826e-01 5.237505875971203650e+00 4.982713262080854300e+00 5.796138228154244842e+00 2.459243591340655399e+00 4.446136065163484863e-02 2.891387076572887960e+00 1.977220007685157377e+00 5.912998188193083315e+00 2.483174869503841364e+00 2.992182647272201845e-01 1.376850988966480671e-01 6.176585113223972634e+00 1.616474703765732768e+00 1.810218970031249208e+00
5.366549482202782606e+00 2.730587051165227486e-01 1.507691145903749530e-01 5.411611842121040183e+00 2.069037580965993772e+00 2.344917298780970771e+00 1.498865480826242269e+00 6.158991774541254571e+00 3.298074091539687114e+00 4.016849410876773163e+00 2.796751156399701177e+00 7.105962510690168044e-01 1.518407949754285502e+00 1.076972147216833653e+00 1.828837342479902262e+00 1.824049828098497583e+00
5.130605987757460795e+00 4.428643837276775019e-01 5.215470876018536650e+00 1.320715263193382449e-01 1.540829945146112490e+00 1.001779059920696380e+00 8.099638231147738843e-01 4.764378803680895835e+00 4.989289346757500354e+00 6.017788593574500133e+00 6.171072765205066979e+00 1.678260244483938735e+00 2.492257454297450270e+00 4.997292048475963533e+00 4.295878605513233417e+00 5.390238151065182670e+00
5.382149787466706803e-01 1.486267154216505348e+00 2.253465602705631565e-02 1.033791507084546479e+00 5.235695845197044562e+00 2.984288829166599655e+00 5.773688102923973275e+00 2.728915147496761492e-03 5.942361118726878999e+00 3.332531176865070943e+00 3.013285342248709364e-01 6.014852594720546008e+00 2.387010921933231611e+00 1.513457537961521715e-01 4.273356751619948213e+00 3.264460442594859568e+00
1.800196807402359545e+00 2.252574333980854604e+00 2.277932540397801020e+00 2.694532823863120541e-01 4.233320016328498525e+00 1.730734794072457339e+00 5.438077578983048888e+00 4.286911575571854094e+00 1.119574668984601784e+00 2.371234291442243070e+00 5.220227787394476238e+00 5.772175588467681528e+00 5.765094329749937074e+00 4.191744969749517935e+00 5.266516208807814792e+00 2.771518271611120188e+00
