2.499656386951331077e-01 2.538843733546805925e+00 2.700125315213259380e+00 4.528569321247258195e+00 4.757556881063789156e+00 5.872898796916140363e+00 2.229259285653136580e+00 3.149783190213597539e+00 4.286627690072965180e+00 1.501204336245734350e+00 3.584677069119240667e+00 4.078780743943005049e+00 2.941462183955077858e+00 2.446958079335808556e+00 2.113765290212524572e+00 5.471722832826314331e+00
1.907369495556735739e+00 2.037256182855974984e+00 3.987711891827140587e+00 3.230095279733013136e+00 4.907580896587135477e+00 5.307969717868333603e+00 2.303655827882921781e+00 6.277710549717821387e+00 5.070797351361536975e+00 4.735382181700309445e+00 3.686291566219504379e+00 5.137097189065111813e+00 2.896140119976132521e+00 3.762862609047914475e+00 5.185713506436036901e+00 2.387681125892703093e+00
1.194490495340227332e+00 4.695455923981998403e+00 2.684079898892368643e+00 5.676688334937240121e+00 2.278980660453760798e+00 1.609335800472266209e+00 5.895890022187924906e+00 4.786446050763839111e+00 1.862324434602298240e+00 4.735152281182953615e+00 5.790025274984585829e-02 3.769330189650486052e+00 5.116385638379217227e+00 1.961554930015482201e+00 5.133526042793486788e+00 9.440390340110532685e-02
5.137711409768084714e+00 4.231196752531682925e+00 2.039556878917106797e+00 5.866077791791651563e+00 5.613665636323728947e+00 3.184120243178347742e+00 5.962005853897289320e+00 6.113144364689848675e-01 6.094762578967139355e+00 2.100383052093193648e+00 1.313626204463929525e+00 4.533324085085959965e+00 6.086408604356832619e+00 4.557253104951286105e+00 1.041538761600520946e+00 9.403532905900002792e-01
1.790716520539316070e-01 6.203969014068527521e+00 4.080917469729109515e-01 1.571687808053215951e+00 3.141593329075563767e-01 5.569240977250976776e+00 2.149029737896760661e+00 2.523387647762623587e+00 6.179645240833207431e+00 5.989792781982665737e+00 1.221841553204061404e+00 1.020150650179325380e+00 3.676206902104556917e+00 5.922008124341122226e+00 2.333524861164328057e-01 3.878299183756311885e-02
3.150656692254835356e+00 4.393793530338357733e+00 4.315386336313625115e+00 2.434257216592492945e+00 5.646852851012870822e+00 4.645118793316921568e+00 5.434265881706981105e+00 2.633092392131200388e+00 5.691603808838885392e+00 1.222892098833793240e+00 5.423565775619790585e+00 1.777410700658254294e-01 5.586438131905673288e+00 4.322928059739569839e+00 3.051885841725471948e+00 1.254290701547717601e+00
5.204139102280470830e+00 4.522309040053005269e+00 5.858033436098056157e+00 1.099659860367762643e-01 5.829587784065862199e-02 2.981437254557864236e+00 1.780567493644407140e+00 3.066790229944271751e+00 7.072966040598277493e-01 2.284439716371502893e+00 4.822972912329738016e+00 3.425596128367623283e+00 3.139270841594738459e-01 6.369177817429955146e-01 4.745374958453182579e+00 4.369445902541670534e+00
1.252906185873220668e+00 1.801326759781244069e-01 1.353934040009783901e+00 3.381450171877019351e+00 5.104568546557580966e+00 2.843977723196652541e+00 5.584368421166286289e+00 4.956096745994260644e+00 5.794664100040950672e+00 4.631173140509594610e+00 3.620742248845360001e-01 1.729353253621961128e+00 1.267440051514060029e+00 5.903073590141385552e+00 2.481923408583152302e+00 4.356630189573378331e+00
5.972097373288068667e+00 3.144666889103121310e+00 3.352914224359296202e+00 4.924318572518831538e-01 3.763123709847255416e+00 3.855396175749055576e+00 1.606629070937322656e-01 5.074496524241517648e+00 5.723272373776008948e+00 3.933335325378826131e+00 1.886926663530175130e+00 3.597028905684502842e+00 6.085043186773371637e+00 3.348560193259990658e+00 4.046745977511021941e+00 3.098565868158983605e+00
1.932931002872283921e+00 1.266560198732043618e+00 4.992182128621274195e+00 3.432964971775638308e+00 5.092715552563042536e+00 2.240805251581678093e+00 2.832935617802913031e-01 4.351499659460794089e-01 5.828363092735910911e+00 4.615868080312155897e+00 4.830533245597036007e+00 5.995589472841116735e-02 6.719071370245296437e-01 3.990918371590705060e+00 8.262632253471412502e-01 3.354519914464781039e+00
2.495188999492194970e+00 3.931350574894925565e+00 3.421258878262949832e+00 2.978977522026656111e+00 4.073422535486628249e+00 5.834818810672421030e+00 1.860569089819863908e+00 4.248290408849132227e+00 5.328189375998525712e+00 1.192193287765648813e-01 3.343818157958879489e+00 4.338652873794332621e+00 3.532256336300758193e+00 5.200722461351124259e+00 4.385427476689572224e+00 1.008356241342732940e+00
2.791055278097431813e+00 4.763449290469795372e+00 5.839486437646290717e-01 1.935123755871968276e+00 4.587831338109425339e+00 4.596673579866354942e+00 2.065763896627784479e+00 7.165085894214322515e-01 6.198154879902900483e+00 1.930733411095482133e+00 1.524538047543883668e+00 3.009996050737824724e+00 7.127124645821140136e-01 5.193427871042681332e+00 4.127698697603119804e+00 4.367786215256332483e+00
4.560112271307451004e-01 3.031829735632535439e+00 1.984531780275553547e+00 1.569851078442513703e+00 3.048789230320637644e-01 5.874637390535528247e+00 2.476805848782198005e+00 3.745236767974087222e-01 5.896523738510293100e+00 5.372173977760387409e+00 1.991323822124583254e+00 2.493586486165147331e+00 1.891568261392735373e+00 4.933840690976833088e+00 2.207729971578790362e+00 4.945568648115671095e+00
5.872223044965562133e-01 4.812966579320570482e+00 6.152831877516470982e+00 5.106312600991335771e+00 6.199550186069412661e+00 6.129670233434040272e-01 2.930768930596798327e+00 4.315139001957482456e+00 4.679316776581097237e+00 2.483850057188886407e+00 4.390207025753518622e+00 2.617199133997547111e+00 2.722575659111639568e-01 3.126493027480318876e+00 6.623267285176345220e-01 7.450194269154295501e-01
2.961851342582265900e+00 5.570558271601547595e+00 3.650333430400639401e+00 5.676692292173423082e-01 4.368223981102842934e+00 3.790474868848799250e+00 7.679097761480654372e-01 5.959380627580583401e+00 7.241495766243044585e-01 4.788985141601228790e+00 3.519840455180763161e+00 2.111473427553787197e+00 4.283971188429867460e+00 4.618052083492949045e+00 2.465877793109021165e-01 4.780934539969104335e+00
2.046681010584867177e+00 1.661375061176794121e-01 1.902569188722428750e+00 1.567443660086543344e+00 4.735224850893069437e+00 4.393026050452251141e+00 1.892644245969177241e+00 4.746208080320977629e+00 7.845667232120769885e-01 4.974698543318639032e+00 4.516847905244408601e+00 2.132683278303454610e+00 5.299622346029996045e+00 3.201162853043483802e-01 6.195410041985810246e+00 1.717211582033438821e+00
5.426856924341070254e+00 3.859027451177677204e+00 3.799808081502652701e+00 6.259626660182262547e+00 6.095545678333283313e+00 6.172182088752832030e+00 1.422257010777041142e+00 6.283076005238221740e+00 3.887373893963329330e+00 5.513355230465080581e+00 2.419146286053362349e+00 3.882139063507985988e+00 4.843588754393297613e+00 1.440474519969962452e+00 2.164223227941884264e+00 1.061649449057384433e-02
5.988901798288752687e+00 3.536461186524531453e+00 2.778005916818671928e+00 2.749233832793129384e+00 4.463078405987934261e+00 1.219160907745777012e+00 6.044716527459722544e-01 3.758600662382101554e+00 3.741696235680993521e+00 3.001894131765217022e+00 1.365937304058717050e+00 2.433251332685559265e-01 4.455372164327556561e+00 4.335117436336167529e+00 2.395392015905430938e+00 4.222207244605882259e+00
2.829638438450394755e+00 1.645787602181029374e+00 3.812924476639816707e+00 5.039421607043833795e+00 5.681924443806765979e+00 6.174624474769638383e+00 1.198519518386093718e+00 1.921392680018310317e+00 1.200746518122254525e+00 1.578412925554318447e+00 5.770013864518566571e+00 2.460144042022364808e+00 1.717829524767682248e+00 5.273808375264805726e-01 2.274118890349896560e+00 2.478978983304297667e+00
3.335594491602988931e+00 8.223725141239933423e-02 5.710977733443985294e+00 1.684392619088405985e+00 1.971512759401748083e+00 5.654331418089947547e+00 6.228967434102136380e+00 3.460087916686374943e+00 3.926623222546096414e+00 1.778320250012740633e+00 2.944680433089163607e+00 2.847946494325803712e+00 5.541586959154414238e+00 4.553493978575652967e+00 4.602598220771206172e+00 3.695554168789487282e+00
3.856553871077706308e+00 1.476676391575113101e+00 1.007618364178202830e+00 6.072108822809808792e+00 3.057318246618751303e-02 2.371744849047787707e+00 4.856265702218866664e+00 6.018217746184509664e+00 3.954663526968023479e+00 1.841890930185681174e+00 6.160891293532931856e-01 6.544186941111275191e-01 1.502533693392821057e+00 3.224676210656833852e+00 4.245203976999708750e+00 1.733101664744589043e-01
4.667871800605690069e+00 5.306735912463699911e+00 3.039416617009745192e+00 3.267265214424991626e+00 3.309092261969390325e+00 1.434124258919218908e+00 5.255712282333378838e+00 6.059996826127713732e+00 1.543949034729452885e+00 5.622655501439437487e+00 4.372395614677687448e+00 1.012381581859494339e+00 4.962896450396443448e+00 5.189264294397225363e+00 2.570505141953653538e+00 2.658930963253670843e+00
1.359654210309176436e+00 4.936605458275346692e+00 2.472946164105911393e+00 1.966645352581889661e+00 4.728981060087477317e+00 3.526137412325066389e+00 3.537759030174445041e+00 3.782233018410467995e+00 8.151330621488576123e-01 6.493013403567505781e-01 2.419961815355688994e+00 5.343750866333816241e+00 1.215296786255212202e+00 5.556343763853292650e+00 5.820185002538936558e+00 4.087476110224090853e+00
5.607966113672394393e+00 5.020946472345829470e+00 2.416655326888658806e+00 4.890683857270157198e+00 1.885175235251073556e+00 4.870956774814904300e+00 1.583277016368025869e+00 1.443876275063177728e+00 3.529187427429744339e+00 3.202085149073008452e+00 2.387329910332619320e+00 1.775814715625515516e+00 4.728286826497062556e+00 4.425059075705827460e+00 2.877055394602848093e+00 6.215070175941844077e+00
7.449603676615945691e-01 1.388791599408097710e+00 5.600125360695956012e+00 1.962509433553859095e+00 6.048254447036639725e+00 5.101910156024679566e+00 1.094919167742803623e+00 1.818291879499840613e+00 5.385911323489210645e+00 2.262915168902537744e+00 4.303667869380141120e+00 4.220254451947368146e+00 5.558637483230419285e+00 1.071553479323379854e+00 5.217512675564781155e+00 1.171304779033215615e+00
2.340828671259560512e+00 2.110649060908274866e+00 2.386591522313892266e+00 2.803500886704777401e-02 1.188971161977079083e+00 2.286093815448415167e+00 5.932354856762285245e+00 1.318242595989247645e+00 1.257277462505313192e-01 3.717522128009290938e+00 3.973543232996715968e+00 4.624441300968173074e+00 3.039741997579103128e+00 1.220014565769911297e+00 1.734386758287872199e-01 5.450887760394863335e+00
4.457677017997484725e+00 3.098420175057318371e+00 4.941520201796157918e-01 4.717346136982364158e+00 6.112964003843164740e+00 2.533309389061208172e+00 4.391693587337220706e+00 2.622755998294087565e+00 6.126799740476529976e+00 4.517928378571417269e+00 1.912206076164065571e+00 5.969991138083951654e+00 5.810604715125536335e-02 3.806468045177822113e+00 1.019936793026735788e+00 5.620627433742805046e+00
2.328576566652451163e+00 1.993587969972294427e-01 4.914084599245095220e+00 4.932012841941302739e+00 6.029580645744517575e+00 4.287414716944995874e+00 2.022212607349327840e+00 6.004877117914155349e+00 5.526543859101501255e+00 2.301900619644687396e+00 2.836011609779312437e+00 3.594512106972683196e-01 4.495051396535328259e+00 3.452175226290405519e+00 7.069664302139849407e-04 2.104939717637135832e+00
4.489965743942346821e-01 6.123056317557860950e+00 2.166404964367682151e+00 9.966592121009881788e-01 5.457316131719009533e+00 5.398050441577657566e-01 5.792570958100862200e+00 5.130667422901792563e+00 4.491357052574165287e+00 3.718583186354140202e-01 2.303266948901117050e+00 4.333583860842460389e+00 5.632438179591303218e+00 4.383107443157500782e+00 1.224309021660621388e+00 1.203993671832764983e-01
4.201247079460923572e+00 1.438638062715467569e+00 2.186464721622573215e+00 3.497484157156742768e+00 3.971164690619217730e+00 3.361649388676001049e+00 2.991748801041267836e+00 5.252586128384097997e+00 3.527911518502645727e+00 5.232353149646909785e+00 5.541699464666788089e+00 5.732249527054453786e+00 4.064287463759644226e+00 2.202365459214072549e-02 5.242135051372066590e-01 5.979771077266592627e+00
1.493369116448384437e+00 1.784181149580040149e+00 4.692562242122603422e+00 1.362884371023778129e+00 5.041862605963432387e+00 4.971449341837785418e+00 5.070264822228928159e-01 2.282125183471992447e-01 1.575261982991450482e+00 1.062088296873528126e+00 5.004837700516580057e+00 2.397098405234593610e+00 2.682676774839499956e+00 3.062926672645912340e+00 5.381603576805296996e+00 5.572092082781827660e-01
1.589621171031332825e+00 5.391546792597474713e+00 5.766252778848843796e+00 5.141031954038067120e+00 5.750276238467684209e+00 3.677970830788364065e+00 2.988737761310221508e+00 8.519401718230779075e-01 5.544475246019196391e+00 4.865247541734156300e+00 4.570961274244936590e+00 3.558821791818458369e+00 1.170605976976060392e+00 4.986781727964419986e+00 4.122448185056150627e-01 6.160599819193014470e-01
