5.615360439036463092e+00 5.493549184462136914e+00 1.881015672800887994e+00 1.608150585799861476e+00 5.448449257296247517e+00 6.852843567525672697e-01 1.902147467809939041e+00 1.835321631440784307e+00 3.247317620559658113e+00 5.325616414710823143e+00 8.887314149151245291e-01 2.539029325563246342e+00 7.876294978775300049e-01 3.649362257369642148e-01 6.365324975802376661e-01 3.876560946947174568e-01 6.236509384182140181e+00 5.029934241444458998e+00 3.750728936707642625e+00 7.480772526295951241e-01
5.602788276972236581e+00 3.739838278168309937e+00 2.267835786802189002e+00 5.454717662203877104e+00 1.469163210787925777e+00 3.469613966788602344e+00 4.134478710384415834e+00 5.911943780744289612e+00 4.772264817905419676e+00 9.541164380951523416e-01 2.977936407648547057e+00 2.591258003658370779e+00 5.775232537370842856e+00 7.807866728698414915e-01 4.797760120623556723e+00 3.207145785348654687e+00 5.156067302151300602e+00 5.062218263178367650e+00 2.966767549271329685e+00 6.012406670648331009e+00
3.568309758279819555e+00 2.025650703436344457e+00 1.217950354261168711e+00 1.288595978912520534e+00 4.104689876301101936e-01 1.923485119094136220e+00 3.021967825939942190e-02 7.237964824627256544e-01 3.440983206062664834e+00 1.922704768012538645e+00 1.561089883387214994e-01 1.398747869797517529e-01 6.092504892868555899e+00 1.785708645496781655e+00 3.662448542743368396e-01 3.133265040190880146e+00 7.256779577427117101e-01 2.197715238350138378e+00 9.341379897169496127e-01 2.120689449462228371e+00
5.928521013796005157e+00 3.160563050710216260e+00 4.375416620566075387e+00 2.151098229073469259e+00 3.494074440599126863e+00 2.246427432290079906e+00 5.317264695476506375e+00 2.423301663244775916e+00 5.948216321116558625e+00 2.871673077903882820e+00 8.361144085044784902e-01 7.178368613572453372e-01 3.885538176416572842e+00 4.575117738771315445e-01 5.840575506441789244e+00 5.340578067573431120e+00 1.762638289705049877e+00 3.792301118707121610e+00 4.587733115145374185e+00 4.615428099898593928e+00
5.815038302652236979e+00 6.060212200185739917e+00 5.693784514054248902e+00 3.624341068737161553e+00 6.822895401915558544e-01 5.557440098915544802e+00 5.515373994756018305e+00 4.428052287538266185e+00 3.767298554093528651e+00 1.861943355408692380e+00 3.156611614440039126e+00 8.567796916986553102e-01 3.025530521381645244e+00 1.373636049441271823e+00 3.860431494544735997e+00 2.394923363277807304e+00 5.127319359229564277e+00 6.210925283450444034e+00 8.702839265390424073e-01 2.382525402735585995e+00
3.319907733802517580e+00 4.621770482223507059e+00 5.905289389999839322e-01 2.537569361391353584e-01 4.179440948367567188e+00 5.089380909708534517e+00 4.814579995211353491e+00 1.790049037497379869e-01 4.544662584001604166e+00 3.254099467397169598e-01 9.409907494969795838e-01 3.783386352424079613e-01 1.161435172261650717e+00 3.791528071685301704e-01 3.157369844111785451e+00 3.381173511822434197e+00 9.932960863132629381e-01 2.497081630845568445e-01 2.905763300214839973e+00 3.668002506575766208e+00
4.422951142229177179e+00 6.071202265465439396e+00 5.615763969124509813e+00 2.929607971043138193e+00 5.515187741579978820e+00 2.384939878322455409e-01 2.950874985899481828e+00 4.452456571863301349e+00 1.105007653772016596e+00 5.664605933461217546e+00 4.998316905911584840e+00 4.783638150298831215e-01 1.516181503467425529e+00 4.887876151130531532e+00 2.964749771605497131e+00 2.593330080367250101e+00 2.531497319631780929e+00 2.056358566338166050e+00 3.142236476741607998e+00 2.470357600516265073e+00
4.119172620174970767e+00 2.413628558562407878e-01 3.292892802634806326e+00 6.140993977901022305e+00 1.124396938272781143e-01 1.043245707678044365e+00 4.219870477747350357e+00 1.583219493808792677e+00 4.066735019073601798e+00 2.180783111169755539e+00 4.959723249332086858e+00 1.973076813313382694e+00 4.970503872652792587e+00 1.485003936008892689e+00 3.195227724276815451e+00 3.973602383766886015e-01 1.705256833029828334e+00 3.080306995050889896e+00 1.308385412441168683e-01 2.546026827484699329e+00
4.972093781966604453e+00 1.388030075652591178e+00 5.402532934345972704e-01 3.536139118709284435e-01 2.061075794909685843e+00 4.349665107241705186e+00 6.833278384379094794e-02 6.167046480525808505e+00 4.341837120539598693e+00 3.967868880608440563e+00 5.447784398675386441e+00 3.470610844029724529e+00 5.575477131003138354e+00 7.409825634892772128e-02 1.707309539977478474e+00 8.707517435338678335e-02 1.267814395411291262e+00 3.157658822373512475e+00 1.012164461539100113e+00 5.097650132651446064e+00
5.782578309752563150e+00 2.265138979520977536e+00 4.760951690285713411e+00 2.154124355063384400e+00 1.806780021310863404e-01 6.224088333786085947e+00 3.751753963146191584e+00 2.128406505778471569e+00 7.680179269427157562e-01 2.523873837331439773e+00 4.042133386630411884e+00 1.294336510996830558e+00 4.221508229963980341e+00 2.450402481202304639e+00 6.054661784393922552e+00 1.875829016437912555e+00 4.580437254039986250e+00 4.165225499061343761e+00 2.865926281171034429e+00 3.873540570427356777e-01
3.153154514237544337e+00 5.162611441571346660e+00 2.865409941373728842e+00 3.561910022186982161e+00 5.958349328464766614e+00 2.134143319893768709e-01 4.984862894726620475e-01 2.734781114975976646e+00 3.508728873895381906e+00 4.719575051034396118e+00 3.707744974086853440e-01 6.499654733176055688e-01 3.275608088134961626e+00 4.331780851930650655e+00 3.230229389501940163e-01 5.456102549753472530e+00 2.373313442776571414e+00 4.966133716167977497e+00 1.262229897916540722e+00 3.481562995162719609e+00
6.133352832224752582e+00 1.612147692072580352e+00 1.862025557307182444e+00 4.842592938553616833e+00 4.657456092859743713e+00 5.728103399411649477e+00 1.969564186076878665e+00 3.398978058548085546e+00 7.411175878104641832e-03 2.538799785565273748e+00 4.920145299684563156e+00 2.333201575154836505e+00 6.156039658483226873e+00 6.277940113405836575e-01 2.237555738828095997e+00 4.030767252321158511e-01 1.162109330868590806e+00 6.501869848079325775e-01 1.549740000413897034e+00 1.600551711664769616e+00
3.569269927234357542e+00 5.299910897025855938e+00 2.502097891693458198e+00 5.479747977405295067e+00 1.760079066803190928e+00 6.971602534525451755e-01 3.993130124224855138e+00 3.000340663836059019e+00 3.328697461135232238e+00 3.795008685126136427e+00 4.442788058572776144e+00 1.935647629776198864e+00 2.905029743723809510e+00 2.432307122184887316e+00 1.992945573317153496e+00 3.122001268881811509e+00 1.247527071644422891e+00 5.214434640436826918e+00 5.997610254705711130e-02 2.267326984945368107e+00
7.984258615162372896e-01 5.403103138400867422e+00 5.102494491715776626e+00 5.454437711744229311e+00 6.196708538604293715e+00 1.287002847934227479e+00 4.940611706208178688e+00 1.150732208759037256e+00 5.146928678536250718e-02 4.405070888879017765e+00 1.020038964817363780e+00 1.145193095791658511e+00 2.903658790154399760e-01 5.147952428898463495e+00 1.498756771495898477e+00 4.724919365051424847e-01 3.223432786617144163e+00 5.427159206910145528e+00 1.334067718534358793e+00 3.973530158669000389e+00
1.032021080283891834e+00 3.461391261443474754e+00 4.043685876125326040e+00 5.961181566487490535e+00 4.014383950518532806e+00 2.384946785227603172e+00 1.656087234336232950e+00 4.190261407597963839e+00 5.617327493871967725e+00 2.246237674568659359e-01 2.704474737266568063e+00 8.582008606100460790e-01 2.163642764852734768e+00 3.718811770916122139e+00 1.641900764480567876e+00 4.796925584569834422e-01 4.534535534244834132e+00 4.793087977585194892e+00 5.197075729962591595e+00 1.681483863971112269e+00
5.670741259480854168e+00 1.138942930541185783e+00 3.029901482996411932e+00 2.214846726630179674e+00 2.676666549234362424e+00 4.586596678805228144e+00 2.554227533005021034e+00 2.587235426067202138e+00 5.789728748989002582e+00 5.660146722274298270e+00 1.280564224495220005e+00 4.554967630686072688e+00 3.835650268142971886e-02 2.341856704146722645e+00 5.523178184715900052e+00 1.514472021988829908e+00 8.233426795858698188e-01 4.229748840978729163e+00 5.195524418147090095e+00 7.926984539543479036e-01
2.769723870629905438e+00 7.934822291520705617e-01 5.140838106697514398e+00 6.228034649757447916e-01 4.559759557554353471e+00 1.245001904904162293e+00 4.463565959073592992e+00 4.474697124113214741e+00 5.376092278672312652e+00 2.061605272494002161e+00 5.909855856401338592e+00 2.845138835003164335e+00 1.516436189771502629e+00 1.072580401752114110e+00 4.011717585288415933e+00 3.680088470401972511e+00 1.953913936705349297e+00 9.978127608303949403e-01 4.326382243392386862e+00 1.938477795822173722e+00
4.817605250279433982e+00 2.845053481841492982e+00 4.692721751114967255e+00 3.111400500342662578e+00 2.968199173745770025e+00 4.383586533178602807e+00 3.596522618855339193e+00 3.244127232469344424e+00 1.379288368753356142e+00 4.728185512212498942e+00 4.263020850461593514e-01 1.116207608626417880e+00 4.034421366330804282e-01 6.148088037805934825e+00 4.040771550807604306e+00 2.090370450335710562e+00 5.906554263450816578e+00 1.118068695533634971e+00 3.257291093721594866e+00 5.393459120977875720e+00
1.916798454735374690e+00 1.086767544933936902e+00 2.918393375732056150e+00 5.222748509298826003e-02 2.842884138444652375e+00 4.479043002016759090e+00 1.422062869884064051e+00 3.968158326139844760e+00 6.861106934506187027e-01 1.573685097369197150e+00 4.162935867757620478e+00 5.596948200381836047e-01 2.013849427718414020e+00 2.384348507693374586e+00 4.945501825239375648e+00 3.294401899390269062e+00 1.121143586567392214e+00 3.797646986444781270e+00 3.732465408438327525e+00 5.570407240222108314e+00
2.078213796477356823e+00 4.431995758031510135e+00 5.697947671789997948e+00 5.609923663996943866e+00 2.763248935944120799e+00 1.386304176318525094e+00 3.116164669983874536e+00 6.117576258501575381e+00 5.111054701390717270e+00 4.397229620359058844e-01 3.464220465724643372e+00 2.499104012286816889e+00 4.245483621682549114e+00 5.208254781356107532e-01 2.569288021530141464e+00 5.109348673066249624e+00 9.604934368175120918e-01 3.375556248195061837e-01 8.297118246747779979e-01 2.996780868746908855e+00
4.371295812055353003e-01 3.416730606257896152e+00 1.633090845506748545e+00 2.760152822930276528e+00 2.353599263524498220e+00 5.129969755610158444e+00 5.011149360544033371e+00 3.258296229448426562e+00 5.065105550433383286e+00 2.254212107636460072e+00 1.207893490614271981e+00 4.746959128795944949e+00 6.893023447475309373e-01 4.975489267791595616e+00 2.632333795318234415e+00 5.008465876099831959e+00 5.427862762715519374e+00 1.001259193985742035e+00 4.373485448542402843e+00 5.096320786264101343e+00
2.278128994428189891e-01 2.855627199900569124e+00 4.455097520317241155e+00 4.784360063694085952e+00 5.996954630600539460e+00 2.877193502263694302e+00 7.653193206784904001e-01 3.063605308586615283e+00 1.336913432419937431e+00 4.246511210763538102e+00 2.793247876767016358e+00 1.111295121457439805e+00 5.337224190731808982e+00 4.507351164341988792e+00 6.264976693856397993e+00 3.219254205918992806e+00 4.434504715668746044e+00 2.924964397961061113e+00 2.775710218193092604e-01 6.099346174663594411e+00
3.713142295680909477e+00 5.524719675759136805e+00 6.134950307583110884e+00 3.973914517890348552e+00 2.826965238367912470e+00 1.746804731850444492e+00 3.763146962444130494e+00 4.919142785423754466e-02 1.242136421585911643e+00 6.215930874105511927e-01 6.141290252448783349e+00 1.622488965876184519e+00 4.853370050031642791e+00 9.495130654077808818e-02 6.128238608316012304e+00 4.168772815895759321e-01 6.822253140738904209e-01 1.325279722143587025e+00 5.426854018754593945e+00 1.366883800751196087e+00
1.482478489407290656e+00 3.751943086998494881e+00 3.185437040698904099e+00 3.267106854776828939e+00 3.471173293014221173e+00 5.474715063113002600e+00 5.333980564203878671e+00 4.658254244963676349e+00 5.323533171170737432e+00 1.327181131739703535e+00 1.213786786755807645e+00 1.691974134527076234e+00 1.092608277589858901e+00 5.826069293900455470e+00 5.313000534698404664e-02 1.157131503971768449e+00 1.015552841061558187e+00 3.294235590035703432e+00 6.806686948828702954e-01 7.447708287087511092e-01
6.057189232379625921e+00 4.108963742289560628e+00 7.443438268485717824e-02 5.523242966388776765e+00 5.683935040950528261e+00 3.043568085617878172e+00 3.994564748580816893e+00 7.211563650177086338e-01 2.103560639919679787e+00 4.325597438820016349e-01 3.068224783083179363e-01 3.714115018154425574e+00 2.924192089730372590e+00 4.136932258601881074e+00 1.543374946016073279e+00 2.010165397151817857e+00 5.177212278756526231e+00 4.293414509536495061e+00 6.045099993981748909e+00 5.033172478979030195e+00
2.314688729601600770e+00 5.304416391267173791e-01 4.448309801759315896e+00 2.953156144465173938e+00 4.665217051829802841e+00 2.115584044574321698e+00 3.487719053526145530e+00 4.138347108428688692e+00 5.861697931647889881e+00 2.912179127738735995e-01 9.794456407974289069e-01 2.343897996896710190e+00 1.831655004723162117e+00 4.049787939982619989e+00 3.263671753948112819e+00 4.936710548773254104e+00 5.684779330891287508e+00 1.706905175410464937e+00 3.728029193840546096e+00 1.124087989774511298e+00
1.831226027543065404e+00 3.455408514293834443e+00 1.529117704938010469e+00 2.251648288623175898e+00 3.985141875761026409e+00 4.965431457782163882e+00 3.712704969437988112e+00 1.435779799056447592e+00 3.705006581046778047e-01 4.523905580914599156e+00 2.875770712027514886e+00 4.978702638515083656e+00 1.981842628820188260e-02 4.278742920187568188e+00 2.971435018188073762e+00 6.101759698081183458e+00 4.671265670056656383e+00 3.682759821547257229e+00 3.889090687067987329e+00 2.170353966399575008e+00
3.074257690691215572e-01 4.637192115326133290e+00 2.394700686236503007e+00 2.502371348383394256e+00 6.013079065679999502e+00 1.895995243892855675e-01 3.340772515137272691e+00 5.974404291721375770e+00 2.886251644358209134e+00 6.048871532931364037e+00 2.452981324165796284e+00 1.154782117196291313e-01 1.456283378540668805e+00 5.902542295141405937e+00 5.162902818538852578e+00 5.080044671958845015e+00 4.601248954729009633e+00 3.808714399056756683e+00 5.161324861829285737e+00 5.920190954595832444e+00
4.343616813874180416e+00 3.989759665999733862e+00 4.166292642164074245e+00 4.698161024766437599e+00 1.755865577587798043e+00 4.398845888598092557e+00 3.711940513219978310e+00 4.390689967176866659e+00 4.301492301293796672e+00 5.984267595947859064e+00 1.422699403694887899e+00 5.925105696547998235e+00 2.030865351138309016e+00 4.437311451302957899e+00 5.323945406857520268e+00 4.802760672333699965e+00 5.228327121568524305e+00 4.643725141756450903e+00 2.522510966989439662e+00 1.258199329843909142e+00
4.131227245512814505e+00 1.000702905764967010e+00 3.741839551253237861e+00 4.321414561618843742e+00 2.971688611273915370e+00 3.187852198002576465e+00 6.095608224424363009e+00 5.157881274786562997e+00 1.333926842646936173e+00 2.705574842826715454e+00 5.849189538361390106e+00 1.557609224385346991e+00 6.406567497925496069e-01 2.657498717927953891e+00 1.254192676615765834e+00 2.643588720526999669e+00 3.441305867375207495e+00 4.981790316416701891e+00 6.132158110391257022e-01 4.030391389440841188e+00
3.135622715009894534e+00 6.529762748524121641e-01 4.247722232786981245e+00 1.090974154863614931e+00 4.350133390650912091e+00 4.529707991087102148e-02 4.041436048649893031e+00 1.884221534355098093e+00 1.422218988720102439e+00 1.798813226822390865e+00 5.361968215159786944e+00 6.135007391270920429e+00 3.540711984056289729e+00 5.533830634110840307e+00 8.483059676747736755e-02 5.416996651838670296e-01 5.553341760426977469e-01 3.342095995391390684e+00 4.866173967766904696e-01 1.592598766401823185e-01
1.473106339537298304e+00 9.834600258688271923e-01 1.486426988305487473e+00 4.784554203410928963e+00 4.431936175620588614e+00 6.017183041405739452e+00 5.060708086006427742e+00 8.440220353960364852e-01 1.243652040442934981e+00 4.360378978447666753e+00 9.784059940197625815e-01 4.140012837721253725e+00 1.264938323975473185e-02 5.426801242413067605e+00 6.265904123335653608e+00 4.064391500173208271e+00 2.999389119705334394e+00 5.867041824778513437e+00 6.099089577424445352e+00 6.079360465993245199e+00
