5.699295220021717512e+00 3.601985456205197611e+00 4.960517635679424941e+00 1.915420534361141902e-01 1.634349349802205031e+00 5.775870220161975155e+00 1.253984308778381740e+00 6.099353542192969435e+00 4.469775940525640756e+00 6.281857968246256974e+00 2.023447620645082434e+00 1.335762187511482901e+00 9.505116344088438973e-01 3.376945500440216463e+00 4.099318349370372871e+00 5.981767845533171979e+00
7.915655294311091383e-01 1.324318072817425973e+00 5.070745817542166023e-01 1.411832038751023921e+00 5.575488036986533835e+00 2.490749912989443704e+00 1.771838580897044491e+00 6.245623288231253234e+00 1.392999128478331405e+00 2.378584209478680656e+00 5.107892344443372146e+00 3.954207737191093308e+00 1.396523502913425085e+00 2.766518208276905089e+00 3.237634721598082521e+00 2.043862143036024648e+00
1.896338367482594656e+00 1.749601526110864169e+00 3.516321316488340010e+00 2.691661473143837746e+00 2.024704851452314713e+00 1.705800788152903813e+00 4.598294273181409153e+00 7.111179722540725279e-02 2.927811599117371877e+00 5.605624169788632649e+00 1.396966415915062321e+00 6.672588598300757678e-02 2.127845273337035437e+00 3.550701194066824828e-01 4.059962554555256453e+00 2.170774374266434492e+00
3.216009438804221077e+00 4.274849910308967438e+00 2.153261323343937106e-01 3.104522028668296851e+00 6.242065327327296131e+00 4.043592218978110386e-01 2.291740829675837698e+00 1.516097904417877062e+00 4.808411057758287477e+00 5.469412837778542702e+00 4.053558891300676592e+00 4.532009809201178463e+00 4.407618170427169524e+00 7.048966832694013585e-01 8.021791541057339270e-01 1.845947541743881759e+00
2.625211718342735256e+00 3.642067151326239927e+00 4.668455808959063980e+00 3.423513866358749436e+00 5.668003603790122469e+00 2.169514214671906416e+00 3.175112955123175151e+00 5.089942978575149546e+00 2.532668670526681876e+00 4.212445419064913210e+00 3.370334572484938729e+00 1.713693067310264606e-01 1.609457192045141039e+00 5.041840138542984739e+00 4.816339116649832164e+00 4.229853763215984053e+00
4.710200089171333038e-01 3.476336140780534656e+00 1.188602921655498079e+00 5.358667584129769068e+00 2.082258847240129107e+00 5.609848393604745631e+00 6.115910225242114251e+00 4.767092812612825803e+00 4.217920875180607432e+00 5.706729560192416173e+00 3.349273130158322065e+00 5.825996663473612891e+00 3.257304561209953153e+00 5.724412788332779556e+00 4.990726402237724457e+00 5.095641925187316623e+00
1.919515072825603630e+00 1.698597000220909869e+00 9.756101736035924787e-01 8.768922990832979103e-01 5.976646667703582327e-01 5.793389730969278340e+00 4.778697216883511345e+00 2.523327355751450174e+00 2.866185218765713305e+00 6.060192835771811559e+00 2.690759188053192030e+00 3.075441415114980703e+00 8.137627975254834167e-01 4.626799027129360198e+00 1.153264677911970848e+00 6.924544616092175309e-01
3.597284679827498888e+00 3.039444035755173301e-01 5.659774957197283740e+00 4.341884970192308124e+00 8.831746828312264652e-01 6.120218094258270014e+00 6.005990621289853060e+00 2.015425861751003023e+00 4.126670567133897904e+00 3.009782913094886769e+00 2.225096808255666581e+00 6.251776151675663584e+00 1.920171849803733455e+00 6.203290159859671249e+00 5.459840400219544421e-01 5.947864237703791801e+00
1.011166840037630577e+00 5.055651924768688410e+00 3.935248506212459141e+00 8.514279453467221703e-01 8.900531049269659878e-01 5.646803884897186876e+00 1.912800068659290309e+00 5.527896009523349669e-02 4.909187942855425923e+00 4.496414555620471099e+00 4.696322377251503255e+00 3.595106658447534409e-01 1.480910397386819177e+00 1.940298218821550957e+00 6.278186670058889085e+00 3.037054474203936927e+00
5.840827624110062288e+00 1.290398224016596096e+00 5.917680908079373303e+00 4.975904268552445942e+00 6.135064553121850395e+00 2.287512588919470957e+00 5.319038118080732680e+00 5.167639595612965486e+00 2.863716712382429752e-01 3.348920979205767257e+00 5.436504713719657822e+00 9.770755622247632166e-01 3.714457071439942193e-01 2.462994889378408159e-01 2.207113493641680080e+00 1.327233781482136221e+00
1.741944101596441252e-01 2.164331830761893283e+00 6.160113730265059928e+00 3.762039953229877387e+00 1.944254576177305127e+00 9.797688053269836272e-01 4.565130913570846438e+00 2.168630104068149933e+00 1.957132316923915205e+00 3.232157946956269345e+00 4.431022459189795093e+00 4.772402587467317936e+00 5.127724665773211399e+00 5.327323876986031159e+00 1.507749959646082827e+00 5.193286883328343428e+00
4.210398452729546825e+00 1.164987463004705237e+00 1.345932271645224221e+00 1.015303164632973099e+00 5.105181261885725519e+00 5.549511114493567376e+00 8.881410880358455717e-01 3.184726077234835362e+00 4.146790242453713304e+00 5.696510641635008643e-01 3.170803441415213531e+00 9.002678535898848144e-01 2.725339098343800170e+00 4.201000141689665845e+00 7.677875117921602044e-01 4.777696387315967463e+00
6.207674392104808092e+00 4.641418614987736113e+00 4.703573089246000372e+00 5.050778778800428803e+00 8.109703890315500541e-01 9.557530529114628415e-01 2.116603747975325245e+00 1.452895133027708230e+00 3.468010216788980582e+00 1.326031136605823946e+00 3.070802543401379925e+00 2.998800064192711279e+00 1.294453043961836691e+00 9.426558586430812126e-01 5.745612066637524329e+00 2.340917069540674689e+00
3.873738695808019994e+00 4.780968395482145361e+00 2.376326589715887838e+00 3.147992136567253851e+00 9.341125405704960860e-01 2.497140992771189172e+00 1.841461850512524090e-01 3.824324308017595708e+00 1.077854724441021261e+00 4.863412009051265805e+00 4.340072772103788168e+00 4.719728608126279923e+00 2.503282492245012758e+00 1.418973654374561022e+00 2.518230371275898438e+00 4.725372402585162668e+00
3.839096078887196395e+00 2.281798047774763472e+00 5.098846301939734538e+00 5.677285043557898980e+00 4.952939318543690739e+00 3.025232029476313311e+00 2.707407433605836911e+00 4.703817523340084961e+00 6.171418371235601441e+00 3.148379183750840582e+00 3.675688134190567169e+00 5.620256234538966389e+00 2.451300191459337530e+00 5.000815294195520622e+00 5.333229961875415093e+00 2.445995295959159765e+00
5.107041768997056863e+00 5.783166989919938494e+00 5.088416169079921225e-01 4.328443671673212201e+00 5.481180642127141844e+00 3.113985214377021915e+00 5.855621310791454981e+00 1.251258634207767506e-01 3.767784658347316462e+00 1.895697845780255797e+00 1.859757178206213002e+00 3.353034611303860935e+00 9.434878012714376094e-01 2.738716508602826671e+00 2.228845169800590220e+00 2.903931205460984710e+00
6.128501520136767411e+00 5.429539834001274379e+00 5.850693453308649872e+00 5.896427797786626179e+00 3.780269950169352633e+00 2.768890857410517992e+00 8.719525135283109352e-01 8.425910252428142622e-01 1.916548663867214009e+00 4.569091123124012555e+00 1.459062057252788147e+00 3.635155269957393465e+00 4.621513255415932164e-01 4.372031877471716399e+00 4.771924960452125081e-02 1.152222725606738329e+00
3.083066217512849150e+00 1.025247008383343594e+00 3.132475745303799908e+00 3.017228624804499937e+00 5.047919937757224140e+00 3.714116584603290860e+00 5.132325555066097778e+00 2.559182096438708420e+00 2.043271153456666767e+00 5.914012363705817954e+00 4.268142431961158501e+00 2.908625956388541045e+00 4.102350201198951218e+00 3.651735400936711784e+00 4.542751031979551435e+00 6.178108125121993588e+00
1.845508475237126245e+00 3.714038750313467308e+00 1.481661349204119515e+00 3.755661437343744691e+00 2.067101778392104627e+00 7.563752173911536536e-01 5.088121225992825458e+00 5.208608820015383500e+00 4.757818631680983401e+00 3.424886542315344506e+00 5.622343452331032054e+00 2.724049180288777627e+00 1.656235793198479911e+00 2.138699878328143900e+00 4.597634807455436956e+00 4.866792545121213509e-01
5.154903260348452143e+00 3.652831704314398298e+00 4.934420280033780415e+00 3.953862768656301707e+00 1.721475447625033794e-01 5.450082341871924640e+00 2.334151616604927870e+00 2.961407586482734722e+00 4.448586814435659065e+00 4.368492068209487655e+00 2.967913855437819270e-01 3.329534234508459534e+00 4.493535970823980819e+00 3.473542865984979411e+00 2.500668990315509932e-01 1.299100927386122262e+00
1.907452306045794410e+00 5.505650925786159888e+00 3.535680357334401336e+00 4.246575346329436229e+00 8.241369765348246501e-01 3.125142222360299815e+00 1.146833142418366043e-02 3.575686405178478688e-01 5.075603350704427363e+00 8.328372951667463164e-01 3.949649076933513941e-02 1.928808032311768894e+00 2.864465155153848919e+00 3.730152623116046229e+00 4.561622643245945241e+00 4.499149491539802703e+00
1.924755029758177249e+00 3.509474175160245846e+00 4.429250184223277320e-01 7.909109965292687033e-03 2.276585714471662136e+00 2.353524533304041100e+00 2.113743124828867115e-01 5.723952003605713434e-01 1.349711931698990064e+00 4.871483271574342133e+00 4.148788419469858546e+00 5.333916184624563073e-01 5.621083484422229049e-01 1.842881206699569452e+00 3.808783800746240900e+00 9.879438599051733327e-02
4.593881111720405030e+00 5.020444238013024751e+00 5.045170828250252093e+00 2.345356647869663913e+00 5.333367249500846619e+00 3.839040856159684267e+00 7.246291460307340282e-01 1.337526768877814076e+00 2.784333518747004743e-01 5.543412799555627046e+00 1.744662637481660061e+00 3.434086068397413261e+00 5.559684799679140532e+00 4.855293188913714530e+00 1.195896598869520266e+00 3.516843547810205362e+00
2.504660346480329203e+00 1.073851779558711472e+00 5.188908284296934320e-02 2.059563463204174827e+00 1.017321779668103554e+00 5.900209742041570005e-01 1.245200882068805193e+00 5.367807656297228114e+00 2.676656945656797237e+00 7.081377761187186426e-01 4.928151417698131809e+00 2.245609890460087854e+00 4.769175296890341365e+00 1.128267876522097424e-01 1.838988137747326279e+00 3.517927877383184576e+00
5.103096598384738947e+00 1.139627243133454648e+00 5.308429199782680463e+00 3.569806866747069929e+00 2.755656716941287332e+00 5.149420386216682743e+00 1.586522644986433139e+00 3.132663295842954110e+00 6.436193519183996958e-02 4.426435794101584165e+00 3.372269395185640839e-01 4.409123461425561885e+00 5.961712960109161408e+00 1.271852818889835923e+00 4.731584095042777882e+00 5.202345665448712353e+00
3.623413209502812649e+00 4.175037814951633841e+00 2.372395929250356694e+00 2.158954074096735454e+00 2.529320623471589702e+00 1.197770498299679742e+00 3.724059652178856261e+00 3.330957421530163387e+00 2.050172633972819902e+00 1.879458675839187354e+00 1.947414715777885830e+00 6.770508869712300593e-01 1.011223146408509521e+00 4.560586859746294408e+00 1.668385269387037129e+00 1.326616503322620266e+00
8.745929136398774562e-01 2.442269004841994273e-01 4.762176441695277873e+00 3.177474425514617007e+00 4.064595515309544993e+00 6.017218245059241966e+00 5.042149993744575731e+00 2.716335979006540557e-01 3.596490426429663323e+00 5.880920531497594972e+00 2.849180975511220737e+00 2.506626481106302706e-01 5.749340637471749282e+00 1.681842034014234377e+00 3.155943290765151676e+00 4.001415944979520578e-01
2.758523985924765665e+00 2.551572585130549520e+00 1.279075728244752908e+00 5.823719321289726913e+00 3.118171485330391679e+00 4.218473262622816300e+00 3.337630744045341213e+00 2.560347705006640329e+00 2.840741974492745570e+00 3.556893569300683566e+00 2.857769976813921087e+00 5.753297652214678592e+00 5.338940231332119701e+00 1.025432021755742662e+00 5.891825789645089628e+00 2.909738553007331863e+00
1.998824472389639340e+00 1.640651717129591125e+00 3.409551159408423793e+00 4.636583716526507359e+00 2.738298816668858215e-01 7.665788720785913224e-01 2.325763459062141436e+00 2.734473011141238974e+00 5.625200898131313743e+00 2.937783298953365652e+00 9.934181880178289958e-01 3.578543857225963798e+00 4.105622687183944075e-01 7.089944456715477905e-01 2.909858842745975060e+00 9.225044856982461683e-01
2.146232955607020543e+00 5.753883208385873083e+00 4.402251637370365067e+00 2.826402279991889088e+00 3.327137523956834819e+00 4.541611433969444001e+00 2.788278056673155203e-01 5.190247297241866953e+00 1.673142184546874134e+00 1.056949731312762264e+00 5.833274998107310871e+00 4.815937341365216007e+00 6.103419060033373533e+00 1.276445657408469936e+00 1.628347018392842127e+00 7.610413477652622216e-01
3.089735812925649139e+00 5.543412801056621930e+00 6.038269084929923203e+00 1.425561622108322490e+00 6.188172200615782437e+00 6.055498772123797835e+00 5.471188270724354652e+00 3.974820577965238577e+00 3.698745566765433979e-01 5.807116646089821588e-01 4.372294786961007595e+00 2.249351840601326646e+00 8.018670722745933066e-01 2.655953075196654467e+00 5.649587308742421321e+00 5.099874406186197362e+00
2.779854060570396412e-01 5.166229658693347382e+00 6.026275035308995776e+00 9.776687228029065091e-01 6.176174089935718925e+00 2.900041568302399231e+00 6.994683648627505468e-01 4.604275486287496832e+00 9.495553208219202623e-02 1.939661960537596430e+00 2.812956613941610229e+00 3.169927887419506263e+00 5.541886989671487740e+00 4.797116549579521383e+00 4.912503481216347723e+00 1.271650957969700624e+00
