1.406844629172657957e+00 4.178832669903803421e+00 1.013021139654472158e+00 6.273165154872047289e+00 5.353613265556213641e+00 2.656806326391314421e+00 2.441257516704126829e+00 3.257024752048395033e+00 5.439929727020454742e+00 1.978593993904609105e+00 1.490721172311169296e+00 3.650263004622903651e+00 4.234318395521378342e+00 5.474161762662974162e+00 1.210868218908294880e+00 2.926451602414929631e+00
7.367273896431630886e-01 4.636146905924366735e+00 3.963154901673727970e+00 1.633557987652071997e-01 2.628390605953901726e+00 2.782843910290718981e+00 1.945004579153800428e+00 6.062478063750615043e+00 3.094554875966775698e-01 4.254719223011184326e+00 5.207040644774724392e+00 3.620164334014145613e+00 5.202087668431394363e+00 5.452154004395269205e+00 6.325200126398079492e-01 5.785155697261774144e+00
2.027005084701980042e+00 2.617874120197551058e+00 6.088631615280423404e+00 3.510841249111664286e+00 2.239370749346401901e+00 4.788139251441839050e+00 1.191785519130607485e+00 4.058555825629666103e+00 3.829832489774984250e+00 5.829204137696367027e+00 5.379414352745570227e+00 3.641369358418658830e+00 2.228542725889983256e+00 1.945368925382558567e+00 5.731189613141030037e+00 5.163093278288467758e+00
5.838800909292063857e+00 2.593957305176278538e+00 5.153361134520783260e+00 2.029699083747862343e+00 5.716821036695705516e+00 3.169292676905144823e+00 4.065588780607774844e+00 3.039496100593722439e+00 6.836543228904223835e-01 4.356504440808715017e+00 2.067967845616159206e+00 4.368587599271651634e+00 5.763580113591801890e+00 5.467128912460837320e+00 5.111345562005752186e+00 3.037659277563316884e+00
5.116592320994583609e+00 2.136994941810677950e+00 2.509575904240755495e+00 3.214844806919193498e+00 6.097551935881641016e-01 2.671936342763491012e+00 4.019172260283077613e-01 3.786279781311023829e+00 5.463801005641387931e+00 5.906753632158856071e+00 4.561147470271832427e-01 4.403450104021299438e+00 3.452679929393660085e+00 4.247052248741794322e+00 1.247343114475223613e+00 6.274896383933288746e+00
1.550503474010124227e+00 6.032266657857577208e+00 5.447775125542640318e+00 8.021133528804653690e-01 2.019449773525225478e+00 4.343494430791691840e+00 6.019038819217989555e+00 3.703289878585291905e+00 4.513398847268841330e+00 2.824041062150563164e+00 1.518251275819263002e+00 2.075772587606443231e+00 1.048477038318810228e+00 4.597889607166168346e+00 4.856432751918450919e+00 3.206508667968101634e+00
5.871845419451782178e+00 1.510746188549878299e+00 1.085791396430553446e+00 4.963507318503157073e+00 2.959130218891807829e+00 6.237439621674463197e+00 9.861181374117111709e-01 2.068691467051391245e-02 3.664891519808989973e+00 3.311472709302669681e+00 5.863980712875653367e+00 2.784431009047957151e+00 1.978744179258861702e-01 1.314080007953920326e+00 2.541232691701290403e+00 3.830493811989737818e+00
4.313906360437908205e+00 6.105622942549819854e+00 2.050968938140361075e+00 2.913443252892006785e-01 2.322717385780862731e+00 3.056534399443320282e+00 3.517309478651159171e+00 7.247814793591604854e-01 9.751188783647680713e-01 1.783518370750830084e-01 3.955777573077866371e+00 5.196999597640781232e+00 3.226427155200544572e+00 1.436756062778378418e+00 4.795428407117888980e+00 6.071124021065777754e+00
2.841895327506806179e+00 3.825898969898235524e+00 3.571873885657362635e+00 5.355771912824037528e+00 2.067742433156606607e-01 5.737667708105013809e+00 2.805471974367969246e+00 1.787017711406953202e+00 1.968968416290121926e-02 2.632788387098904392e-01 3.020130535638572589e+00 4.149176290808359369e+00 2.040676953892252676e+00 5.083075141953082188e+00 3.326001308881624929e+00 5.147433166472414001e+00
7.691644789815472727e-01 3.844262829554914163e+00 2.592415842548713711e-01 2.449768802392465528e+00 2.891434657740907244e-01 5.336529211352777580e+00 5.037617755090964877e+00 1.558152424840112626e+00 1.845026757575015663e-01 5.575251789792057266e+00 4.435741307376313891e+00 5.932302128419892462e+00 2.689623119761253456e+00 5.938750670372538565e+00 4.638698272697904912e+00 3.218763990143686193e+00
2.589358852090928753e+00 3.519358025224639697e+00 3.746321469274502824e+00 3.867553017585882547e+00 3.165906638961655251e+00 8.102989986004129896e-01 9.385385658588535351e-01 5.460839755184028199e+00 1.946508741732833281e+00 5.564447475179243874e+00 2.160499813583515838e+00 3.236204824948530678e+00 1.811283738218896433e+00 2.834659434124878530e+00 6.761988259838803694e-01 3.570863021321635689e+00
5.966829855302951735e+00 3.320389423482696944e+00 2.787535537939246133e+00 3.614220294588061932e+00 5.588627080037978700e+00 6.258829012028542138e+00 2.623649164752713148e+00 6.236890661765351673e+00 2.028988681458194221e-01 4.073656504601718353e+00 3.166165166635765971e+00 4.412848058287301534e+00 4.559992565142927390e+00 5.282750384556497814e+00 5.363273036866926802e+00 4.253521682140257276e+00
4.411276854139816628e+00 4.664259815756012451e+00 2.665174062862700310e+00 5.080867682254316398e-01 2.508353407878628705e+00 4.498450486675078075e+00 3.585133161488923026e+00 4.347061435054045297e+00 5.346673915054585002e+00 4.410520846786970317e+00 3.379936026374860347e+00 2.500874099214534407e+00 5.111357447675261234e+00 2.658927093308049994e+00 1.496273944719233917e+00 2.439261056264086402e+00
1.719153110852276622e+00 1.163205214388669084e+00 2.786270071866305820e+00 5.366487054081526153e+00 3.487780918886307813e+00 1.201657721351591102e+00 4.321742884557806974e+00 4.198323613214246741e+00 2.721367584367516024e+00 4.716570208943838161e+00 4.023140253914076148e+00 1.661461747361641539e+00 1.785553400957238468e+00 5.701593465864664978e+00 6.266379645776829044e+00 2.786361296567657408e+00
4.175570509503030436e+00 2.274773418846463002e+00 5.071333347992504237e+00 4.390444030205886250e+00 3.330807806027265006e+00 5.090843462368530581e+00 2.047149096449824679e+00 3.095966166049773260e+00 1.438125930537583530e+00 2.574083514625170377e+00 4.431246368878658970e+00 6.177364849906885169e+00 2.437021872668537092e+00 9.439668870467676776e-01 5.517536364087328060e+00 1.155082145283209183e+00
3.332238864905117559e+00 7.901104078753491411e-01 1.208972022970686178e+00 5.077690320171841520e+00 5.113102458677319939e-01 3.180055508757093641e+00 2.912232212411544729e+00 4.013421368743951945e+00 6.154209913965215106e-01 6.050969471469707095e+00 2.089023781484367071e+00 3.911766964191665252e+00 4.008176162257012898e+00 2.055114081455467367e+00 5.387723245216630374e+00 4.812535134970258532e+00
1.543269079385672482e+00 5.262950706049467797e+00 4.493809165654500504e+00 5.905945597463272634e+00 2.025618401554473369e+00 6.076985611434945866e+00 2.109176545221131516e+00 1.671306680822565616e+00 2.714206423283755942e-01 3.934255899944644863e+00 2.243815355638043574e+00 1.392698264364381933e+00 3.852957329287153065e+00 1.617615403581197375e-01 6.036460283109737368e+00 6.142639974482576370e+00
2.159318692968578812e+00 1.752154898640840397e+00 5.581138003792381896e-01 7.491398534125075503e-01 3.569879384377128151e+00 7.999477721723523560e-01 2.692664189339179615e+00 5.999223253360576713e+00 2.419388754934346686e+00 1.743239725778279015e+00 2.909221912969278123e-01 4.355117881023740090e+00 2.892975825994399841e+00 6.030489193958951333e+00 2.820097735945230610e+00 1.594315742100313349e+00
6.025431437312505523e+00 5.468323578220369185e+00 3.017641240743478726e+00 2.313594722164975082e+00 4.180985852654927615e-01 2.493535756478426180e+00 4.496964354369048067e+00 3.142684876881792988e+00 4.630328483342730728e+00 2.304208979227275300e+00 3.872269723136293251e+00 6.093536903376211455e+00 4.009062951251493701e+00 2.560160469469468403e+00 1.428303206970811923e+00 2.045017058293269852e+00
5.677066465418742602e+00 5.589109650773476545e+00 4.998964244814951385e+00 3.986326452201189863e+00 7.979699014648561350e-01 1.217386724131795939e-01 1.194379442920696865e+00 5.048915099622635516e+00 5.617506517400387089e+00 2.489996216184605426e+00 2.738420280925401240e+00 2.379602632327472822e+00 3.968087078671534762e+00 5.697205779154716154e+00 4.327490631867882409e-01 4.173582828378786580e+00
5.269109394182740491e-01 3.975525451523121756e+00 5.947916660071628225e-01 1.448821908069650943e+00 1.530494980502191682e+00 2.170260430553142772e+00 2.762662872700288208e+00 5.874707209792896095e-02 2.085854817673456818e+00 1.774224610752605791e-01 4.857086768238445984e+00 4.042086257828665374e+00 3.156329584946447664e+00 4.556069903633571450e+00 3.807345765383804093e+00 3.366926431107677420e+00
7.358584971875514746e-01 2.670659529192577764e-01 3.858929278198959256e+00 3.014537524556654358e+00 5.670975457862895697e-01 3.125602807808605110e+00 2.934190635746198872e-01 4.961499974194224727e+00 1.522964375888428978e-01 5.339768684091336759e+00 4.071310511338777083e+00 6.028085977101738990e+00 5.839813184350055586e+00 3.181394919514213271e-01 6.217821925085213586e+00 4.271208148750051947e+00
1.100325761089196774e+00 5.619320799751360340e+00 3.732322320040073915e+00 3.882195200099994636e+00 2.352231363817740006e-01 3.940539099021629355e+00 1.886605083471860622e+00 1.153227054624259562e+00 2.594618462573246909e+00 3.196909568496779652e+00 3.309127226450107706e+00 3.876729499962766390e+00 2.267597467055054494e+00 2.703324014470997572e+00 8.019311694814628133e-01 9.959343800786744083e-01
2.401797495707784780e+00 5.801183167145909536e+00 3.464376051863308881e+00 6.016151291164629988e+00 1.118132039311874326e+00 2.874848272676101768e+00 3.799228642121219579e+00 2.704708451107395994e+00 5.745162077069529083e+00 5.880940103360950744e+00 4.507605935896684457e+00 3.831046767265432251e+00 6.096051798161753688e+00 3.868471868049710771e+00 5.568918915025633520e-01 4.209123651775373176e+00
4.527746618223576824e+00 8.798653359575638877e-01 4.078479050277126206e+00 1.059416053797229695e+00 1.279876279341939815e+00 4.655784535096608501e+00 3.453488552829357516e+00 5.750546727685353687e+00 2.441890022190891241e+00 2.063261074664878070e+00 4.664911709143435004e-01 2.642083460856708310e+00 4.795068993898644827e+00 2.712919866986247985e+00 3.827750537799631259e-01 3.868396439775888762e+00
5.682301532815081657e+00 4.329027337960092980e-01 1.166379590680196809e+00 4.219879286287843811e+00 4.098301813938827642e+00 2.977607421620513506e+00 4.325119777386977837e+00 2.206405689903111256e+00 3.100473195805265814e+00 2.539644948947727521e+00 4.535288082058879233e+00 5.391235116244631698e+00 6.192602990370457583e+00 6.220887722451152513e+00 2.328423548079723293e+00 5.948145064942340632e+00
2.257861579622213455e+00 2.217748625223374681e+00 1.575194026129885794e+00 2.770928493615012922e+00 1.614388453384520528e+00 3.508684067960964992e+00 4.857103587222081131e+00 5.446173771019005017e+00 5.474740082687739040e+00 4.571406981560737215e+00 5.480738078824473725e+00 4.466915522119244031e+00 5.063606586793135023e+00 2.380272219950474444e+00 5.809844332609181095e+00 5.322917562628457055e+00
1.463874626746618057e+00 3.359895229107285441e+00 4.157992208901898579e+00 3.873086917149763053e+00 6.042474586897073507e+00 5.021894084528846669e+00 3.684241852052837274e+00 6.084223223335816222e+00 1.536057047290924960e+00 5.561817141943254938e+00 4.301778995682986384e+00 4.414835538725218611e-01 5.163221264992639448e+00 5.115977426538134587e+00 3.195317732556656409e+00 3.648340146206188739e-01
4.890656419382811926e+00 3.264587148639764624e+00 3.771017714062935955e+00 2.972253783145848427e+00 3.856329309634763280e+00 3.359923559384600633e+00 3.932651222748613673e+00 6.089502747423448881e+00 3.020066028870783459e+00 3.908941758629663088e+00 1.586663843492495785e+00 2.358802395168084320e+00 5.268968588227965100e+00 2.053471429685265637e+00 5.666283347896646561e+00 1.241539930860455776e+00
5.399454654063765346e+00 7.112110119811194675e-01 1.946300792085856823e+00 2.247635331723011998e+00 5.764096996426782304e+00 5.599311742350947974e+00 5.706458337960426341e+00 4.877312571395579610e+00 1.241217411290790773e+00 4.120968473792522957e+00 1.480735941085204566e+00 2.108424808432386222e+00 6.749868948113682543e-02 4.179650243009686683e+00 2.362661047819587079e+00 6.118318859238442542e+00
5.437623995937208576e+00 3.183343561050702597e+00 4.680476962380512695e+00 1.265376875423397829e+00 2.319070637434951010e+00 5.691280473989499988e+00 5.848205584732317774e+00 4.766727937736457754e+00 4.521544748884226195e+00 4.576719501767989584e+00 2.835905083579123964e+00 1.617145627928123108e+00 1.812600219759042952e+00 5.403382275044368299e+00 4.800457037780484271e+00 5.597942046174403607e+00
2.952124993496403782e+00 4.214501689808317408e+00 1.937017394538578241e+00 1.003119667335510279e+00 2.807857153761376789e+00 2.696750696912921352e+00 1.277402503329192696e+00 2.405028006014175546e+00 9.624782889332924585e-01 4.348661240880837831e+00 1.013186892822570462e+00 4.148858086385110333e+00 5.969154990143390904e+00 1.672639817510763516e+00 1.915805897095230081e+00 9.820221465803680161e-01
