5.569983692489774985e-01 3.956945272845533434e+00 2.382384546932138303e+00 1.057011936737398905e+00 1.760688962699519911e+00 9.659039400248526919e-01 2.974578337799273164e+00 4.950204395451224926e+00 2.174352125211373110e+00 7.037090521120538122e-01 4.920805521946223671e+00 4.249977351391608593e+00 4.453441248285555432e+00 5.596223386978977032e+00 2.371233458856096377e+00 2.293600943318469532e-01
4.110511538812009036e+00 6.227188341848787445e+00 1.837728409837290577e+00 1.528861551920027706e+00 6.033301771727793472e+00 4.942581854715673018e+00 2.932986742913380240e+00 4.538605475861290373e+00 7.562548611499585183e-02 5.038903727927638521e+00 4.484661988907128638e+00 1.398956521599981739e+00 5.219833016508427903e+00 7.881990787777288787e-01 4.533453574527072760e+00 3.379762589564965225e+00
1.530660807675812363e+00 4.774836761737089041e+00 5.066368851874151202e-01 4.152756416043057008e+00 3.512332945716569177e-01 4.467206375441277189e+00 2.913977076269202104e+00 5.030090590664131334e+00 1.732389895709592453e+00 1.177432240848025113e+00 5.484738556452569469e+00 1.881328130804091447e+00 6.012588436263506253e+00 3.985925552546698558e+00 7.235924180700499253e-01 2.283396272140190142e+00
1.233066017903635903e+00 2.774133738823480577e+00 4.159340444206314213e-01 4.653979654304783331e+00 1.202435630153076307e+00 6.205228693556128050e+00 2.324408410655583790e+00 5.577497829040664712e+00 5.400619971392080387e+00 6.263570812423027157e+00 5.302333652744213310e-01 3.422957917319181753e+00 9.037568334741411524e-01 2.164050773180504095e+00 4.086624580057583778e+00 6.199824808349555738e+00
1.007206326231011806e+00 2.228806813261132724e-01 4.764136472238933884e+00 3.148063211666142003e+00 4.873147886770450299e+00 5.389121377035345439e+00 5.511988272823480806e+00 2.340912810159764046e+00 1.225560556195184780e+00 1.877014982378294450e-01 1.142021099777132509e+00 1.569421037614322056e+00 4.077383956021947142e+00 1.630068153238128703e+00 2.943825089424044528e+00 1.993693478476910030e+00
2.131556074017845859e+00 3.182695460392397813e+00 3.525086145742432731e+00 6.070979023795627372e-01 4.423428773335746023e+00 9.692267135004475898e-02 2.420535223227261667e+00 1.483032697935294131e+00 5.822797757272070385e+00 9.962007822471915519e-01 1.705065161558515507e+00 2.687152226234901686e+00 2.314722198478169901e-01 9.813845779546618298e-01 3.669989121626418882e+00 1.425553379448932234e-01
4.231444422919051540e+00 4.795199952320862380e+00 6.026414832505469832e+00 2.796690096821316640e+00 5.087318450067962239e+00 5.710635973970355828e+00 3.187699974324904595e+00 2.882997617555031145e+00 3.458149544219517146e+00 3.086437253913114631e-01 5.297839960114449770e-02 2.385874353398567127e+00 6.248871602821400195e+00 5.803540269968926246e+00 5.252467069832467139e+00 2.342298399558374822e+00
2.326855977076530468e+00 4.399405983984584267e+00 2.992644319779256268e+00 3.337412353198354609e+00 5.960490074569619878e+00 5.452146643651572866e+00 4.480598967024683965e+00 4.752386136502153580e-01 2.136464855803252405e+00 6.108704683134130065e+00 1.674453609128504938e+00 1.545456004521785554e+00 2.203286564768440758e+00 4.327937104714361105e+00 2.615212679335183754e+00 4.325245566055231805e+00
5.715602130479803478e+00 4.923403671074312093e+00 7.588527449702446859e-01 5.646853258887379878e-01 4.844637611093491003e+00 2.704392157939804697e+00 2.312749607858766154e+00 2.390478995238582538e+00 5.903645099619395431e+00 5.929677014385254630e+00 5.060768297490896295e+00 1.259588417719200937e+00 2.513064462346511707e+00 6.022450073704899154e+00 1.681688890723722851e+00 1.771224774168443039e+00
2.626416042104877668e+00 5.712460649180516548e+00 5.527013123912427162e+00 2.800550232121411742e+00 1.491422937564079065e+00 3.818754081225839148e+00 5.783147123870867823e+00 2.311341123046002366e+00 2.132973310156350610e+00 3.692089487128137559e+00 3.100213826296317698e+00 2.954226674697995492e+00 5.998531931289302399e+00 1.997799094800860598e+00 3.046561299082393148e+00 9.427640825397978208e-01
5.483927679339782868e-01 2.647281463448702521e+00 3.045745545952917577e-01 6.033800595097534192e+00 4.802650141991227528e+00 4.745758231468262256e-01 1.560163745108721356e+00 3.123360034357700155e+00 1.088738911904466811e+00 4.420887631960007669e-01 5.582035902311534237e+00 2.332067005890435141e+00 1.254168199153007590e+00 9.543470431429642575e-01 5.234796262294882929e+00 6.165341329670691373e+00
1.477537468149518807e+00 3.426186695403573346e+00 5.304218892594799506e+00 3.209611539309120243e+00 4.972520483021379833e-01 4.064070739075098082e+00 2.555151232136185779e+00 2.107013877233428367e+00 4.149151381919299553e+00 5.620944010574549843e+00 4.496356980322360641e+00 4.870616787480429366e+00 4.590771861061755388e+00 2.961617840327498419e-01 5.766743929529980939e+00 2.697567541072732666e+00
4.169883529870212158e+00 3.305707488021658591e+00 5.205916456577996954e+00 2.787943627383994816e+00 3.670071765535597996e-01 2.021750147350716009e-01 2.017261694331632160e+00 5.387366417817094799e+00 4.661941704717240675e+00 6.206118700434668511e+00 3.857555552885034711e+00 4.205317637125308844e-02 2.534013976265944379e+00 5.797745897649778435e+00 5.983626795905466755e-01 4.783656931342110674e+00
2.002775633136658406e+00 1.869684132500563645e-01 1.408289441485446769e+00 6.237891160972421467e+00 8.593270578176026575e-02 1.608880042181941361e+00 4.179327808328329397e+00 1.753107216826104431e-01 4.285809760348028519e+00 1.422961057826297171e-01 3.981599037597542079e+00 2.739459419974710208e+00 1.063528554258352798e+00 4.646510389732316781e+00 6.103880124051350720e-01 4.453740175997899509e-01
3.156524865831922710e+00 1.095111469893269129e+00 4.971888976129926085e+00 4.159784544757321179e+00 3.127187463994569150e+00 2.224736092626701467e+00 1.485485505026454378e+00 4.502787339242007469e+00 3.381105130518179180e+00 3.814050817773842805e+00 2.189857779153621564e+00 3.421702620973835263e+00 1.896146536638809055e+00 1.884804265870856144e+00 4.838585483659445075e+00 6.007459322449122396e-01
6.066811899319561441e+00 3.035231155479213960e+00 4.519088679755935090e+00 6.106145583097813301e+00 4.928806713476251211e+00 4.830949315393981980e-01 5.701340528899852877e+00 6.023901747056746858e-01 3.343860982379287083e+00 5.872344370087462906e+00 1.056069752039273002e+00 5.024817949167408315e+00 1.599915182772193134e+00 5.497320364950827098e+00 4.103118228439908144e-01 1.798736385801988691e+00
5.485119438512188195e-01 3.773009281204135146e+00 3.377571627759829109e+00 1.061401338884087719e+00 4.406153534694824181e+00 2.287803241554545508e+00 5.916823278997148661e-01 8.299348034224769410e-01 4.191964983568098546e+00 2.702867229792858428e+00 1.173683306187504938e+00 3.006392475635264905e+00 5.637506273220162178e+00 4.990180564901292470e+00 9.134827249582748443e-02 1.785163574697830269e+00
4.234055655554654685e+00 2.491327105965027044e+00 9.459985109429993599e-01 2.700730796670716582e+00 3.579675776393780318e+00 2.504238252289405775e+00 2.072100475610690218e+00 2.085332905045542251e+00 3.734206199899658962e+00 4.292768891209004956e+00 5.552691891533598767e-01 2.091554108636627163e+00 1.811827705322259563e+00 7.119953962413905213e-01 5.100595558130989637e+00 1.488460230173414667e+00
2.806579974212323747e-01 9.842403338223855158e-01 5.846232995454609949e+00 2.517123350858037623e-01 4.571985237833339211e-01 4.389283256023091440e+00 3.912371795366262006e+00 3.534686063254643074e+00 1.704979239126919621e+00 4.144601373795487653e+00 1.235296521691284566e+00 3.405865219241451580e+00 2.961465041827481048e+00 3.489804700511248026e+00 7.743542474536070364e-01 2.816586969160308040e+00
1.894753430008017103e+00 5.651737663852182125e-01 3.831900048369751399e+00 3.504327500122865757e+00 1.545564123778971233e+00 5.239558359140827903e+00 2.279791989128156171e+00 1.378193414868373601e-01 1.902221044911278192e+00 5.514316704024867732e+00 5.658614112187535738e+00 4.014608449308926019e+00 3.400115708380261115e+00 5.699097805358111835e+00 3.135838543467601269e+00 1.733072759741517199e+00
1.717257211781713311e+00 6.265359212253308385e+00 3.014136174223914555e+00 3.439211777015702243e+00 5.234823655672622422e+00 4.766510222110081685e+00 2.870556637117368748e+00 1.850384441235157107e+00 1.891992594230063052e+00 2.481634354803272213e+00 9.348134807821353309e-01 1.164793898639222114e+00 3.898589138442987156e+00 5.578654753245689157e+00 2.210533188597383347e+00 1.181827299141170462e+00
2.232816611193624734e+00 4.231009666905023003e+00 1.686904774704376830e+00 2.805603863190194058e+00 4.862297107559077625e-01 5.766305652200641063e+00 4.484487745453881402e+00 3.753124931901335337e+00 4.734345319582958234e-01 4.874592029386167757e-01 4.256948800297757352e+00 1.598310970560588906e+00 5.981401389278623526e+00 6.206028813634762109e+00 3.851365112837229709e+00 3.436250335946348655e-01
2.554989206611548713e+00 3.149447065781726174e+00 5.044722409771190463e+00 4.872939532288446784e+00 2.403676437780171149e+00 2.789048912001611757e+00 1.577117448742393346e+00 4.940280674704451869e+00 3.108480378491488061e+00 3.628473484870705423e+00 3.862291105759014798e+00 6.221688060770720341e+00 1.532581316958309792e+00 5.552651653081019933e-01 2.251318049025338386e+00 3.324347794269503886e+00
1.888811397495488986e+00 4.219423479500090224e+00 4.253699410362303368e+00 7.818417162325657088e-01 3.636614212435949511e+00 3.272784166360841684e+00 2.271511013835955772e+00 4.218633992744824646e+00 3.225880760697038774e+00 3.787676904600588479e+00 1.446309752089218081e+00 2.284880489081668742e+00 4.180850715521001071e+00 5.938017362659105736e+00 2.285367564817486485e+00 4.414384136954720539e+00
5.832984703072801480e+00 3.003732533849913455e+00 5.867670164382813303e-01 1.857356467905001196e+00 3.549545217306884215e+00 3.733560043318217225e+00 5.370488383443091429e+00 1.593467412299281794e+00 3.367849138218366623e+00 1.052487604471760152e+00 1.693847102547946459e+00 2.569270018545867895e+00 1.706604949371292035e+00 5.094748599074143236e+00 3.699593261212541506e+00 2.999266592815081012e+00
2.394589135830726412e-01 4.063270997953367214e+00 2.575660060392741535e+00 3.835343802332732199e+00 4.156779057998016835e-01 5.238227937537780932e+00 3.089060725300345034e+00 3.492934096525983190e+00 2.474176879978529975e+00 1.188152507280578307e+00 6.263033964728196956e+00 2.612924054461440271e+00 4.293133334637945886e+00 4.321606737986639857e+00 1.648794804184846363e+00 6.020539204186091675e-01
3.373737603561910436e+00 3.812913604983702021e-01 4.421966650613284422e+00 4.575099264328143178e+00 5.108777395372758434e+00 6.136627854331051513e-01 5.367491173210347633e+00 5.273989640001726542e+00 5.601592623574870089e+00 1.102532537629691417e-01 6.233597750207897636e-01 5.124769329109835958e+00 1.209237590528720041e+00 6.179760584915836574e-01 5.302414764946341563e-01 1.211384003214029503e+00
4.438735763038281767e+00 4.644817679128773413e+00 3.115830147256053451e+00 5.930515985645389065e+00 4.221050337021714505e+00 8.750322214108462449e-01 5.058674089967828635e+00 3.951119969134863297e+00 4.585786648506352314e+00 1.907539073536595575e+00 2.158112384904491421e+00 5.844961281349107196e+00 2.919777095573475645e+00 1.571497211900431790e+00 2.296003345165089193e+00 4.040423807108892262e+00
1.761490842652193578e+00 1.032660063621440694e+00 1.115984955589719885e+00 5.741757081654531802e+00 3.563797844176279650e+00 4.748151930768313100e+00 2.316873969217565776e-01 2.328905534962109947e+00 3.760739403149143900e+00 4.622156303174159042e+00 6.236148132764643748e+00 1.620682845647714698e+00 5.893014956012107675e+00 3.873931514548617283e+00 2.899603701380822685e+00 3.302196605541078522e+00
5.797987263838487060e+00 3.692942226787857773e+00 1.553522872655098253e+00 8.353806061997935961e-01 4.779454495013772508e+00 3.272932198336913512e+00 2.910700645474559423e+00 2.219277821541980611e+00 1.768574457829611868e+00 7.770272127621664637e-01 3.608043561612607864e+00 2.692927681229976056e+00 5.065014776077402914e+00 1.658570966199452767e+00 9.111698014262413770e-01 1.660041763471892029e+00
1.726294982975345560e+00 2.854885700504442347e+00 2.392607915046359501e+00 2.652407409820122464e+00 2.084678711305223864e+00 7.416615771307194516e-02 5.800694910432627971e+00 4.189317283564951033e+00 5.288312076278205431e+00 3.692368106547229800e+00 1.404091639762224508e+00 7.330438085187352959e-01 8.733555371244483556e-01 3.834572120818446006e+00 3.319760337210786005e+00 4.797337062443942091e-01
1.299146415058131332e+00 5.146316486456171013e+00 4.957596974395011458e+00 1.074406929452180748e+00 6.260002461091666248e+00 2.620724977680084056e+00 5.980132893069819211e+00 5.903937795633903640e+00 3.154421490781336157e+00 4.794577090139939379e+00 7.766400071490578982e-01 4.714103326813234851e+00 5.754124874901419773e+00 4.406061471417428876e+00 4.151214623764008849e+00 9.279599371580627976e-01
