2.775464355582210718e+00 2.572214876057192345e+00 3.568503068204694539e+00 3.697164178450423666e+00 3.967965282623362455e+00 5.475385062302804862e+00 5.764864955931940038e+00 5.081011558003589723e-01 5.590246104764389212e-01 5.572250230221235112e-01 4.287643521091250243e+00 3.696838433482141806e+00 3.801224049870938870e+00 3.918389020815764123e+00 4.795869802313720953e+00 4.168172532994121049e+00 4.332769423059558811e+00 4.699135060327643387e+00 5.280933576626141601e+00 4.713260825213898997e+00
2.858834257483944707e+00 2.475824409949541671e+00 5.264926368307789595e+00 2.284655903456568105e+00 3.883677467745694223e+00 4.210354800284726196e+00 3.468115479683841151e+00 1.509272989496340589e+00 3.600967335973686456e+00 4.304849098875591196e+00 9.033871344186410468e-01 6.270164025488473847e+00 1.717774432147641583e+00 5.869430493183484643e+00 4.747791739128115474e+00 2.326860905456872075e+00 3.125468418246155178e+00 4.559805101194683630e+00 1.902084763650884192e+00 3.656685347417014675e+00
1.994008783381623906e-01 9.213913899398026297e-01 4.152594883318543317e+00 2.950970139357700361e+00 2.544563587000095772e+00 1.571777756157464179e-01 5.827798750471763434e+00 9.487500690092575129e-01 6.135344804211302794e+00 1.908394371542804918e-02 3.161358244369010251e+00 5.014333490755984890e+00 5.772049988502553575e+00 5.514687452909708965e-01 4.157100130539171379e-01 5.364155654721839639e+00 2.517826294285229749e-01 3.667666555737471246e+00 4.386002331439227575e+00 1.998260490061539052e+00
4.405226113824506129e+00 2.213795091772879253e+00 1.754504446575220644e+00 2.313923114586584617e+00 2.991750700653069472e+00 9.245057340288425074e-01 5.312591483472694165e+00 9.858081347940642614e-01 4.958934063939448578e+00 1.553469558720907528e+00 3.505970540179093042e+00 4.655063889587040649e+00 4.345993956650119117e+00 3.604523246268629411e-01 1.744061866761025675e-02 6.255054430031290913e+00 5.742554327891952859e+00 3.990324971039625052e-02 4.031741472085535349e+00 1.855569851017214944e+00
8.261037465417709891e-01 3.112724928007948755e+00 1.994613040115090774e-01 3.503180028323614525e+00 2.453858377747181407e+00 2.178315155654243274e+00 1.012783687110522024e+00 5.242162696112162568e-01 7.857727318254047466e-01 4.548072488446152306e+00 6.102103552379502638e+00 9.342753823183878037e-01 1.769960756599888496e+00 5.040986428373201989e-01 2.929241624667207056e+00 3.099277187152992497e+00 8.393941521810417694e-02 3.287053228843312525e+00 2.919405726391528955e+00 3.433609113916245015e+00
2.236370094439600553e+00 5.588945163429194229e-01 1.888755883208038222e+00 2.160405808327233057e+00 2.174974919596065259e+00 2.840223009994211179e+00 4.313475403952765852e+00 1.925341790432637090e+00 6.082997049019498448e-01 5.404833249001146367e-01 2.566384882135900547e+00 4.974552434629353037e+00 5.948853177799787062e+00 6.121513322222966735e+00 5.613917528022903447e+00 3.861129153217659038e+00 5.704514712043029512e+00 3.932943668365598722e+00 8.111419070124287201e-01 5.339708336221977270e+00
2.557119125768429591e+00 1.322436733713443724e+00 1.046039818152926459e+00 2.873797012740186396e+00 4.398724031179233190e-02 8.127005653592751788e-02 3.943646246115707577e+00 8.799431807325386323e-01 3.095078825975956516e+00 3.587664089819734947e+00 1.993746884759914018e+00 2.924087912956812030e-01 3.051625668566201877e-01 5.604856354267638840e-01 1.035364748383159617e+00 4.136671900901544241e+00 4.370195380654612549e+00 5.156018818215366117e+00 3.216002542086215943e+00 3.527107058799119343e-01
1.150655465871460947e+00 2.967961761319454439e+00 1.301807284893486738e+00 5.992380266258768629e+00 9.503010287657615018e-01 5.691821386963697549e+00 3.484962236197497010e+00 8.007270197168463444e-01 1.091239771518403012e-01 2.936055205259777701e+00 4.017426853176364610e+00 1.617048318227321868e+00 3.193555518381049563e+00 3.786750701605968494e+00 5.031434417409884396e+00 5.191110465155858833e+00 5.078403787130173264e+00 6.061220639912680674e+00 6.091723556870168643e+00 8.166671187332563697e-01
1.301960581330854572e+00 1.219246522846121117e+00 3.905097944870282056e+00 6.272034169386186520e+00 6.096063916760904533e+00 2.601747353108323058e+00 2.252154962897985335e+00 2.181544242369841236e+00 1.730415781332782510e+00 3.942972225931462127e+00 1.167165893453376180e+00 2.820251677922744005e+00 6.122815845835260617e+00 1.692180804561017604e+00 2.085470612555021308e+00 3.580662102929258683e+00 3.932874061400870147e+00 2.070898277008586863e+00 5.171967035331021201e+00 4.384416007108250746e+00
3.613325182808862390e+00 6.118160101297334563e+00 6.098000856708677198e+00 4.143146235132759259e+00 3.090401982118088142e+00 2.887230972101835658e+00 5.313180709172269367e+00 3.046545848103792586e+00 5.919471576397612456e-01 3.294098513930750372e+00 2.325193366826017183e+00 5.690293768919646444e-01 6.784172160636897653e-01 2.318616442100435382e+00 4.279518387186169170e-01 4.717234697430582990e+00 4.649180511824461348e+00 9.011094680716045247e-01 6.181954156849476689e+00 5.229824703797178564e+00
4.897127211034503880e+00 4.136720893019581347e+00 3.920654204035913359e+00 1.122711357547766797e-01 5.139272374837068114e+00 5.771059200839114389e+00 2.704375475760038006e-01 2.640430835911284912e+00 3.186683174179286482e+00 1.230291786156192391e+00 5.811378586744799790e+00 9.936302886490541719e-02 6.173150622455867431e-01 3.615242221692021030e+00 3.581510015374238076e+00 3.461561931620734889e+00 2.587865934137284718e+00 3.199494481543901259e+00 3.232868911694302128e+00 2.770743209464520129e-01
1.870431882832509274e+00 4.474395254523685916e-03 2.659611137605966569e+00 5.195622143029620332e+00 4.735898553609181327e+00 1.506693272339481915e+00 3.735337023867684181e+00 4.914701031179051327e+00 2.706025456542950902e+00 8.792668332208923854e-01 1.339784185522448157e+00 3.350549812646993697e+00 2.328144622688806731e+00 1.343464768483692451e+00 5.171833238632053131e+00 5.872592802451820582e+00 4.332625105389197984e+00 7.738562604699766867e-01 1.756223028761170868e+00 5.218414328073833985e+00
6.249744633434858976e+00 2.808018392768268257e+00 3.499246128968624525e+00 3.752902734776804916e+00 4.770200175769152118e+00 5.738549380298496594e+00 6.278639517869911479e+00 5.535161968996012760e+00 4.845069397680932255e+00 6.237680566721542696e+00 1.438930737509934055e+00 7.465317553491107594e-01 5.319497309710612853e+00 1.781842799420983114e+00 3.361149832777966751e+00 3.960431247960696677e+00 4.534065865097852921e+00 9.730465602300051309e-01 5.840558977093194271e-01 4.855184177855362826e+00
4.506017474710758641e+00 3.247403639869181013e+00 6.248331610358196286e+00 6.861644268139314162e-01 2.253365570746941604e-01 6.034738947867172243e+00 3.921160382350903806e+00 4.201267909759718755e+00 3.316761976051442407e+00 3.185194777068536709e+00 1.864023257226192554e+00 4.571167994367331566e+00 4.920647126454434250e+00 1.713679471106555274e+00 3.847069116895758700e+00 5.879674312144492099e+00 3.221417902482412110e+00 1.448053942191661614e+00 1.234220826472696375e+00 1.131349534074874041e+00
5.453277283646433382e+00 3.958288598564017491e+00 2.444482549128606727e-02 5.153604845646275301e+00 5.972828203610230702e+00 4.199190416225595079e+00 3.891463684238302356e+00 5.477969893306030791e+00 5.838321083972379810e+00 6.024825885533817704e-01 8.052475518949493427e-01 8.048455964162366527e-01 4.638338015901154243e+00 5.663565676464783927e+00 2.856191965485559869e+00 5.756136446385741401e+00 4.373154778137989140e+00 5.736648991119049690e+00 8.999422206175396177e-02 2.987432879232670979e-01
2.747413739029136881e+00 3.908813704512100529e+00 1.139197609943065626e+00 6.652013126310357682e-01 2.407752567133587984e+00 3.871132904014930265e+00 2.812658350077606340e+00 2.039990051697096352e+00 5.349614789995333020e+00 3.450454516118464543e+00 1.924008259223944695e+00 5.023021678450779959e+00 9.297151532575301802e-01 5.049361534058886214e+00 6.119321428609426405e+00 3.208735797829653347e+00 5.252059718146653289e+00 5.069388753377247703e+00 6.083479350391687746e+00 3.294917345833746403e+00
4.022936029660929336e+00 2.293180033508081639e+00 2.610233639947205475e+00 5.863658172222725007e+00 4.378526715421701354e+00 1.945642019477154649e+00 4.788789424617797330e+00 9.848685391702604042e-01 3.717298214429182401e+00 3.096090232909231688e+00 1.844052169793261475e+00 2.389937182329092913e+00 5.023990004514814478e-01 4.585054835931893891e+00 3.304963983520408100e+00 4.191165693500463085e+00 4.420695559255788387e-01 2.710902978267976660e-01 6.084785600563827224e+00 3.724434495222804120e+00
6.511683017190744716e-01 1.876684370947405922e+00 5.102566105144084041e+00 6.954240836922978009e-01 3.362391605444791765e+00 5.115104859626427469e+00 5.471405138076016250e+00 6.063574046123953565e+00 4.069992440211202656e+00 3.985287945476647220e+00 3.974096313273656755e-01 3.016518674636115449e+00 4.263073192978722226e+00 5.210927857032436883e+00 1.017999891250515043e+00 3.604994001676505189e+00 6.086814872777660312e+00 3.062701079929185166e+00 4.986649836333280739e+00 3.459882056122512317e+00
2.013493721551057047e-01 4.943919916993640307e+00 2.023999482287413887e+00 1.824948622595340630e+00 5.158441664576073116e+00 5.190473214807195035e+00 3.882241564476610618e-01 2.242449647786647571e+00 5.877637480531102021e+00 2.915584810163363016e+00 6.106471753174743000e+00 4.798390838894531996e+00 3.639894373809395844e+00 5.975965285477993660e+00 4.111691774659923304e+00 2.755138549532575976e+00 3.460573372903031242e+00 5.969461212154825169e+00 1.014812210041654839e-01 2.072678297426203464e+00
1.400981415691461507e+00 6.245535834701292366e+00 4.547849047854716886e+00 2.414145604191274330e+00 3.733947678709217399e+00 6.008099426193825643e+00 4.945628533201738009e+00 2.087844918195099542e+00 2.685213638812588233e+00 1.743355556569694542e+00 5.439349996625636230e+00 1.128325036142197701e+00 8.889721118864801763e-01 3.462199173171510491e+00 3.540495291967475033e+00 5.480630900552110885e-02 1.682931784842325529e+00 5.021526130463965093e-02 3.578265603381319160e+00 6.018835603831031555e+00
5.414452171498183475e+00 3.140830058805470504e+00 4.385854021035680006e+00 2.297993928357698223e+00 4.239507415875664265e+00 1.177563680732574003e+00 5.137447824379483663e+00 5.087746905140027032e+00 4.948390576680467667e+00 2.207850671848479163e+00 7.588945679756324836e-01 9.849408291961385398e-02 3.334499462868660835e+00 4.294667002206321027e-01 3.501310812849263154e+00 4.546840487936145703e-01 2.988623316528170815e+00 2.211742754730718019e+00 3.400693290252233547e-01 2.620039772321024696e+00
3.244320531044622147e+00 4.788444689395947584e+00 2.510559547876872077e+00 2.021668704937300554e+00 5.765776322874750726e+00 5.521907865493156820e+00 5.256423051269281999e+00 3.361069921360199331e+00 4.026038090083977616e-01 4.391633845935542624e+00 7.851383554472409765e-01 5.098339059020958963e+00 2.598426156306294477e+00 4.071124655019054295e+00 2.254496898991356968e+00 6.172351839399711437e+00 5.058547055579121654e+00 4.475336247662788480e+00 2.133843505118757644e+00 9.518084722373881812e-01
2.740889264029264250e-01 4.777861008624673111e+00 5.189337657410789006e+00 4.430722542332514280e+00 1.305938720542558107e+00 5.521689082091158163e+00 3.884997586727664487e+00 4.213240174038562991e+00 4.545250855703819148e+00 4.176672462316088463e+00 5.694376405986080414e+00 9.365780207198998175e-01 1.936845242329471972e+00 5.631841678855074029e+00 4.634774731092657696e+00 2.318125381279182995e-01 5.445277130930444187e+00 3.057309643887911488e+00 1.957184789222049082e+00 5.136557880132863296e+00
4.766061154580444104e+00 5.791153499977791164e+00 1.609789233461520697e+00 1.254771481628082386e+00 1.856666227454556450e+00 2.123880973230182878e+00 5.693959918637359063e-01 5.890710419972646328e+00 5.050134993733972344e+00 5.556166742883398291e-01 2.319812250624112282e-01 2.257341333446692133e-01 6.746750742386588007e-01 5.874454199546702782e+00 5.541105154221637186e+00 2.140891815043242108e+00 4.289979960221962152e+00 1.733730838640893113e-01 1.760046285545671330e+00 7.723247438209599469e-01
1.266721379768018518e-01 3.315177213298422298e+00 8.295766378407098962e-01 2.047897462716772449e-02 4.589521467609132266e+00 2.240054095171272852e+00 4.664497570368737023e+00 1.948042734250756913e+00 6.641329834962917955e-01 1.418026678619367598e+00 5.517758150470545964e+00 3.482029116516932032e-01 1.222034654613532778e+00 5.082776671580177208e+00 2.437463197596131170e+00 5.040670324892547960e+00 5.663443258740556985e+00 5.885722505868161925e+00 2.347581441940195468e+00 6.071704618104617701e+00
4.260804114735494252e+00 1.316819375040618079e+00 4.709790011959596789e+00 3.265342135117352829e+00 2.666625338369088993e+00 5.801296072819463134e+00 3.658091693483461526e+00 7.613426171419771134e-03 1.119953477344070913e+00 3.623628685000764182e+00 3.936053357396219976e+00 8.301631321195134250e-01 3.207455596460204728e+00 1.131178102887210324e+00 3.531861041879660323e-01 3.231796179783539280e+00 6.076253602337848392e+00 1.454895688171597978e+00 5.547889952712663941e+00 5.612402860436855434e+00
6.084247912940830005e+00 2.317043082991695702e+00 4.696841438098468657e+00 5.990329623952021620e+00 7.084189270220954127e-01 1.113120522712690796e+00 6.054236205370937540e+00 2.530096597312147200e+00 1.529320856208904456e+00 8.040060404841826991e-02 3.903411871747436646e+00 5.167754141434606652e+00 6.097666172829427467e+00 2.169717758974093247e+00 1.174442937800125097e+00 3.545506018351711197e-01 2.722756579560609680e+00 5.214458906378376390e+00 1.391100475945977966e+00 2.649031027057012988e+00
4.783684149034616695e+00 4.217734526052914212e-01 2.596040204834900722e-01 1.191094333596296906e+00 1.721395580305815409e+00 7.073794437519004275e-01 5.145687810060818990e+00 1.568293228224046487e+00 1.877505373297210456e+00 5.055559031633215739e+00 1.336540592151409301e+00 5.202344199931411950e+00 5.993320092027446755e+00 3.621519635888899580e-01 5.948741175193375419e+00 1.856094641309673277e+00 2.111847267134753459e+00 6.799567083391525601e-01 3.303425266626424328e+00 4.495618206195619138e+00
3.824350375162478333e+00 1.683349322793494585e+00 1.616847453871484763e+00 1.779377826566183263e+00 3.490128450121245951e+00 4.265085526513389347e+00 6.266765588389958674e-01 8.681284701452069985e-01 5.682066937817533692e+00 2.317913577019373506e+00 4.385687751519848021e+00 4.674513693555338634e+00 1.139614710870922920e+00 2.161359674980535051e+00 5.786631353594815508e+00 4.532914933644745403e+00 6.263388395854986967e+00 4.883727614887895641e+00 2.263962165438438312e+00 1.751143802790897430e+00
4.378713874543270990e+00 3.965583227065553995e+00 2.874624052618945491e+00 6.156960287684958288e+00 3.683582259505022716e+00 5.934372176810175148e+00 9.022575967232957517e-01 2.251088749057927441e+00 5.642575673519528934e+00 2.349681201143476894e+00 5.282830986062704959e+00 5.319449097935497583e+00 2.922656929773385759e+00 5.367152786889214156e+00 2.298357640034867977e+00 3.489523422194880098e+00 5.432521284788812466e+00 1.949633470822047077e+00 1.293408046971482817e+00 5.953982892214336964e+00
1.270696208962982299e+00 5.907188211882176354e+00 2.907453671507229220e+00 4.775151635339634382e+00 1.460283534544084771e+00 2.080578160765249596e+00 7.108879464355462030e-01 9.351055106684762475e-01 2.810040097884907162e+00 5.778081114094749671e-01 4.834677457336542084e+00 8.766566747599725540e-01 2.678155465970117000e+00 3.835225557966213672e-01 4.100097980285746679e+00 1.868656719186778892e+00 4.269603591226914574e+00 2.526229674749485898e+00 6.907961566621855232e-01 4.256354371099456135e-01
5.330855918211337752e+00 1.819881048439146554e+00 3.030253230976837298e+00 9.900183234655979270e-01 4.936796248848950519e+00 2.920913015086012976e+00 3.597383512469674915e+00 2.516101954372616523e-01 3.584089407606190214e+00 3.142590412246720977e+00 1.089372653384370393e+00 5.922130879522023328e+00 3.408178110308051956e+00 4.150415653697582030e+00 2.228069128373919128e+00 9.155603655270404539e-01 4.287528272246544425e+00 2.564862578202724563e+00 1.736717075220467477e-01 3.706443533703151605e+00
