1.587604667974466810e-01 2.151417032678207608e+00 5.894110804772552115e+00 5.339558335091060953e-02 5.231336632767689121e-01 2.102186014788116619e+00 5.504939829720713718e+00 4.004002955581007939e+00 4.095770166802365608e+00 2.556848541589057611e+00 3.928155664300725380e+00 2.260753945695990197e-01 4.941765925474133958e+00 3.444789788786263074e+00 3.920089911913394953e+00 2.433692249132938912e+00
3.463874236648011529e+00 4.980676832651305119e+00 4.324319621592502827e+00 5.530523222525633997e+00 8.190180112561796788e-01 1.258620793886469968e+00 4.341510652083595545e+00 5.702210024038492087e+00 5.258460593915059711e+00 6.044819204530870849e+00 6.208463376803295297e+00 3.569771511633830219e+00 6.974585432675865782e-02 6.004311790566976725e+00 2.498845527387685284e+00 5.770039513234940465e+00
4.008724665001330290e-01 4.976065854295970148e+00 2.465045726609736310e+00 6.040011281632019724e+00 4.727252414588996032e+00 5.934998208319497870e+00 5.599900954949295517e+00 3.215550187185578501e+00 5.879040804802126985e+00 2.308722525590256591e+00 4.027549599741485631e-01 1.669424947328609132e+00 5.301318399086100974e-02 1.295213399287500788e+00 3.774456896769420311e+00 4.977656289049299687e+00
5.410653470664608111e-01 1.315964348653585470e+00 1.111480486362173448e+00 5.913005857241056873e+00 6.090252388098772229e+00 2.442732409692772055e+00 3.088936863622684825e+00 3.660801102678705732e+00 4.682597722149295372e+00 5.689754062074360519e+00 1.968089990976731762e+00 3.006964114008169986e+00 3.717759266860288125e+00 3.076227312319993690e+00 1.337783126345387874e+00 1.384334256399700758e+00
4.345481792807240673e+00 5.779765811910271722e+00 2.605917384650358049e+00 1.899795751618358786e+00 5.350465658004556424e+00 2.672979016869514002e+00 3.993205888239074408e+00 4.002808734541362767e+00 9.221322594413785545e-01 3.500833509292903933e+00 3.080719200891348653e+00 2.223168536777307303e+00 4.161065470757533191e+00 1.639225842057292049e+00 5.819953364550546127e+00 5.644245008929146268e-01
2.234889935594097210e+00 1.703269203400785692e+00 1.055728682578355615e+00 1.509655482594382203e+00 1.027564416707494210e+00 5.635158621400783829e+00 1.277246305690216355e+00 4.399518616766024515e+00 2.526516122716059076e+00 3.546816254832967807e+00 4.405126555019811541e+00 5.041425013269320132e+00 5.376910686845184806e+00 5.146326661576634542e+00 1.482196164667500149e+00 1.383104113229941756e+00
3.184180074868015797e+00 2.291352545827450182e+00 4.347827533825768143e+00 3.086782694587649978e+00 6.004752633782310944e+00 5.358402530325247604e+00 5.783558531059202146e+00 4.589876960005464746e+00 7.061503894855810648e-01 3.904091092085952397e+00 1.413818813499620575e+00 1.762842892901814507e+00 1.795645465718021416e+00 4.878114105830841929e+00 2.420922702351697708e+00 3.014266518220058533e+00
5.934833710384341821e-01 5.684174358246929515e-01 1.719483065198774030e+00 2.951263351985727312e-01 4.879314901867722654e+00 1.597301999153394547e+00 5.179967923593870260e+00 3.613513948600537873e+00 1.620184495023316407e+00 2.781246171528121369e+00 6.844555080840625250e-01 7.441686464108053789e-01 5.526561896928740003e-01 1.394488355588752171e+00 5.060685033289803458e-01 5.388706973677220624e+00
5.968619851640178275e+00 2.874224008209684378e+00 1.050354249214171087e+00 1.115003927833095182e-01 5.446707277882282483e+00 1.003191832484530144e+00 5.268659781540264930e+00 5.100727857388851483e+00 2.258810228668584497e+00 5.513753061453044779e+00 1.712600203661060361e+00 5.099236515361496913e+00 6.856244245014739835e-01 5.876258040025105878e+00 7.404531031772630945e-01 5.704238820837240986e+00
3.949438465147607769e+00 2.312325797618430823e+00 2.942500998475418239e+00 3.632075032846026730e+00 9.096916370084390246e-01 4.879517680866095830e+00 1.630520635782498173e+00 5.404882934903238123e+00 5.596356431170184997e+00 2.314703707617585593e+00 2.813203728853646446e+00 5.050038810728640470e+00 4.943942669063789097e+00 2.017386758112493239e-01 1.124126307570439520e+00 1.693543072047476672e+00
3.136064941173950515e+00 3.324304330931729279e+00 1.103962827616802533e+00 3.537492284436543510e+00 5.843778411492413838e+00 5.446906828466093309e+00 1.374162646018061595e+00 5.984508919784448544e+00 4.130225176634250150e-01 3.939898536430270326e+00 4.049450781254228637e+00 3.672099572265250522e+00 5.990255074575239647e+00 2.495314904874971429e+00 4.956426687755828731e+00 2.022149318275281438e+00
4.980965593694598681e+00 5.545886289109271949e+00 5.869636825486204579e+00 5.582737327431243735e+00 4.089582412629196639e+00 2.920806880240419012e+00 4.484357173622191439e+00 4.563545707147998454e-01 2.090282984728673021e+00 1.699245866378986003e+00 4.578995208750940016e+00 6.203339168695456429e+00 5.933201238670064548e+00 3.589614799362783604e+00 2.180420560426597820e+00 3.471614902911540623e-02
2.892566498156735388e+00 1.749230778924923679e-01 2.835481061466831321e+00 2.122499064749499897e+00 7.342890089908448159e-01 5.013155822684874252e+00 3.112787348593033965e+00 4.873944323296287351e+00 5.879800382195713659e+00 5.776088443000698902e+00 4.741950217899545628e+00 3.741553440841434153e+00 2.761800631489573554e+00 5.481114952727801637e-02 5.562799394991691848e+00 1.786016843480849214e+00
4.914585327780698343e+00 1.721339588008324428e+00 3.943996519954192870e+00 3.590816074544799008e+00 1.469849897833002794e+00 5.200952842558075773e+00 1.239004266645587382e+00 2.364453597012645236e+00 2.321428473910684964e+00 4.100747502514195730e+00 4.012747271167525831e+00 5.586226494290383648e+00 5.626598149306252239e+00 2.453357037533737461e+00 7.650586439446031006e-01 1.398126032055160062e+00
2.644181327241653889e+00 4.213161966090547494e+00 5.779093723823199191e+00 4.321916292152504724e+00 1.117206322918698203e-01 6.255524304995683238e+00 5.750984028718540308e+00 4.681478429601178881e+00 2.977387750193845051e+00 5.488661992714455096e+00 4.571364025128390018e+00 1.365682213450168492e+00 3.780496398765786026e+00 2.084668008646945569e+00 4.148365677610880375e+00 2.063378942188057952e+00
5.448353629215723082e+00 6.617660249236299030e-01 4.101253259792553507e+00 2.462724705616624821e+00 3.778117657924952244e+00 5.971245790518488583e+00 3.607448760932309817e+00 3.484317047747336638e+00 1.907554651490597664e+00 2.284716386578439895e+00 3.249316914374074994e+00 2.610382042098440269e+00 2.651161773497289875e+00 5.676230978155675011e+00 1.474360432314014924e+00 4.908944017840062735e+00
5.061968406043134472e+00 5.933974687579610219e+00 5.703571415828007085e-01 2.837534853189008999e+00 2.798931955682174011e-01 5.300091543373961933e+00 6.801641296394923542e-01 2.770912818504545072e+00 5.685445483086987828e+00 3.889405605160013213e+00 3.858695727316068247e+00 1.056298696855733077e+00 4.831833198204955160e+00 1.560042307713546572e+00 5.323069149348235385e+00 1.163441998756190365e+00
5.847561079906704151e+00 3.458584954139196643e+00 1.436538562246765904e+00 2.491073144809341944e+00 5.440502182352839888e+00 6.550678225637117658e-01 9.289021006835621597e-01 1.616722465738318792e+00 6.125356037133758313e+00 2.425979336058600833e+00 3.705233489897304722e+00 5.925849062733870909e+00 5.058787109666790904e+00 5.625880733593955796e+00 1.308804063739399393e-01 4.184050280020586321e+00
2.306964360649887524e+00 2.780788056378105111e-01 6.119847876914660922e+00 4.844776850608679908e+00 4.168801939466230344e+00 4.030558723950877997e+00 6.001682390646764453e+00 1.506081737401055110e+00 3.536184084171685171e+00 4.747533495021450278e+00 5.548174419949331693e+00 3.908285004683446306e+00 5.267485382293835450e+00 6.020369321240065519e-01 4.179598929656192396e+00 1.949774113346370186e+00
2.836778147332534417e+00 9.219613699741682211e-01 3.821369769183768472e+00 3.863834629320027858e+00 2.050136087549136177e-01 3.860744762558316001e+00 1.255070985450177590e+00 5.997427916753035326e+00 2.059604693985257473e+00 4.205282366019894802e+00 2.958258305732713200e+00 3.489049543169180811e+00 2.625534868629459062e+00 1.550079429561455946e+00 4.904954428259867605e+00 3.355587342801452433e+00
5.407919449130506706e+00 6.232781100469050095e+00 1.438938049984392675e+00 2.310446166580898630e+00 2.636522576499854331e+00 4.721796155792599592e+00 3.120858985368657468e+00 2.068669795035436909e+00 4.115553427281100518e+00 3.842270626075154016e+00 2.359541740002123689e+00 5.834682229298477907e-01 6.061232929059738872e+00 1.496414972960851353e+00 5.047705973044565031e-01 2.701698337870871505e-02
3.863884839346170441e+00 2.025218955014027156e+00 1.239780166232588993e-01 4.303813958032218778e+00 4.047801442937584149e+00 2.916673201010601790e+00 2.316333738062605896e+00 3.205085740244828507e+00 3.144323081370960615e+00 5.405954283189587706e+00 1.905237371778746969e+00 1.619432189546785361e+00 2.370508550241496426e+00 1.827319923609302510e+00 3.622671278315512833e+00 4.871760692075334021e+00
1.895472021374781990e+00 3.264455043449316474e+00 6.117008665511063370e+00 3.169371408805105705e+00 4.701182072337376283e+00 2.986023070149484315e+00 4.409521793830588621e+00 5.308027924337865855e+00 7.569126413192823755e-01 1.050308554193637445e+00 6.071579448488854780e+00 2.929785260519780721e+00 2.677790816252030304e+00 3.048036723282047777e+00 3.359690976415047547e+00 4.833914587241219252e+00
1.393272212002408361e+00 2.559418643622533462e+00 3.611862156740791807e+00 1.561316691234649223e+00 1.019122984342282656e+00 4.920403131653078077e+00 1.676185576660971899e+00 5.209196843852887504e+00 5.372205287171444299e-01 4.801108186730899341e+00 3.666454111025840845e+00 4.272486157361590209e+00 3.533551430999088971e+00 1.119062601828301196e+00 2.470927033445518006e+00 2.469359810974801894e-01
5.533073700647981319e+00 1.077874313487487301e+00 3.737502231234163474e+00 5.748277955185674415e+00 5.186965664156254263e+00 4.360560235773768945e+00 5.139889004282412799e+00 5.580050142528417467e+00 2.669783792631522878e+00 6.147665478474151790e+00 3.391592053506008675e+00 3.145719327206677018e+00 5.793690708179841664e+00 2.436758280957656453e+00 1.698919635932427896e+00 2.411605229870672051e+00
8.610533199304985785e-02 2.865225691522059748e+00 2.430243858954931557e+00 5.907221365024418525e+00 6.093646453533988705e+00 8.591816261575867530e-01 1.865336921343386356e+00 4.340889372853134809e+00 3.391212969079918094e-01 2.538342064592768121e+00 3.047858946948708514e+00 1.353113710063352571e+00 6.122736699413185768e+00 5.807986400430882767e+00 3.936447447555969870e+00 1.412578027200558139e+00
1.505411743779101919e+00 5.109246255446583618e+00 5.904908157889092735e+00 1.757179930854275263e+00 3.449727171989236396e+00 4.463616489163738876e+00 2.608426702152068621e+00 3.257346753348132395e+00 2.692390738740419565e+00 1.375843657896011596e+00 4.210884949501870089e+00 6.043305888473736509e+00 4.618195155177974520e+00 1.792119757292705007e+00 1.813285033733336826e+00 2.697604536613843695e+00
3.252529152211598440e+00 3.952646291714019267e-01 4.261635144104092277e+00 2.399570847327643808e+00 2.420739875170071720e+00 6.021364760554604345e+00 8.483659616617655885e-01 1.110551970506430841e+00 7.886639459747454284e-01 3.767425684402852859e+00 3.794583768126606582e+00 3.464870912374203638e+00 1.225745548553174746e+00 1.267435103084352699e+00 4.247721776676486982e+00 1.654210525652894059e+00
4.994407412123798018e+00 2.789430898755900667e+00 1.485741794478162792e+00 2.971006955797432791e+00 1.172686029249575101e+00 6.229913637456309772e+00 5.938262555925073904e+00 5.101135852999741260e+00 3.592686235040127851e+00 2.715927697537693142e+00 5.010235164155316667e+00 3.734864984474787430e+00 4.933390019957029970e+00 2.174053714573684459e+00 2.404039307949683124e+00 5.061640371647158965e+00
5.979153833036630061e+00 1.354382367542458221e+00 1.347952772856982451e+00 6.281033581408435040e+00 6.281040339265746120e+00 1.278056456044336819e+00 4.696412162942172230e+00 1.930438951180503127e+00 1.512314988821834350e+00 4.059421560824667985e+00 5.085230433567446084e+00 2.336809031518988888e+00 4.565951357482920692e+00 2.082669945138399203e+00 5.314859891684132975e+00 4.417126800063075898e+00
1.878170661258005580e+00 4.297480858547263693e+00 3.184829371435567769e+00 2.123922375375590477e+00 5.039893532127575071e+00 2.475367648357728712e+00 3.857702791813793386e+00 3.719138063680644812e+00 2.420319461349259793e+00 5.600276557288799140e+00 1.244842027383385868e-01 2.319149070647025024e+00 2.525086274306892253e+00 8.150037187554404206e-02 2.916168616668707303e-01 4.751153001257140573e+00
5.082114511314906657e+00 1.362144875792429266e+00 1.498928211118352172e+00 5.729521292413519262e+00 4.296582002839445913e+00 1.305316005978435445e+00 5.766573015674462122e-01 1.210955047143946334e-01 4.959064778873675472e+00 4.212591725498701756e+00 3.224962912171111640e+00 1.845773587157089946e+00 4.458496825845674194e-01 4.957164545617279927e+00 5.967124212263435368e+00 5.012781939919029206e+00
