5.771349316455948397e+00 3.071362427442053900e+00 4.613328414830818680e+00 5.668991198954426380e+00 5.967385549699410596e+00 6.820934085648090450e-01 2.750650571675936185e+00 5.397440775860615325e+00 6.185031755393207042e+00 1.253679670185003703e+00 8.307645955428276663e-01 4.826230629982727116e+00 1.682779258574718328e+00 2.769949222567705593e+00 1.966509769786117579e+00 4.500638543860485896e+00
4.528580779568968318e+00 1.451497339605138492e+00 7.707615611082929696e-01 1.939026553489453741e+00 4.284867099668738355e+00 1.852025400025157253e+00 8.569614902969210357e-01 5.142625372382700455e+00 5.124163228011952675e+00 3.607631049598514217e+00 2.640628257768645182e-01 3.817436878310512149e+00 4.280262928778716613e+00 1.789838955252791297e-01 1.924440503775992406e+00 2.078161831184718977e+00
5.383808578000294887e+00 3.883909370368616720e+00 5.934356356454490111e+00 2.088103548429395495e+00 6.017832807311614296e+00 1.003962904809198697e+00 3.503848071574383827e+00 4.048360124882154132e+00 3.677628843013939219e-01 1.658190817852072341e+00 4.314848297322583903e+00 3.005914361944832525e+00 2.644988970806108064e-01 4.244518484153248394e+00 3.813494143980765916e+00 3.744164542694057296e-01
3.393170378069348736e+00 5.107567807717198427e+00 6.113761242357317549e+00 4.327142267740089032e+00 2.896681311576066786e+00 4.534687492746372506e+00 2.774197136292293475e+00 2.514886491788280054e+00 3.294631905811087336e+00 5.326667428880084820e+00 3.873146375324184820e+00 2.075810675146014805e+00 4.453068967845573156e-01 2.439256971907732385e+00 3.767950826408688947e+00 3.824130467194832850e-01
2.431811039070288505e+00 4.668348172455822009e+00 4.421163030635518965e+00 3.716816533396769984e+00 1.657705006862050912e+00 2.345884216664436028e+00 4.133360834257567618e+00 5.089350363093622320e+00 1.605995347611079316e+00 5.097716106358002541e+00 5.920103153222907366e+00 5.384617894016164641e+00 4.907793818171326095e+00 1.568269584147734763e+00 4.061166886239602647e+00 1.312326115407527860e+00
4.794555632441463544e+00 1.033954470662692193e+00 5.278256092989251691e+00 4.271814722719459390e+00 3.720708307685102856e+00 1.092690255728235194e+00 6.057184160233290982e+00 6.080209819584911912e+00 5.780472587999861966e-01 3.198923444538761540e+00 5.654087441610689879e+00 3.466675454565583792e+00 3.510619052563479947e+00 4.497109373040772518e+00 5.198262619166245102e-01 4.170117834464079465e+00
2.662680315318588065e+00 5.246703030804065193e+00 3.724813913398793641e+00 3.352964751349718497e-01 2.247621950604650198e+00 2.502733919301080245e+00 2.468796806902862961e+00 8.252803611289772912e-01 1.962605679642710266e+00 3.048571267279320374e+00 4.002270342677987536e+00 6.264743033965848973e+00 5.077587331846943997e+00 1.394777402522653642e-01 2.812773139803509626e+00 4.653595779007926758e+00
5.279641727706198218e+00 2.983452030665800780e+00 3.543604498409423265e+00 1.833693034871101801e+00 7.089328750763134179e-01 6.000493986444904060e+00 2.186127259836616155e+00 5.713128463187838513e+00 4.534339901650145777e+00 1.596755718415904801e-01 3.444899626313498775e+00 2.792010490374444043e+00 2.371616844882540320e+00 5.399959147137377569e-01 1.016310118896936343e+00 5.000411913125079266e+00
2.045786963653414503e+00 4.490190522475855595e+00 1.598473512488329362e+00 2.474857663436993704e-01 5.056721434271500115e+00 2.754604618417605177e+00 4.996733245980761851e+00 1.980981838354710423e+00 5.377768776045984467e+00 9.576254860864271551e-03 4.106379357231062954e+00 3.012995255653719617e+00 1.240535896853139225e-02 9.498108324375137412e-01 1.274033772812521059e+00 2.310693362758378555e+00
1.137403673616468103e+00 6.060203887292689551e+00 1.378893948829112093e+00 3.980097816269252853e+00 4.982719657701672467e-01 3.414020507820104910e+00 5.667771448211905927e+00 3.513747020357670614e+00 7.182809299129185865e-01 3.653043523319026598e+00 4.262499681814106989e-01 2.463948504336022083e+00 2.197391440367713056e+00 4.957117913471132731e+00 3.851410759602813094e+00 2.633021477774235120e+00
4.079965206858022775e+00 4.112465104557730733e+00 3.001584947460337993e+00 1.227602305173443709e+00 5.489143552505583834e+00 7.858730553070177038e-02 3.796345021152529142e+00 5.737456697118683557e+00 1.862089444407164063e+00 4.091978618230068143e+00 3.810870021608570024e+00 1.636217638631069837e+00 5.368858442647264084e+00 5.133432373138322902e+00 2.658531435981042357e+00 2.839412806831246527e+00
1.859368430539932726e+00 9.745006944744791788e-01 2.986943715442020864e+00 3.633510628736742465e-01 3.559493384391508641e+00 2.241349982804615448e-01 4.178377157881033810e+00 3.299479654233125725e+00 3.506010270743344925e-01 3.076411346031069804e+00 4.031614294929974029e+00 1.547133443553481813e+00 4.370917602030153226e+00 2.924194312725569400e+00 1.652485608774899806e+00 3.824732157486865791e+00
5.908513863369265096e+00 2.342906646207951749e+00 2.559575104475573681e+00 4.366228011208034943e+00 4.095749508427730667e+00 3.337272265926002124e+00 5.841070812198830176e+00 3.067380259627806360e+00 2.810432056788408239e+00 8.358350532581197978e-01 5.585388302605506894e+00 2.347006442332057574e+00 3.029797298939307826e+00 2.136438595281858754e-01 2.563185347227528776e+00 5.753755835718960654e+00
3.642860340771592931e+00 2.639887268712691193e-01 3.594454301074373692e+00 5.563379462305220180e+00 6.628995640053901850e-01 1.174371787438786896e+00 4.535236498883942424e+00 1.287431469739718892e+00 1.656484118832207919e+00 2.878788582477571634e+00 2.171553129076539079e+00 3.007515229902720244e-01 5.413614991354238626e+00 1.606749263357870827e+00 1.817663870543028415e-01 2.988425164428050618e+00
4.227848318011877105e+00 5.741098796271641547e+00 5.548381552885314427e+00 5.530164355382253261e-01 2.434870912807359566e+00 5.262879056851555326e+00 6.196939276846175737e+00 4.176520037323874668e+00 3.940608753611361870e+00 3.930036037202717658e-01 3.146218444093771271e+00 8.634269198924496291e-02 3.974737575664980316e+00 3.446497631971434217e+00 4.052087571090049245e+00 5.227024384209317809e-01
5.943480415418271601e-02 7.738816462496200810e-01 4.150874715755918487e+00 1.608154260387182122e+00 5.836755387265034400e+00 5.832958724973090092e+00 8.776043957038336396e-01 5.615177527357767318e+00 2.849063465232668957e+00 2.229732612201430264e+00 1.828974088355578509e+00 4.963203808182472088e+00 6.203143551455609916e+00 5.145767766322342673e+00 3.675400856134196370e-02 7.438121527165153513e-01
4.903784883480152068e+00 1.439804686444940751e+00 4.879925640360536221e+00 4.863304972212911359e+00 1.550748004705780669e+00 2.778351806896082188e+00 1.616100015222925013e+00 1.129821870844538667e+00 2.157228589524700091e+00 1.067014425602422767e+00 4.651690619308091468e-01 1.141024702362593457e+00 1.353184351701441246e+00 5.166621254651963646e+00 2.526596604595611417e+00 3.240712058640314197e+00
2.438513621399395870e+00 5.136831389233269540e+00 6.231730323668146276e+00 3.300322154889581139e+00 2.282275124671697963e-01 1.691531987834635098e+00 3.292757607471787917e+00 2.534621298252960120e+00 9.224891186812822497e-01 4.075689853436472276e+00 7.516102061340852458e-01 3.093642303251498138e+00 4.400201410291439963e+00 2.741061512030282366e+00 5.758537303708146204e+00 2.086832328240553203e+00
4.445669231658532006e+00 2.979797554895335931e+00 5.874818952650493031e+00 5.347711035128994261e+00 6.080576632389397496e+00 2.047753425939256910e+00 3.460154607799786897e-01 3.458832994605661182e-01 5.066976778788788494e+00 4.881701441732520408e+00 5.520135407557066998e+00 2.217222040550475892e+00 2.866612564550343301e+00 1.895438900718060760e+00 1.144272649426201910e-01 8.863576960325008081e-01
5.707739051785228668e+00 3.831215369873345544e+00 5.468170046464231326e+00 3.819347261003380289e+00 1.453351723191533829e+00 8.478011643008690479e-01 4.576567736400422248e+00 2.948346532860545224e-02 1.289379671375175951e+00 8.511208408062274078e-01 1.617729205243505941e+00 2.800756394606208066e-01 1.836827090922775296e+00 6.011946068965341006e+00 3.998642009903903727e+00 2.951867983116079674e+00
6.204862441895741654e+00 4.951911707870410240e+00 8.991382791589782597e-01 1.878940752272895143e+00 3.203175839712522066e+00 1.826004150317937613e+00 5.980331648174010084e+00 2.834347295835784486e+00 2.836150440641769688e+00 3.696562482504650582e+00 2.665677162964752878e+00 5.480682144304427794e+00 6.002476495822931746e+00 3.541634812387190578e+00 1.094269652787278391e+00 5.303237276418176549e+00
3.606448842642528407e-01 6.009043578096862070e+00 4.561953806300195424e+00 1.041284284464452536e+00 2.520406314539778703e-01 1.293887603199072256e+00 2.511076228604934180e+00 2.319205930360954959e-01 4.413841014389709549e+00 4.031617036905952745e+00 2.042845683771048471e+00 2.506355858574587092e+00 8.242473165595791684e-01 5.162225561712368016e-01 5.362121455069786435e+00 2.560351209825771690e+00
5.004677088192473811e+00 2.572257860710790212e+00 1.412520079237830073e+00 3.589641632170847529e+00 1.956132873536826189e+00 4.900348741408193654e+00 1.916366194088014452e-01 6.212684496989410832e+00 2.382450605464995430e+00 9.748449357789423786e-01 8.409292126803428191e-01 2.195843077971959101e+00 4.419273085101107945e+00 5.741133147806503523e+00 2.567206530725667513e+00 3.282241135833177115e+00
6.226941569793201792e-01 9.105880169634287258e-01 1.274305764620867087e+00 4.544905953863732861e+00 4.865743787311270552e+00 1.027786127838383079e+00 1.909212683942926203e+00 2.622867197658641736e+00 6.248226191300491728e+00 6.126572665954632235e+00 2.237670823076892912e+00 5.080451431979203569e+00 1.235975567298043254e-01 3.164006749640244642e+00 1.097675023436992525e+00 1.139248829499864613e+00
3.862295587775340433e+00 1.933641601436332680e+00 4.818788427569996813e+00 2.366532459078468431e+00 2.223690421430557507e+00 4.294821161593708192e-01 1.928409284365748988e+00 2.443413967524767916e+00 1.170074131769722525e+00 4.849856963930291975e+00 1.088948006636211829e+00 8.176713583874480884e-01 8.367773564413694132e-01 4.996839881637884950e+00 4.858641778523543842e+00 2.113186453084525240e+00
4.262146370747140089e+00 2.927038497528583250e+00 1.124897993212145703e-01 3.671347961187622744e+00 2.051249911631515488e+00 4.193634797977095374e+00 2.861193158553945182e+00 9.580320495285999938e-01 3.820969073254568027e+00 3.439622206460626774e+00 6.590064463435865161e-01 3.385879580838689895e-01 2.612227235623076904e+00 8.172147702993897145e-01 2.529787598424404038e+00 1.356963356172215196e+00
1.720983427827637025e-01 5.462138331160923954e+00 5.603483531394511941e-01 4.889904240314882244e+00 1.175614210681245275e+00 1.684637590185818601e+00 3.915311648821337087e+00 2.387892868637713661e+00 1.270747280704249027e+00 5.800422540904006219e+00 3.230512746390292289e+00 7.528745278980318867e-01 5.890753760852111220e+00 1.794872803439651499e+00 4.107356793970394548e+00 4.957676185347577480e+00
2.338041382389039136e+00 7.784919453121663668e-01 3.159819646270631832e+00 3.824929832123920459e+00 3.276930865601264564e+00 1.970155673185382206e+00 1.234362746517117415e+00 3.127301646316767325e+00 4.436445953598638248e+00 4.082880606202410334e+00 4.989692882855961464e+00 1.323204573922625027e+00 6.571136396799768242e-01 4.417814601661237184e+00 2.876156673025136445e+00 2.753253509209787619e+00
2.785689231351653028e+00 2.465593547581454992e+00 3.278653589135030355e+00 5.370880426181740219e+00 1.619631748380632175e+00 4.720877966708042273e+00 2.660652610488640324e+00 6.858539167413468807e-01 5.943300603693371542e+00 1.910269563974321017e+00 1.468321193565862437e+00 4.606748427997779061e+00 2.618815033594249719e+00 1.164961421419898224e+00 3.504638681460935601e+00 6.761401112773721689e-01
3.314126548160666097e+00 3.565700497403388791e+00 1.688736631586841064e+00 7.081273523135013237e-01 3.551746170488354171e+00 3.818807384094281776e+00 2.624288131908373067e+00 3.818731696159306299e+00 4.012749357851258303e+00 2.112685749727321483e+00 4.899841760030609450e+00 5.769547306538296283e+00 7.002719221239844805e-01 1.169245871198878017e+00 5.267969167545918374e+00 5.916960002371981275e+00
3.318094018110750554e+00 1.770563075372052708e+00 2.800595533285183958e+00 5.134335118955232424e+00 3.035971586825432222e+00 6.106299550582154012e+00 2.522305242515374246e+00 5.323444037227600845e+00 4.003625381784064352e+00 3.836292392004913676e+00 4.599265049869890376e+00 2.620514709683829047e+00 1.877073186511744707e+00 4.935921636074647623e+00 5.633871610978023803e+00 4.367555418365385300e+00
4.255662079039998602e+00 7.534102659722270445e-01 3.320632555759513771e+00 5.546748720873678096e+00 2.120147649976087401e+00 4.603887896169796434e+00 2.106593159115381031e+00 3.338055558000326606e+00 3.340556771068800557e-01 2.809314820907119259e+00 9.631911639376956602e-01 4.670948974322042702e+00 5.842819995296802738e+00 3.120530840098689307e+00 2.565205386745081917e-01 3.168063118349817575e+00
