2.350990377305191892e+00 2.483878220210419041e+00 2.449816945414092118e+00 6.065049679073652555e+00 8.639957042804199405e-01 1.595082376214387754e+00 6.273158920602834421e+00 6.135187050588097435e+00 4.169973455054785560e+00 5.690832176325973712e+00 5.010398904439393064e+00 6.503018830424340813e-01 2.690601323221950114e+00 4.919152870696631652e+00 4.933428525742078463e-01 3.814458940271014509e+00
4.187733397376847688e-01 5.062152333888408684e+00 2.017448480791146803e+00 5.469747796005629326e+00 5.885463032121979410e+00 3.637074207445774476e+00 2.566261175482407175e+00 6.885411174243484256e-01 5.776725009744528627e+00 2.092746399086138798e+00 2.754528869295748361e+00 3.558245731422865266e+00 4.513875721209427816e+00 1.184751022141812937e+00 1.160700798803902645e+00 3.092818435207000061e+00
5.102042819889990533e+00 4.342725519737549611e+00 5.708492833032769553e+00 5.224257769639697457e+00 5.637393622622814959e+00 2.188104458897155435e+00 8.806799980600651390e-01 5.103270079514659940e+00 3.205452117385162669e+00 5.568691860770633717e+00 2.929334806385109236e+00 1.442892281801521737e+00 5.424381181160265797e+00 1.316450481593415267e+00 5.761725825392763234e+00 3.367815242079966520e+00
1.924691698854733346e+00 3.774968093842823169e+00 1.255323416854801977e+00 4.132916758492672371e-01 4.489091735824080054e+00 2.126097747877914390e+00 2.168933060549296687e+00 6.254360132799129168e+00 2.397156844497645434e+00 5.874673682900064975e+00 3.359976260843092533e+00 4.260820832311209116e+00 5.884036652700349812e+00 4.502233685744642777e+00 4.441336853897097647e-01 3.559638814611759128e-01
3.369363500795341970e+00 1.938028285150688479e+00 4.734780209955032682e+00 4.432088510900606404e-01 5.912880609102052709e+00 2.435871627529473948e-01 5.237113560457803629e+00 1.276156229498524475e+00 3.488882961406370997e-01 1.964258851876122813e+00 2.538408027785805210e+00 4.364031703588959310e+00 6.232873108057161105e+00 5.478947062832787651e+00 4.084388574721981691e+00 5.777118258759701419e+00
5.733472898437677934e+00 4.056453332888070307e+00 5.231216466362456075e+00 2.964280080238988369e+00 3.606232623641568047e+00 4.078725934093095695e+00 4.351206828763786838e+00 5.542122816671870567e+00 5.559642244493916863e+00 5.020675017516744720e-01 3.072254042863188372e-01 1.003683847265838258e+00 5.755550903305302057e+00 3.785741213860222221e+00 8.240681947832386722e-01 4.615204462220186876e+00
5.682727399250361522e+00 4.012912456373870285e+00 2.633974603874514209e+00 1.498382092734976467e+00 4.763331004010153080e+00 9.924385243311665272e-01 3.313412441131503794e+00 3.533275222739649113e+00 2.499292213659834339e+00 1.089734347384486490e+00 3.221630552551015825e+00 5.185538911802182405e+00 7.944602385448188420e-01 1.894736384559254416e+00 1.818261920516188734e+00 4.206218161392401456e+00
7.093899372586655316e-02 5.191750676793849273e+00 2.201211589109284716e+00 1.014014360835244766e+00 5.623480285021007496e+00 6.193486920029885212e+00 4.318744654504103941e+00 1.617776451825180484e+00 2.286627224291532645e+00 4.318036699506147436e+00 4.341626305464021951e-01 2.333436204345579856e+00 4.143400208686935371e-01 4.486668378902861853e+00 6.107046556692534711e-01 4.214402528960644823e+00
4.475627506904757524e+00 1.902084260902349166e+00 5.097826498352517000e+00 1.487140162826534606e+00 5.972993780248355478e+00 1.934965360446856186e+00 3.156611721382161839e+00 2.482905119512617720e+00 4.798410867701054627e+00 3.164641782176115470e+00 6.041014517388610727e+00 4.605134679228885530e-01 5.443575782366345095e+00 8.926347828390329697e-01 1.814245048925245740e+00 3.894487133414563651e-01
1.599193981471169312e+00 1.122389508708948380e+00 1.014259763554171467e+00 4.179928405152689486e+00 4.720531551366221379e+00 5.183595930823676312e+00 6.261267373882451359e+00 2.979970679917816501e+00 9.256703449893383118e-01 1.825819983495281518e+00 2.641210785916166426e+00 3.960636935223495581e+00 4.948868450598377322e+00 1.534919986361336308e+00 1.190609916507801902e+00 2.739024003083759151e+00
3.042728131028705096e+00 4.706610987782857691e+00 4.895376800347904123e+00 7.645972909983371757e-01 3.203373804721726947e-01 3.620657630073894850e+00 3.677967892876139899e+00 3.913484761896344644e+00 1.528942729925652166e+00 2.135868748548297447e+00 3.104004692649509956e+00 3.556429751847584697e+00 5.137574418204441606e+00 1.507495447308578207e+00 3.248114115474301400e+00 3.631696825167737064e+00
5.498996142721797931e+00 3.434510697990084349e+00 3.244907319719868344e+00 5.817045437898582527e+00 6.067112492764315412e+00 3.691357017353949499e-01 4.031128912059493530e+00 5.227303268574932105e-01 3.946013383494612281e+00 5.391584218964529107e+00 1.426615602430700180e+00 3.995029573236490883e+00 7.719406519358215091e-01 4.195447951879165416e+00 5.679178095318283326e+00 1.567580216364903967e+00
5.091873261111067528e+00 2.932536723431175218e+00 5.430343652365734464e+00 3.059849253936662627e+00 8.296400692385685893e-01 4.279859408700055212e+00 1.275743327376755110e+00 2.348798060838779733e+00 5.734021225656782406e+00 5.031043308083197552e+00 3.104478232993326259e-01 2.469719525574278318e+00 3.534424351146742360e+00 2.750442024548493070e+00 5.620074959651145896e+00 3.107117373434828522e+00
5.561146429838975003e+00 3.840594764288604024e-01 4.780733408015830577e+00 3.904394901464132595e+00 3.153149575330120857e+00 5.823745777373563470e+00 6.110510276701811350e+00 5.084599698747716445e+00 4.367752119467925631e+00 2.097354063216224862e+00 1.326399568111363614e+00 5.326299568066277246e-01 1.126688698458688576e+00 3.973582547992589920e+00 1.489146605859702488e+00 4.883088267553148398e-01
2.468674635321896016e+00 5.535119233255596072e+00 5.396368778330393745e+00 2.230839460761053328e+00 9.857580616248203809e-01 1.854974912980347224e-01 2.394686597457547528e+00 1.795603167676040668e+00 9.979684593315552021e-01 1.378805487830459253e-01 1.304135917248500975e+00 4.740287011714361953e-01 3.498082423906859750e-01 2.947255054147730924e+00 1.795435504790484194e+00 3.408249037945007665e+00
3.203171525782348983e+00 3.856792229955438689e+00 4.145562507476569181e+00 5.260595256253310481e+00 8.369654458712152412e-01 6.083046656023497256e+00 5.215565203281841811e+00 6.091397110937451842e+00 2.136969750505133825e-01 5.128515002900646991e+00 3.355781491823012774e-01 3.426026457776726541e+00 1.801059156469700717e+00 5.165389779622661770e+00 5.224723202230196151e+00 5.341487594076950174e+00
3.988716488929250126e+00 2.064525538974155250e+00 1.829566082676784555e+00 4.658294160429436559e+00 2.839923798594818916e+00 3.646195155047365244e+00 4.468960876794718651e+00 3.533450327315950545e+00 4.087974430784147906e+00 3.289173823510019301e-01 4.583761973904253995e-01 2.433959785609014492e+00 5.631883099489210842e+00 9.843262415416280664e-01 1.005629998359835797e+00 8.030254691569997938e-01
5.090775392835321433e+00 9.636434045410449678e-02 4.722522215106375043e+00 5.890086005386649504e+00 6.071035916290965062e+00 2.132245223404080736e+00 3.773328990766868341e+00 2.198034598010408125e+00 3.810514879118022336e+00 4.940678776597938970e+00 5.291816792880924325e+00 1.795435153554591157e+00 5.606190219446381739e+00 5.791549215176818421e+00 3.485439186742521844e+00 2.967119696079978941e-01
2.994728572924786336e-01 6.181983781046747950e+00 1.334013519251461277e+00 5.019650665412443757e+00 9.653929861661271206e-01 3.901341911309527344e+00 3.969756178930253565e+00 1.826783718180413407e+00 5.126426860562290244e+00 3.183176484991622424e+00 4.580586939513700884e+00 3.429397837956646544e+00 2.418696119466370753e+00 4.549750696164847952e+00 2.871627070927698089e+00 8.387662048821892258e-02
5.386133131957155484e+00 2.175380380028477667e+00 4.245750613346292446e-01 5.963285956529243315e+00 1.159732200079985898e+00 1.387433076331878734e+00 5.646505670254474696e-01 7.742228972393145892e-01 3.554538388574699947e+00 2.687160419459128757e+00 8.259774404650954693e-01 2.953592641591543444e+00 2.748575216799154841e+00 4.501566697865506228e+00 3.835763129215134182e+00 9.048927215256253875e-01
2.474555301015077813e+00 2.358358642610790312e+00 4.855229787257552054e+00 1.727922057397360378e+00 2.857620373451594809e+00 1.107201235330830036e+00 1.927706795320317301e+00 6.098365760460832341e+00 3.219430804186419470e-01 8.099593573391909995e-01 4.456198908297893446e+00 2.778481873434722527e+00 5.272909184801441995e+00 3.318504354045912486e+00 3.858936636562128264e+00 2.179802895948486530e+00
2.829857653830749165e+00 5.648961122920773015e+00 2.323857717915095655e+00 6.264009099464664665e-01 1.826339193031154329e+00 4.099235324293124982e+00 5.728694619999566306e+00 4.288205688803755855e+00 2.438368448707750158e+00 3.824571238374315230e-01 6.073560699319825673e+00 3.392363487499247210e+00 1.990825907671179840e+00 1.127255115736731872e+00 5.439563299537812924e+00 3.724978316414241153e+00
1.679779968555589198e+00 3.389945156139842375e+00 5.861033860964299791e+00 2.847241371482105987e-01 5.913429535669214587e+00 2.125990527572828359e+00 8.532878834671555612e-01 5.991403048795143960e+00 2.492016486158931343e+00 3.863412836777032844e+00 5.152518562699509808e+00 4.827540213277036862e+00 2.023317151329341312e-01 5.365585227140332591e+00 2.197074887141071908e+00 1.277418694585581438e+00
3.489983950541411417e+00 7.167507167801077939e-02 2.302280966694883357e+00 2.058154959389463468e+00 2.902237196312511092e+00 2.782286766706615566e+00 3.429453040009081022e+00 2.644656054091526265e+00 3.053447770478226797e+00 3.768449952093023914e+00 1.947142723265026687e+00 9.421100775794348514e-02 4.129180253031986325e+00 3.335169784937715320e+00 2.660271337980411044e+00 5.520022501855131658e+00
3.020690326348192567e+00 3.693301399458750467e+00 1.837710202115093727e+00 6.158904293928014972e+00 2.036493913889665386e+00 4.848775825934200867e+00 2.422759608137826093e-01 2.716427881374071429e+00 3.646808575869927349e+00 1.053446370824637768e+00 3.446254513991504620e+00 3.271044467717792337e+00 5.209770331778381447e+00 4.648416994801466195e+00 4.206918697041466260e+00 3.738649702963298793e+00
5.764995379907975170e+00 5.756381072742814631e+00 6.156997141060791545e-01 1.168921110167652877e+00 4.365325184437857331e+00 1.502556438521292614e+00 5.989983100249351544e+00 2.943784097066042271e+00 2.669168386235287294e+00 9.783017003827566560e-01 4.692427082930201721e+00 2.934211573117856964e-01 9.944668048197278232e-01 4.325945722726896925e+00 5.706910239764319215e+00 1.500752021102658595e+00
2.957437148764452406e+00 3.550959327816107791e+00 4.315691824277309685e+00 3.309136530710174551e+00 5.317456312980640476e+00 3.179209272509481821e+00 3.655105830182404869e+00 4.917321123306658492e+00 2.503212147718375746e+00 3.714289905255049984e+00 3.475854072373899761e+00 4.968261442397981398e+00 2.062325908073508351e+00 4.377119935567422182e+00 2.445647440231436764e+00 4.363892231822276813e+00
1.786645416488767291e+00 3.163008552463743239e+00 4.847958575663906089e+00 3.964523527349956389e+00 1.089549576027959210e+00 1.141428096970102724e+00 4.428978797892003882e+00 1.703195785521079308e+00 9.542907411769501191e-01 2.984400925213798406e+00 3.523075033438252124e+00 1.185485072285945352e+00 6.859023967896751284e-01 6.153989737979515873e+00 3.170037347765232383e+00 6.206982684922357052e+00
5.004450661988501636e+00 2.128855081150219597e+00 2.766713109514725044e+00 5.837364826779652738e+00 4.764006503429183859e+00 1.663544138881609014e+00 1.319574313021716572e+00 1.562643245458816554e-01 2.285574843183034721e-01 2.719391918801383756e+00 6.116568059658296086e+00 6.094770022471041493e+00 6.236499700742010432e+00 5.779694950499743911e+00 8.206070122827848756e-01 4.603691144168404747e+00
3.889362206163145430e+00 1.470921014968453289e+00 5.450758175195661082e+00 3.617392342131356742e+00 3.797670487130743844e+00 3.289522370585834743e+00 5.471618456233471761e+00 5.575830018760922435e+00 6.476946001167814826e-01 1.634705993734831164e+00 3.018405386013170766e+00 3.598885097306381731e+00 1.485267649971955262e+00 2.874243750547365472e+00 7.848662842983845644e-01 5.465075601298030605e+00
8.383003202242630958e-02 4.752590830055990700e+00 3.777459429576986327e+00 3.387781333583000265e+00 4.354822734103653836e+00 4.307734116214796849e+00 5.973319584135303728e+00 6.122569668517241048e+00 8.412291802687801301e-01 1.311930988769601569e+00 2.625920565180248634e+00 1.378915193308141163e+00 2.348453569856438605e+00 2.354504784919492888e+00 3.588883113111765333e+00 5.181933215568959028e+00
4.105953383136096591e+00 1.861272978056630611e+00 6.186974694712845668e+00 7.125650838575684487e-01 3.528886177762188492e+00 5.351920418183485850e+00 5.796492421958968855e+00 8.465413635644838397e-01 5.743729599392496610e+00 5.685755922088436165e+00 2.632843861035667032e+00 1.878073652338474009e+00 5.712185182762109292e+00 3.378577170956799769e+00 4.569371027911852678e-01 4.317971789050520037e+00
