6.132860631424309261e+00 2.345816625377916687e+00 2.408938447681046924e+00 4.158001928530544733e-01 2.352057696453380586e+00 2.141477830978065544e+00 5.641140216912797101e+00 3.965773522910859494e+00 6.221296131284977271e+00 2.176754003966584694e+00 4.639768322378241550e+00 1.295441376495464203e+00 4.997356018840853231e+00 1.201913177408046263e+00 2.120049521615526622e+00 6.246256692146968881e+00
6.586843473784683711e-01 5.699152421502883925e+00 3.030663511502427632e+00 5.800412396160282924e+00 3.531760388093209801e+00 2.129410101242094733e+00 2.469682824934260168e+00 4.013133433076775169e+00 3.235210937361960859e+00 1.964993373025105239e+00 4.871579420674162719e+00 5.184427212256737860e+00 1.372580602520341309e+00 5.578480465900802265e+00 4.566272966364703478e+00 3.147314884261427803e+00
2.991301771660817455e+00 5.790900122368813463e+00 6.262708858700890779e+00 5.010556572374700757e+00 2.233321371564342073e+00 6.219370738152141698e+00 4.824276805210213404e+00 2.920665971813841466e+00 3.512292102907192515e+00 8.716236545700362104e-01 8.478870880709239444e-01 5.007830591496207795e+00 2.480136322859422204e+00 6.179063694213428271e+00 1.161058248272701654e+00 1.276612960604394109e+00
6.783036555872807849e-01 4.921422871900234419e+00 4.639476038339831021e+00 5.212165356159010443e+00 8.293925745011115902e-01 1.875380629032574076e+00 2.074621586083726488e+00 3.442470925283017458e+00 4.606661220592956241e+00 3.442299860689419067e+00 1.027889549095556854e+00 3.774171164455955907e+00 3.130616358462791293e+00 5.936712950543767242e+00 4.969498255501827444e+00 4.700877925847730232e+00
1.328572251241130209e+00 3.348427449529041589e+00 4.630820374846596366e+00 2.267515427829535302e+00 6.062083969437368935e+00 5.262349238741531821e+00 3.865312518991823598e+00 4.171004459660023755e+00 1.010971074479727783e+00 2.329098380398293422e+00 1.168882940219498678e+00 5.079828730843806817e+00 2.519099749604951644e+00 1.783463158956373473e-01 2.201652670833802894e+00 1.199026076331696666e+00
3.938011085148507284e+00 5.355974899797369737e+00 1.761476406176463394e+00 5.939642773827639388e+00 2.198085877476280814e+00 4.828866590826948801e+00 1.268614071335499638e+00 5.750546770691054910e+00 4.269961647294717721e+00 2.233596116609913640e+00 5.777850079618390033e+00 1.935476780445391842e+00 3.176914379683862588e+00 5.756694228761931598e+00 4.702119626252411422e+00 1.074206081182239814e+00
1.267601843377130999e+00 5.573668606481284371e+00 1.847402440143058433e+00 2.390259021711943710e+00 3.469029552383918524e+00 4.978712577831413966e-01 4.974104605199155316e+00 2.606262038420660065e+00 4.294685534965637430e+00 3.647156441046778941e+00 9.557129046974439657e-01 3.496721291703103418e+00 1.778940350954281713e-01 4.159260855226484921e+00 2.077973590462303399e-01 2.035366378345150107e+00
3.223661751551803789e+00 5.414818444143476128e+00 1.880894958495278768e+00 1.817908104567856453e+00 2.054154743799166738e+00 2.911588083223243473e+00 5.703244119491944986e+00 3.945333735324329183e+00 7.082074496148998977e-01 2.098030992342556633e-01 2.495109518226281242e+00 1.336943735344779949e+00 7.121406661961593443e-01 2.374922552035212853e+00 2.608981059601699570e+00 3.828597004963274930e+00
5.296584301310552689e+00 4.495874390732458536e+00 4.762028782523739956e+00 5.358975740254370734e+00 1.684671064890479186e-01 7.197337877389686778e-01 5.798363530378886743e+00 5.294893685169127728e+00 2.416536708963707536e+00 3.598629768215451108e+00 6.065292482903473115e+00 4.841136744570118111e+00 4.681289800615676122e-01 4.863874320928073480e+00 2.447383594599590761e+00 5.627093394501455847e+00
6.777121356676930886e-02 4.784960094076233794e+00 4.878177962689171032e+00 2.056185236767695823e+00 4.271337410496210296e+00 3.117405508077225829e+00 8.081190946708365352e-01 1.647336810359727455e+00 3.920135977951884065e+00 5.043977994980772372e+00 2.866006102928554178e+00 2.739050242066331187e+00 2.245533881102180107e+00 6.123481172958008756e+00 4.566042109936371496e+00 1.008955849960495366e+00
5.788188584313616047e+00 4.299355772278449450e+00 2.732068381741695084e+00 2.526909474452686766e+00 4.779757967962666498e+00 2.696567664345948412e+00 3.308733679384134430e+00 3.889086795302168831e+00 5.828863287597009502e-02 3.211655855787407532e+00 2.061680361175301179e+00 4.399395606272126891e+00 3.241870078498316765e-01 6.488391112200885269e-01 4.792895583349525701e+00 3.248726224724372003e+00
4.264860298615739675e-01 2.753512581075200583e+00 5.449739627147622834e-01 3.105334720054239828e+00 5.509756715643283620e+00 1.232833587807830700e+00 4.277037982170715402e+00 2.473599943052518846e+00 5.061071685158330169e+00 5.891450719152853566e+00 2.704874738930333145e+00 2.028727388397837839e+00 1.497456021413774707e-01 3.845909994482753724e+00 4.002747518529338855e+00 1.381442928908878320e+00
4.248796049036450029e+00 5.297128302571326941e+00 4.319889094292009624e+00 3.298209070220281536e+00 1.318808955190696963e+00 3.007692657052102092e+00 4.855753618825500162e+00 4.243199432978344454e+00 1.821556833105116846e+00 3.786204708072919534e+00 3.787491481369824164e+00 1.439732183362498752e+00 5.409059548375834581e+00 2.317521979722567238e+00 2.583789570258827162e+00 5.812000172057328662e+00
5.706934810648123246e+00 1.815108971208566180e+00 2.675280177541740745e+00 2.592143250703542012e+00 5.771936911015436600e+00 5.182537448765612842e-01 2.820561543641770363e+00 2.023305634388904206e+00 5.554058496489213681e-01 2.982719235142301084e+00 4.327191452712000341e+00 1.710239487092192201e+00 5.645689024332947170e+00 4.465760224497863362e+00 5.360814138363127590e+00 2.563112330783908988e+00
5.704537439036998059e+00 2.305976959950886140e+00 6.668899868979191181e-01 7.097915091676314514e-01 4.699402693168951650e+00 5.769591183268404144e+00 1.635156277914700862e+00 3.339165096064770744e+00 5.449352542666043853e+00 9.445805026893229206e-01 4.737083678063951808e+00 5.197131602104838599e+00 2.341073837072715769e+00 6.099119104717954265e+00 3.590643318681818297e+00 5.586966798457028816e+00
1.819246003687234881e+00 4.550074603053672284e+00 3.274677663470653144e+00 3.357291116688651211e+00 2.806534725971666422e+00 5.855859091448489373e+00 5.678062208684531598e+00 5.317168466852939090e+00 3.055983290285799292e+00 2.461859085233826683e+00 1.814575024993568153e+00 1.169817423948025903e+00 5.625798077801328567e+00 5.990992189796139344e-01 1.543193635765998772e+00 4.067625235637107650e+00
4.256521626528427582e+00 4.047738437138042933e+00 3.377636172793556213e+00 2.366992211346716335e+00 4.909407517948608302e+00 4.175243539994430542e+00 4.497328196067367223e-01 5.554451436132096909e+00 3.802274210796002141e+00 4.042822368133770716e+00 4.068627645522910008e+00 2.078414220187738248e+00 2.401089360616554647e+00 3.670171863372855725e+00 1.626078882077793608e+00 4.840761183301472981e-01
1.447975149111618176e+00 1.847215782755897262e+00 4.359641851641820942e+00 2.797969837453397002e+00 4.725738013845980134e+00 1.029177314009950273e+00 1.889956853325530650e+00 2.301911141167234387e+00 1.380934754691225397e+00 2.396191814379795115e+00 5.290987247261152326e+00 5.030681908626988275e+00 1.097065582619466850e+00 5.714133837163037910e+00 5.942743483470001919e+00 1.715735326513138759e+00
2.279133288534155088e+00 2.240991332454439267e+00 8.565445070080746071e-01 5.872276934712287400e+00 2.766540515500940156e+00 2.839366177681675207e+00 4.904943552113660843e+00 3.346875881379651752e+00 1.267633513331048123e+00 3.851634779083570326e+00 3.718175852085733091e+00 2.915237189090750469e+00 4.688286043798600033e+00 5.210619649814714371e+00 1.779881713759005279e+00 4.791017453183305186e+00
4.624551203500659291e+00 3.199198443327808672e+00 5.024576511754411889e+00 2.523711405594717849e+00 2.997795620585720577e+00 3.874162461992719297e+00 4.098453899592838567e+00 3.736575865987566303e+00 3.912109394501142923e+00 4.618727058043826439e+00 8.670616166832093574e-01 2.814855411291523613e+00 2.465497880066828351e+00 3.645453562943783865e+00 5.439186313235016890e+00 5.746603567293087522e+00
2.875619116405572218e+00 3.959775088870204129e+00 2.311204646540284458e+00 7.472781711117735259e-01 5.377042622265720828e-02 3.032404585151428744e+00 1.093895292434984068e+00 5.212256614139568534e+00 4.241553449808485254e+00 6.136247354747538019e+00 5.291517261951155238e-01 6.252738315940544744e+00 5.143549758684425655e+00 6.223938260340313278e+00 2.086062490298275396e+00 3.048478226425836990e+00
2.755678456651430963e+00 1.428081103833806598e+00 4.747947728998186179e+00 5.000975292451886878e-01 6.242758071556358423e+00 6.033739595158259306e+00 5.989418564465840866e+00 1.694123148202264062e+00 5.119022169033401681e+00 4.873951488148513533e+00 2.272322966330901917e+00 2.027323183447943489e+00 7.159033274536977798e-01 1.560548464087609943e+00 1.323889426244543532e+00 1.623981320787928784e+00
1.981159469272582907e+00 6.619835301652647885e-01 4.911753379575572787e+00 5.485589269820221325e+00 3.271522047797094324e+00 7.190592310270851883e-02 1.983359735122174561e+00 4.185765144630808621e+00 2.463408310356201281e-01 3.082007563532802141e+00 4.580707859746504518e+00 2.448141664454806410e+00 3.190586896553000873e+00 3.118223263131598699e+00 2.651728142438556812e+00 1.777860943468212995e-01
1.244681325293600371e-01 4.314784883334224830e+00 6.502336538306374703e-01 6.131414023838527960e+00 3.340358253656228626e+00 3.322004629310774337e+00 3.625647642851288488e+00 2.872943067979240039e-01 1.454047176081286474e-01 6.131197888325980117e+00 5.454254292924850533e-01 4.693476137855246755e+00 5.910810401099039879e+00 4.278043064002124751e+00 3.339243974032234941e-01 5.545328668307246467e+00
7.360809754356205659e-01 2.355843508480591098e+00 4.036440162724186820e+00 5.369049054318288050e+00 3.910838344253820598e+00 4.710644064788465535e+00 6.095732590794961325e+00 2.899808510686646912e+00 3.459933880923587779e+00 1.585293930875290025e+00 2.421494161433762338e-01 1.090960092832320427e+00 2.097072767448003194e+00 5.082251715646218138e+00 1.757979722259225275e+00 1.350257944811883437e+00
2.179594977168564984e+00 4.377123936936881066e+00 6.147148056756629231e+00 3.568672193617267396e+00 5.124395787804588487e+00 1.918134092223168441e+00 5.775158621613671883e+00 2.367989265422815737e-01 5.216844555821656293e+00 4.829560199349682392e+00 4.864071921369311768e-02 5.246805523590400533e+00 5.144193131900881788e+00 5.338760436960020783e+00 1.199975385719498355e+00 4.809096103250652732e+00
5.670875092929170691e+00 4.511541886001566581e+00 3.315305472165484879e+00 1.602151909644572436e+00 5.798407313633097138e-01 2.703220825642684400e+00 5.410208372296160917e+00 5.731115216273688695e+00 3.315843355014347793e+00 3.996507664896859602e+00 1.584373220654519354e+00 2.740836655140370226e+00 4.678552800336404638e-01 1.010768300866423108e-01 6.147037126298640963e+00 1.178824728338486283e+00
4.427251644836212918e+00 3.741610329050348849e+00 5.932370691772054450e+00 4.394392128452505375e+00 1.618670802702305567e+00 1.912862696722653189e+00 4.729623648933001689e+00 3.935518160563563850e+00 8.649098182661825174e-01 2.098144243994322533e+00 3.015032132344101612e+00 4.408508495510412573e+00 1.734257112103669618e+00 3.387598690689373804e+00 2.708897964148140769e+00 2.693622071391961637e+00
6.057873519705651688e+00 4.661508039012431936e+00 6.216779127753545353e+00 5.229812587154701077e-04 6.008354454321941596e+00 3.022753849979828100e+00 6.091477318438831556e-01 1.744439801468210760e+00 4.659691662651722410e+00 5.590699583740331491e+00 6.125257930361611258e+00 5.129822677192679148e-01 4.547066556051534647e+00 5.119659809739885326e+00 1.781737363187023693e+00 1.740067945432011154e+00
3.693583330207886206e+00 5.400406224298206048e+00 4.605097780525144180e-01 5.183185081545151007e+00 1.357799442374310717e+00 4.019793915233446313e+00 6.076580810336688288e+00 1.969072678044385905e+00 3.403567442466600479e+00 3.289990883896154017e+00 4.448742143434142093e+00 2.935569916510338384e+00 4.912507690559893447e+00 4.367856475428541607e+00 5.174096299853930603e+00 2.466986469251126302e+00
4.466022878160005760e+00 4.257956925433128981e-01 4.620484312943986538e+00 1.938678697670769557e-01 1.632680132012838570e+00 4.383303720170520279e+00 3.636663972685525437e+00 1.682554608461884760e+00 1.430825353038449821e+00 5.453365954577828134e+00 9.796239447287179436e-01 1.446440808881793938e+00 1.127079234208139047e+00 2.705722646225390271e+00 5.904330473326635520e+00 2.713929957869862797e+00
4.947524774991808094e+00 2.222589129352774862e+00 5.249138637673535612e+00 2.249673424667173460e+00 3.687262345784587114e-01 5.575030942703648407e+00 2.449417877916160613e+00 1.937750094055944228e+00 4.055031653887363419e+00 3.440545901538825113e+00 4.983402170838080458e-01 3.248197476077319568e+00 1.603157596099360482e+00 2.909692410041307742e+00 1.573085262119910399e-01 3.448084269816884984e+00
