1.868254790720258462e+00 5.758107844169045642e+00 2.846107715168469277e+00 6.253173816581390376e+00 4.895465427053711238e+00 4.043061324225478259e+00 5.041619216400325953e+00 1.614264148612407190e+00 3.517002727618300462e+00 2.219194772491534629e+00 5.929922435907517553e+00 2.125796253692600057e+00 5.792602280450877217e+00 2.628039147438018475e+00 4.847271628929840759e+00 3.219982097988808967e+00
1.555541241763216620e+00 3.148395231233989677e-01 4.652212083979320845e+00 1.722361069990854476e+00 5.637452678803244410e+00 9.538329667556383340e-02 3.997461100707401904e+00 5.611137518602816954e+00 1.719747368122441333e+00 1.979032042244289524e+00 3.542340139865271631e+00 5.674396516159920800e+00 5.744909681954879055e+00 5.171433396901195856e+00 5.067078615084433579e+00 4.185980095282740621e+00
5.453615349982592342e-01 4.318640371526371702e+00 2.110451152484720705e+00 1.687631945146588874e+00 4.452804536198316399e+00 5.407370564966463178e+00 5.990000178950452892e+00 1.012326776348896118e+00 3.448423985839298211e+00 4.983213428498721065e+00 4.616781680510149144e+00 3.193771814400503395e+00 2.104939275360286910e+00 9.174109428867297522e-01 1.031192312812586165e+00 4.986701539934815131e+00
4.027158021889326811e+00 1.717332846502293009e+00 4.810216811840884787e+00 5.442384500443012918e+00 5.963989810541638903e+00 4.555336992292315479e+00 1.462789598851146788e+00 2.136476123150414796e+00 1.643176869148816666e+00 4.884364143245926826e+00 8.944923760007619240e-01 1.089199834868512240e-01 1.863624014295196973e+00 3.742836086221312808e+00 4.135701260044696292e-01 2.368403053614334564e+00
3.916903844969501947e+00 3.325363523267363508e+00 1.194941404265175811e+00 2.775707515587789054e+00 5.773199067383423255e-01 2.425838962431103418e+00 3.964805076658928673e+00 1.253793238828365686e+00 3.710526214384547994e-01 5.127293710950804773e+00 5.514167423105020838e+00 2.656696877282060498e+00 2.810741867927027293e+00 3.646957676307795104e+00 3.061832324390764359e+00 2.970859278150462135e+00
6.093709876735987407e+00 5.139877531666839694e+00 4.588947494877658073e+00 3.166529511240305794e-01 4.754318547501512171e+00 1.706462282030380972e+00 4.475315196160093656e+00 5.813719124931012061e+00 3.604552330069818455e-01 5.735497809403532266e+00 3.388595815311457038e+00 4.854043307381735062e+00 4.072450602353299587e+00 1.738138174357186427e+00 4.232314110545531527e+00 6.154078899368854216e+00
4.130537430235158958e+00 5.710511708099643258e+00 1.701594969805037549e-01 1.666514107165684822e+00 1.966658370325078842e+00 2.176414812465654602e+00 4.010511885968562673e+00 4.654409929788926981e+00 2.102853879999098563e+00 3.490512382728827134e+00 4.344395204114910314e+00 5.962273157489978104e+00 1.065021698367125014e+00 2.102235573259167101e+00 3.232482894760664749e+00 3.934637068194878129e+00
4.399329132745339876e+00 1.192077455840588884e+00 5.098250305391408332e+00 2.455829761717911897e+00 2.039710457651219055e+00 2.409182392829781083e+00 5.803794746343732491e+00 6.020017532693759499e+00 6.153758531960071387e+00 1.375465348532025622e+00 9.652637941293019663e-01 3.427846807517662686e+00 5.355556338023346186e-01 4.366162419434718167e+00 4.304742085571541033e+00 3.386856053882173700e+00
4.755601777387667539e+00 5.734040098937243535e+00 5.875251802688050695e+00 1.988001682495030842e+00 1.623566029162318403e+00 2.554732507480854231e+00 1.189855307178826038e+00 4.824225819730979525e-01 2.155705925194281836e+00 3.177478132797767252e+00 2.488951549056579449e+00 2.014717599458547337e+00 7.928028152005882623e-01 5.179907043075996143e+00 4.578404723859055281e+00 3.541794211548431548e+00
2.531222088641511547e+00 3.454251705484042922e+00 1.520873537403937270e+00 4.166620883602033310e+00 5.018539503086058673e+00 2.494630112854675286e+00 9.004977094973501406e-02 2.769342062619798650e+00 1.006139454304975756e+00 5.059629562333936903e+00 1.849362507247889642e+00 1.177812730921881768e+00 3.849892616708428861e+00 2.332454297927301301e+00 5.223451168522449173e+00 3.442218076186607245e+00
5.275725880067686724e+00 3.453740630066972628e+00 2.882637671304101534e+00 2.231177817961785159e+00 1.109931655921626792e+00 2.745852109928627272e+00 4.321911304725396974e+00 1.743121227240644888e+00 2.005634245270873972e+00 3.089684789158377298e-01 5.521897446005413990e+00 5.196799594568965119e+00 4.072972745004317663e-02 5.042339039259322142e+00 4.941906635191943842e+00 4.691647189008542718e+00
2.081466650621007553e+00 4.829892158788413603e+00 1.957632713996184659e+00 1.498234793047242309e-02 4.291608918947197537e+00 2.299275637748793066e+00 2.273204924410823669e+00 4.457434049648096967e-03 1.652410448187287439e+00 8.556792592614504978e-01 4.181475797213206391e+00 5.586153327700038140e+00 5.513493457141364296e+00 3.810831806039038483e+00 9.421084059343312056e-01 2.567701704760283032e+00
2.279509903664215020e+00 3.643542700054590355e+00 2.585459369275076025e+00 2.209500564289767488e-01 2.289880756819837604e+00 1.668796591966684728e+00 4.306828954084359395e+00 4.598439312579307270e+00 1.193522291810931835e+00 6.073027640470670896e+00 5.484228043746340653e+00 1.547159727121434791e+00 6.206448232845367841e+00 1.054506740873524029e+00 2.837397418109376179e+00 1.591028263338339910e+00
2.855378290303153044e+00 5.537387178716571823e-01 2.494380325072887761e+00 4.294764363541494490e+00 3.402495952349937069e-01 4.667832915153231177e+00 1.987357924267439679e-01 5.160182538759287674e+00 4.561169837625664414e+00 5.237115657700672777e+00 4.206164819291634771e+00 3.966697217763385019e+00 2.013047780380920582e+00 4.930492018237831786e+00 6.116821214664414974e+00 2.240586847345838795e+00
4.002454502107473111e+00 4.257391457615995023e+00 2.228864239917009549e+00 5.275678395686647981e+00 4.064693108164576074e+00 2.168629255308023751e+00 1.987726083817247025e+00 2.108722446585306276e+00 1.778169801040337061e+00 3.343609435033080501e+00 7.049319441301185041e-01 4.362173766973935329e+00 3.507644847192691095e+00 5.415278693905761109e+00 5.993628926845889993e+00 3.327873237416852259e+00
5.157407036790585764e+00 1.971748508444365999e+00 4.563566652715633332e+00 1.527166069637174051e+00 1.359923617935973938e+00 1.498971410434613682e+00 4.377150153953538236e+00 1.610875258645142916e+00 5.541832863899242234e+00 2.167361752457512392e+00 5.136902310416127548e+00 4.963348116444324276e+00 2.507482788635355675e-01 3.958389651067180548e+00 2.972752317901322439e+00 6.187163483698745026e+00
5.632978241248246754e+00 5.691469709621957307e+00 5.992875075941874741e+00 5.517496919667330246e+00 1.236810636750103498e+00 4.667445317853908371e+00 6.104436887893541552e+00 1.363300263629904530e+00 5.219178966204342629e+00 4.520580496745294496e+00 3.428118866828499645e+00 2.536743170429353267e+00 7.484536529512171299e-01 3.618174987315132096e+00 2.196544155541318433e-01 1.899179176540303882e+00
3.120727731195661381e+00 2.216099575484763218e+00 5.768579627705258339e+00 6.246239789025793243e+00 2.185378855961724209e+00 3.634749855991167511e+00 4.012688368722513665e+00 2.909341419225188297e+00 5.260355900401301632e+00 6.633673608496908347e-01 1.304516945463018995e+00 5.329023445585740149e+00 2.395948122566080585e+00 5.097279008891392849e+00 3.175407719073610746e-01 1.904806380728707005e+00
4.572063274736043681e+00 2.009758029505382293e+00 3.212485001740320367e+00 4.073517037799133433e+00 7.211386176230092371e-01 1.111882787635861902e+00 8.515407592320995978e-01 1.069315107271641585e+00 2.353012208968737973e+00 4.766439812727514713e+00 9.864199496860551752e-01 4.873172813343392029e+00 5.987012990892542907e-01 5.381731961655115803e+00 3.355787983377874095e+00 2.452478724434596469e+00
5.834131246912628299e+00 4.507353299538144675e+00 5.429340477069287685e-01 5.891520591497251047e+00 7.006750177065215190e-01 8.916852064226334917e-01 3.394411486748741602e+00 4.083367795289666979e+00 1.049162401216872098e-01 2.268121872630138203e+00 1.829376951257211115e+00 5.653401001322353459e+00 1.337236789620065203e+00 3.256637014606304170e+00 5.055515658534118550e+00 3.312672287282041328e-01
6.042708891081819189e+00 3.979213524473558472e+00 4.764553392855284564e+00 4.446465903168512313e+00 1.270542164792511031e+00 5.067204768009848648e-01 8.832809899301864442e-01 4.069998954235019006e+00 6.073500853383757558e+00 5.929362421073508749e+00 3.364536186353549230e+00 2.131058134221801126e+00 1.377420605570922829e+00 5.144647705804737292e+00 3.184434359914534163e+00 3.089115036602243070e+00
5.637274205297831742e+00 4.846015803251646936e+00 3.987454012095096978e+00 5.591116585788118876e+00 1.105103478336429523e+00 5.791572006458823196e+00 2.041292414341562722e+00 6.157697339343743081e+00 1.644389423879665024e+00 3.520920356984487576e+00 6.480293980124276487e-01 7.747712632674674804e-01 1.520286784062951702e+00 3.468289762987150304e+00 3.880703237947791262e+00 3.432934184676136535e+00
5.756413035738689565e+00 3.908374235386341322e+00 2.341143313050214392e+00 5.599615324124363802e+00 1.440905124621098210e+00 3.203773238915819110e+00 3.342541309026408669e+00 5.501379925006995464e+00 1.770327455075588752e+00 1.891314348460672701e+00 5.670273659940457733e+00 1.558515216655045332e+00 3.804318599240490872e+00 1.912630405134096767e+00 4.023975251738761139e-01 4.163092938775927898e+00
5.973062977096821768e+00 3.239407381668195196e+00 1.898487279782076653e+00 3.588741919482630660e+00 5.158767591615743164e+00 2.126963339498964434e+00 2.910295962611292087e+00 2.018550297818389350e+00 6.055782828750133628e-01 4.015898745387990409e+00 1.694319616616388302e+00 2.055413008245020823e+00 3.265256753195906470e-01 1.715232224887862367e-01 3.356461268833276446e+00 5.439605967943878184e+00
3.539919809343608392e+00 4.945634306320733309e+00 2.859536959675600620e+00 5.098291895022546427e+00 5.383576501216152721e+00 4.413914325228437185e+00 5.673474913944497544e+00 1.817004020502427597e+00 7.409574156520716548e-02 1.330655324444163234e-01 4.683445267381652677e+00 3.054936896767870724e+00 5.946232337800407386e+00 4.773915324106607905e+00 5.032709962361892053e+00 5.489760057325265841e+00
4.945747800362013002e+00 1.097779943671403968e+00 6.027975808242587163e+00 1.860225247973243734e+00 3.135586519059227584e+00 1.517401578800864792e+00 1.916242097908105457e-01 4.320572165897204719e+00 4.947036815841111768e+00 3.342559354674912608e+00 4.375221125749968465e+00 1.740896397776083182e+00 7.695390873856911007e-01 4.015740274110391361e+00 1.270070636747119730e+00 1.364812606352579172e+00
6.265932334871311404e+00 6.247567942423569498e+00 2.021427382256675731e+00 3.710354992346568181e+00 3.217175080048922942e-01 1.806755599145161373e+00 4.773584428605450292e+00 6.025339321499550316e+00 4.613197954438628123e+00 4.248409899812794599e+00 1.605472142073104624e+00 5.925022365938382940e+00 8.018831280068290379e-01 5.313013526293741684e-01 4.351088548939863188e+00 2.275114530889898123e+00
9.237859357928704940e-01 6.207279305795311508e+00 4.937535250265479014e+00 2.503506219784585873e+00 1.601658840787900662e+00 3.986230382015575557e+00 3.566960938547393045e+00 5.705695358842291398e+00 6.280434740603920041e+00 5.984188096623695330e+00 4.711517301472422758e+00 4.480625107201269830e-01 1.914341571117045504e+00 1.451263151783896754e+00 3.379497381870163686e+00 1.451009899005116788e+00
4.925896645651927308e+00 4.705810120580744993e+00 3.739244385814865623e+00 1.559879534406890755e+00 2.249985257304318864e+00 1.169271565415922476e+00 4.840162326290553985e+00 2.628645148312880320e+00 9.232948710722215235e-01 1.374470725327652909e+00 1.513390123616226157e+00 4.090997763109150753e+00 2.118045642355427916e+00 2.876658430944948996e+00 1.990709972472535227e+00 5.542244852432183677e+00
1.785926294068822306e+00 4.364310836331753762e+00 1.705889535447804084e+00 2.401549305643512433e+00 3.638719461048794734e+00 3.611188695003943572e+00 2.237595792540152839e+00 4.447803465566435022e-01 3.865924289141063230e+00 4.719440397453099401e+00 3.833307636399328810e+00 2.888553686873778226e+00 3.950410107067176657e+00 5.958626166298117255e+00 2.279809413522909445e+00 2.591320198653444873e+00
4.856764168527747394e+00 5.653747287797247223e-01 4.572155361296068143e+00 1.073993040315985859e+00 1.880136293826732530e+00 5.165289625452223810e+00 4.347211204288009334e+00 2.917606252054826488e+00 3.700075207593802151e+00 1.849482153458743339e+00 2.895176790094419417e+00 3.796672570322279672e+00 5.372930710666332210e+00 3.064988330298019203e+00 5.551783991259721107e-01 3.439971529588818466e+00
1.427798872973127908e+00 3.118883687435343610e+00 5.645514622314237840e+00 4.935453865276721253e+00 5.893030709121098276e+00 1.065128319644542909e+00 6.115344432220394033e+00 2.549128543935688995e+00 1.892579280842295208e+00 2.525761994182029180e-01 1.087113127403313673e+00 1.126040139945729157e+00 6.188611509450614001e+00 4.080691956166822898e+00 3.635476664136230718e-02 2.335806830471679252e+00
