4.705163226935324516e+00 5.422982349681459979e+00 2.347074259327156298e+00 4.052805782873337925e+00 3.670475669228249860e+00 6.226711688876194195e+00 5.485793481982694786e+00 4.010316739975960054e+00 3.985411980666760279e+00 5.208181730004024956e+00 2.849745657318576431e+00 3.880397553945333922e+00 5.498799465870872538e+00 4.446223382311016437e+00 5.300972239877441261e+00 5.173765363220770297e+00 4.452444606830517237e+00 5.672412893377253518e+00 4.722623616808058422e+00 4.456922348852750737e+00
9.338145253818856961e-01 1.539345901023122798e-01 8.914497144557651520e-01 1.598295843382123993e-01 2.494768037367850688e+00 2.907856510046744170e+00 9.141940105274782846e-01 1.588587887304931057e+00 5.480157216289082145e-01 1.374820963742525937e+00 1.626910513280855008e+00 4.268250226355405630e+00 2.231780015412428320e+00 5.452077582095998132e+00 1.706041668747744433e+00 3.317919212021921638e+00 4.697182086678040491e+00 5.158957199592802134e-02 2.679407582577810309e+00 5.587573180908691484e+00
1.079721325059201931e+00 4.701158720499667432e+00 4.346160220024757770e+00 5.459092168759618779e+00 3.497429975641930255e+00 1.076250263862654100e+00 3.500837909692971484e-01 2.623001442195977528e+00 1.498125794519634679e-01 2.777693789775262712e+00 4.957474690872009759e+00 2.266368059523039824e-01 5.031825435445621331e+00 2.904458149942904743e+00 1.690079110340329260e-01 5.499996719913918142e+00 4.212323194509417057e+00 4.891437058792439174e+00 3.015298918472485212e+00 5.486902648145743910e+00
6.694746515665798148e-01 1.151230681647224641e+00 2.249324733622489081e+00 5.219855632072308183e+00 1.604447025058267418e+00 2.466429706250901965e+00 4.097900010529544446e+00 1.439832104447398953e+00 1.217839385068755914e-01 2.591272973917487565e+00 4.347736583425519719e+00 5.548378079387739525e+00 3.266796802486944817e-01 3.727435848548976249e+00 2.526213425793438550e+00 2.311121414244763361e+00 6.916308407021183324e-01 1.888577289394551162e+00 3.720250812808155061e+00 1.441342928524577127e+00
2.291349345280098149e+00 4.625252993339787011e+00 2.993637835678469639e+00 1.031548390904385437e+00 6.228480055281678140e+00 1.296122333173317376e-01 4.781802212608724290e+00 1.527761539830041704e+00 6.657381781103273166e-01 5.108865702746807180e+00 1.255734292820178677e+00 1.518546884146314113e+00 3.105097519900552161e+00 5.467146350243161201e+00 2.990629072541860278e+00 4.323191291071843551e-02 2.410183135926793785e+00 1.512330142978613345e+00 2.233565386943849040e-01 4.152445836045703054e+00
5.619436960484997634e+00 5.169535721120170457e+00 1.544131054952491366e+00 1.428299907055903928e+00 5.709657228857608402e+00 3.282124726053224695e+00 2.536774030277531899e+00 8.799883056131846404e-01 6.258923893291834517e+00 4.283320962160992451e+00 3.586537073445378532e+00 8.445026550923426800e-01 7.261024184397379955e-01 5.490741339404153543e+00 6.223923266479154393e+00 2.643976427475550839e+00 4.338819101145456436e+00 3.826505705200888841e+00 7.964325974010307840e-01 5.971738190275178049e+00
3.622756855636502404e+00 8.089678492008552102e-02 4.417671714983659292e+00 1.885413269504517819e+00 4.801919391447847296e+00 4.219562314415492565e+00 3.390718633229602208e+00 2.261384808307778993e+00 4.744128815219442075e+00 5.784361735845897634e+00 1.199327892231501380e+00 2.603230515666798528e+00 1.225930877705303929e-01 6.512699626152869126e-01 5.502687817559629657e+00 5.340765266661742672e+00 5.335008285981916565e+00 1.917587387824666534e+00 5.144074580383307449e+00 5.825572254603032185e+00
1.249170288054603839e+00 1.596976653167236249e+00 1.167100097997014974e+00 2.865708298312138691e+00 4.093448626370576271e+00 1.822674669885117948e+00 2.829579828522145023e-03 3.712416402251031755e+00 4.322221249145414390e+00 1.919869317704195666e+00 2.348179076862850323e+00 3.038777045920409758e+00 3.973694263103844548e+00 5.860196695982948789e+00 6.155349630152085361e+00 4.271775536858107181e+00 3.382150467489716261e-01 2.618579586115483693e-01 1.004384958101836922e+00 1.591512442316208142e+00
4.487736940001005870e+00 2.950687673066671124e+00 5.995902252662439480e+00 3.081858568078774674e+00 7.792389235714582973e-01 1.792557444010409728e+00 1.561581712438136593e+00 4.926039364749228433e+00 2.855651791061655231e+00 5.979348073238620387e+00 2.006233527417433660e+00 3.237831846089966881e+00 4.424818311690833283e+00 1.199445327975742631e-01 4.457972195109458191e+00 3.713475811509105551e+00 4.351960404175211572e+00 5.032802143899775871e+00 5.023506962942337672e+00 1.343106481601807234e+00
3.117030529769094116e+00 3.231772437790821240e+00 2.588384883082077703e+00 4.084840353672339219e+00 2.019546367926481345e+00 4.907671498432282675e+00 3.361776971671230463e+00 3.736465222135584519e+00 6.218628267743296689e+00 5.762146123409852549e+00 4.887991993795568035e+00 2.979731722608232936e+00 6.677090101601047545e-01 2.681603958732128312e+00 3.883838983394745537e+00 2.957754690468824332e+00 3.979534226511537431e-01 2.874602469583929398e+00 5.417124765356203575e+00 4.875207891682677430e-01
1.042645904520913991e+00 3.036601485037666581e+00 1.649461156678667439e+00 7.413165296834109963e-01 1.130271767568624464e+00 2.385944640898038926e+00 4.815784980023479100e+00 4.635879993539911759e+00 3.729063345023216236e+00 6.995542117003067384e-02 3.214495461127033327e+00 4.973165277707417786e+00 2.588610276725224590e+00 2.671624110814735165e+00 1.464067424700331355e+00 2.703587735374573420e+00 5.794377416127856506e+00 2.056033758636709674e+00 1.650882041574285086e+00 5.090420139777827480e+00
2.329956113550166297e+00 1.526716554244442303e+00 5.275252522729825699e+00 2.443264986131465921e+00 3.317312648230920757e+00 3.013358615039146038e+00 3.468758117136344854e+00 5.478880382641015956e+00 4.051702308729953295e+00 1.735403287418462726e-01 3.781136193639924148e+00 3.836575130050375204e+00 6.020134466303803222e+00 3.932670837618207571e+00 6.047441889942096332e-02 2.670258296734900227e+00 5.099693070191094968e+00 4.086205956644576864e-01 3.356286266871678858e+00 5.126520082742396234e+00
1.819983547470904961e+00 1.502602210636810653e+00 4.377433064008223518e+00 2.300777965048971321e-02 3.962791511489990981e+00 2.993131229502198565e+00 4.638369539171917078e-01 2.779985338300380970e+00 5.036765882656549564e+00 5.267066943946195678e+00 1.203918936645156812e+00 2.425510609192291778e+00 1.037427055715569729e-01 1.978223983684287424e+00 6.015246425046729684e+00 2.875364474885051091e+00 3.781403555678374273e-01 8.614397644591279546e-01 1.293204940461360142e+00 4.033774981831672046e-01
1.787490715491202531e+00 5.911588243320942127e+00 3.787424380084387643e+00 4.813989069989435876e+00 4.378124947063749772e+00 5.087625467380554767e+00 3.685286784087872469e+00 4.763285816172468046e+00 1.233139526478837400e+00 2.174433621083122326e+00 3.357859230206258760e-01 2.236677691924341183e+00 4.434985748536445449e+00 4.766834814192667302e+00 2.003389045073092234e+00 5.475341071861916653e+00 8.533613670883746227e-01 6.006820929373128948e+00 2.411329430450008804e+00 2.398609177639003942e+00
4.261812320601891635e+00 6.166990800063385514e+00 3.594365299614730613e+00 1.566326789089503402e+00 5.711026941392822742e+00 1.025407465529958762e+00 3.331194662484732838e+00 5.253218217285176017e+00 5.210695018937725465e+00 4.500335070103835378e+00 5.059113746913903142e+00 1.223548913009248756e-01 1.890029398652817383e+00 1.864270039333498330e+00 1.971083385586931858e+00 1.397837504601120440e+00 2.080097931672800105e+00 8.359181628670898645e-01 4.102321896998567752e+00 2.796567763125901163e+00
2.165753621485854818e+00 4.352268438536974378e-03 3.117424496102268794e+00 5.917514620154926241e+00 5.717360697947477810e+00 3.059298395324371977e+00 1.955229829614070658e+00 2.236709092148438938e+00 5.423674471914909923e+00 5.613666648877936538e+00 4.552035841685161399e-01 5.814540414275835900e+00 9.530735114815164222e-01 3.735171592973214327e-01 4.613855051174336808e+00 4.867125211720266797e+00 3.021720879521097469e+00 2.320756912077870382e+00 8.408527802034585497e-01 1.547093843271427849e+00
6.099732752726565899e+00 4.223462539887998801e+00 1.317632525704764301e+00 7.404360020154395761e-01 4.037072852099833575e+00 5.604411260340531165e+00 6.794927694289543130e-01 5.018983322890544052e+00 2.069874890273278201e+00 1.834900686342835430e+00 4.802524439189672201e+00 5.914889355899696000e+00 1.344759367750102186e+00 1.391091061758432001e+00 4.332813027465124200e+00 2.457214746511251047e+00 5.790874512005411034e+00 1.585433867084609094e+00 5.030341399618849074e+00 5.853140559511120777e+00
3.856584981418914815e+00 4.059276403717414716e+00 2.156425688136486274e-01 4.694939712850652036e+00 5.758088823960147096e+00 4.220508831643347669e+00 2.848190781697016449e-01 1.317731592364452364e+00 2.136810037294619047e+00 3.177177637671802835e+00 4.796480501513159744e+00 3.307224206970662550e+00 1.375668933997831189e+00 8.177818614607652581e-01 1.445696744149764790e+00 9.203138622801063651e-01 8.892359839573674707e-01 5.745857180283867827e+00 5.283077788149416421e+00 3.977917833798235048e+00
3.444547641789744485e+00 4.669237909197669012e+00 5.003999383388001654e+00 5.931909752924426904e+00 3.435236691855621416e+00 3.255599394164062493e-02 4.321748525180085565e+00 5.586679602626966279e+00 2.559291018004175466e+00 2.061198412711479744e+00 3.519985433324461788e-01 4.863079721201257755e+00 6.050577588765560400e+00 5.619268817837011376e+00 1.996797978564115006e+00 5.864843440382636608e+00 7.928300398394823034e-01 4.570483327627567149e+00 5.327008436254874191e+00 1.428474709511639684e+00
2.601154118517387204e+00 4.672787800445641349e-01 3.864336192354339783e+00 5.125988256755203309e+00 3.398322847868139318e-01 3.811745448288421656e+00 5.440718759295163132e+00 1.780394355449469890e+00 5.965764345134304314e+00 5.202788399396853336e+00 2.339606415324210431e+00 3.209291405210756842e-01 5.986742056888914476e+00 5.060197745568771888e-01 1.868189446077291871e+00 3.907235764188924376e-01 1.347151013398138364e+00 1.540339001766834359e+00 3.115567095510296536e+00 4.291615120048253296e-01
4.715352669641125205e-01 7.804113141019315414e-01 1.490034109622220493e+00 2.165512579640439750e+00 3.893021059310501020e+00 1.607178508700379149e+00 3.946621277835111297e+00 3.959811006154247082e+00 1.925560393304605489e+00 4.512257303326124180e+00 1.756877052761784297e+00 4.315540013518124773e+00 5.184161634062733448e+00 2.488538411718328902e+00 4.381808848823780522e+00 3.357767604532787775e+00 5.873357378356208081e+00 6.582780892481564505e-01 2.576941135385436787e+00 2.754246954066831510e+00
3.742091598804297092e+00 4.300544357598267808e+00 1.901641488602369590e+00 3.126083320348727046e+00 3.389627710406793337e+00 5.912551738346073726e+00 1.631036320704541520e+00 9.988817618466145909e-01 3.305284898168741603e-01 5.507556556480666998e+00 6.050388280062820812e+00 3.025239909886273448e+00 1.322062343462696132e+00 4.400045418909974693e+00 2.659124031836561652e+00 2.901873715903530826e+00 1.854533984049593354e+00 7.330339778340831947e-01 2.799847628701691793e+00 5.121220606232885331e+00
3.889423089620883012e+00 1.535052945690820847e+00 2.337965905236821573e+00 1.636313399867912022e+00 1.294628584828992901e+00 7.999537658034396870e-01 4.541976714768310330e+00 1.498619785791187375e+00 3.831164552696548320e+00 2.631092589251854186e+00 3.132477025836885032e-01 5.372218235685650711e+00 7.832807824400701557e-01 5.692789684064810452e+00 5.277664578438595377e+00 2.364670497813544880e+00 1.784094223835430260e+00 2.700768996791767851e+00 3.323748701518759674e+00 5.490164117014195710e+00
1.395342694298460140e+00 5.160570667309235304e+00 8.403712164521535133e-01 3.479312615226542449e-01 2.600291152210478796e+00 1.168315894054975823e+00 6.088861078117347780e+00 2.616333744801516925e+00 4.304477034232541133e-01 2.813154498136912096e+00 5.563401480548951561e+00 1.707055144995192730e+00 1.592989763848584817e+00 4.121333379442884137e+00 4.776053648889021730e+00 2.326592874360147611e+00 4.185183372817962599e+00 2.943288297504367712e+00 4.539158005552318187e+00 3.046929666443082052e+00
2.281875360381977469e+00 4.426694178953433756e+00 4.662684815692834661e+00 4.679461410890726647e+00 2.238803420918504372e+00 2.189374752382606371e+00 1.397550781530767061e+00 5.052266437384822950e+00 6.096944639765091267e+00 3.297721887162429422e+00 5.224413370451804539e+00 5.494679540482923841e+00 2.472800514353722168e+00 4.785788027051503413e+00 5.416210644093822246e+00 8.463089108464640908e-01 5.152268649162066616e+00 1.406057638673942511e+00 4.888184905973098182e+00 5.196640942577969158e-01
4.717800058261360618e+00 2.443857959020670378e+00 1.540362313925949245e+00 5.653981949296666087e+00 4.218446519086249680e+00 4.733099874906828930e+00 6.531761950958338003e-01 5.053192349681014051e+00 4.193686998936333232e+00 1.153238996860326049e+00 4.809851874890493484e+00 4.614625417407149932e+00 1.603097842403179056e-03 6.045723369614832698e+00 5.565452199467801897e+00 8.783730629567141346e-01 5.107878488210237933e+00 4.116131273958190562e+00 2.968215869636227744e+00 1.267811638814714925e+00
1.087447105760992461e+00 4.421829842445481162e+00 3.873816423039331713e+00 1.142122873641611552e-01 2.992049998030831492e+00 2.909569299979713364e+00 2.150551846924435129e+00 3.167096144604302221e+00 1.033118535425120221e+00 2.203201660975898424e+00 4.119179439207786508e+00 4.884063665453155956e+00 5.190338814951572566e+00 4.016852872477680414e+00 9.757775461644037085e-01 5.504730058711952978e+00 5.001089388148964865e+00 7.845081320976059480e-01 4.909080339056801634e+00 3.108159256730503195e+00
2.391680858145053268e+00 1.414822137076069630e+00 3.829094470685624252e+00 2.617458779906564281e+00 2.420310492301301242e+00 4.040831451337620339e-01 3.756147152757127294e+00 4.031978799202354580e+00 4.696581451750434510e+00 4.045442389128207417e+00 2.350669190832971878e-01 2.069341441372473778e+00 4.545561365047075419e+00 5.300994857485727962e+00 2.582526845684242733e+00 2.971241310132043623e+00 7.879079429551268943e-01 2.747911167276081423e-01 5.386750280628885612e+00 2.631079167343896241e+00
2.090754668575739661e+00 7.331795090709039009e-01 5.765529402000736381e-01 4.245266948406892560e+00 3.269419588557025858e+00 1.017055392664013347e+00 5.861839318593853321e+00 2.549132423131631242e+00 9.167280195081163319e-01 2.044567213238542180e+00 2.686716101353963992e+00 2.355841726171096884e+00 5.052154336009965219e-01 5.099860515595825206e+00 5.226940835550818454e-01 6.095760709803027311e+00 5.927378602596539814e+00 9.250908330619322939e-01 6.248175685870385188e+00 3.524047404214545320e+00
6.644998629098328724e-01 3.525220363229019327e+00 5.184786774949935229e+00 5.022687967029829004e+00 2.277763641199243239e+00 5.647971997781168874e+00 3.943926948453035930e+00 1.881020309860516049e+00 4.178915547199955505e+00 4.583825115266014549e+00 5.282278034358173890e+00 4.503579522130745083e+00 3.694540085470872981e+00 3.573360415195220519e+00 3.283771984785840203e+00 2.444795478431267099e+00 1.446538545029933731e+00 4.495483921892517998e+00 5.598696659598043190e+00 2.075473091357707300e+00
6.267182536003089943e+00 5.920490630959609923e+00 5.096333860543875716e+00 2.944131761583077100e+00 3.720854113158867715e+00 5.888435789615597216e+00 7.314972743033745228e-01 3.995691727542405314e+00 5.226897651139354117e+00 6.624689928612380596e-01 2.722766795933146522e+00 3.855874517403451662e+00 4.496279262000705046e+00 1.428950956068067324e+00 5.287802723451309639e+00 1.024788186914615817e+00 4.445406514916762752e+00 1.400444324264413565e+00 5.916194477037669763e+00 1.817984357217088176e+00
7.694523558279485753e-01 5.056799063139429506e+00 6.164947088576336220e+00 7.426268022318881501e-01 4.277797190980180631e+00 1.599935680355752954e+00 3.474986428269475791e+00 2.414007639983154707e+00 2.504945745279756331e+00 1.611722767351384533e+00 6.236930073393295304e-01 3.093639255510018948e+00 5.570368765418669987e+00 5.734464829594127622e+00 1.442795843393945621e+00 5.019500826917167480e+00 4.239491285592757563e+00 2.404869556097064098e+00 9.635155236954900948e-01 4.740282102522703767e+00
