3.216319918976456638e+00 4.916576910878323048e+00 3.760456278749702008e+00 5.099493513136419409e+00 2.996741646929137914e+00 3.671343300816846345e+00 2.966087991356367581e+00 3.639611989265651548e+00 4.023982833077225152e+00 5.505621343403397816e+00 4.930497661108050877e+00 4.636032463705660689e+00 5.685276087399169231e-01 1.700663687672284041e+00 8.739391817267432305e-01 1.014428687745665414e+00 4.305358569255542805e-02 2.972612798401961687e+00 2.486640292140886555e+00 6.063572224465735516e+00
1.942710472582314107e+00 1.059064598573977056e+00 5.009485368380833137e+00 1.730794948066216810e+00 4.809954948469332692e+00 5.345560651613818770e+00 5.577060818804941977e-01 2.641811435693807830e+00 4.940230092876351620e+00 3.576347147747599209e+00 5.304888766653328425e+00 6.511485227420708011e-01 1.490339633735041192e+00 5.860042056944529065e+00 5.172363305406217471e+00 4.491052805977102658e+00 2.973587108044158711e+00 1.220084431120932456e+00 1.498958845545000917e+00 1.046129393774247296e+00
2.768104738901173700e+00 3.124086572086572478e+00 4.016964768184982937e+00 1.322830285748872070e+00 6.652509097734345955e-01 1.922811499767718812e+00 5.116463573737892290e+00 5.869592010347498778e+00 5.593695910072172595e+00 5.920063751339540659e+00 4.785371461817361727e+00 3.364713376842181525e+00 5.254613235993902620e+00 2.427552841627785174e+00 3.456128794877081578e+00 5.697380598280851416e+00 2.081985387669714527e+00 8.164729660924335830e-01 1.704963126583014965e+00 1.496533180409236330e+00
4.115945814610904030e+00 1.853940984315259888e+00 1.519160038509091093e+00 2.306366043237003005e+00 3.211516622979595059e+00 6.232236369493592498e+00 4.998625198177949258e+00 1.129856347512111225e-01 2.363730585808615725e+00 2.720977525014842691e+00 1.178909245177380383e+00 3.465016629134502590e+00 3.365882824804912743e-01 4.747747908822916862e+00 4.734382949082914571e+00 2.671840414057947477e+00 4.165444161937683631e+00 1.477552774027997229e+00 3.232885923030349939e+00 3.207145408695387001e+00
9.599263314838205607e-01 4.127948253959958791e+00 5.728807083812603729e+00 2.203001502219399388e+00 1.040767325223541206e+00 3.311836932095592712e+00 1.175722095211342022e-01 4.450687654225800594e-01 4.065118629854016064e+00 6.209766136815258797e+00 4.001459380004347643e+00 5.171294535629983535e+00 3.767187755181063746e+00 4.679138437828278541e+00 6.074417236467097858e+00 3.677965364925653624e+00 4.580084610375857679e+00 2.093296543299172363e+00 3.226202807868619349e+00 1.076113552624221370e+00
4.733804485811825558e+00 8.030462088673616661e-01 3.146811770716176682e+00 5.504026705440630884e+00 1.869572370547813334e+00 5.291948616085369039e+00 5.529307373864623010e+00 1.425712508402550593e+00 1.869139441830389048e+00 3.332400819428487981e+00 4.091088387810994931e+00 3.034913462718763277e+00 1.734059254767452041e+00 5.445641758219812445e-01 3.270998400312407295e+00 4.724585289356942219e+00 2.370340990416369920e+00 1.557768068601204536e+00 4.440307738702304441e+00 1.601012891815653649e+00
9.084369308891464545e-01 4.741683039037412506e+00 3.595929865100554235e+00 4.366103613059862276e+00 3.788678230116465873e+00 3.725928967364011246e+00 4.115391736688430946e+00 6.412608622350990384e-01 1.982239437664649273e+00 2.370274925138361244e+00 2.658560162001787575e+00 3.600625184571484727e+00 1.089444545310232826e+00 3.290117734778341241e+00 1.649161729083239714e-01 6.222747025033776858e+00 1.892721199796169262e+00 3.724538998985393423e+00 6.267126272574301993e+00 5.232443561023568002e+00
3.493970716168290025e+00 4.952735535120877941e-01 1.691813286028169827e-01 4.149693390850242025e+00 2.288792482121646821e-01 3.644283512790794433e+00 2.295299079138855003e+00 3.741394625999053147e+00 5.334871378867780400e+00 4.863887534788031708e+00 3.556961001111429432e+00 4.820622603246072835e+00 1.881423591852535160e-01 5.123876089773681031e+00 1.093094852321195853e+00 3.183241416286006764e-01 5.652611989593081532e+00 2.311827945025256792e+00 3.209720038736150194e+00 2.807127982740507566e+00
2.291921354456641691e+00 3.893971600286414869e+00 5.859976170132527251e+00 2.237755153216540283e+00 2.834413786476742469e+00 4.598698785434740977e+00 5.982695106208021585e+00 2.430529270685575227e+00 4.117246690030401446e+00 5.344957769775584566e+00 1.047753948047950079e+00 5.900057242084545628e+00 1.991170336679423558e+00 7.485781642923932111e-01 5.371745503089598195e+00 5.660682621166770900e+00 3.777399125054190510e+00 2.562885076450524213e+00 2.691974861024590382e+00 3.777301283363915463e+00
3.135077400592665597e+00 6.025249843649931769e+00 5.636828487037884194e+00 1.239729726086020722e+00 4.162946646304203746e+00 5.453588898287959452e+00 5.884993744950596906e+00 9.707984000465661456e-01 5.100848732499123628e+00 4.394742363851942279e+00 2.140991560939050409e+00 2.695380774855418715e-01 2.864118307576652089e+00 4.253789227341219642e-02 3.290333886591018775e+00 5.783612381632248223e+00 4.136454519868892454e+00 2.117251337019211643e+00 2.715108758856942472e+00 1.834159246678787270e+00
5.739457098539894275e+00 3.368096573665479543e+00 3.340368398408700923e+00 1.781217205574847418e+00 4.977317117685280401e+00 1.270375978634335212e-01 4.794631701567756643e+00 4.131191124566661266e+00 1.653996358881913764e+00 5.938700507165356690e+00 3.491439180319511948e+00 2.856452638090074547e+00 3.606710812779570396e+00 4.860510776263266663e+00 2.755894893782240285e+00 1.882649571719609671e+00 2.181514931792023937e+00 5.944188448055975016e+00 1.234494331091510855e+00 4.799016494019627821e+00
1.823481304082345877e+00 3.338333841542113212e-01 3.440904110550558337e-01 4.763787882228764481e+00 6.045185869503310272e+00 4.022996997637268812e+00 1.412771249204651580e+00 4.878253858499168594e+00 4.027942787775317335e+00 1.838155859359492217e+00 1.725103821941312565e-01 2.304567620778343734e-02 1.945487806696218458e+00 4.478547730064908805e+00 1.866232263643003764e+00 7.597249370757616083e-01 5.967737482812094374e-01 1.846766900718384674e+00 2.962619741196772516e+00 4.163445864001785957e+00
7.099625672681955657e-02 1.495762215879911095e-01 5.782913904997273313e+00 9.858784723968799790e-01 4.757786544443243670e+00 8.561053681870073317e-01 4.984416690362852620e+00 2.101157812894677956e+00 4.295167286277715490e+00 1.692522688333151892e+00 2.736788260317424282e+00 4.592107894215746278e+00 2.279266497819046666e+00 2.718699941187233127e-01 6.413158698415442893e-02 1.168316768467933420e+00 3.694424722557788421e+00 1.962369404950805030e-01 5.577582717256607481e+00 2.422273531665522395e+00
1.459270940494448610e+00 1.891257107891084477e+00 1.909577737385423690e+00 2.060370558636459570e+00 5.245351339649120703e+00 5.204087314030328315e+00 3.591537769475681152e+00 3.874066394137788638e+00 3.858980677717446461e+00 1.583102072203291133e+00 5.102618599022429535e+00 4.080923021647306470e+00 6.958680968004067324e-01 4.424485051700608906e+00 2.132225224937621053e-02 2.411833238291198889e+00 3.013666703446109096e+00 2.607724781907582834e+00 3.589934376737998534e+00 4.401941769868610715e-02
5.159657240259043487e-01 3.298880108570639624e+00 3.679844232314935848e+00 1.960080769593584016e+00 5.783190784789211669e+00 5.683320320354760646e+00 5.467174971140582151e+00 6.407075469549913249e-01 2.451404857622958566e+00 6.113257882462711512e-01 7.357298029114628379e-01 2.168060884335425431e+00 4.176038298919213965e+00 4.959845254623422406e+00 6.024309378543727611e+00 2.496493494700410043e+00 4.280701343321609009e+00 2.616884564595460816e+00 7.644552397846939851e-01 4.419549647307424500e+00
4.708348267597245673e+00 5.684208192360001632e+00 6.901355190143531049e-01 1.040846473113823389e+00 4.770516328616995594e+00 4.184301027627331138e+00 3.987703665702452049e+00 3.490090869539592244e+00 5.315718011352032590e+00 1.753266916307361756e+00 5.209998349255461569e+00 3.773255495666396619e+00 4.799566685073449079e+00 4.772659282507053291e+00 5.446630675927974785e+00 4.194512730431638303e+00 3.830072471467966810e+00 5.272756331449316214e+00 2.502212380259757563e+00 2.185793038068220007e+00
8.555440377539598185e-01 2.391682237769918284e+00 1.615911467866142648e-01 3.923034036040689898e+00 1.469065609957118435e+00 4.010837621020765908e+00 4.475119135739911158e+00 2.434068018703491543e+00 2.066299652899701300e+00 3.448202588641806621e+00 2.945958659075096353e+00 1.026181322690942199e+00 4.090562487658904622e+00 3.881791267838008430e+00 5.632008090985763937e-01 5.345767704117452723e+00 2.420212816237472975e+00 5.115799171250629662e+00 3.207527293182665495e+00 6.235977295371769813e+00
2.330119629843893314e+00 2.663751461380773899e-01 4.562657212363983916e+00 1.264301746429389306e+00 5.186142263968357646e+00 1.228171144721520669e+00 5.452591626319309270e+00 1.370148770738764676e-01 2.236989069229816440e+00 3.144895582784367427e+00 3.563640223928392081e-01 3.345699073898160236e+00 2.039717341129352324e+00 3.849642760177725442e+00 2.550255675690104251e+00 2.952660662380381051e+00 4.817487202616505648e+00 2.260260473078300247e+00 3.455168933161773648e+00 1.287288198777774451e+00
4.868338097777006546e+00 4.936114842293685356e+00 2.146652106277631589e+00 3.912616216390618629e-01 9.433053967335822132e-02 2.700383116735721067e+00 5.093639494103779697e+00 4.226944690581657227e+00 3.793550124110339067e-02 4.499519674792005652e+00 2.148819742496969054e-01 2.228347947825133346e+00 2.809496649550584646e+00 2.706683318334421440e+00 3.492816014698059579e+00 5.861799349463327147e+00 5.836830413391647099e+00 4.339104060317083622e+00 7.432657899238985788e-01 1.421282910829138268e+00
3.352922664182491630e+00 4.856374274895571830e+00 5.243780297158671999e+00 3.908194960512313187e+00 1.693294817174311184e+00 4.377978653010776711e+00 4.929062155064038109e+00 5.750848239978980203e+00 4.486626904583663311e+00 4.958691452019029278e+00 5.061843146193209186e+00 3.155875334541791144e+00 1.745559453685794349e+00 4.219637044928330027e+00 2.532457687519722445e+00 1.265195579133652437e+00 6.082032368075884321e+00 5.921957881391408662e+00 1.420519787380356114e+00 6.174599050379041110e+00
2.208891323179749566e+00 4.160385524305993066e+00 6.004850920528113534e+00 4.180613765576058682e+00 1.756992698059650637e+00 2.280132026333123285e+00 5.962455672303666354e+00 2.797210177898200034e-01 3.538711449857182334e+00 5.085132634385367112e+00 5.697501872379025833e+00 4.175428753376863256e+00 3.451670684615970597e+00 3.563970773521049074e-01 4.995321917417098412e+00 4.961424365437352435e+00 2.549966912909746863e-01 1.725977369065158973e+00 3.820795335612240606e+00 6.005026235068442020e+00
7.120421408802158902e-01 2.882390404553505370e+00 6.454170683350410886e-01 2.631640699382941762e+00 4.054301689652505258e-01 4.074693047604539764e+00 3.987331436393982020e+00 5.339121043622166773e+00 2.839149524724649876e+00 6.086668521114083852e+00 1.401466087723751253e+00 9.376705252970958249e-01 3.667695314101091952e+00 7.091729332177068024e-01 8.195246508618992953e-01 3.555533705525371957e+00 1.524818452165283889e+00 5.537979056585668580e+00 4.330166711449419670e-01 3.526592641731562949e+00
1.641408144380191336e+00 5.023723121242526624e+00 5.602622990704366757e+00 2.971928388587717684e+00 2.988844187088961490e+00 3.142890972666983473e-01 5.178110114726816704e+00 4.283523544871300714e+00 1.937702624631168380e+00 4.217276203209884500e+00 5.532726155761989340e+00 5.213162176206903808e+00 6.261095293895954761e+00 7.315318597303859249e-01 4.519426497221109784e+00 8.282125579619236122e-01 6.093105506799700422e+00 4.761922951188848785e+00 1.472555186337009214e+00 2.954944807630535575e+00
5.525253251298677171e+00 6.177223463835850303e-01 2.044240499624730312e+00 1.634512189758440925e+00 7.764925892712180866e-02 8.089709847508160800e-01 2.919176469118836881e+00 5.519281315022486645e+00 2.506960616632275318e+00 2.715501668972500227e+00 4.332392860839492599e+00 3.153231749344524992e+00 8.479450557882226569e-01 3.058558083007386852e+00 1.714394155724566993e+00 4.697139646659642231e+00 8.409077124191379760e-01 1.060472917031649587e+00 2.531214032787541424e+00 3.293615975267626172e+00
4.833931297421695916e+00 4.150172665940324634e+00 6.246875689480053673e+00 6.119313648674324035e+00 4.385361511882873486e+00 2.838330406391039507e+00 8.484098634385541793e-01 9.721126529688475237e-01 3.422734813532248843e+00 6.168893007457190159e+00 1.562375380801724445e+00 3.512093553048726280e-01 4.778962500661015689e+00 6.047192527398173034e+00 6.170555084420294989e+00 4.933985011847953572e+00 4.557017427950859734e+00 3.149186240242587975e-01 4.371981010407246515e+00 3.292462816365937517e+00
1.717513977576621553e-01 5.310219630991723783e+00 4.328213837947489040e+00 2.618394118475973809e+00 1.357554742453071617e+00 4.567103763272714723e+00 1.721652596711539918e+00 5.717340435639161278e+00 1.398944777360822123e-01 5.662306156051914563e+00 2.544794559616907925e+00 5.494375203909414473e+00 3.419602260010427663e+00 5.526775179775111013e+00 3.527140499188583966e+00 1.893752197691354722e+00 2.838048266776586059e-01 4.366812531630808181e+00 2.116976105004595876e+00 7.768654728728089376e-01
6.226980582808786302e+00 1.810451391843204139e+00 5.980887840903162278e+00 5.333273768909718271e+00 5.604098254133588419e+00 5.983268915288252110e+00 3.146611442691199745e+00 1.642916823658614911e+00 5.169435535197156817e+00 2.205599942803849967e+00 2.340512870983086025e+00 4.141126225854314669e+00 4.905697463668410307e-01 2.783094946052719010e+00 2.252903249644370831e+00 1.339688806188918280e+00 3.296537053799247219e-01 1.640855751135644081e+00 2.218793900234701688e+00 4.610294113641591807e+00
1.235794975613425800e-01 2.378970744610562349e+00 4.342309912583699472e+00 2.143429642346941666e+00 4.283780439809934948e-01 5.923062863302043901e+00 2.325896685592779622e+00 3.861250921939586966e+00 5.414534934917468734e-01 4.860941716336590446e+00 3.218437973148557951e+00 5.369992248797584189e+00 5.330693012331504832e+00 7.788792888600153119e-02 2.627656710514443716e+00 1.675159631567677554e+00 2.543224399922797030e+00 3.748342273737842678e+00 1.855523173906998835e-01 3.882790827506652498e+00
2.596350325672833304e+00 6.142184153840835492e+00 2.297075078633298073e+00 7.079395731054872742e-01 8.663049952576733492e-01 8.145211697576933974e-01 2.097582343801045912e+00 2.544406247244180630e+00 1.830408412178722966e+00 3.089541551927808438e+00 8.180132081820203904e-01 5.742587035051973210e+00 2.708152469582211008e+00 5.391642850414751109e+00 5.666674441310675547e+00 2.744143570161853951e+00 6.051854608160867066e+00 5.858084666205103375e+00 2.692220935711458818e+00 3.888736432204242366e+00
2.931356895522453598e+00 5.299717465537018946e+00 4.303313950689941159e+00 4.496115180634093100e+00 1.034168502577840210e+00 4.934545980295967027e+00 2.991119524251012685e+00 5.326678425042704390e+00 3.301108218637626823e+00 1.116929258712291873e+00 2.173220172879064549e+00 5.487789070480583398e+00 3.180940328568317987e+00 6.129849365728704313e+00 3.333905291036881824e+00 3.070679831772671342e+00 6.050910279031589845e+00 1.803242622205987411e+00 1.950523384628707113e+00 2.512102231702815214e-01
5.050555189081189056e+00 2.242836207274806704e+00 5.149320230688176459e+00 3.395245100209453248e+00 5.095281223216616695e+00 1.837208007905559048e+00 6.074188635262795621e+00 1.266462840259847678e+00 3.968324455084584756e-01 1.226332807674400227e+00 4.336932067622431219e+00 2.772019780564699776e+00 5.131108576304175273e+00 8.297294042712010098e-01 5.199228685687886653e+00 5.258729722271032969e+00 4.280892193446093508e+00 8.836110856322358931e-01 5.869288910887036970e+00 6.165255191185088357e+00
3.257339504816556985e+00 4.267595837393644231e+00 4.667983998035097670e+00 2.871636378916021304e+00 8.041210782720836781e-01 1.741706420147533629e+00 4.811575343545245076e+00 4.152148056082614502e+00 4.499881385308350801e+00 2.152381712531032054e+00 2.238263368542507070e+00 5.073576247782597415e-01 1.873979688801621801e+00 3.742837049462942323e-02 1.830777187587919519e+00 2.566407279930479568e+00 3.879191464444556203e+00 1.194788628848990841e+00 5.878529064508575090e-03 2.521319808237799442e+00
