1.002889321637267184e+00 3.248276054821448877e+00 4.201266517762930697e+00 6.099632180100963197e+00 3.531695496348324359e-01 1.941667605987524414e+00 2.086938825192649283e+00 4.493127670082991187e+00 3.015733939140976094e+00 3.786276494322043273e+00 5.964583486956922975e+00 6.142534893557940912e+00 4.509541287635058460e+00 4.498939471970970772e+00 2.546900809811326383e+00 2.308976542411474320e+00
2.156839714643459249e+00 3.933280877311845725e+00 2.302126844437065945e+00 5.986089938800423838e+00 4.453803952981734149e+00 1.024091316110552902e-01 2.582741565836524922e-01 4.086176108488897896e+00 3.693320828477400841e+00 5.469071534355852471e+00 2.191095848068973506e+00 3.926892009450704712e+00 6.816447978253005191e-01 3.491517279802772489e+00 2.768662571344512990e+00 4.037590255456470878e+00
3.772616559729643271e+00 5.492980236643867364e+00 1.151514877221020638e+00 5.420547120967356136e+00 4.931831639906365083e+00 2.424393107729648555e+00 5.014237942489810251e+00 1.117438304072221333e+00 2.716698289531322974e+00 2.903940646717080742e+00 1.704020488872823202e+00 6.071893336554712306e-01 5.450459399278795303e+00 1.766025375703007994e+00 2.340316535505732265e+00 1.084245290528020433e+00
1.057101571525610906e+00 5.844511887694112673e+00 9.998444463135551796e-01 1.018839446110582359e-01 3.453632221845989392e+00 3.705855940082767752e+00 2.681162579124651835e+00 6.201260666208832539e+00 4.041312546463638355e+00 3.123214442425557458e+00 1.443456995965342271e+00 7.657537201262348825e-02 2.240354692231149247e+00 3.592870077633185666e+00 4.156835181864275142e-01 1.881055708742219501e+00
1.311335854122954725e+00 5.244504616892043281e+00 4.264639000276155834e+00 3.879466344374863596e+00 9.144022252984377319e-01 4.825924238409290190e+00 5.879627400875864218e+00 4.437929600435886357e+00 1.979048497956218122e-01 2.462802063768832372e+00 5.464889366440782936e+00 6.092322671717047555e+00 5.737357500634266749e+00 2.999376006201439626e+00 1.779574105902062664e+00 5.162881398544580058e+00
4.018631129592894702e+00 4.829128925904792591e-01 2.469621080885059161e+00 5.337925691925007321e+00 2.677729708153001376e+00 3.038052353661961913e+00 5.985590969089606084e+00 5.558561982517201683e-01 1.260714498905183722e+00 2.396001746656670317e+00 5.841097549382592291e+00 4.761183401660780135e+00 6.076256593208657186e+00 5.443294175043758010e+00 3.703398894541286790e+00 4.913911498697077995e+00
5.456236246924100364e+00 1.026122259697578532e+00 2.193832552517855028e+00 5.287081144310199043e+00 1.501447350974056683e-01 6.116177107636784349e+00 1.314183353535838927e+00 5.386960655221413319e+00 3.740735632777045350e+00 5.229682229840985075e-01 4.833541608650457455e+00 1.133436168824007328e+00 5.192580038071927362e+00 3.860967550335558940e+00 2.931855073674027867e+00 2.932579484550725368e+00
4.287301827522414399e+00 2.976310006471402314e+00 3.376984274828599641e+00 4.817558944318119707e+00 3.194037951603667214e+00 1.350366906964343805e+00 3.575664657930706092e+00 5.683185241839161961e+00 5.139823953904015141e+00 4.241431358609209390e+00 5.073742871534506094e+00 5.506262644253332894e+00 4.136140905187412287e+00 1.967927355671163170e+00 4.864688495075887964e+00 2.564505200130607232e+00
2.552409223757314827e+00 5.411136813408480295e-01 1.971949386271848903e+00 5.935624022715110470e+00 9.491447947625980541e-01 2.760953077368260011e+00 5.848593495462546699e+00 2.428396997289038239e+00 5.015360557467078095e+00 3.670485089656322142e+00 2.315053365136436891e+00 3.734061561340446644e+00 5.883860440217849597e-01 3.553811225557296449e+00 1.205724029889652327e+00 4.132276101268705482e+00
4.584273480544364787e+00 8.776711978847434592e-01 4.685384302519970845e+00 5.416206573167013261e+00 6.008872865245340478e+00 1.708219521111193240e+00 5.765453462231036497e+00 5.431706980170653232e+00 2.747504566774804591e+00 2.512013893225577554e+00 5.819206089532591442e-01 1.831193257929641938e+00 1.256408570385791013e+00 2.429376558942661912e+00 3.900726220031275560e+00 4.320659712295943145e+00
1.984936258222662397e+00 5.969341960980173667e+00 1.723764128320156797e+00 9.758209984250142410e-01 4.139958329959552152e+00 3.051568880892563951e-01 4.750644951932001980e+00 5.426603845771555079e+00 3.711922817858842816e+00 1.602181130433501188e+00 5.647174870547681635e+00 1.729347352185598430e+00 3.752341549760327410e+00 3.333441253994260833e+00 5.079316153379207499e+00 5.026164469691901004e+00
5.108640623431299765e+00 1.478752969382374216e+00 4.839327980983139099e+00 1.784571850550194627e+00 6.189814801279172940e+00 2.341260827819435508e-01 9.703131337880491758e-01 8.716904175802050458e-01 3.117989741435099216e+00 4.619124360565213250e-01 3.117596118275650419e+00 2.533291759566951296e+00 5.730550024071365378e+00 4.727348035800579495e+00 7.083604693843469358e-01 7.367072801231003831e-01
4.812896772144252822e+00 6.220710010525498213e+00 4.867729633218367269e+00 1.628204868416443407e+00 4.786574490625727485e+00 7.603336227425367966e-01 3.157473620454999796e+00 2.837869763797024047e-01 3.873098857643070492e+00 2.720791170316237739e+00 2.067122905116688170e+00 3.717111142689518477e+00 3.166766409549579109e+00 2.500285561658302402e+00 4.829125233332013600e+00 2.734820584380083464e+00
4.368121704697517593e+00 4.794636302272969886e+00 5.010101983851531493e-01 6.774401287976322683e-01 3.725614538053653391e+00 2.298819973015691520e+00 4.450942880424250347e+00 5.389168994798855472e+00 4.811659367598762671e+00 3.670853398817811808e+00 4.087301261568729416e+00 2.544422250485851578e+00 3.372914682387170071e+00 1.241631836449081705e+00 4.958765922318040253e+00 4.253855122046571680e+00
4.967118447416014604e+00 2.406885720737559797e+00 1.042764428112651132e+00 6.220048943748598624e+00 9.717581816765609171e-01 2.102984850074451906e+00 3.706944209393108203e+00 2.856753865467104969e+00 4.516195270264918626e+00 3.486615374686365065e+00 3.890564335504690163e+00 4.087000947869404044e+00 4.299293487146246817e-01 1.558120965158923121e-01 1.937528256825862494e+00 5.443195486177524245e+00
3.085051424243117069e-01 3.399860367129093230e+00 5.267067075516582264e+00 1.016980539692840413e+00 4.189342915884865626e+00 2.235213353982460127e+00 2.701791297509751111e+00 2.475850989671560587e+00 2.210630843798734091e+00 9.446107248454466143e-01 4.254909820412594357e+00 5.673858754095215673e+00 5.802536502565995846e+00 5.834443045027422947e+00 9.482720670964239762e-01 4.797631304965684684e+00
5.145545710784746873e+00 2.429073165282030766e-01 4.670613760696251227e+00 9.652812043660636832e-01 2.725111785754035232e+00 5.705094903691454888e+00 5.241128694800901933e+00 6.243430614226310738e+00 2.315483016749038114e+00 4.933250713611849747e+00 3.849530516001132607e+00 1.095505943034893237e+00 2.606314876011164738e+00 2.446026776208821474e+00 2.838965365947199615e+00 5.791400101737235850e+00
5.812909068168247373e+00 1.574850961011128536e+00 5.514660418543872566e+00 1.498423273249547716e+00 5.599409789478574595e+00 4.970920100696967658e+00 1.202946781768169826e+00 1.047900319902538291e+00 2.711303589121589308e+00 2.752228759676432102e+00 4.640662021631177248e-01 2.266463782638607150e+00 1.139027161662117676e-01 2.441693299467245115e+00 1.980574133433969264e+00 2.267717000633646229e+00
2.990174005398399615e+00 5.677529118382860229e-01 4.480971758817417161e+00 1.995361644569358051e+00 3.853129135892324086e+00 5.149864801462710417e+00 1.165934428109720145e+00 4.190333086101848181e+00 1.693090345390511509e+00 4.131589553192105413e-01 1.583659270325090906e+00 4.064671329037350844e+00 5.086220636127029238e+00 3.881203438196799471e+00 5.991552845144637374e+00 1.051133612347216584e+00
1.525775994133750535e+00 5.459480110878380366e+00 9.895573666474346552e-01 6.015256709337329255e+00 2.747224520063947573e+00 4.794790439350654410e+00 3.710952522446424151e+00 4.493916582447051056e+00 8.824850595661167807e-01 5.260458606098790124e-01 5.243488588653260507e+00 1.228781252260825463e+00 1.230032094499088791e+00 2.576911985743674194e+00 8.176537157087838681e-01 1.053409896345322894e+00
2.816689140829607751e+00 1.553678422325032615e+00 5.634067595955287722e+00 5.603710561944130752e+00 7.706995202288361435e-01 2.384194100358371760e+00 3.326304173510383766e+00 4.280307761565016023e+00 2.145010087231783213e+00 3.081420168833941542e+00 4.517463362616064515e+00 1.114342017287727638e+00 4.525026261988109866e+00 3.472058091231509103e+00 9.899964896497821520e-01 1.624259177843204283e+00
6.155121023305421879e+00 4.796753994984255809e-01 5.154051013492104261e+00 2.835596184559080246e+00 5.458675658671729103e+00 4.279194796604386397e+00 5.090651538191721670e+00 3.292038863575073915e+00 2.022638968676684357e-01 4.218787285349437921e-01 2.094336280838799524e+00 4.184338969010359399e+00 1.365512045658782592e+00 1.470554703033976951e+00 4.044650786688965383e+00 6.059181084842879095e+00
2.064450299707093706e+00 1.948872252190551185e-02 1.872169303043685007e+00 5.597388007343901961e-01 2.975799963198741072e+00 6.167396156635631677e+00 5.613635557714382607e+00 2.207095446436797115e+00 4.292445047015315540e-02 4.829406150576167178e+00 2.826329124207959342e+00 2.662880433353379317e+00 4.843682695792484338e+00 4.918148980706197548e+00 3.413250933152294220e+00 6.016110577167752993e+00
5.954042894599466784e+00 2.642182145996419873e+00 7.764687034592161474e-01 4.778347871823658721e+00 6.783153541360928962e-01 5.987229786068372306e+00 6.696121174929766662e-01 4.686813127187527073e+00 4.390415041292031084e+00 4.687843128845682550e+00 4.045965404545452948e+00 3.907034588543831344e+00 2.087382225417067527e+00 3.299123161147559991e+00 5.446158359527965009e-01 1.495433980076680269e+00
3.592462112860794754e+00 7.247927999117993458e-01 4.578078864498064782e+00 2.948424184338954923e+00 1.121330719821587857e-01 5.119728654088611108e-01 5.196408742976315942e+00 1.234886908163053132e-01 5.863186546314332892e-01 3.948557747319760836e+00 2.303871646417337882e+00 1.092317287177743790e+00 3.170723540382260897e+00 3.724182441712040159e+00 5.998332020444306245e+00 3.047498691759959577e+00
1.669989281756245836e+00 3.683084354706763985e+00 2.977713951155445127e+00 4.399499990260919979e+00 4.789002459189946492e+00 3.215796145938699890e+00 2.156639953234097185e+00 1.154566953844171184e+00 2.905490481395114788e+00 5.948166561093509941e+00 4.624956569176937649e+00 8.142616624161655992e-01 1.578451499083724618e+00 2.924100875196719684e+00 6.067917368564867964e-01 5.958317863396471736e+00
2.169202019969701301e+00 1.489084661072434868e+00 1.808897088853538282e+00 4.403020120920642655e-01 1.356834907821307556e+00 5.282067601729153239e+00 6.012055363338653535e+00 9.489082386241934897e-01 4.438227134960026632e+00 5.908450121159727786e+00 5.072424595531233926e+00 3.497307061672864759e+00 3.074477368609174643e+00 7.632747680854125305e-02 1.945004660419808795e+00 3.702925458635339506e+00
3.319308302351772877e+00 2.870758558281234940e+00 3.871083269190061404e+00 5.342301482826633752e+00 9.583050393699961145e-01 1.707776707900079127e-01 7.677194467431293079e-01 2.764703976801453633e-01 3.780852278946211786e+00 2.192719616743327826e+00 1.586987062624455325e+00 3.584742839399301495e+00 5.868353575654571053e+00 5.105462134812858821e+00 4.692893797673612255e+00 4.212873963765831675e+00
1.231891803450247735e+00 2.319188288398175146e+00 2.317597995409002465e+00 1.289711119262690608e-01 3.317815032271616005e+00 3.267010214735350360e+00 2.399430967462219844e+00 6.222490577750729557e+00 1.408617798964967527e+00 3.107160629976494892e+00 3.926361620883535686e+00 3.015979949921469672e+00 1.478961528097087585e+00 4.595044447702625323e-01 6.032081738111940261e+00 5.375093286339700960e+00
4.952808315100673653e+00 5.212844323623839315e+00 4.189924346793297616e+00 2.805832015800294954e+00 4.748580933503169454e+00 4.035656897655033326e+00 3.990824609757977814e+00 2.841836411704611542e+00 4.614371757942492991e+00 3.627474036938064472e+00 2.965466438778930236e+00 1.072737821221181553e+00 1.925963524640688096e+00 2.002165991639458742e+00 1.624953974512205468e+00 4.338482570679455641e+00
5.891902317106774589e+00 6.645980306171624941e-01 2.156875759926639990e-01 5.869636756457722981e+00 2.356019732658349852e+00 5.593763996430093366e-01 1.330655971141663008e+00 2.104879863789870686e+00 2.885721957217477485e+00 5.599990358321635497e+00 4.650904722507284816e+00 7.297133006410657652e-01 3.059391079418478654e+00 4.346243616482565741e+00 3.607992658051616175e+00 6.356156745021453169e-02
2.546591269618496689e+00 3.276683698965924263e-01 4.301168245342344321e+00 1.069705011838047781e+00 4.321566144685279554e+00 3.283388039767891176e+00 5.718554073247643643e+00 2.337697330134685281e+00 3.159870813138472290e+00 1.173140249845487704e+00 2.159856638420914354e+00 1.898869174074083510e+00 5.787013825680897838e+00 3.142572099594237667e+00 4.788890998470924032e+00 2.031872926480203234e-01
