6.180767486327844118e+00 2.784509273382112404e+00 4.038791627855412791e+00 2.420427150491138324e+00 5.715424047647614358e+00 2.845869659271206054e+00 4.869524798753465333e+00 6.107549719711562908e+00 5.854657572933065879e+00 3.235802680871142645e+00 5.533572314311603790e+00 8.232991993250835527e-01 2.412125091290118650e+00 2.637357358420951314e+00 4.839068533543301243e+00 1.178857610281818236e+00
3.405209552713921894e+00 4.812742152653014527e-01 5.931019640045392727e+00 1.234608265849149733e+00 1.674175854940823882e+00 3.523287889660164929e+00 5.668564734797965521e+00 3.537686781477524800e+00 6.001994847421200596e+00 4.833870427674079595e-01 3.383133790833165566e+00 4.852802195536320973e+00 2.689860515165757970e+00 9.045486549739979454e-01 5.761960712457161016e+00 3.977915538295733633e+00
1.810518556250182876e+00 1.667077976404502726e+00 6.714830951543254711e-01 2.483675314308977367e+00 3.265145120905390552e-01 5.728181925720474688e-01 3.759736880728889563e+00 3.753619837447847996e+00 3.376360789201432455e-02 5.696899299511398063e+00 2.044928992159071424e+00 3.861882374540249518e+00 3.888949877537906108e+00 5.007075495815072941e+00 5.101173204216586932e+00 5.002113703581996695e+00
4.011246610611982177e+00 1.488301028627619926e+00 1.288317698447384529e+00 2.729804824922868800e+00 1.635785748795923755e+00 5.957282537593378891e+00 1.566448719379748944e+00 4.887999679093986138e+00 8.986295547006440954e-01 3.506252153847488451e+00 2.156336459518282123e+00 2.385864489966181612e+00 2.414128130945682127e+00 1.597125526531957829e-01 2.063930874472431398e+00 2.748898953158048108e+00
2.668300677905333651e-01 3.605480923082581057e+00 5.667854027734192002e+00 7.665135891684269343e-01 2.730663726602203578e+00 1.822084828693493863e+00 4.601872788783228252e+00 5.101422688106449499e-01 5.034530685911525083e+00 2.089655551463509120e+00 1.901063942105655435e+00 3.897950313015916546e+00 6.049908450686764638e+00 2.166415851652094826e+00 4.955174867291858298e+00 1.563284378715334322e+00
6.269032307736001064e-01 1.712167350819805867e+00 2.862678468106778951e+00 4.797604117743926366e+00 1.285808000948880148e+00 5.533750501700423818e+00 1.795479538305761791e+00 5.426149316994285599e+00 5.684637789070533742e+00 3.793487031318926728e-01 5.848901181651223524e+00 4.374667866224577484e-01 6.265890031910466895e+00 3.074476981354697713e+00 4.230601255351189138e+00 5.843946393662903915e+00
1.135685370614417433e+00 3.271772113838680163e+00 2.644484604602017619e+00 5.761228823255321707e+00 5.164515878925923786e+00 1.484254693727692587e+00 5.381890630196047631e+00 1.840168581038557072e+00 1.875881412073973964e+00 6.261575078330826827e+00 4.850496191067234619e+00 2.621920920381866971e+00 3.004095239183578681e+00 3.522308400674523554e+00 3.059324144425055181e+00 2.429042913904626566e+00
2.982717314834196998e+00 1.453033287505589355e+00 4.281732402258072168e-01 3.817924303985837042e+00 3.227896355726309618e+00 5.247698819834165640e+00 2.910541230480920838e+00 2.854029087132132769e+00 5.905130292906331846e+00 9.015160855865417266e-01 3.922736240924243223e+00 6.103257289214332637e+00 1.671791055090220857e+00 6.594645384794144416e-01 2.676349648701182637e+00 3.998100936561560292e+00
5.224717951316489861e-01 1.747437708422382163e-01 3.289844055589484118e+00 2.643392642651881452e+00 5.229806335833443676e+00 3.637492261809770477e-01 6.025901782450656441e+00 1.296488001853891570e+00 5.841797375064389009e+00 2.125552690713562232e+00 2.589351030094282358e+00 5.829610081537666133e-01 2.477866312976105156e+00 2.046988899067891499e+00 4.397818072798733269e+00 4.208727261942520670e+00
6.247543121273307909e-01 2.189695615241285864e+00 5.894613693472487981e+00 4.202256732703927300e-01 5.663681150497922090e+00 5.231880721770173714e+00 3.934944800680037158e+00 4.259839774102432836e-02 5.781056975484660576e+00 3.888182276485881772e+00 4.478292768763461495e+00 1.316833917100730389e+00 2.781280665010098296e+00 1.907546315057385145e-01 1.157806250798034231e+00 5.043428323720257289e+00
1.147064334155094345e+00 3.830590743208710514e+00 5.858041838160525039e+00 5.176307479657102029e+00 4.947409817225454809e+00 3.976218338352795811e+00 5.623901362499074352e+00 3.897016439968467250e+00 6.012207491246517321e+00 2.534178473774379103e+00 5.187757617634127350e+00 1.601181042879423477e-01 2.342088494622790229e+00 2.712817921081271511e+00 2.467279797163360211e+00 2.191537703574592655e+00
3.570685537233108331e+00 5.204971428639529663e+00 5.853470871229368377e+00 5.608210870578369978e+00 7.579903025364189695e-01 1.731553183038898602e+00 5.487136018015591254e+00 2.686034196105059113e+00 4.081805069430573418e+00 6.253338917682662590e+00 9.800018103599522634e-01 1.975860939111725445e+00 4.212191051708215284e+00 4.955557135182955264e+00 4.270617297089785325e+00 1.887353775375694709e-01
1.233148532073298664e+00 4.359817131477947250e+00 1.755209790051518004e+00 5.392454470409559164e+00 5.883016955133281378e+00 9.498441722589094915e-01 5.299602711219377760e+00 1.908343563974811197e+00 6.384473332965678871e-01 5.064789338254960249e+00 5.464755092938915482e+00 2.282360237855626917e+00 1.074953820770769175e+00 6.043817552009551619e+00 5.604719618393589897e+00 4.497698017689382155e+00
5.311811136904781350e+00 4.151462286738810126e-01 5.033476377780993216e-01 8.359607619435052150e-01 5.321044901606541977e+00 5.434027528830458031e+00 5.701553754804962182e+00 6.788139679557875228e-01 2.489597002273864490e+00 1.545698271182975203e+00 2.126158478608741298e+00 4.112366565378125394e+00 1.249939817898488625e+00 1.921339864966858046e+00 3.305539957473982771e+00 1.220398071377904348e+00
3.296776603796718774e+00 6.169738348977525710e+00 5.770534287023764364e+00 3.567944925271667955e+00 4.821231528226669338e-01 2.964248498322937575e+00 4.639072038793718100e+00 1.266943892147335049e+00 6.702251548831621442e-01 4.121739532104082393e+00 2.269517980361679399e+00 6.719859574543519676e-01 5.503861555151863705e+00 4.414146176494016416e+00 4.297739494509614566e+00 4.701057936330077958e+00
3.135756714820845392e+00 2.940594577456212555e+00 6.066776633975028865e+00 1.702290059980401615e+00 1.716162495025904233e+00 5.331999333541790342e+00 5.595853452991086385e+00 1.903785850415155023e+00 1.120161577150430021e-01 1.045496404764890697e-01 2.972865991261785190e+00 2.915710607211852601e+00 2.383634020605757964e-01 6.142236124818794885e+00 3.323005558753486355e+00 6.180836859757087964e+00
1.197939986998530770e+00 6.087044727093859464e+00 1.887456922774780166e+00 2.635358627428368461e+00 2.495856872866127230e+00 3.983914073760181029e+00 2.349137160985448058e-01 6.948188789979612423e-01 1.373016927986312918e+00 7.835655061806975352e-01 2.054253971377530519e+00 3.577137422508016140e+00 3.686870749416693460e+00 5.415863650018025943e+00 3.247919925896944893e-01 3.276098505336928035e+00
3.965742179824118363e+00 5.470615555864859481e-01 3.626868420563857054e+00 5.098839646266336345e+00 1.765942120747491240e+00 2.206144864657069604e+00 5.718592593221622167e+00 3.677641406540608227e+00 1.884097019282902519e+00 1.057090308474614604e+00 2.174178857278445953e+00 1.492029789994957056e+00 1.003039667772209098e+00 1.923949220441305785e+00 2.643614543426205721e+00 4.163633526785815775e+00
4.887850306005309342e+00 3.066520743307145302e+00 4.384538809325545294e+00 4.876574275561806004e+00 4.686262296552745177e+00 2.976931159569312646e-01 1.975566278856420332e+00 5.085094092347558714e+00 3.571918000663951265e+00 4.830451986183842195e+00 6.236537714948912736e+00 3.741688820570331142e+00 5.973233573804220597e+00 2.221792283435980231e+00 1.709081644627532537e+00 1.579194474281614857e+00
1.538335751357581715e+00 6.233251032856794716e+00 4.891722230526926118e+00 5.072225374485169525e+00 3.158870825574758623e+00 4.975185247400550459e+00 3.214441016921725680e+00 2.557662169322114210e+00 4.829049357512685603e+00 3.470707064281329801e-01 3.364121013562549223e+00 5.151401259898909402e+00 4.236632836494486298e+00 1.935773791899827456e-01 4.639177756425642229e+00 4.805327526964216389e+00
5.256715193956177146e+00 1.494801665659681644e+00 6.423646879715997349e-01 4.372829371310626101e+00 5.669912316749958769e+00 2.213276678884223969e+00 5.834542946987193446e+00 3.958499100526559733e+00 5.430884000411788648e+00 1.380186064384884004e+00 4.946668461892423707e+00 5.651182069792579643e-01 5.234615817131436089e+00 2.553225670667904623e+00 1.150377933526115781e-01 1.040983628178361764e+00
2.504027118324051671e+00 4.913065987714432481e+00 6.218291957589348051e+00 1.523238367952318040e+00 2.813755180325334226e+00 4.275419472366983165e+00 5.468186294272659786e+00 5.758286272386937910e+00 3.031990253421863457e+00 4.878073143972708969e+00 5.626864734703883819e+00 2.187532910245638451e+00 2.516551344323590289e+00 3.590393824875078632e+00 6.019829329287389896e+00 6.249202941740432671e+00
4.088218983485807811e+00 5.463390485926427509e+00 5.045599631354614090e+00 5.161755802179905928e+00 4.735914246226582414e-01 5.837324408024840317e+00 3.503242589363296133e+00 2.696161594357390889e+00 1.827293342357102057e+00 6.263115739325612052e-01 1.593133968330948669e+00 3.808760577297019445e+00 8.355492394423340297e-02 7.912420375122595217e-01 4.053537545659928298e+00 2.045281901453221973e+00
4.319164593187513113e+00 3.114604616686425853e+00 2.505324633041772664e+00 3.511327629290175167e+00 9.591443658218196111e-02 3.505961278840476592e+00 1.559078208307069557e+00 1.311776904956971190e+00 9.653768047817635756e-01 2.496965826596902804e+00 1.492070932949933093e+00 1.126837220852593136e-01 2.237181526049886404e+00 1.663136611756280692e+00 5.958867896014448107e+00 6.101646388505877816e+00
2.460105543568970266e+00 6.061032362398324658e+00 5.399346819556633648e+00 4.960706902344127478e+00 4.392552036765678736e+00 8.109456416460771866e-01 4.684766046056457967e+00 1.207742287751682575e+00 3.672495267374967565e+00 3.862240846532780658e+00 2.877144928915459143e+00 6.038665592922202840e+00 4.383073553687379942e+00 5.453623895893369156e-01 1.701752018064889294e+00 8.881465308536915515e-01
9.485821884768672607e-01 1.794418422328843521e+00 1.557529328276353875e-01 2.396100109402955258e+00 5.722440851943455975e+00 1.058203046874267805e+00 1.714034265849848360e-01 6.648309369802579694e-01 5.162268225244439179e+00 5.666504856933883616e+00 1.854656282570002590e+00 1.881062739756061308e+00 3.658778442434539979e+00 5.976838496440219473e+00 5.437762152393588622e+00 3.757727238572223794e+00
1.256817022822802610e+00 3.288043431883024503e+00 2.456598236746946995e+00 2.544980271980672892e+00 5.618657603949952062e+00 4.507273186611641336e+00 3.360209910563185520e+00 4.669454322430810933e+00 4.486094822351689437e+00 5.334808906340222645e-01 2.082839578855610885e+00 5.683260407805230230e+00 8.329317695039857306e-01 1.358816050765871530e+00 6.920270767631683251e-01 8.995538620576205568e-01
5.100863841239220875e+00 4.436907108188674620e+00 4.152292248172530620e+00 3.055285320901856227e+00 1.748210663474437432e+00 1.165735617922417505e-01 5.855305122555781949e+00 9.843711090979748723e-01 1.993333727059555249e+00 8.141475299245061192e-01 1.155654579586401720e+00 9.039248736413602048e-02 4.752840132059655609e+00 5.442092120609289374e+00 2.710368073482380957e+00 3.723297906487308406e+00
2.539481849825085735e+00 4.341063761126230602e+00 4.944004632668267618e+00 3.845023010338257663e-01 8.690575797934338986e-01 5.026172495739875679e+00 2.086071641849116975e+00 2.031548600671322369e+00 2.213493336870343331e+00 2.052414982948808309e+00 1.299996245048624655e+00 4.833639441619586030e+00 5.465296777964897323e+00 2.585111366982685954e+00 4.024380484861105778e+00 1.611255807455646005e+00
2.783692022640289032e+00 5.913464773469960356e+00 6.114267153771447916e+00 4.922405245721638067e+00 6.367565730136660884e-02 5.217790827212917648e+00 3.508337538762057228e+00 2.216344597160335717e+00 2.625166635008769678e+00 5.279897377296897787e+00 5.359510693347825594e+00 3.350736528498923228e+00 5.118938492083903391e+00 4.167063790503929610e+00 8.875237812031987472e-01 2.048249944511746357e+00
1.811501942758045214e+00 3.740032032913108040e+00 2.890249470149963251e+00 2.219457737004829900e-01 5.172133560337902836e+00 7.077999236235062996e-01 4.600123504352440662e+00 5.441510597985474540e+00 1.282678184906557162e+00 3.619012512274335513e+00 4.646766390094072108e+00 3.647863734594951168e+00 5.358382632113332988e+00 4.962626438953418706e+00 4.164358272240713532e+00 3.799544926220363550e+00
2.764638667022156326e+00 1.247623447661831975e+00 3.329885941121522919e+00 8.150159491812839496e-01 5.681413993776422977e+00 3.642826997982973047e+00 2.198473676823395451e+00 5.232889014154056273e-01 1.074698970354206029e+00 3.599377411770911639e+00 4.770691291636072751e-01 6.699926887667361219e-01 4.352370510270202608e+00 6.227933034426342829e+00 8.752373969119203734e-01 7.273957211070714024e-01
