4.829852178520335215e+00 4.082134942012135781e+00 5.553415899578636683e+00 5.663598780161462010e+00 3.413855592998695343e+00 1.845047457455608164e+00 9.679442522982071306e-01 5.480572450922800876e+00 6.177860320579424247e+00 3.723557490731015385e+00 4.244630691504962527e+00 2.470799786022953304e-01 2.697856306492674161e+00 3.341899013897602910e-01 1.841908207256392482e-01 7.927727049709339946e-01 3.558511664737586067e+00 6.137228335808360136e+00 1.951453593501762951e+00 2.400334679984470032e+00
5.786010931862969109e+00 1.207387091112446686e+00 9.150247406815872342e-01 2.514321860329398195e+00 1.646076970085158742e+00 4.542486574202421856e+00 1.587973793685559576e+00 2.052997572272501348e-01 4.628107129898053174e+00 9.748150465728641079e-01 4.156941287023643294e-01 4.927055548288648446e+00 1.826868340367375776e-01 2.676400230208768605e+00 2.485046364518014528e+00 5.651606909561461833e+00 5.886111668389158780e+00 4.577779954516670635e+00 1.451349156137765828e+00 2.364564555542818525e+00
2.735346558433450870e+00 2.176170268667035668e+00 5.066944377822160561e+00 1.778839236151891656e+00 5.130756096104402531e+00 4.861395854082349643e+00 4.079330018042102601e+00 5.844019698534023810e+00 2.370875509777099488e+00 5.777710035870650351e+00 5.473777224615750114e+00 4.890549841598246239e+00 9.133022527186857725e-03 4.489344777297952227e+00 4.139964888543657295e+00 1.516582042433882727e+00 3.960386916982510108e+00 2.549068257635099255e-01 5.424773390037793686e-01 1.053020858312283314e+00
4.215697450055147399e+00 2.111606229845975236e+00 5.915516787472714810e+00 3.653859760810429513e+00 5.836782159066138398e+00 5.988075418499831493e+00 3.622413161694621575e+00 6.074828835263097027e+00 2.630016932920650197e-01 8.888274777397187076e-01 5.449215120408458013e+00 5.872954087741224960e+00 1.022543225690926594e+00 2.086282208814178585e+00 2.831861168822167318e+00 5.641674340423817213e+00 2.291153552994442677e+00 4.747650919465389308e+00 1.902889182689243119e+00 1.162472647840012696e+00
4.264589930629614223e+00 2.674545248378167095e+00 1.884578119016381281e+00 5.526562402381602901e+00 2.154407678423728711e+00 4.109083145135402404e+00 5.045848109056605857e+00 5.690240641193201609e-01 2.992619231676095781e-01 8.311854584969885495e-03 6.923832350857963558e-01 5.382636153922812916e+00 3.537965868343386333e+00 4.274648803028214594e+00 1.121531483873785984e+00 1.466132767878017606e+00 5.025203205091915315e+00 2.609746282719130228e+00 2.169385490334071687e+00 7.676473355464789039e-01
3.708574951778750961e+00 3.255089376533240930e+00 2.731674815333090534e-01 1.649025682025527351e+00 4.907728301874394461e+00 2.870045592338747120e+00 4.833393551933610865e+00 2.246030022552303773e+00 1.371940007025425512e+00 6.224896132828813933e+00 1.587678604121589787e+00 5.549669130799875783e-01 2.648290595638954081e-01 3.167270925434584772e+00 5.238993525053850853e+00 4.159147386096688770e+00 5.240463877993065900e+00 4.832782488185535463e+00 1.266776176179264635e+00 5.364364094408068162e+00
8.968957006455946512e-01 1.495821030310691802e+00 8.305041409618009185e-01 3.571323113515513015e+00 5.638667249103876067e+00 5.936664949104256905e+00 6.239094930524973215e+00 2.847913554107225576e+00 2.416547842432241300e+00 4.331947165251068377e+00 4.855024582350691453e+00 4.369959144951638841e+00 3.148336452543091912e+00 1.224153388449587432e+00 6.143899350992062386e-02 8.118816437307146971e-02 4.239177941070543021e+00 1.200210753441251388e+00 5.121396804892338395e+00 3.471833976999886051e+00
2.861493617968604131e+00 5.769461595266196952e+00 3.029919247768130486e+00 1.907622276077440171e+00 4.364448407843610767e+00 6.008517726762722333e+00 1.575194827822766763e+00 5.142043015391757343e+00 5.208025481190076356e+00 3.292094205074134194e+00 6.097126861558344935e+00 5.561008987643932144e+00 6.176954280239446149e+00 5.368904702526345218e+00 3.538218334412511101e+00 3.715808042352427343e+00 3.137129127329706613e+00 9.828452211351119683e-01 2.465048875329714395e+00 2.843146462619018600e+00
4.359736933840214768e+00 4.201598492009591901e+00 2.640837738316510475e+00 1.306687605979281130e+00 1.203633717893884292e+00 3.464166723820290006e+00 5.554331830213444121e+00 4.934611896134469156e+00 5.505135462142091818e+00 4.145671735292206783e+00 5.758928009023478012e+00 3.349630908149972441e+00 5.827876711907929774e+00 4.962772720774731638e+00 1.809813478534417763e+00 4.131629425746632833e+00 2.618965894559487584e+00 2.478138671508186786e+00 3.226363228169326192e+00 4.875492644186191882e+00
2.511988655566479434e-01 5.144399353852857182e+00 2.446507435718944912e+00 4.821098667201703103e-01 1.008684719661209206e+00 1.717994643622970052e+00 3.572329501962004272e+00 4.972229062824204071e+00 2.655007671652133361e+00 3.987589303632802507e-01 5.260293021075448827e+00 2.825087248401566775e+00 4.101868192845449457e+00 3.894800890378325331e+00 1.991174546048299909e+00 2.260950327858522790e+00 3.581879152532087218e+00 2.693439129035858581e+00 2.922654324957205674e-01 5.105708483610001958e-01
2.650179894680939618e+00 5.757081691607162988e+00 1.418342398558828155e+00 8.531759474004591004e-01 6.489304444705376040e-01 4.173742390911339584e+00 5.253098919129110200e+00 6.062757464383512485e-01 1.239030670901904552e+00 3.960341763906239931e-01 1.390629380459466047e+00 3.370394257259200277e+00 4.455261365501742787e+00 5.579161991743698756e+00 1.804413428162412014e+00 1.487774068586570575e+00 2.323608552541958971e+00 2.973257591622350926e+00 1.200082684801741406e+00 5.343220066409466007e+00
4.831003199197225761e+00 5.682933013386691101e+00 4.180743006857147392e+00 3.848251193694495864e+00 5.230550980640336967e+00 5.174535487473446160e+00 5.514769794176086037e+00 5.910752807098063055e-01 1.245764563105633327e+00 4.803142628929671365e-01 5.679456596370426880e+00 3.812526737187280190e+00 1.351379072787794566e+00 9.534362027329530420e-01 4.178327357852646529e+00 3.463903185279450625e+00 4.980396133504693346e+00 2.517425000695493242e+00 6.252704598193774110e+00 4.696536054615925160e+00
1.037469985471857870e+00 3.652942273752452174e+00 2.611414601208106312e-01 3.136872935423275610e+00 2.165015066424088364e+00 5.333563404619664716e+00 2.288905353817855204e+00 4.679661436795432117e+00 2.968347381664775408e+00 8.605395941394491377e-01 5.570613875338215060e+00 3.210274664375587061e+00 4.737514887085220394e+00 3.594244305150515739e+00 4.829829667701504903e+00 5.161511792055444303e+00 1.993626624026426930e-01 6.006815829272634133e+00 6.260999304309951441e+00 5.701512644396286023e-01
1.649024032035307230e-01 4.318793592171964235e+00 5.419000678691895390e-01 5.800243064819297523e+00 5.283103351156333893e+00 3.234750889184974998e+00 4.518953926849566649e+00 7.378468479287205416e-03 4.463502118652354689e+00 1.390093786796107622e+00 4.232984155205996579e+00 2.538166864074148155e+00 1.473889710006971221e+00 1.570629847370893950e+00 1.474841124108305479e+00 4.226629935666547100e-01 3.317834778847364774e+00 5.001735805332388374e+00 5.299298739560240001e+00 5.426020268555782344e+00
6.185515143684234829e-01 3.824783011458823712e+00 1.271554039127479330e+00 2.153532338039918059e+00 2.544279237730775023e+00 5.525891638824346863e+00 1.810087650760957789e+00 3.301085974381392063e+00 1.031247105560326505e+00 3.358017978812207982e+00 4.846811322555517165e+00 6.181175733299737018e+00 1.619682473786071775e+00 2.041705379232505724e+00 4.087237341606884122e+00 3.448197204639836588e+00 3.029064264472338230e+00 3.993906576049437440e+00 3.224746547442977729e+00 4.796382041633991733e+00
4.648540544917595163e+00 1.894397424843585309e+00 3.637720639559332003e-01 4.019296934617941908e+00 1.133791212881544996e-01 1.360100066172170719e+00 1.830919960290718462e+00 2.502881456418513562e+00 3.250090843751452407e+00 5.861873450673918740e+00 4.654583048696486536e+00 3.274681220283517824e+00 1.339892605963032501e+00 5.402580742167984340e+00 2.582423061419344190e+00 5.965127303275577830e+00 3.278598267626421148e+00 3.332805646978577840e+00 3.234294282694235356e+00 4.982203689384481216e+00
2.904442597934227877e+00 1.440256083138807375e+00 2.186500283740533401e+00 4.105564658853082527e+00 6.186065507083553072e+00 1.211848357066122484e+00 4.312255001944090615e+00 8.918631357942532478e-01 3.909272867182277178e+00 2.689836125556046120e+00 4.211838172688794124e+00 5.956889467239997238e+00 2.474256012655262182e+00 1.776696724904456959e+00 4.428199582761916275e+00 2.623541959328887341e+00 2.617341177158379217e+00 1.575497988368847802e+00 4.074794182374823492e+00 3.439560903597609798e+00
1.132937171256218845e+00 4.559285713764723802e+00 2.303674949802824834e+00 2.418946926234649020e+00 2.830361879618940257e+00 5.708316416879545052e+00 9.130642913788046267e-01 1.787203694432017154e-01 5.824818157561470144e+00 6.236122405056824469e+00 4.224044588521777222e+00 1.991497846587343190e+00 1.495640247819823632e+00 5.542152469430249973e+00 3.014792933755420012e+00 3.173820805771018883e+00 1.257522825630640773e+00 1.336842230449081237e+00 4.136388649629767933e+00 3.469528959982194571e+00
2.069049314947381646e+00 1.376028478524226495e+00 4.479042010228015513e+00 3.873711374456819012e+00 4.588675037959462522e+00 4.085376963951936169e+00 3.315121806385864733e+00 5.203911724222918256e-01 3.455244118385039087e+00 4.918328899076774618e+00 6.035793162090671515e+00 4.271142927874303830e+00 3.276142384842763100e+00 4.370957277727097967e+00 5.683534469133178391e+00 5.990760380901602566e+00 3.046347943538582737e+00 2.318500977894255577e+00 5.974725294200460723e+00 1.599122414911957613e-01
6.155762694609876462e+00 4.366171615755910729e+00 3.193346641377544426e+00 3.102366956388501240e+00 4.080418851911597145e+00 5.108830495096700730e+00 5.995867206737859334e+00 1.182587270681529912e+00 4.068264044778627131e+00 3.171825122290537813e+00 2.760374085423649149e+00 5.286982928474529331e+00 1.429439748651557096e+00 1.762484307996160737e+00 4.296869734660756279e+00 2.350594108674806670e-01 1.232147895380623304e+00 2.548247802873491175e+00 6.164018972897857829e+00 5.234285578430069918e+00
6.174770735166684510e+00 5.493326126466629766e+00 2.421322267378001492e+00 1.373790028137337638e+00 6.215608384209022397e+00 7.177512414630917714e-01 5.976507119771673260e+00 3.389185343350462620e+00 5.734565165771901007e+00 6.269592498882634146e+00 3.006868271954090677e+00 4.434785901026065957e+00 4.724791988871402282e+00 1.072076762182666121e+00 5.457674456207967095e-01 4.275970256128568819e-02 2.307017069418139776e+00 4.669889157941246260e+00 1.078308346493263903e+00 2.479674636412155131e+00
2.800295307646143428e+00 5.774826457080575182e+00 3.068679462259939150e+00 2.337838666979430435e+00 6.253592211785137245e+00 5.361460685263725878e+00 4.365695765032834963e+00 5.121548977457518248e+00 2.150136664798267261e-01 2.050198522080257213e+00 4.551026764648221423e+00 2.527251730051542911e+00 1.521314999554117309e+00 1.328868531741589587e+00 3.671149707511237370e+00 5.226591592128783326e+00 2.624853211371057649e-01 1.368003702081395323e+00 1.125494182181116853e+00 1.526249950857016424e+00
6.215942422038422066e+00 1.841620438161465367e+00 1.842638935036075898e+00 1.844102006928802107e+00 5.955258839745686927e+00 4.998161507088254574e+00 1.433631210232054976e+00 2.628357881397681783e+00 5.276558432322587144e+00 2.534523599262863858e+00 3.355258526845293243e+00 2.108398772850320402e+00 3.743128344221391401e-01 9.110066909842096106e-01 2.023707810969169074e+00 5.402765343062781334e+00 4.479954539241339240e-01 4.505110755253542543e+00 1.536907615125858495e+00 5.885042159094695968e+00
4.807796819184985360e+00 5.597806383948437770e+00 5.920494128512004295e+00 1.222118059234338638e-01 3.998510051638674234e+00 5.386602341190688037e+00 2.195258171816055537e+00 7.308795358463948677e-01 3.837532445657524161e+00 3.256008700952205626e+00 5.535919272816951064e+00 2.984451654281380151e+00 6.877226937576803589e-01 1.499276796490135899e+00 1.994978897602486922e+00 1.231607865618125963e+00 3.722836444393903044e+00 3.419503932628308540e+00 5.657789345168987793e+00 2.692355045836175576e-01
4.550702051558177530e+00 4.544191530227457143e+00 9.341474474516409110e-01 5.971897569526998240e-01 5.156178854505025777e-01 6.196505156117706470e+00 2.263098423092460010e+00 2.971667868220986275e+00 3.810933194326240198e-02 5.612378004569165135e-01 7.105509683067463556e-01 2.174990314611917053e-01 2.905316160730527120e+00 2.048646170478031880e+00 1.827552355077187718e+00 3.990392980926458666e+00 6.077843911138567812e+00 2.212988121067440694e+00 5.335437780271074654e-02 4.732957940107242578e+00
2.727601251627193690e+00 2.784225576477520114e+00 1.668774388057830960e+00 3.604518762177173041e+00 4.070268921874790280e+00 3.949456857613145910e+00 5.457228099249510578e+00 2.894953022405021947e+00 1.522409646128588534e+00 1.305895154611264042e+00 4.506178434099352703e-01 6.185301096041146529e+00 4.664800685786048895e+00 2.479259650517614766e+00 9.870863257118844825e-01 6.100565734263745377e+00 6.024518605161176765e+00 6.016551560159055789e-01 9.222893208429495671e-01 3.979965305951373988e+00
2.564045867887661423e+00 1.032441985197246170e+00 4.687457630750163418e+00 3.269538895917926347e+00 5.587698321365222043e+00 5.519309991200220367e+00 3.349101540737276395e+00 4.996706139677341341e+00 3.450006082385885797e+00 1.574839545332062940e+00 6.145163788314571995e+00 3.012278028248729811e+00 4.147523630441384945e+00 1.555125290197573174e+00 2.736324718858607952e+00 5.557720275369374185e+00 5.027735299266369751e+00 2.143321377393295091e+00 1.633392060433410675e+00 1.692252559072870755e+00
3.105911270431022775e+00 2.910435491765384963e+00 1.940027676574304971e+00 5.252903873476380880e+00 1.544651197166458489e+00 3.493959045521261242e+00 3.362940960592570416e+00 1.469275250695946111e+00 5.775480495108246792e+00 5.928976071394868042e-01 1.870787749627164542e+00 5.855604185181876531e+00 5.449318820306425337e+00 1.736487962636759752e+00 6.213635280332779232e+00 2.384188591832466564e+00 2.964977819558956895e+00 4.806109032240991397e+00 1.878791757695937648e+00 2.068927763460869595e+00
3.053089776588268744e+00 2.206553061527424031e+00 5.479422843662811182e+00 5.741546639824317566e-01 1.009899596131631716e+00 1.608888751899159031e+00 1.126446295953753562e-01 6.404687293146091864e-01 3.845769017957418434e+00 4.532395165176701823e+00 9.367798711424474289e-01 5.464081920654139779e+00 2.107248947512553983e+00 5.827603155838568583e+00 5.843502960764340948e+00 2.021994043841615518e+00 1.000500409658249268e+00 3.901695964429975572e+00 6.804121207456845788e-01 4.239375776011939045e+00
4.180571714964357533e+00 3.726268775799488786e+00 2.112489456227310658e+00 1.446711115132959025e+00 3.885086174690057792e+00 4.592431161942313267e+00 1.053101925096208813e+00 1.480637821399419574e+00 1.487676173599475016e+00 3.932799539568301306e+00 4.809563214346002091e+00 2.854882048276081274e+00 3.746731865974282094e+00 4.330373941347851918e+00 4.605002923417132799e+00 2.884910208938022080e+00 4.270920350796671427e-01 3.445568626747942176e+00 1.188411332160107525e-01 3.048712531960085403e+00
3.791253168477484614e+00 7.670658849419693948e-02 3.785219056833046380e+00 1.820838558248457639e+00 2.745375559735562798e-01 5.311990329081540452e+00 4.268544813700411389e+00 1.930184168837133785e-01 4.011146938917138804e+00 4.701188606390041436e+00 3.177295015508842635e+00 9.822662430177327986e-01 3.168801027438826079e+00 2.221324614006750242e-01 3.019317372629477081e+00 4.053613789280295698e+00 5.398014305718157324e+00 4.775336863948098198e+00 3.853929976972733318e+00 5.007584139537966550e+00
1.265530711858225299e+00 5.370083137666960660e+00 2.991412770622254857e+00 5.984195372774815169e+00 2.972727392738808039e+00 5.772493068833368213e+00 5.798717870143241804e+00 4.890652901738236302e+00 8.100588159744851469e-01 5.582599719654323778e+00 9.829138597421200885e-01 4.049157008304479888e+00 2.272988298295783860e+00 5.518998542284187181e+00 5.179786211792966277e+00 3.240398244214373058e+00 5.130642705016991378e+00 4.780116265677846199e-01 5.148218202034163582e+00 3.009010584600917415e+00
