6.131579335711879075e+00 5.497002856434347606e+00 3.534348792741026202e+00 3.646882585260410092e+00 5.002460830660150570e+00 5.008175657367021749e+00 5.585772581611005094e+00 3.509668247121833229e+00 5.933224773109033734e+00 5.408888703199337122e+00 2.434242807542211562e+00 6.620478180557676229e-01 4.557175407727862115e+00 3.514542253902359192e+00 6.278459953466222210e+00 1.816067810350445733e+00 4.286136337078148451e+00 5.647786832797623724e+00 4.124835149007989976e+00 5.788633356135098218e+00
2.171487185707496437e+00 5.064425282626925373e+00 2.334938823339748115e+00 3.824465325389772907e+00 6.146021602659215155e-01 1.156911511111876845e+00 1.476274030758950806e+00 3.289707143705090431e+00 7.000667359849420679e-01 1.392204745463240023e+00 6.236571268434072834e+00 1.764615660460870261e+00 2.347483798848176040e+00 1.523121592460251028e+00 6.069941004316000033e+00 5.404351392878831817e+00 1.690963208653188055e+00 2.822514270262762359e+00 4.080640126036367832e+00 5.439205960822067532e+00
6.249767284903044562e+00 1.635025828224440980e+00 5.677146749070445253e+00 1.285574194291619454e+00 6.028505612383618484e+00 5.656891139367334898e-01 2.217929676551885443e+00 2.615098214042111735e+00 5.291609108755078950e+00 4.103141009471872991e+00 2.467940388253016426e+00 5.460215284189271934e+00 3.026824506086972288e+00 4.939042897408640442e+00 2.070863894210578593e+00 1.802478016863752863e+00 3.850120859088593583e+00 4.532926364311320455e+00 3.300446920861704658e+00 1.919496214375761900e+00
2.818052914686016930e+00 4.820418541806249735e+00 5.404572954653470873e+00 1.298187189864760338e+00 3.217360139541743269e+00 6.073078647207706737e+00 3.770609233969553387e+00 3.521503814189114845e+00 3.527852370863988618e+00 1.801848590982934706e+00 5.548744171930294122e+00 1.387647659896311891e+00 1.258837021825271796e+00 3.164444097295407321e+00 1.282890248057155791e+00 5.322517618283624685e+00 2.479567843920983616e+00 3.039385699639570948e+00 5.303187375880564769e-01 1.675632036974821659e+00
3.225307852702068878e+00 7.110768741594508668e-01 5.608988924421865363e+00 6.057183024934225557e+00 1.975501216330382004e+00 2.744711080930882563e+00 5.499644934016866493e+00 2.451688104871246221e+00 5.972214794785641878e+00 4.303631036034611057e+00 2.603671084969621852e+00 1.467876147288478927e+00 5.412299330594284363e+00 2.203947161020873402e+00 3.966915127886818215e+00 4.571066798744636728e+00 1.647804630196973319e+00 2.736655147726128501e+00 1.925158108473018714e+00 1.612241734097846102e+00
1.335450406611081053e+00 4.382552844062515440e+00 5.673920043787719081e+00 5.310248752706031361e+00 2.589885760048317095e-02 4.300167827943591980e+00 1.658049457337890331e+00 4.910029441125787208e+00 5.491253578254985612e+00 4.722298384646061997e+00 3.022062362081570974e+00 5.919337314213179546e+00 3.449820945973288921e+00 2.136842419757749578e+00 2.124452958670681735e+00 2.399225677529267298e+00 6.077551715652307784e+00 4.125447155727822057e+00 6.819090984409984513e-01 4.043006777825851827e+00
4.857996501145855461e+00 4.243720898180137979e+00 1.690748746036552452e+00 5.641160675104446298e+00 4.928639747720667152e+00 2.895047722560047720e+00 1.087529258690865586e+00 3.847556464016526512e+00 4.794151604014132317e+00 2.568530675526000451e+00 4.798266218756114476e+00 6.134116131692340934e-01 1.572898724031216000e+00 3.153483839047054982e+00 4.491848525533127301e+00 5.769716775537873765e+00 2.320952114063796312e+00 4.382219641528085852e+00 4.246180477259247077e+00 5.947865459171513436e+00
1.790490133588936716e+00 3.640515092149782639e+00 3.916519216296369343e+00 5.858545964693059993e+00 3.021825545269436475e+00 4.958496770093345773e+00 6.183214130992284119e+00 3.669398602108933094e+00 6.225647562552111047e+00 4.146718041110029951e+00 1.807206749966759451e+00 4.855056465136740940e+00 6.847916929613716563e-01 4.380734244348934436e-01 1.226999709643998182e+00 5.164670205154131999e+00 3.371281372387040509e+00 2.273413118909444197e+00 3.753435632824912105e+00 4.558309218568536103e+00
2.928228768188096076e+00 1.366872562655388812e+00 4.842752408973320932e+00 4.213325598963378882e-01 5.121339921124900663e+00 2.208657271833201374e+00 5.440777726141051041e+00 1.357476020546046547e+00 3.918550590408715006e+00 2.846056122683850553e+00 9.687696551813631540e-01 6.054218451902285913e+00 5.076209567865908490e+00 9.816548799956152926e-01 2.349187241408253968e+00 1.409534075756946780e+00 5.503302443612999584e-01 4.583176041948582302e+00 4.012965771561134432e+00 2.046982486000890944e+00
2.766415658706391500e+00 5.247593894359062539e+00 6.867999786392040562e-01 4.231054481519283428e+00 1.551399239987184264e-01 1.558160766628428340e-01 4.019607000197309432e+00 5.119679255390373385e+00 4.210614927824631870e+00 9.505956860844181344e-01 4.310798722642219083e+00 5.674082211617049509e+00 5.032145114609697378e-01 2.212153240202227256e+00 3.205034529950809397e+00 1.739249767366155774e+00 1.272947598473449737e+00 2.198606873398784689e+00 3.141683665092197764e+00 1.588342406069595647e+00
5.995723479617631746e+00 1.737579256382195680e+00 5.755366150076570708e-01 1.129021180761770937e+00 2.104120412932975193e-01 3.624868591832678622e+00 2.741437201150354941e+00 3.605487991998394204e+00 5.163255744250582424e+00 1.059946378727243843e+00 2.708548279742137410e+00 1.432101579960757043e+00 3.498156432259229121e+00 4.391004897785274252e+00 4.360009443450032940e+00 3.612289298108027236e+00 1.124816240455143834e+00 1.588995911191995458e-01 5.555595959706645992e+00 5.706111426716375057e+00
3.607478862201698888e+00 2.516107422634720869e+00 2.972517278395876872e+00 1.816190271045315496e+00 5.275796849632101271e+00 1.805632622440694224e+00 1.637187646834411314e+00 3.315498277070432209e+00 1.939258900021185172e-01 3.187317128211380801e+00 3.052828975431992387e+00 3.022345689992071982e+00 6.105839413167311491e+00 2.428391255695526496e+00 4.220637635284056444e+00 3.870781428077121777e+00 3.540031388134942336e+00 2.932080281618957507e+00 5.427351013309452910e+00 3.421358265179425651e+00
2.844640193847573606e+00 1.416785994640319124e-01 1.160764131507302954e+00 1.541648589847613326e+00 2.127037666732110477e+00 1.701753067413181775e+00 1.960894604164176602e+00 6.028821995106610210e+00 5.543277003490359789e+00 4.849208171321380156e+00 9.884904946683019666e-01 3.860104511414869322e+00 8.342488416369331361e-01 1.497312727038329960e+00 4.793271724382634602e+00 9.775782154055021600e-01 5.439632610153465109e+00 1.434787640300110523e+00 2.277040355375858471e+00 4.580937693910439812e+00
2.668138171109910139e+00 5.779905205416964620e+00 4.087567579575230425e+00 6.234398882356629201e+00 4.712583335073090574e+00 1.017949784666723548e-02 4.332260965780930562e+00 3.937859415782490657e+00 3.079457063344405388e+00 2.500706510590673393e+00 2.957307607337271271e+00 2.672635871385094841e+00 4.400092538581282575e+00 4.441801498046146435e+00 5.259557939512627733e+00 1.380156996018352622e+00 1.161529537999358874e+00 3.308985209539523797e+00 1.654761163567999294e+00 2.382403610951492112e+00
5.111242882838252122e+00 3.300157909164741277e+00 5.887662900649365483e+00 1.998444076113412571e+00 2.164792648596241875e+00 3.053875000700828846e+00 1.726147062448429415e+00 3.530151756308803179e+00 4.630371761911714401e+00 7.370714069494300746e-01 2.387574040790553465e+00 5.970529808661858340e+00 3.388415550256397513e+00 3.531459511439038135e+00 2.386381422458192958e+00 3.206276830013536028e+00 3.463728389031496491e+00 4.492915100002307649e-01 3.540068307508275058e+00 9.021293211959227065e-01
3.162599406005217162e+00 1.041499781538167246e+00 9.010771266761562481e-01 4.214944232790432288e+00 4.927232736514556954e+00 1.750328777398542091e+00 4.264154020106692755e+00 5.722152314112920468e-01 1.839001317993000706e+00 7.135521453901264577e-01 5.402428475357190507e+00 3.251157411139033115e+00 1.166184123385448190e+00 3.712436219987047092e+00 1.531203766297478008e+00 2.473527171047755324e+00 4.719915230970796460e-01 1.453401572820939069e+00 1.670364236720977669e+00 3.575125894445613906e+00
1.210045421888900297e+00 3.268572016310922645e+00 4.820900303203337955e+00 3.742424309268792548e+00 2.135225179406074147e+00 9.245232368107726417e-01 3.639652985469674640e+00 4.279254169489088433e+00 3.497185289368417216e+00 4.656181273425817224e+00 2.491802064451801080e+00 3.633374795539581648e+00 7.866675402113629811e-01 3.438448790667017807e+00 5.262402058785254688e+00 3.811137725902393747e+00 2.098937568941446674e+00 5.185870525522843444e+00 4.317686281721414332e+00 3.935208107660315702e-01
2.524319213017963470e+00 4.359826818311181462e+00 3.979620455305691973e+00 1.338620109202041775e+00 5.805771114387264120e+00 4.731886286716468604e+00 1.154474665216066231e+00 5.641224259382386919e+00 6.016996429184565898e+00 2.971145952269234947e+00 1.414600170809416690e+00 1.242354002456065087e+00 3.137806487275650369e+00 1.445580589709849262e+00 5.821074748284368994e+00 2.283972434754959924e+00 3.803996406884898818e+00 5.969686873777273917e+00 1.325286649100532177e+00 5.242158463684949865e+00
5.279243484370716111e+00 2.063566150002889454e+00 3.207798085050836523e+00 2.553905618547247958e+00 3.833132437709337204e+00 4.651558467609323011e-01 4.868490269284681204e+00 5.375114216653349430e+00 4.601046055378970601e-01 5.987738430872940221e+00 5.426248571507398921e+00 5.700480235980370125e+00 5.657993552229369172e+00 1.164282882058651936e+00 5.626180890280654268e+00 2.958510174314490815e+00 5.336097988025376715e+00 2.377205230472599240e+00 1.334898778561818267e+00 1.531239763064897064e+00
4.919036319399070045e+00 4.189466238944240750e+00 3.008837032992318639e-01 3.715807120581818612e+00 5.692331557974393164e+00 5.255214709618596380e+00 3.851837998643703465e+00 3.052881790336204215e+00 5.586179100497553840e+00 3.479641877452755327e+00 3.383522050100557621e+00 2.395680515513915268e-02 5.275371250485225261e+00 6.039032981768328590e+00 5.011318882382644446e+00 9.192150329895255600e-01 6.253344017173477987e+00 5.509357133027139142e+00 5.292699329467303926e+00 1.079734108802446746e-01
4.735990654134170086e+00 5.482665979195922024e-01 2.170338124485608144e+00 3.034034338943720766e+00 1.003888914621216211e+00 5.044517279664780141e+00 2.689695266650031336e+00 5.990779070460255262e+00 8.009122459308964936e-01 4.919067047218894650e+00 3.334543203842965209e+00 2.185530693920437972e+00 2.533217875045294942e+00 2.225305772066393128e+00 5.897735665137940897e-01 3.034608667692856532e+00 1.944707280278925809e+00 1.491502872841593552e+00 1.065758042361810043e+00 1.209309590305989585e-01
5.351735195417474777e+00 1.726013433150701548e-01 5.135662922961024002e+00 2.574490139733415006e+00 1.058840137647482971e+00 3.040676970230117959e+00 4.171284597923500037e+00 1.222992081351626181e+00 1.885762581869624421e+00 6.029829274139601125e+00 3.421875812893723445e+00 3.456261318193352139e+00 3.343691520729009103e-01 4.394966072351545350e+00 1.420016880318943686e+00 5.512086758043834855e+00 4.784190665451042435e+00 1.316265752377414167e+00 3.425136163399294276e+00 4.881821048885918835e+00
2.078601561603283798e+00 4.229202000498015757e+00 6.017097543715316244e-01 5.032790586888240547e+00 3.942237231451661383e+00 6.000024973652969829e-01 3.178442529370302694e+00 5.979394930379846151e+00 4.908031416760174181e+00 3.218675262407458160e+00 5.404636346489410492e+00 2.709954364418039940e+00 3.053667315677776717e+00 6.228937913691813932e+00 5.184017883639607582e+00 3.269150497782918663e+00 5.486241232359622799e+00 9.092822168858928356e-01 5.676932089005404691e+00 6.103922901877395724e+00
6.021186922667424390e+00 3.315259604123851123e+00 1.002720753765656392e+00 7.252199663879015379e-01 8.050767403177894188e-01 3.204703115518325873e+00 6.062536098101313220e-01 2.910002950133861788e+00 6.763197400597659170e-01 3.619615168951959117e+00 3.567633567612502166e+00 4.256024349230821180e+00 5.994799013145844846e+00 4.316876887311717148e+00 4.803004330501081220e+00 3.945658648067507102e+00 4.487026092645855613e+00 5.614611656962892106e+00 2.754328622893038592e+00 9.029655968937991828e-01
2.061582857157033821e+00 4.819354492708630699e-01 2.429302889642185104e+00 5.561998605580604327e+00 2.885166419180584363e+00 7.412637269107813509e-01 8.095293777020344805e-01 1.850082573851793200e+00 5.621566363103821296e+00 3.622765175026302908e-01 4.658919570624753703e+00 1.875266268498204436e+00 5.172416012194540613e+00 2.217226546931860831e+00 3.617856253737480987e+00 5.331512024056554999e-01 1.534212890156352871e-01 3.857302549802865688e+00 5.597782609724853309e+00 2.812235508243945414e+00
5.078860892159670293e+00 1.848882484789700964e+00 1.159529444308671442e+00 3.695506776000657911e+00 7.221548078685735561e-01 4.664832692480546328e+00 5.272850768572294733e+00 2.557693183387576230e+00 2.639513892077963053e+00 3.735162092739893747e-01 2.703302823374584829e+00 3.887616872991179306e+00 5.436124246759981737e+00 1.175000456142424321e+00 4.298115986008624212e+00 6.209629223813069920e+00 1.470016535608844876e-01 1.426310984533713633e+00 1.472621937748703980e+00 5.060855318497357480e+00
3.588859938122594961e+00 3.051550507335728746e+00 4.974228750628418183e+00 4.576013589068952392e+00 4.693149052204089067e+00 1.963966059966653077e+00 3.146023279316334076e+00 2.027746481460237060e+00 2.916084054572734452e+00 4.796527839010276573e+00 1.205454780008919258e+00 4.971612583167359212e+00 4.108270435124277142e+00 5.153473521295532933e-01 1.693718339717145360e+00 9.067096156683910335e-01 2.020024010983009877e+00 5.153169400909096254e+00 4.955151806638844469e+00 1.237437826447475686e+00
1.349358429421321670e+00 1.407284224239521819e+00 3.824097665017797132e-01 1.030443776300685954e+00 5.888228546126124563e+00 5.473598007071752924e+00 3.106879108256783262e+00 6.533721901194414761e-01 5.739102800124105563e+00 2.167064028584700708e+00 2.644930094033044465e+00 1.801528025880054229e-01 6.197153063805148854e+00 1.777325223104495366e+00 5.403032547949114139e+00 5.054344138673875220e-01 5.520485769998868086e+00 4.459152438141035013e+00 3.829707665855431653e+00 2.644176340238089562e+00
7.369641808275517736e-01 5.566391747272431800e+00 1.624407516659861939e+00 4.586753942248983584e+00 3.748291200521562949e+00 5.095162492772570495e+00 4.983346377363598312e-01 2.134183510956806806e+00 3.239327148960964742e+00 3.949845022560985797e+00 8.183207493682471689e-01 6.070934110686058816e+00 3.517923621551677371e+00 3.450468475002026025e+00 4.697330778941025464e+00 1.177120947098014181e+00 1.291766406977284065e+00 2.701293193288567984e+00 5.253714042971154186e+00 1.106639602415762091e+00
2.039740183314818545e+00 3.161822553860056950e-01 1.890696536530470206e+00 4.843840342161603196e+00 3.849900221449466642e+00 2.160708397817848958e+00 4.491182993114515298e+00 3.787039336560326319e+00 1.807375758154461609e+00 1.013071627816619413e+00 4.793045403635620261e+00 1.579602800775802063e+00 3.913021868259114466e+00 4.152725635075351640e+00 2.358577371971173342e+00 4.202972903025315787e+00 3.660923347270084172e+00 3.311234032884550427e+00 2.670746566258916932e+00 2.518440632302411331e+00
1.328121615297658709e+00 1.035000532412717833e+00 3.180699052969821583e+00 3.620568855665261765e+00 4.257785963749810776e+00 1.438539499333539196e+00 2.198865918614297810e-01 2.869097008744962984e+00 3.527030654202024440e+00 2.467712215226068651e+00 4.745921286352374757e-01 2.380256502376051214e-02 4.226866015914265695e+00 5.766784087923983115e+00 4.625354119699789379e+00 1.669952419482661821e+00 5.923564760576152999e+00 1.248807749191699484e-01 4.171710152562709162e+00 1.916489227044147814e+00
4.843926977599063655e+00 1.180173344375001765e+00 4.876310949958737595e+00 1.526402765311726695e+00 4.009109738809586432e+00 4.004735586131761060e+00 3.612221493241892567e+00 1.448237912233343749e+00 6.185213606800353148e+00 9.362121919649032398e-01 5.942641753382937431e+00 1.718425751530931578e+00 3.221268841855523757e+00 1.992652411778208066e+00 9.819612280956427908e-01 1.380194070772793324e-01 6.412345686147742363e-01 3.380291096222436398e+00 2.621117072768565759e+00 1.587014427549922502e+00
