1.792831489141711421e+00 4.944661970347604907e+00 4.959972732010261787e+00 1.321910998430144424e-01 5.173215115217273841e+00 2.390772840535148713e+00 1.225974867256991896e+00 3.435344851535602650e+00 4.967048191238852439e+00 3.391207550241618129e+00 4.002918184514924427e+00 4.797407804503237116e+00 2.167579930774910402e+00 4.097304758409988423e+00 1.773003196387705982e+00 2.571539473561467393e+00
6.054219356020569265e+00 2.701150540714043480e+00 1.544076357145155731e-01 2.752589967773989010e-01 2.251911108847580098e-02 3.335096783042778013e-01 4.004650981553759870e+00 5.665120555691350646e+00 2.751083362564988199e+00 6.430863316588109058e-01 2.268411434793292436e+00 5.014968541718477724e+00 5.606861585888907484e+00 1.256093813435746220e+00 3.258375720214595983e+00 3.990082316401150742e+00
5.387670362509204836e+00 2.133652177037541620e+00 1.482350946160709559e-01 3.958069056196090507e+00 4.359572359870353409e-01 4.018833829050609374e+00 4.078969969253112282e+00 1.150736872162704261e+00 4.514198583798144093e-01 5.218437546287671758e+00 9.230968015304441554e-01 9.391372596325973099e-01 4.794628444325844008e+00 5.060517692079359087e+00 4.375003249489179069e+00 1.140603978113520212e-01
5.342762299700916984e+00 3.486310795566123222e+00 5.667487761668183133e+00 2.740230472906774128e+00 1.298675749404262891e+00 4.707270296778259144e+00 4.555353794498135045e+00 3.910230134716390360e+00 1.409482141238120878e+00 1.185695846015766053e+00 2.422598953599697680e+00 5.595783054159950254e+00 4.750811968248949690e-01 2.155710341627572468e+00 1.592328705323115212e+00 4.098368831398210510e+00
4.008143319820922201e+00 4.061820559116995355e+00 4.141019456313348002e+00 5.520325803517768470e+00 4.580172229654838389e+00 4.226432637535920023e+00 6.281784896875612922e+00 7.589691958463835597e-01 2.975248533162663023e+00 3.752226892191540486e+00 4.846624641547317758e+00 1.249440302295713456e+00 4.785430293321898176e+00 2.501703112340103452e-01 3.999521676400309977e-01 2.928621151836794834e+00
2.722188725037728574e+00 3.693860950326329773e-01 2.997840697748236582e+00 3.056730490795192545e-01 4.082357027042972319e+00 1.517512311444642936e+00 2.201963986095122117e+00 4.814985347279988837e+00 7.240499276423260078e-01 5.456196280002822085e+00 5.724958449335654231e-01 3.198900002350369420e-01 4.973822893358863517e+00 4.548850020985724107e+00 1.735529106341740790e-01 2.446719871541500613e+00
4.543486801672658615e+00 2.542789690455020235e+00 4.485599722712703574e+00 4.753833918536344294e-01 6.194812347130159047e+00 4.358569937918721493e+00 6.001621671994254115e+00 3.486067157335620781e+00 1.866840916810051931e+00 5.293629337102612187e-01 8.427409107352321627e-01 3.680782047372805454e+00 1.001096163395887029e+00 3.051692296186480302e+00 5.903249756016556660e+00 1.670887170963573753e+00
2.379085504743369217e+00 4.428493858005825068e+00 1.801380691883660567e+00 5.266760430932253101e+00 1.571781037019718275e-01 5.197008018612021135e-02 2.734743666792919026e+00 3.525443359433450663e+00 7.881051091251667362e-01 6.019486924931511496e+00 5.275809156751154028e+00 4.418884507693022101e+00 4.642214388244712553e-01 1.451378937237487676e+00 1.272111022318599127e-01 2.455870376954824241e+00
5.686621489436393118e-01 5.307844037069527232e+00 3.165939452498966578e+00 2.674954086624734106e+00 1.021222102817071820e+00 4.991225937525145540e+00 4.112675801303023349e+00 2.983153684658964577e-01 4.899974091540837406e-01 5.030372577295668002e+00 4.767126412816272030e+00 4.896395003058021445e+00 5.375749805095163758e+00 3.938401565484426214e-01 9.079442888686330981e-01 3.189347878064130448e+00
2.833134987809236893e+00 3.685800374065382634e+00 5.313995956918504682e+00 4.243093167362429696e+00 4.022082167613156400e+00 4.296785271562922226e+00 1.806989127060090183e+00 6.121720119475352995e+00 2.609636215587779251e+00 3.080758307023892417e+00 1.478638637173984138e+00 3.227217554217550521e+00 6.154772206189086603e+00 5.873287488378972299e+00 8.281981431996576770e-02 4.142984328616374334e+00
2.828370227400106796e+00 3.897841057195504000e+00 2.262421639565509235e+00 2.360934633319406728e-01 3.884288588306708423e+00 3.690610358377223399e+00 4.430922843192377947e+00 5.825810019214270774e+00 2.925370388644199071e+00 2.709559790756661091e+00 4.789604796039585999e+00 6.178729394131549313e+00 2.398407477736047844e-01 4.834643711743820127e+00 5.610541821626744863e+00 5.889990265326527918e+00
6.046333055320838312e+00 4.104590932297397243e-01 7.028915728770298577e-01 3.551120718235446727e+00 2.238735772241284144e-02 5.687633676597374510e-01 5.785858369663721135e-01 3.986120064843177158e+00 9.372173391714341273e-01 1.733245022328945950e+00 5.833140494127028397e+00 5.815838643233659511e+00 6.027254561577636949e+00 4.860528842052612930e+00 5.301213919337830482e+00 4.091093906370308453e+00
5.864281948479609596e+00 1.021869311516610257e-01 6.235700732396568746e+00 1.477919042927223314e+00 5.215003035740624959e+00 9.939127438472246390e-02 9.255039009301569974e-01 2.084754964163908042e+00 2.131597798329028404e+00 2.985352660237461375e+00 4.123723243557259721e+00 9.038275534319117899e-02 5.106602194487935620e+00 7.518195869071339077e-01 1.042967621397288047e+00 7.487871762980917723e-01
6.554485119522726611e-02 2.957734117212593716e+00 4.255452947496019434e+00 1.930726518779251721e+00 3.877473158762932748e+00 1.807616635311845230e-02 2.875562912462493959e+00 2.783067814612218083e+00 4.811745300584927776e+00 2.326761132118428055e+00 1.816493394041899467e+00 1.207864657326248592e+00 1.029731707843003052e+00 2.716634452952980450e+00 5.371997526992322580e-01 1.695010297038382463e+00
2.526323565059425569e+00 2.594088315515133303e+00 4.094022965439100936e+00 1.927320946953137382e+00 2.723926140947170449e+00 5.626686990332120608e+00 2.207303032261649367e+00 2.287299586821756603e-01 2.432881128906428270e+00 1.267731314510357699e+00 1.185237736076229176e+00 6.168844738402440520e+00 2.928534756787942506e+00 4.422021499949368994e+00 9.790291265506926299e-01 1.881832330701732836e+00
4.293630812636012983e+00 6.250410475144726696e+00 1.012897848887366781e+00 2.916019828237033096e+00 2.575391137885951753e+00 1.784682338567892268e+00 3.271795759616798804e+00 2.872444905848579921e+00 3.807970089741870900e+00 5.196426987266133501e+00 1.053776589431743016e+00 1.393726105983914554e+00 5.626568406041336345e+00 4.717095238233917520e+00 5.478159347829795855e+00 1.652858170023950635e+00
9.497433264234542705e-01 1.713786142306156446e+00 2.550989654657311867e+00 2.046461902239089081e+00 3.027226231175454974e+00 1.639526434732469229e-01 1.065747629761884419e+00 2.453135506999675197e+00 3.471117055193223777e+00 2.486403058937728172e+00 4.930286430839905698e+00 3.056529120329131377e+00 4.532798896813819312e+00 1.611609108096818233e+00 4.201984923153289309e+00 5.931125443101521455e-01
3.796326518653665438e+00 4.548279039542263646e+00 3.960770727321312634e+00 2.073595616128898644e+00 1.336325761756781194e+00 1.491471620386799701e+00 3.251736267166332794e+00 3.384446865904911395e+00 5.010642512375392599e+00 4.150277707349351530e+00 1.387548455553298643e+00 3.050140915926942142e-01 1.763242580667939929e+00 1.468606760561802504e+00 5.082010783964843181e-01 8.366631014778752595e-01
4.505114171919721855e+00 6.221296245105674139e+00 2.276972011310653965e+00 3.069415521263038293e+00 1.686989792747249917e+00 2.016221665017301046e+00 4.620652716287700912e+00 4.425963643408417525e+00 2.885327170976100586e+00 1.948804617620300333e-03 2.563368452672413866e+00 6.282323256167948955e+00 2.136703058882091888e+00 4.733678354748048989e+00 3.272551711598809643e+00 5.933922433228083770e-01
3.860949532960794794e+00 2.353079156654701354e+00 2.379419940105078624e+00 1.793119237821779954e+00 2.334230953458663049e-01 5.610236974871517290e+00 2.192885284333682350e+00 3.624078603789130604e+00 5.123510570366084593e+00 3.766929276168418550e+00 3.096375103181065569e+00 5.229938692278328638e+00 5.345196704335083204e+00 3.117635790732297352e+00 4.052963139090103972e+00 2.136437554847343101e+00
2.453951765779932348e+00 1.749474130481914358e+00 5.836659952312944988e+00 2.408309221264903321e+00 5.187025501509865855e+00 6.131508426798741418e+00 1.739749237297614215e+00 9.192624907701496539e-01 1.547188468514641979e-01 4.889825233876791799e+00 1.751416688974203550e+00 3.098710483750834466e-01 3.504187630651529051e-01 2.652880286994042880e+00 1.022437770906393872e+00 2.599666034005765347e+00
4.045387262570480758e+00 1.116578153430117570e+00 3.238187000677117844e+00 6.046177205513901143e+00 3.505996645725403926e+00 5.869742013384214196e+00 5.291347517908113751e+00 4.192335597112847978e+00 6.166319206428320321e+00 5.946069170368742718e+00 3.622029979668736299e+00 4.683837237515934282e-01 2.226383518345034673e+00 3.191855031282598287e-01 5.264066744877548665e+00 2.517781438217520762e+00
4.034114683920703714e-01 2.487363279355461199e+00 5.204272438949833379e+00 2.172144349951328657e+00 3.874195766000753105e-01 6.282473010371540489e+00 2.733102870999373657e+00 8.367649542765279724e-01 3.687244879250674012e-01 1.841497692473492709e+00 4.318402194776317593e+00 5.112673142424834616e+00 3.786382245644412947e+00 1.316386643559873448e+00 5.045882320678160227e+00 5.172970196282577149e+00
5.918995183469967003e+00 6.149088968571877478e-01 7.722713429739253010e-01 5.663968126963850658e+00 2.264614662935750256e-02 2.177765653542196755e+00 3.858141121520845540e-01 5.354937457213908125e+00 1.987261272973772641e+00 5.886101450791084488e+00 6.256988421776648046e+00 2.322714904616014486e+00 4.173610612372425699e+00 2.225855133041475309e+00 3.499768757361205740e-01 1.452973104408739280e+00
3.808027387360986005e+00 3.869119224174236926e+00 2.305327727763438972e+00 2.905314952803893735e+00 5.251789126673705788e+00 2.123008275413355683e+00 3.796697652499431808e+00 4.185207309928096642e+00 2.251432521490792205e+00 1.169163717885003617e+00 3.463585795030193815e+00 4.978833471942990307e+00 5.871677865415631636e+00 2.781391810522173547e+00 2.176423018732943859e+00 3.402872987098528146e+00
2.519704267755458638e+00 1.092202915868502044e+00 3.751403369848574698e+00 4.268466492887751151e+00 3.301932698601988125e+00 5.617729675439024462e+00 3.320396579191073894e+00 1.977265954401709491e+00 2.246903055883214151e+00 5.987050103894741682e+00 5.430425785391042481e+00 6.246717332180990567e+00 2.950647707733640157e+00 2.767900604026623856e+00 2.393692996695368169e+00 5.552413886259424558e+00
2.194094094829990738e+00 4.420876002787346160e+00 1.888771606356935306e+00 4.248424689449530334e+00 3.145883431618455628e+00 1.885843709246364908e+00 4.947048802126460920e+00 3.847944287779690331e+00 5.982395991417386760e+00 6.077596944859958938e+00 4.694261932332910447e+00 4.964484039387239145e-01 2.953639462425966311e+00 1.872167587833009073e+00 2.996678672855205061e+00 6.038282674765595992e+00
2.509420333032653438e+00 4.146607865285388606e+00 9.262594252014724194e-01 4.911015081804050553e+00 8.163974657967939530e-01 1.739182735033074856e+00 5.867089500511642797e+00 2.224044725872094119e+00 2.261537146191139769e+00 1.253447206320323248e+00 2.498630414563626445e+00 2.620060152820839150e+00 1.004147015296329881e+00 5.356324863274188885e+00 2.809863892819814080e+00 5.026623691993418852e+00
4.693792497271102704e+00 3.655070388448718788e+00 2.402813694381893406e+00 2.185139977555200730e+00 6.258576743537576981e+00 5.974554713288529051e+00 2.581363617270685307e+00 2.682965073474516959e+00 3.159422620250079028e+00 1.087952590843110245e+00 5.436023457649915791e+00 3.162419189635040428e+00 5.555141601829996389e+00 5.526030057577225207e+00 6.271504940798007688e+00 5.309251938798002612e+00
2.089005088891876749e+00 2.744240974477099915e+00 5.853463774531458164e+00 8.640910517305137040e-01 3.243478448666186953e+00 3.156281561491545151e+00 5.329568942216575067e+00 5.613663129018433118e+00 1.676817416523657567e+00 2.924603591275793057e+00 3.607733414083294399e+00 5.108079924007812522e+00 1.056689832933200845e+00 6.118400182599364356e+00 3.723525352821760670e+00 2.184294369457814522e+00
4.758739025025134239e+00 4.317404275052178164e+00 2.437963842845872531e+00 7.784101110165358994e-01 2.487101406728869701e+00 4.885991831588449408e+00 6.265849626852823206e+00 4.946059330630212969e+00 5.478834299039706757e+00 1.230484482096953158e+00 4.882766639670460762e+00 2.553950647468624879e+00 3.781233466948873967e-01 2.758854609830688975e+00 2.245623642502970085e+00 5.728463182963793976e+00
1.066404941580261889e+00 6.188339517692058145e+00 5.733842845874790761e+00 1.409148101680437470e+00 5.497598957902790850e+00 3.348548854883153236e+00 2.609157347007571737e+00 3.167707221266333195e-01 3.001694533653474828e+00 2.338632512724631685e+00 2.712554938463473952e+00 6.059084446752708963e+00 1.789718187024140317e+00 2.957528001183598931e+00 2.994966876709704628e+00 3.514010279342653087e-01
