5.801639018108439849e+00 3.885647562106550268e+00 3.415092525797033485e+00 3.590379481590686872e+00 3.050252847060517691e+00 4.393029590259263095e+00 3.768783296413132700e+00 5.587649761304982476e+00 1.906508452793820751e+00 1.986789318519745828e+00 4.869405033024557738e+00 5.234354783829116009e+00 5.103780813687683882e+00 8.748800966625336351e-01 3.677290230769986401e+00 5.669107564613748984e+00 4.567584098306296525e+00 4.213146914738908677e+00 3.247827607616301737e+00 5.888025313030707864e+00
2.203361524409423122e+00 4.607209436233979716e+00 1.475096885916486356e+00 4.521083274635624427e-01 1.961390750116251747e+00 1.054572022049395486e+00 4.174112914343003133e+00 3.390008966637562349e+00 7.415637662394356511e-01 3.371787531915890312e+00 1.273452852153132753e+00 2.022158555848945660e+00 2.892304530627899162e+00 3.577112065867205981e+00 2.672221145903331596e+00 3.311913259027436052e+00 5.726967442348120940e+00 4.186315134228368352e-03 4.220779294949787541e+00 8.780202301297331813e-01
4.443005817975988592e+00 2.092725008601075576e+00 3.701441802379786594e+00 1.863728891829882661e+00 5.245438530983835612e+00 3.324637772588634022e+00 5.008890269624360236e+00 2.346129429577009429e+00 5.803827106420520465e+00 3.524333085059231596e+00 4.767376221464049380e+00 3.730027401532992837e+00 5.100539663642217114e+00 2.938227072760452252e+00 2.213657143244707193e+00 1.413559340800197628e+00 2.351887175953024933e-01 1.331447036012306517e+00 2.573799505206761484e+00 1.634721973526966687e+00
2.455247814131538142e+00 5.091178548744667021e-01 5.550888334419099124e+00 5.496384426677249913e+00 6.921729492901551595e-01 2.454700302579262861e+00 5.584286450919043965e+00 2.643080514565235628e+00 4.461174140349767114e+00 2.951424687636424737e-01 3.778152351501619322e+00 2.918449052189452608e+00 6.244729454734873286e+00 1.929122214706342486e+00 1.505697812052328333e+00 7.638411859099810686e-01 2.738837587962350106e+00 4.708142956537956891e+00 6.068128713565789312e+00 5.643344578215237384e+00
4.802005067707403541e+00 3.464704408526970703e+00 1.658511124309762330e+00 6.761827825971978845e-01 4.012149840130454947e+00 1.809662104478625189e+00 5.324535592203341494e+00 2.946447307238986291e-01 3.430618280949965015e+00 2.778614888970925012e-01 4.385654588414449329e+00 4.447957187938778589e-01 3.080628197663426437e-01 4.852290994909015609e+00 3.354892749547603970e+00 2.145919030217960710e+00 1.005878494240512122e+00 4.585520952939613260e+00 2.898390477769113627e+00 6.016287133945231069e+00
1.109742458202082727e+00 5.872745902806163265e+00 5.640939390156924027e+00 5.304320322664192844e+00 3.308137867613785144e+00 2.154680955499277406e+00 4.755398281882870393e+00 5.567842372987411359e+00 3.046010831301529276e+00 3.453001864842946578e+00 2.376279535420725703e-02 5.588357140825054969e+00 5.668519046310178666e+00 6.118953767215051798e+00 5.900513224610743457e+00 7.618521052319326969e-02 1.734783827712071291e+00 6.140152707635324170e+00 1.774739966347320674e+00 5.777125266917108704e+00
6.869213766721833370e-01 3.976696389390147690e+00 2.154446066674373217e+00 4.606474377447058011e+00 1.205365210995037462e+00 5.185970396616557565e+00 9.350516045194248171e-01 1.318657863668471375e+00 3.106155997184915307e+00 4.918623239061015617e+00 3.282304020077248641e+00 5.742776047865089772e+00 3.384657575017331776e+00 5.844136117052647350e+00 5.214061413135666623e-01 1.282513583827144865e+00 5.255202877507845649e+00 7.239812475271081293e-01 2.916677104023522649e+00 8.286319701140916205e-01
2.049392911176953103e+00 4.688638115533751538e+00 2.712799885441157244e+00 2.465363069212001434e+00 3.679385177047746147e+00 2.586284894808200452e+00 3.067368111026235411e+00 5.667779732548876126e+00 2.938463801143073706e+00 5.813333635754989182e+00 1.459967838346959423e+00 7.344410948048361032e-01 5.822059199619212144e+00 2.255855981336969851e+00 2.153336265740505073e+00 2.689094762334964805e+00 4.467818241158774129e+00 3.059554091291578182e+00 2.803863862109299276e+00 5.017669263645767153e+00
9.860772435093504429e-01 2.194838840748470243e+00 4.109901383213605541e+00 1.888266612375494535e+00 4.364356233713343691e+00 9.835668573387749136e-01 6.182185573738251172e+00 8.666565917276638498e-01 3.684504436814215023e+00 2.497955513484417356e+00 1.883004572526824516e+00 5.655569705413235226e+00 6.235722178324278886e+00 5.171690006057531264e+00 1.243947187154281320e+00 1.417340123732629686e-01 3.640193564329269549e+00 4.106231213760620502e-01 2.541963755032285999e-01 2.999295597523174539e+00
1.744864252130924775e+00 4.968338728629149159e+00 9.285948841053537350e-01 5.450984846784949767e+00 5.592336974270360805e+00 4.527934553118666550e+00 5.550559942058841401e+00 3.005604813120452135e-01 3.715957911807451275e+00 4.575060030246699938e+00 4.399647265995636936e+00 9.621908432266419453e-01 2.738338208466560619e+00 3.055735807302197293e-01 3.471460275607753498e+00 2.742871932757438902e+00 3.472609128814992285e+00 4.450853107788616647e+00 4.370087429807706592e+00 2.572484192814370907e+00
3.297193559395009466e+00 4.135046266903251500e+00 3.245691456397447272e+00 4.026596147661389402e+00 7.667367575338170094e-02 6.201454848184138058e-01 1.508666307480493352e+00 5.568726826164744459e+00 1.184037457323427356e+00 2.140005766986240454e-01 9.063683364341116322e-01 4.603770790466904295e+00 8.504406788092589986e-01 2.573670238815442879e+00 4.913979746668704962e+00 5.636801876212913065e+00 1.370706487488634884e-01 3.685086463375646382e+00 4.022195816034572324e+00 2.859821175444325458e+00
5.135064687137885109e+00 2.166484356925409749e+00 4.297933689589587658e+00 1.914595277486726088e+00 1.087818842275982245e+00 2.151256718806869861e-01 5.167785922552251554e-01 3.220852283315436271e+00 4.094809974106810913e+00 4.963560093118266181e+00 4.786887765949166540e-01 3.675461390755234259e+00 3.450302942653666438e+00 6.157354609140284651e+00 1.782679123740109839e+00 6.360417342849435940e-01 1.636575984527926630e+00 5.647271437375598779e+00 1.249839283962847825e+00 4.883654465550478774e-01
1.075896321643468490e+00 5.518425712829284180e+00 1.277223895359326233e+00 1.461635259982810631e+00 8.310118505720841542e-01 5.256343666765212141e+00 8.134400392044282002e-01 4.427978187542252364e+00 2.789659500882901266e+00 5.932077190158211444e-01 1.612302122843336960e+00 5.784002360048190461e+00 6.176479180009311953e+00 1.139003551534131908e+00 5.803255489654960186e+00 4.928497827624410021e+00 1.703441190188791143e+00 1.054381457672150191e+00 4.730442514121381947e+00 4.076465428856072215e+00
4.175688348623381785e+00 1.466219672582303568e+00 5.882713948442129137e+00 2.639855037233263424e+00 4.018542784481343055e+00 6.038702676700092198e+00 3.529259886405420321e+00 2.417483621120602333e+00 5.078288230257206770e+00 4.244532406822163928e+00 4.306295095389485184e+00 1.447619160472893407e+00 4.186652974298903374e+00 3.211461813603613269e+00 8.219334626712695435e-01 1.104509591461737106e+00 7.399002575564709305e-01 3.599563949632367255e+00 4.240973388433824987e+00 3.800262376824687482e+00
4.111457478485008865e-01 2.185136622370280612e+00 3.515118895320667125e+00 4.402265895938959339e+00 2.633860285439056703e+00 4.241312863220858098e+00 4.171350460363485446e+00 8.171303852815899882e-01 5.469789860576562468e+00 1.111094856436868117e+00 1.975043865988010072e+00 5.256473026220308320e+00 4.270591369508588642e+00 1.448065897578786343e+00 6.065753115669406448e+00 8.923156618272233276e-01 3.946807540618281873e+00 2.167535460287279836e+00 1.399886472782720714e+00 4.909525168023770370e+00
5.868253607975327135e+00 3.767760421873338483e+00 5.034850059535556532e+00 3.946110621068292357e+00 5.355680202924442135e+00 2.693394782902680973e+00 4.699267072758092745e+00 5.150503966785543675e+00 4.567182512177241804e+00 4.839222479999825133e+00 4.482862590415690462e+00 4.355652072713011691e+00 7.530998293573416547e-01 2.368500848654274460e+00 5.929562689816289200e+00 8.911535324553593318e-01 3.237489223841195418e+00 6.219082162292751015e+00 4.939273271416336542e+00 2.648875566881446098e+00
4.943013926653965662e+00 4.041670433606937785e+00 7.754811288751249920e-01 5.112564118294747217e+00 5.098500902587190353e+00 4.950383506472952000e+00 4.255339553828090260e+00 1.040573751184199924e+00 6.094134780697025633e+00 4.461919241056795826e+00 2.199760736934557315e+00 8.643470377700861462e-01 1.814298485514630022e+00 1.095928122624030498e+00 1.804184014720164431e+00 3.970696238372965148e+00 2.309340798589960553e+00 6.119849079502876599e+00 1.353650001538099668e+00 1.645270492961417697e+00
5.453198350174596420e+00 1.003328390087655730e+00 2.821517805472002927e+00 6.889877267582944498e-01 2.437548121748691177e+00 4.649876864540004817e+00 3.152397903395694367e+00 3.665932829852312835e+00 1.359390138134358439e-01 2.087772804457272702e-01 1.582329150143808150e+00 4.002160471110255635e+00 5.901848728784858444e+00 5.389865297926285770e+00 1.134093414566846647e+00 4.682447613591237179e+00 4.752010324066536562e+00 4.924784324243351996e+00 4.797413688710268964e+00 3.340687531493430118e+00
1.593304065232535205e+00 1.681515995173038958e+00 3.331235413349707741e+00 4.884712145207453560e+00 5.849631615896647929e+00 1.260096373807840564e+00 4.344709822065763838e+00 1.818695342412634419e+00 2.912106093209483770e+00 1.119387682899233294e+00 6.022863545743658564e-01 5.893735196306510105e+00 4.158468101627727620e+00 6.428377867874791596e-01 2.615824651111446020e+00 3.098380535390901080e-01 2.389813383060065188e+00 4.020267946941364023e+00 4.707268227879172429e+00 4.880194410972753083e+00
4.867239137400845905e+00 3.254093770676868669e+00 5.898154775774260727e+00 3.837895997324384467e+00 1.581218862667310043e+00 4.585445550758490363e+00 2.673918417830492888e+00 3.055264077817983814e+00 1.266129109943143760e+00 3.701551165784794151e+00 2.894430378680068028e+00 3.900892730289659216e+00 1.970829975667704348e+00 4.949755082875462620e+00 2.635088852494059886e+00 1.788964370872238030e+00 5.387344919230512286e-01 2.354417030132661015e+00 3.686388733774021098e+00 3.366903307105586052e+00
5.084003470605258812e+00 3.338127495035104086e+00 4.693045409204526841e+00 2.819582054217608658e+00 2.950933653941793189e+00 6.175904406163373217e+00 2.383315358819869001e+00 5.856549853768803438e+00 5.119686779868745319e+00 4.666166147815296483e+00 5.462965555582826482e+00 3.365284184081818619e+00 2.177605336585076490e+00 2.715077651563419625e+00 1.618135127168931209e-01 4.773364901159562024e+00 2.404220414983248677e+00 3.882671438470268743e+00 9.287413538715308947e-01 3.274476381104188261e-01
5.972624853649890930e+00 2.835678841469218447e+00 2.853029035482860243e-01 2.938177954190251739e+00 2.230118163544171583e+00 2.480091210367964205e+00 4.575176461400865868e+00 1.878175441197848627e+00 1.148667169359309348e+00 3.992950108182092617e+00 5.331314290030749525e+00 1.677455468355868895e+00 4.587699599578472842e+00 3.095763314508841901e+00 2.735549352249293520e+00 5.471841840392261069e+00 5.762341176911041529e+00 1.765231488876858323e+00 1.280186033650938748e+00 3.814917071485250055e+00
3.534551623269978737e+00 3.758293162921573671e+00 5.892846155513073114e+00 2.564422406933078769e+00 1.658065122246882295e+00 4.373765950397652813e-01 3.277497204635554606e+00 3.894349154806362900e+00 3.252342713100964566e+00 1.379683379190313586e+00 9.624006791953358952e-01 2.350879300472955791e+00 3.879023880828687876e+00 8.163940947036686657e-02 8.328932353482208784e-02 1.054410047594305455e+00 6.233947900377738272e+00 1.993610415729357710e+00 4.773926976545808998e+00 1.578423435226228966e+00
3.645541666351882260e+00 2.309029491180221605e+00 5.006553234705459765e+00 6.925277790512588405e-01 5.233367271870579707e+00 5.591390366926496824e+00 1.370925542076455894e+00 5.387507209835180610e+00 3.165748689311753128e-01 1.216136389715622323e+00 1.372767640323904192e-01 5.765592025975803558e+00 3.102364863382333748e+00 3.596472370939022278e-01 5.866734580280728473e+00 5.579416132324105604e+00 4.234775036512846924e+00 3.898832313547387352e-01 2.373511513985666621e+00 2.428658505238882714e+00
4.773891385317343250e+00 2.056346758165430000e+00 3.434416590260317204e+00 6.043286443711550326e+00 2.835263526220133112e+00 1.122533758888078909e-01 3.504917975521725904e+00 5.547773413969432355e+00 5.001396191217988729e+00 1.049203283057733582e+00 3.001267015988480669e+00 3.899303000101641548e-01 4.540617704542284194e+00 5.810099001769306604e-01 5.305029228132444707e+00 7.523584011801724980e-01 4.057422621587768674e+00 2.989723577093533535e+00 4.412801285143622465e+00 3.617447027747387356e+00
2.577979013816404930e+00 4.393105940656046648e+00 2.272164443226901032e+00 3.048483942631261101e+00 4.826239991026746168e+00 3.736149499524373585e+00 3.171760225832831015e+00 5.285517274732030479e+00 5.348411681133169893e+00 4.939828086129152140e+00 2.882939320382288173e+00 6.017933922102019828e+00 2.438885063121456920e+00 4.079008500507140589e+00 4.841528686360039302e+00 3.037119440956183247e+00 1.546711520377776816e+00 5.549996233761228304e+00 4.990863433007893590e+00 1.995535348557564870e+00
2.425093646861394614e+00 5.087002853763051391e+00 5.359526172569559321e+00 1.770060112818995668e+00 3.787357314769825400e+00 3.473508057847543018e+00 4.910937468620776514e+00 3.235566461757910517e+00 6.217711305684636258e+00 1.579343169542474501e-01 1.718582302446331367e+00 2.010156438070882956e+00 5.449094473521152615e+00 4.183975642815907503e-01 3.334908839623153209e+00 4.951595287706555659e+00 6.072250426013145130e+00 6.692198117523122658e-01 5.756335660496175066e+00 1.466026348172342786e+00
1.342811461098215142e+00 4.544264532889419783e+00 8.490031505662202216e-01 2.128153792215843776e+00 4.560929079017700616e+00 1.233514619805468726e+00 3.378497683945423269e+00 7.029301690262907965e-01 6.057585249455241794e+00 5.222050966143586770e+00 1.417550020108097719e+00 4.954870857581266108e+00 2.815056653735719117e+00 2.617850203387043884e+00 1.900458635421838904e+00 2.588536978184378778e+00 6.216810329940445357e+00 5.095956046517537974e-01 2.406037452759557382e+00 2.401114454642883089e+00
3.184478295727787955e+00 6.014964347152258028e+00 4.211603580876051467e+00 3.358576316890047875e-01 2.741068189127323085e-01 4.603437963047205539e-01 5.825842876197565801e+00 1.195840207290105539e+00 5.726095505938422647e+00 1.923369078189803572e-01 3.830427674982728181e-01 5.860284411779017155e+00 1.560103329681018502e+00 4.540624614031876227e+00 1.824437460686857859e+00 2.526974969799834714e+00 5.211851857474751881e+00 5.408265652385168210e+00 2.904157206054732487e+00 1.848584641368663961e+00
3.769150473662619572e+00 7.126726015765851852e-01 3.489630145001102690e+00 4.081727412469239979e+00 3.444922756714392520e+00 4.378289763827062586e+00 9.975849947468110601e-01 6.243527500320625867e-01 3.212442013457082357e+00 4.708515944993439284e+00 1.724756532774451401e+00 5.383138803487041990e-01 8.217390352372566653e-01 5.216397223170135433e+00 1.467513488320127402e-01 3.948695378825314961e+00 1.771412395828758202e+00 5.951824053231701050e+00 1.091720556498427142e+00 4.619570671797522010e+00
1.311705682565428299e+00 4.845071429921679496e+00 3.922427421857313856e+00 3.441405507951286857e+00 4.141986745102847145e+00 5.685492698213016283e+00 4.179012505543017397e+00 2.545955942567135644e+00 2.682128907559826470e+00 1.745738138785258020e-01 1.615890651831554559e+00 6.280314515837192246e+00 3.744273847844750591e+00 2.854357760976651726e+00 2.446150455660048184e+00 2.111302903582092799e-02 9.004197650632980165e-01 2.141480362477399257e+00 6.101222680651144259e+00 3.584257971339485316e+00
1.375672077123634152e+00 2.898567616898718668e+00 2.010017732189158135e+00 3.386224179649250488e+00 5.495890425627381504e+00 2.529930993055850230e+00 5.741580196335570818e+00 4.705370148631443428e+00 6.165703423885294576e+00 4.684282515941603720e+00 4.865729761159280464e+00 2.909862711794895862e+00 5.264475386128529166e+00 3.053495617355319158e+00 6.072385509857181063e+00 5.885392145297228872e+00 1.665475662389270584e+00 5.784727054121916012e+00 2.243152453005429425e+00 8.495911696027088622e-01
