5.878841233670141442e+00 5.113315341185421303e+00 1.848513263316636512e-01 2.472351290868084916e+00 4.803550886362272010e+00 3.819895783281505253e+00 4.192496531567787343e+00 4.954821118741758568e+00 4.190675135398503670e+00 1.682480063780329216e+00 5.572935328934621069e+00 2.283782730233193448e+00 2.513514799816305434e-01 7.477220819335640423e-01 2.012893768477654888e+00 5.436724754074781174e+00
2.200273302245235207e+00 4.557688425813050337e+00 7.136472217247998850e-01 2.403114103645692889e+00 5.496539582923153588e+00 4.280571536601256888e+00 3.206119984862547678e-01 9.526958488615618892e-01 2.791980251105156352e+00 5.620063135862950254e+00 1.382718731940073775e+00 5.261125987543870508e+00 1.444250049738241337e+00 4.912588643981060876e+00 8.133924315203349131e-01 1.900479857085366930e+00
1.476701439652642334e+00 5.421013638545452373e+00 4.715779026960674969e+00 1.377340328453545260e+00 1.106771020821600837e+00 3.142030792238603709e+00 1.851463069660565175e+00 4.323569419279720272e+00 4.826700637010986839e+00 2.016467931631133137e+00 1.572057623492371770e+00 4.474209092657223330e+00 9.606370062669955523e-02 2.926698036081617271e+00 1.744523721501773095e-01 2.835913635827201684e+00
1.041302408106166144e+00 2.287759703345591866e+00 1.041643805575149351e+00 7.648894388910639774e-01 5.445258554898273928e+00 5.977411392250990829e-01 1.430001031949344581e+00 3.015566142143432771e+00 6.157448645544689292e+00 2.739026313274942392e+00 3.654276448864113291e+00 5.015491838897597532e+00 5.740559989758396320e+00 1.243340729895243912e+00 2.121117186121839637e+00 6.884649090127766824e-01
4.384811629707055403e+00 4.008669825181423008e+00 2.809433482706392038e+00 2.032135638131456812e+00 1.285908454862771055e+00 2.348202661417337023e+00 4.156972464659950184e+00 1.570216808135753705e+00 4.075821077764282485e+00 6.083775347068638872e+00 6.200112266217378654e+00 1.144060680141194108e+00 3.852071010957458519e-01 2.582550204808726324e+00 8.392965018013190948e-01 4.449748429547128459e-01
4.268163716483069692e+00 3.049144346925050986e+00 2.462088714150027169e+00 1.679764021640388405e+00 6.002233196647581703e-01 5.449181500197065375e+00 5.990088695483498427e+00 4.678773481940064372e+00 3.697921813619340914e-01 5.654048044774993897e+00 5.862898819235987879e+00 5.851327398723318751e+00 2.194958214942280161e+00 3.688932407684798687e+00 5.855456531415414112e+00 6.450304421702862667e-01
3.475018618970187045e-01 1.166001324683640261e+00 1.881802432923021406e+00 2.645127904619772430e+00 4.559189521238169007e+00 4.058164119589327434e+00 2.618961730313795755e+00 6.204682893586168646e+00 1.708230352634433569e+00 8.965293545769864592e-01 3.511025796123794507e+00 2.230045765360973764e+00 4.740121171602103001e-01 5.738627267984699465e-01 2.717921357508518154e-01 5.555947045217358493e+00
3.936426815142907376e+00 2.005647695018250687e+00 1.548183967313708775e+00 1.287861080241581746e+00 3.352067245807480056e+00 5.479105754246960558e+00 6.008559680512429502e+00 2.492800433270792926e+00 3.753866096534972385e+00 2.312033016853040746e+00 2.719204666208383081e+00 4.866668952607287935e+00 3.919848060626917707e+00 5.056239954853662510e+00 6.934056732358045982e-01 3.768317012545780442e-01
3.693058616756730750e+00 2.340271491957909844e-01 2.882464836399829089e+00 2.915119853094965130e+00 3.802773099047651040e-01 6.080439196573496297e+00 1.306427016661320328e+00 1.172233043336976151e-02 4.463292115387168302e+00 4.143744949730921334e+00 3.188278605228005880e+00 3.668907759104903299e+00 2.734628629360387198e+00 1.184400450264397664e+00 3.575931248399909279e+00 4.490604285735034784e-01
4.294018575765260692e+00 2.636498284164951578e+00 5.394167297232482561e+00 1.546440191448945400e+00 5.115786284583374588e+00 5.026941776785862181e+00 4.316756365623391822e+00 6.231782288120682800e+00 2.407640395308018599e-01 1.726448806101956723e+00 6.094334581236021009e+00 6.166975316852780775e-01 3.554706916703799457e+00 4.998906701022180599e+00 5.987201480070726056e+00 1.148450498465048319e+00
4.273033591635976292e-01 3.007360544597587282e+00 5.933418026005663037e+00 5.202040281524682896e+00 3.072731372899831559e+00 2.835425963181120501e+00 3.358961216325477395e+00 4.166470666820138113e+00 1.049887767527380111e+00 3.981312618921968749e+00 3.922046070125632333e+00 2.157151752245527909e+00 5.035194355203212346e+00 2.227658473373444470e-01 3.094433495058880990e+00 2.865101625736717672e+00
5.373938861745159556e+00 8.785611800270177740e-01 4.129781235239370574e+00 9.760030392101480823e-01 1.704432180629468219e+00 1.644931649724010514e+00 3.130525407930173198e+00 3.247339433523662500e+00 7.787754858845941097e-01 5.543620436535076301e+00 4.376791517419500899e+00 4.494149272080290025e+00 4.409129776028297698e+00 2.841167012498352573e+00 4.820060231026253916e+00 4.063152935346284522e+00
4.564388596498904604e+00 1.969254024994634422e-01 2.300118039216475729e+00 5.564339491317480402e+00 4.032619297399444136e+00 4.947276974599349231e+00 1.983854437033727214e+00 1.088278005377186108e+00 6.099651670309309992e+00 8.565892177527927309e-01 9.114438714988045698e-01 2.922477460369454771e+00 4.965117363683523521e+00 2.684338806544641631e+00 3.888562644102131927e+00 2.191417348243716035e+00
2.545109723247783950e+00 5.821622724561394513e+00 1.161036562031169117e+00 4.788812472408561227e+00 1.279015851642856250e-01 1.822890151295737615e+00 2.068682038063692108e+00 6.088702115859081943e+00 1.584531238864094638e+00 5.851513131333224038e+00 2.746810975526385867e+00 4.493324453832698850e+00 1.603456946979803455e+00 5.355889653948794127e+00 2.911771904139380529e-02 2.898388979901806106e+00
3.613024813002514435e+00 1.053378474593222647e+00 5.556560587417266994e+00 3.683229336051232483e+00 1.857281411943010996e+00 2.482674147384135832e+00 3.374373573733374432e+00 2.653195396322361788e+00 4.303389685886876315e+00 5.218513048693399270e+00 5.021531890732733316e+00 3.912334593694511309e+00 8.247367376435378317e-01 4.836797385983465425e+00 5.081323027639794709e+00 2.483285077623236248e+00
2.406053521623576774e+00 2.777229489773467286e+00 3.187203291473792000e+00 8.416153015148712946e-01 4.259640174052867323e+00 1.608449687497918834e+00 2.953268315469659289e+00 2.854017554902429143e+00 1.284425151492334383e+00 4.921703413306300234e+00 1.804456857038314599e-01 5.419782274347478612e+00 3.643711278091080974e+00 6.098670664826057880e-02 3.829514713442094820e+00 5.194320693159782287e+00
3.402387398230691251e-01 3.766087651874998166e+00 1.800145997227861505e+00 2.749233306372241170e+00 3.605358418597984560e+00 8.650212932900201990e-01 2.697119484397962008e+00 3.228926710073330431e-01 5.743550101137815389e+00 4.997953679640594338e+00 1.955153436117397447e+00 7.966581794735930755e-01 8.244030844326182272e-01 6.059850387841110297e+00 1.742078661382654658e+00 3.809831982477673851e+00
4.475137642202198229e+00 2.076081565851863042e-01 5.373917835878327942e+00 1.836795349060612592e+00 1.710813755147043924e+00 4.663563463530289610e+00 1.814978957374996593e+00 2.377246069068648104e+00 2.083631973277656702e+00 4.516221415538812067e+00 5.388781305417783329e+00 3.026156090212266836e+00 1.836651641106523458e+00 1.599479655811543832e+00 4.878548906039624988e+00 2.613377727895864311e+00
5.321417625236396276e+00 4.080986470730011639e+00 3.537313530318431098e+00 4.770708942164882060e+00 4.364440128145461451e+00 1.808418367523302317e+00 6.280587769847125301e+00 7.965114967636353072e-01 1.715473399550144551e+00 1.386895829912682787e+00 3.083941493531281441e+00 4.106647743823866215e+00 5.615840275864648845e+00 6.363912567056762004e-01 1.579663052105162446e-01 2.669320472609015837e-01
2.070569364995034967e+00 1.150973055095713349e+00 1.207772314221224441e+00 4.216852954028968981e+00 4.296720048717885376e+00 2.206685213454278038e+00 1.315029125923169673e+00 1.553464044597295590e+00 3.742055992859519620e+00 5.383050433805029122e+00 4.725409017271235079e+00 6.044700732236882423e+00 1.349750136811265211e+00 1.720037604662458364e+00 1.453993320570708736e+00 4.594136936167916296e+00
5.749671077186278012e-01 2.532534189161019356e+00 3.861774765840581214e+00 2.918495630529669427e-01 5.980365731717271593e+00 1.910438904725397125e+00 3.954900902792449102e+00 5.509434600101011270e+00 9.428878261151526496e-01 5.791232843078461201e+00 5.583923966728498556e+00 1.136514201023744342e+00 8.053429775175237060e-01 1.142345120205404685e+00 2.426875693291103087e+00 3.554414426873988009e-01
3.688718200198103148e+00 3.530610495629859624e+00 9.320195826999604360e-01 5.828478856007385467e+00 3.743288922954110642e+00 6.139877501287283046e+00 4.496588262866728414e+00 1.095015807875041380e+00 5.753392142161032119e+00 2.640171870988751723e-01 1.813777471906432570e+00 5.449845678817027306e+00 4.030189735828752617e+00 1.944439282275550518e+00 4.310932407279191914e+00 2.218492029301054047e-01
2.296412099511625504e-01 9.080908107929795969e-01 2.231815954571767513e+00 5.792940933524295843e+00 4.654060409286141287e+00 3.160141050975852295e+00 2.500520747210004391e+00 5.209822737020468608e+00 2.715438548020359555e+00 1.253413578569378961e+00 5.578539120317015154e+00 6.116072006030585761e+00 3.822964296790889893e+00 5.507982342396899433e+00 1.500078738813126034e+00 4.642479282739542690e+00
5.532824099208175639e+00 4.429472366324913146e+00 1.847785523530004470e+00 2.584411762014098723e+00 7.361669532073716882e-01 3.101035384963355845e+00 5.798579909728181825e+00 1.246977516557797871e+00 5.781937965289832171e+00 2.164772629489935429e+00 4.706007195822844658e+00 2.027453893213274405e+00 1.229029789065660516e+00 6.000359425261255097e+00 4.050654935937895829e+00 1.455588279791323769e+00
1.433020025541309750e-01 3.689808864113905074e+00 4.360239812095922929e+00 2.857504047204711739e+00 2.211196670351646798e+00 5.553467816208233820e+00 4.350743694380821758e+00 4.139234790295420297e+00 4.015647701725377217e-01 5.548459660867138821e-01 7.675844345538184177e-01 2.592439786862472229e+00 5.214219473561001017e+00 6.280748694323302850e+00 5.965939440771483859e+00 1.233362892733594895e+00
4.601258239954736595e+00 5.441236711926158875e+00 1.798085175344183329e+00 9.088805395371212237e-01 1.257907771975763422e+00 5.418475678571225806e+00 2.127526236025362394e+00 4.574036974123012023e+00 5.794509315126757265e+00 4.990034292274187600e+00 1.894743625344663007e+00 4.712372395968568384e+00 1.777091746480813805e+00 6.263623016923577147e+00 5.470350571481471746e+00 2.602813994684585186e+00
9.840210036845459252e-03 4.626338651038441441e+00 4.303044530416644697e+00 5.324860301585484734e+00 4.894077429507079913e+00 3.681910278352411137e+00 4.621063770152784578e+00 1.689765979778550253e+00 3.741383761169076561e+00 2.011867291141857667e-02 3.217887427224570107e+00 1.233775026123279162e+00 1.093194970837206181e+00 2.820254251398808698e+00 5.522207001318172992e+00 2.869806017350187588e+00
1.282471985145199778e+00 6.062471579209200101e+00 4.776291957099895846e+00 3.779181134551705679e+00 2.384757770834958990e+00 7.054972962738071951e-01 5.710224074926146365e+00 3.133906280058523564e+00 1.632981722597201424e+00 1.658855055676937029e+00 2.181760437202056924e+00 9.446107047584555438e-01 6.013653654072571797e+00 6.968908494108942975e-01 5.648339566915109300e-01 1.393403491817104101e+00
2.253573435823311932e+00 1.243872952456656300e+00 1.075794593384475251e+00 1.594094844678448641e+00 5.101473460190580234e+00 1.237999569557768575e+00 3.106629637182795278e+00 4.093278111102767625e+00 2.100919894897526063e+00 9.267506147805468775e-01 1.425093603459826719e+00 2.564490688701783316e+00 3.572903886707850862e+00 5.210996797139675785e+00 3.779389390490675016e+00 2.443429768213370767e+00
6.089882544047902968e+00 5.115817430691543599e+00 2.954539633732123693e+00 3.479711557058621452e+00 2.207365918331610111e+00 5.489310058311193785e+00 3.732925962584854318e+00 9.772025637572480106e-01 1.004933331678701913e+00 1.699804274966862927e+00 6.235542460382617058e+00 2.029653836521810195e+00 3.420350477409578094e+00 4.295477381979405429e+00 4.307278209257753510e+00 1.128268494812300515e+00
2.120794487019229679e-01 5.902296737928386605e+00 2.146185680622752501e-01 4.214657599050076087e+00 6.245056517082748115e+00 9.801490392539429219e-01 3.581274079909830377e+00 2.075044099845055445e+00 2.420683766113226554e+00 2.607405969182051919e+00 1.952322702984980340e+00 2.376363175413668927e+00 5.195610719831424973e+00 3.908915177164880461e+00 6.211757209865586660e+00 1.557609255221947542e-01
2.295214928035562707e+00 1.270089713060162273e+00 5.246092457416816401e+00 4.985709133488001044e+00 5.116050834514678236e+00 2.347518282508627596e+00 5.042577536380846936e+00 3.015668839640352900e-02 4.515198488393951770e+00 4.293782418382592780e+00 5.263139606938640469e+00 4.887341511050022014e+00 1.625556199219759579e+00 5.388153840293233188e+00 5.840309433976037523e-01 8.337617364435979672e-01
