1.683721965746271643e+00 5.223870208452034980e+00 2.054944567094045826e+00 3.351880440268129480e+00 3.413028526420936348e+00 4.096566328725615769e+00 8.543960691070061619e-01 1.937656617364732770e-01 3.126624217537301575e+00 2.934498858772122798e+00 4.645467583016105184e-01 1.908283704136446157e-01 2.273445415026494221e+00 2.069846982241696498e+00 3.269783502260222185e+00 4.490719500001024933e+00
4.530977002330026870e+00 2.149599032274117638e-01 2.609078623545074471e+00 5.273833369951508310e+00 5.191867080156042924e+00 5.489887324697072524e-01 5.148527788563867169e+00 2.871069441477820838e+00 5.677382744821263039e+00 2.622814979542662961e+00 6.273224013466683679e+00 3.214765511263707687e+00 2.983786343438100896e+00 2.461657923767532452e+00 1.940487759769276455e+00 2.256583727935844996e-01
5.644445372243791503e+00 4.514509277969540157e+00 3.293471681375643278e+00 1.982468009560874211e+00 2.235445703750903679e+00 1.491027461949499644e+00 2.891035815040657209e+00 8.999985003663566463e-01 5.654844871893520697e-01 2.177614836770719098e+00 5.541294580349047649e-01 3.780559847701066900e+00 3.826714609118063937e+00 7.631825843691371070e-01 4.259956633667790982e+00 1.892969899181207172e+00
1.410114699276162398e+00 2.631369239027859575e+00 5.130311178659281879e+00 5.147497078167194928e+00 2.835576817645017123e+00 5.202839222806772135e+00 3.954754373656020672e+00 1.378104015981243435e+00 7.842641890699710849e-01 1.051352016642642662e+00 2.437955565046657114e+00 5.730542738045310003e+00 5.589259543614057968e+00 1.994049424123260694e+00 3.177316462212245174e+00 4.213840887305696725e+00
3.288402650911664171e+00 3.872830304805224610e+00 3.475003282593337683e+00 5.145618837169796400e+00 3.202298578190789641e-02 4.672698735658368463e+00 4.781036068949037876e+00 1.368955064359385077e+00 4.473445374840383515e+00 1.510765014114888949e+00 3.905355509528795732e+00 3.440456299366471793e+00 1.807404560802270410e+00 1.156494735310035438e+00 3.727858159279691663e-01 6.301557416769445474e-01
5.763007063748768033e+00 7.281083410234321374e-01 3.667026465734489538e+00 4.236629186672787734e-02 4.829122532233043330e-01 2.416588469234540959e+00 4.605892983968934651e+00 5.989450730305880377e+00 2.824992196040684522e+00 2.406668446170184605e+00 2.596233244306601406e+00 5.079878119404331871e-01 4.346493204297059876e+00 4.858295235122319866e+00 5.108813868323691665e+00 2.188553055159602856e+00
2.209465431991920692e+00 3.644853916749877687e+00 4.086386096632268483e+00 2.681258786366953917e+00 9.361712285433019254e-01 3.771858809434660564e+00 4.890851343147619268e+00 4.654371689338809848e-01 1.427240647357030712e+00 2.139726554906958622e+00 3.110310649112218773e+00 2.730799805578999706e+00 1.361583488214675342e+00 1.467165876913808509e+00 3.414273228576165220e+00 4.775742777242955484e+00
1.517562092762238524e-01 6.004893717861452984e+00 5.238817425669472172e+00 5.920953577270021029e+00 7.783873110002752227e-02 5.769873231651674317e+00 5.712601779615940956e+00 6.256126272437289693e+00 1.130919214439150222e+00 2.203882077279738283e+00 1.317297368553234982e+00 1.799747817035153963e+00 1.789007130952755320e+00 5.660573218758452541e+00 2.412415797600103495e+00 1.574834425508339963e+00
2.895257698162283955e+00 3.975751143806390275e-01 1.207858793987941270e+00 6.251018668775640830e-01 5.306595347562536702e+00 1.075455069304657840e+00 1.391707559896902202e+00 6.280449878154516163e+00 1.452930350127427772e+00 7.764354841311047473e-01 1.266382006784317671e+00 9.166199104471686177e-01 1.298550829684844254e+00 2.907084462756918786e+00 1.120029102114859176e+00 5.132057137162253646e+00
5.996582318867967887e-01 1.780282154844337494e+00 5.633683180432312199e+00 2.378310991750729020e+00 2.070429820920758779e+00 4.165022169177974298e+00 3.601850689969148256e+00 2.257450468957439504e+00 3.627104116531570277e+00 7.016524063010449730e-01 3.491238724408272237e-02 4.541256726640642505e+00 3.510286227583589103e+00 1.391641221467937228e+00 2.231180111447725878e+00 1.633182259296071193e+00
4.243120574871183770e+00 4.077933864143675757e-01 1.102741105154768225e-01 4.399962853783707217e+00 6.106406843560733932e+00 5.544516591139563744e+00 4.209266446648986637e+00 5.761882735334408201e-01 4.144234629686341265e+00 2.833192863829623320e+00 2.351994551784148402e-01 1.914797205667631230e+00 3.123613103308976235e+00 3.104801172286059785e+00 2.177987109040644409e+00 3.588043948101961256e+00
1.331934385618376071e+00 4.969579825978417631e+00 3.290833033604927405e+00 2.524927752270985426e+00 5.329681342200680128e+00 4.650349670669081448e+00 6.059754793452727384e+00 6.924980889467210465e-01 5.794093109085280524e+00 6.261467223926614700e+00 2.968051352434061041e+00 5.173008076197345595e+00 3.952176435276434141e+00 1.786386440906240658e+00 3.820976737518989808e+00 3.985969255294359304e+00
3.978098123054982782e+00 5.558100079440311703e+00 6.452731939968316954e-01 2.418700175271431441e+00 1.823504493684577010e+00 4.531661642761006803e+00 2.857188579613032964e+00 4.307093887334219495e+00 2.527214953511228490e+00 2.977196578320869591e+00 1.662878835794243448e+00 1.016035807799587243e+00 3.193449522119916395e+00 6.247274818219826997e+00 2.363650554799770376e+00 1.847238756886820044e+00
4.927367249476154676e+00 4.355039406562409177e+00 1.676220771558407874e+00 4.854240467674760806e-01 4.663867364924459302e+00 5.363298842542311817e+00 9.145775842156822488e-01 2.186249495167658541e+00 1.220577224307666464e+00 2.567409900484853402e+00 1.586312472192490608e+00 6.043395315637026144e+00 5.603499466434851861e+00 5.116119387938521612e+00 3.740909445889656126e+00 2.455117013018624839e+00
5.758989003158085040e+00 4.517664537666024493e+00 2.832888169771326847e+00 3.890664996535222020e+00 5.508193699050452530e+00 5.031271435707079576e+00 3.971430152564371596e+00 4.376301001897482834e+00 3.025635813148599418e+00 8.154890856492758022e-01 1.710876963764614844e+00 4.970279680774090103e+00 1.370916426957947909e+00 5.408593587562429583e+00 4.499984695323322015e+00 8.550170242395342957e-01
3.440093992340354401e+00 3.691078838994863442e+00 1.719364848966639547e+00 4.552105392144888185e+00 4.221656086993873735e+00 5.724923122620455551e+00 4.493083912095446664e+00 3.124468360828785762e+00 7.052698897371794118e-01 1.548753536395371944e+00 2.285794692758926772e+00 5.915938817182479603e+00 5.102582583996642107e+00 4.066004044142811580e+00 2.463806399112340006e+00 2.384481882813565878e+00
4.786867099058577324e+00 1.340708845946276373e+00 5.863178826172098290e+00 1.998719064402069145e+00 4.509762849676329566e+00 2.732703256145376347e+00 4.730148203472044344e+00 3.673838454810062215e-01 2.020983798312319113e+00 1.575152742635954339e-01 1.189523361000299539e+00 4.976215295517062209e+00 7.080516731350904314e-01 3.010473908474098792e+00 1.540200764663743227e+00 2.016690630857784328e+00
4.639438245000128802e+00 1.653856110994171846e+00 6.261893998982317022e+00 6.132200407906271966e-01 4.414730856334159625e+00 5.033004378401794376e+00 5.339955780901131099e+00 4.589002206606592082e+00 2.803489141328372902e+00 3.293854150194971186e+00 5.818595419260343071e+00 2.077145468013614771e+00 5.937143647824637327e+00 6.144771640503366328e+00 3.497052492359963516e+00 7.374884094930789225e-01
6.035827258505835680e+00 6.152983508143123004e+00 3.188278425692395501e+00 3.850165996655187772e+00 2.984578519094911897e+00 4.274720145011902339e+00 3.856217581950590390e+00 2.367819784076125256e+00 4.730944268837718347e+00 2.646778823085658594e+00 2.564044557179398165e+00 5.853367318334111502e+00 7.195787095886876927e-02 2.482613614522254153e+00 6.218546631096351085e-01 1.906395646642152109e+00
8.824676593882658793e-01 4.910217902019057057e+00 5.806103117744260800e+00 1.711409677582627076e-01 3.486774590165935273e-01 2.019069117419120651e+00 5.252435777986773857e+00 1.738576221881368067e+00 1.059247489177448598e+00 2.612864126406169163e+00 5.769734094905925481e+00 4.564548485154124258e+00 4.713484216391906401e+00 4.787913158412123060e+00 5.559444552879640788e+00 5.108479805030929910e+00
2.331358755148519091e+00 5.619540970764560495e-01 4.507705784595352760e+00 3.694188902832184596e+00 5.929246033557018514e+00 5.018293476740717907e+00 4.139882749960952957e+00 5.456346238696440309e+00 3.085686908044389387e+00 2.940220125144652474e+00 6.106045932581588787e+00 4.818398115865700326e+00 5.690922311645556952e+00 5.182478833617731873e+00 5.966416392389869428e-01 1.875610541700531542e+00
2.125110478073666265e+00 4.328911686587367136e+00 5.922855555792987836e+00 9.558803190068783373e-02 7.161657822477547342e-01 2.838868133754427703e+00 1.884175297615261480e+00 9.565673964770887716e-01 1.917546734049141222e+00 5.278968330832663369e+00 9.650401629128757541e-01 5.901591594652474626e+00 5.813762735948836635e+00 1.226532368222117003e-02 4.070602072857639087e+00 3.627936657483773475e-01
9.594815199312896059e-01 5.021190813936082797e+00 5.720735923699696635e+00 3.131903708182348200e+00 4.102260184688893752e+00 9.055637083875630600e-01 1.785574049428880983e+00 3.929521699516588473e+00 3.214803605243316209e+00 1.383067361521120864e+00 4.032791650485492707e-01 1.275107449424318418e+00 2.518163163470365173e+00 2.792417763489580262e-01 2.294477646685721128e-01 6.048759229340462618e+00
3.840451741783373230e+00 4.079801257602376774e-01 9.902791471636656073e-01 4.310828354445184196e+00 4.856144575917276107e+00 3.196268362143177555e+00 1.121409602373212300e+00 1.082325215395169016e+00 1.218435153516578051e+00 5.360817094811392430e-02 3.461140344021069293e+00 2.215198693915253703e+00 6.079882552337016577e+00 1.638515767271667256e+00 6.225323656162609076e+00 4.173998365314190551e+00
4.460459036981955450e+00 1.791466030550922461e+00 3.686903081980263397e-01 1.584801296394863890e+00 5.585096374240994255e-01 4.528426310775500063e+00 4.010510111778047004e-02 5.644618146024757976e+00 3.750917565295059486e+00 6.905957211633861892e-01 4.464337247598837877e+00 2.681231855514869533e+00 3.566271530048571670e+00 4.796993976916780866e+00 3.675504937650207804e+00 1.463632557183399685e+00
8.917240237359576049e-01 5.982944178268170710e+00 3.591894086782473350e-01 3.929749684908446117e+00 4.610170824661553368e+00 6.084345792634159977e+00 2.889840796978073278e+00 1.107343132835792554e+00 3.945627462782357320e+00 4.137192146576338381e+00 2.689393974661358211e+00 5.840960545036767648e+00 1.072358720487825767e+00 2.497950976577884674e+00 5.118004045148996539e+00 3.942954706207621562e+00
3.470240693596243098e+00 5.350998631581768139e-01 6.141950189027681084e+00 3.379830391461880357e+00 2.687386522402256173e+00 6.047887994606114148e+00 3.596017645282219011e+00 3.969206901346304939e+00 2.265968268276056019e+00 5.179154574483710860e+00 1.812813121473408451e+00 4.039255187386841861e+00 2.854422629555195101e+00 1.787607115746381758e+00 1.149446395282288869e+00 3.763670259949561725e+00
6.094728236735589277e+00 4.493185449301535961e+00 1.209833570038371997e+00 2.597879034904099882e+00 5.822509773029343805e+00 6.197342246801036403e+00 5.706956640986025064e+00 1.508686472139817880e+00 1.160196732765671257e+00 7.288754633764179536e-01 1.933931200491936009e+00 5.506420984511781747e+00 3.188648074668749111e+00 3.902241125083801276e-01 3.450328690738169168e+00 4.250573725038242046e+00
1.026189859837015189e-01 4.377404942654620434e+00 5.014928454990539741e+00 4.531297793635444826e+00 5.866130838218902355e+00 3.561956278406944509e+00 1.040350028090108792e+00 2.498985227432294121e+00 3.565985234923612079e+00 2.178567279174965510e+00 7.134329684469077337e-01 4.074241050164138400e+00 4.133899596691917644e+00 1.956197936432060858e-01 2.891647149840810282e+00 2.181058994005052210e+00
1.322748682964880018e+00 5.937009371300150384e+00 3.156539300386454805e+00 2.505271412122814123e+00 5.783697093374652987e+00 2.552355658529986471e+00 6.539200726675328257e-01 1.904967310676326298e+00 4.932198741742984005e+00 3.280977459951637698e+00 1.538569801553346883e+00 5.030386337613395042e+00 4.653390877471739628e+00 2.765050382504651294e-01 8.417298403306020527e-01 3.400439683670017477e+00
7.891800323320153909e-01 3.885233558797771547e+00 4.063299104177766630e+00 3.834142721064108361e+00 6.011286847075204776e+00 2.751421564503469863e+00 3.510458910603188265e+00 1.509550365700880192e+00 6.315737595827974893e-01 3.896791633844617131e+00 1.352823217531347710e+00 3.836626303151664086e+00 3.022840808469892782e+00 2.684416895975488160e+00 3.811733992004010307e+00 5.447497119320326986e-02
6.662642535288121337e-01 3.785897260558283239e+00 2.848667123363226139e+00 3.175741003409870977e+00 5.830716891408147973e+00 4.658309429705703941e+00 3.528895336364919810e+00 5.638699368721683314e+00 3.859490905528425664e+00 1.338770590585400599e+00 6.020079384275572210e+00 5.701222490282880528e+00 1.143145084339116657e+00 5.332864197123150518e+00 3.894872533454312613e+00 5.649767512834941385e+00
