9.486085101173435952e-01 2.154101263685683332e+00 6.046867513893549706e+00 2.104010632916036627e+00 3.743843081939846495e+00 4.923803521116695947e+00 5.322053965724403035e+00 3.499408680451563836e+00 3.354281412183814037e+00 3.747230108781286262e+00 6.113233984667504117e+00 2.124832334338355277e+00 2.193157939551470648e+00 3.873775453121806933e+00 4.983865857836017987e+00 1.968188533752066371e+00 4.996110763846272285e+00 5.552595825661097884e+00 5.789324116507296836e+00 5.934397742977150614e+00
5.164053885005158051e+00 8.670730505793235177e-03 5.604360972878193792e+00 3.844401811857013573e+00 3.950405574496830496e+00 5.148664749391764772e+00 6.029672026708965404e+00 3.182789599183875051e+00 4.437615000369271812e+00 8.548218277948665955e-01 2.882792959001000188e+00 4.160455054426234867e+00 5.027924750201743898e+00 5.172145283723261322e+00 5.602663826608097253e+00 5.134947566856665757e-01 4.583196071868664845e+00 6.179321677869692664e+00 5.388255667014619554e+00 4.286082992363761335e+00
4.173807126679436763e+00 2.604781988125652870e+00 2.716386103572738353e+00 3.263064076919713230e+00 3.096842847744804672e+00 1.411186371153160479e+00 2.323734444827043610e+00 4.169926243917743136e+00 2.531084467647986003e+00 3.829463951290859480e+00 2.660203267345523148e+00 9.139783595673965921e-01 4.329988139855379892e+00 1.526620636552010968e+00 3.105133339373153945e+00 1.265476183751583772e+00 1.211795067635660805e+00 1.249952386084796974e+00 3.479124244996608883e+00 5.979930867040178732e+00
2.274041575886251790e-02 6.158458194544812692e+00 1.343113866655541777e+00 1.519940885349461368e+00 1.782385357574789164e-01 2.626636102183037558e+00 2.028223449778319587e+00 6.027449192378517395e+00 6.072489221277596272e+00 2.184266740932313544e-01 4.595598318476945110e+00 3.748660248508255854e+00 2.970471978223885312e+00 4.450332692167638271e+00 3.262554058401133439e+00 2.212086136669442205e+00 5.220306634193625506e+00 5.306821077517286156e+00 5.111180111053861275e+00 1.943202003897578356e+00
3.541903031622025910e+00 5.280217682606828111e-01 4.133481909626246065e+00 2.652724467907980888e+00 4.061823668735701887e+00 4.792622348521311082e+00 5.665186572331651682e+00 4.804930088008875444e+00 4.554396116989541277e+00 5.213140854265622792e+00 7.513421879917984159e-01 1.649494092198887207e+00 2.899165702385821053e+00 3.046899076978638821e+00 1.457237222532070442e+00 2.741616059687015383e+00 4.439473946878027100e+00 1.870397340302978773e+00 4.267112098745322157e+00 5.669146069846711100e+00
9.737649455126758946e-01 2.253472580705379702e+00 6.151356911919421577e+00 9.373952243498465675e-01 5.263161931890279810e+00 1.947073406304808518e+00 2.680663308389569011e+00 4.942282661512360953e+00 6.237061748406907746e+00 4.827240099713367982e+00 5.835082341290747543e+00 3.831094828975378341e+00 5.017320082331754527e+00 2.773197217064555728e-02 1.820257892895727203e-01 8.974858740073992092e-01 5.908095938685356430e+00 7.964031116660876819e-01 4.052326919789103421e+00 1.331589451130244184e+00
4.323263167758907954e+00 5.655016328708370565e+00 2.841123325441906378e+00 6.066098393967401137e+00 3.598826286049343182e+00 2.855441693518474100e+00 6.914076064744270056e-01 5.731024082413354925e+00 3.429623051671919054e+00 1.288322345417855841e+00 4.780011390329916843e+00 1.552069519766854588e+00 1.623897982291084174e+00 4.498043785372527026e+00 4.875435885424471039e+00 5.700962045509790910e-01 1.223502676878216677e+00 3.137797866376947908e+00 5.371663402795529230e+00 4.697417316737473869e-01
2.215045305388325114e-01 1.073751607815518039e+00 1.121023001540003783e+00 5.083560471126724600e+00 1.418340332222982170e+00 3.222816833786758206e+00 5.733305371902607028e+00 4.267901175372223577e+00 3.394564734719109467e+00 3.935960562817126362e+00 1.575848391408671167e+00 3.253136150559093220e+00 2.662246027369964185e+00 2.131187982931128655e+00 8.773456155355928709e-01 7.590108747149645341e-01 5.437238522232631155e+00 3.031765753189419321e+00 1.562411578628155384e+00 2.535667774066997726e+00
1.871534132017333762e+00 1.738687054831372425e+00 3.814666753549531553e+00 5.667137353311628267e+00 2.309180058179630457e+00 1.284435380435835494e-01 4.354968160292762569e+00 4.952639556354845318e+00 1.001957765884417206e+00 1.348009271512890628e+00 1.212996030442781592e+00 5.901044962417533846e+00 4.898147931310661285e+00 2.029413789429936887e+00 3.287832339205215337e+00 6.039371432402487194e+00 3.030106571317273123e-01 1.689294717445202210e-01 5.719692972359404770e+00 6.212602918839039923e+00
1.969909870206164371e+00 6.029113173683936289e+00 1.180131260110165003e+00 1.417551996892075783e+00 4.159852260151666314e+00 1.907185711367711312e+00 2.660735421392719791e-01 3.203006817716048449e+00 4.373407438628979654e-02 1.961772034807946374e+00 2.352428789872397008e+00 3.976665117432527818e+00 2.934657635635337769e+00 2.495975377626139746e+00 5.966516100131212141e+00 3.051829472936907539e+00 2.948798281332044802e+00 2.884499983616582774e+00 3.514659742463234759e-01 5.863576886273053290e+00
1.904227605815541180e+00 4.041503250425988014e+00 5.522307470523424300e+00 3.242421750857014118e+00 3.021901686389565356e+00 2.962540950305673770e-01 3.957465837229831029e-01 7.691161408895155760e-02 3.404841568977386324e+00 5.990014289971675510e+00 3.872450214391248036e+00 6.371511718786186940e-01 3.007170548408907518e+00 2.733526885537941098e+00 5.111067044387625380e+00 5.197974013795870540e+00 1.876840182250724354e+00 2.672682432904722738e+00 5.570887231752424285e+00 2.770344558890192932e+00
2.156198489544655761e+00 4.405685437004226657e+00 9.373118649658225277e-01 5.021315587871183261e+00 1.342519014660493948e+00 4.346946414995043639e+00 4.351511011346395286e+00 6.019686887294946942e+00 5.096058402673030230e+00 2.025328728262924649e+00 3.355602819189053232e+00 2.770435932867702178e+00 2.373521815140486435e+00 1.243937734766427550e+00 3.130492199791190533e+00 2.919853688526908631e+00 5.284680140798896808e+00 6.025752124598232617e-01 6.246343083265815110e+00 1.053209986760633488e+00
1.982785677730565022e+00 4.626429273720635393e+00 1.443454762788316970e+00 5.548210121803843542e+00 1.593751681811026444e+00 4.421747735361440945e+00 5.333197426324551849e+00 3.043749818125288886e+00 4.376189292817893595e+00 2.346560748076643943e+00 2.725358764577054949e+00 1.714444179166302984e+00 1.208927372885546969e+00 3.961833465646903640e+00 4.026438729363619018e+00 5.454642781896224868e+00 2.941430499650202757e-01 4.704991026139279775e+00 4.759610768796886049e+00 1.849820191749058651e+00
5.136454121002348217e+00 4.420238525605457269e+00 5.845989268157185670e+00 3.354843622893763033e+00 9.673809694544664994e-01 4.140656908031465355e-01 5.076380088605524143e+00 6.070775601701817514e+00 2.538357123380989844e+00 1.219990975455060411e+00 5.383594992488782704e-01 3.334194820902707801e-01 3.664332829261113034e+00 5.310278476260267055e+00 2.897836703782471712e+00 3.987727559024611512e+00 1.597448204170923924e+00 1.047728462131669813e+00 5.135840341889355010e+00 3.997689026464477102e+00
4.086752823788016187e+00 5.039059822410158596e+00 3.933305372494076302e+00 4.149674846393643257e+00 6.233501888473255370e+00 2.187542515178592772e+00 2.829329237090443261e+00 2.601511144228824679e-01 5.725472641369134585e+00 3.830509158479330267e+00 1.719464131001313012e+00 4.302054994919721209e-01 3.201166384840260282e+00 1.196812738266216924e-01 5.607948959163413960e+00 6.054525499107640485e+00 5.535220398124984342e+00 1.814792157033336739e+00 8.449512530180439129e-02 5.450171820614215790e+00
2.236697476158674203e+00 5.730343694508790442e+00 5.536244933406992530e+00 4.902752726155972240e+00 3.576452193257867229e+00 2.783893839001180037e+00 1.293420153106406900e+00 5.162092547527596054e+00 3.970175109019641546e+00 4.912499955536984153e+00 3.084893104635202943e-01 2.343040448008243182e+00 6.233294567998421520e+00 5.787835881455133169e+00 2.799598898960818261e+00 4.066545942813210246e+00 6.625372693286357695e-02 5.505857120566735041e+00 1.829129110821308579e+00 6.632878846335533707e-01
2.398426179044384376e+00 5.295393435870964227e-01 3.645711637817479644e+00 5.124999605131354663e+00 1.977971492831594735e-01 2.899051128247093434e+00 5.386723231852711180e+00 4.045720471081382108e+00 3.909356601272642728e-01 5.679003219127084279e+00 1.643142613111494565e+00 4.846660242472824009e+00 6.227358442972079189e+00 6.268906441440149635e+00 2.935056719177846496e+00 5.081974288004036389e+00 4.542358700137414829e+00 2.295047920097514904e-01 1.130880271074073073e+00 3.879115217349716205e-01
1.760283937170312063e+00 3.783452704138209999e+00 1.110643256510645660e+00 1.534997441454218459e+00 1.426960686453026206e+00 3.259054554152069905e+00 3.499419720414425949e+00 3.325805049179828554e+00 1.221691136000301992e+00 1.426436138739575643e+00 5.004665821918769630e+00 3.181093199348155487e+00 4.574498304513700125e-02 5.195696624600667946e+00 5.965893622847043831e-01 1.055381333154462364e+00 1.321490066935060215e+00 2.292484535796293521e+00 1.732957811912154922e+00 4.849882225919946777e+00
2.970118456507979232e+00 3.458808733850778694e+00 4.458198030572037673e+00 2.576972115943100494e+00 3.950511789629335802e+00 5.898314245377374476e+00 1.694587537370995545e+00 2.460807627569739697e+00 1.741746431370758907e+00 1.907343175333676255e+00 4.574560379508151087e+00 5.773063279244385448e+00 5.961966436061357122e+00 4.928542931599734445e+00 5.903882684013811222e+00 5.720340006991554205e+00 4.830586964244456993e+00 4.447271640741355725e+00 3.597355446791896671e+00 5.073581711227332924e+00
4.057743273183973542e+00 4.044011773795367581e+00 1.650387762916662338e+00 2.265202619573141618e+00 2.310046703780550104e+00 2.177419198151775426e+00 4.085129341531474445e+00 5.847198778286855081e+00 4.005971466855738683e+00 4.501119852014497269e+00 2.238842374270836100e+00 6.014814101565097992e+00 5.550953398525035887e+00 3.088737724193890144e-01 2.227507236226024201e+00 1.421638540631420478e+00 1.878934083191898807e+00 3.639971617468409359e-01 4.855465216044982490e+00 5.139111543042502284e+00
5.422540084992041542e+00 4.342888007958210395e+00 2.473739194150922582e+00 5.874290085727342792e+00 5.194305251436206472e-01 2.837364036392515221e+00 2.201064178819727157e+00 3.658779846561023508e+00 5.366143108039109322e+00 7.813906584419256784e-01 8.885704642879398429e-01 2.340906273403628557e+00 1.227990547756661055e+00 1.989737354705477523e-01 2.260938162071057356e+00 6.512421547586911830e-01 4.105267921521683405e+00 1.160471692434996038e+00 4.307846780142002174e+00 4.614708918480515010e+00
5.732741376806299805e+00 2.694225701563115027e+00 1.284060198669570108e+00 3.449418596630737799e+00 1.220064604715299428e+00 5.233607185348705393e+00 3.168705271050997307e+00 4.321509247823902000e-01 5.636218911929734787e+00 6.235937048348698664e-01 5.261172237071957802e+00 5.067252512476866144e+00 3.451777412384597898e+00 4.331193935719807042e-01 4.797090736748091722e+00 4.320534173584433368e+00 6.312224568771059863e-01 2.288096015282895301e+00 4.263565934121866796e+00 1.041319490720338692e+00
3.506865014324231922e+00 3.072306171646520312e+00 1.507136710854385164e+00 5.726410588885391562e+00 1.379841178321603801e+00 3.918634098367538066e+00 8.428376136576364308e-01 1.986503592784564010e+00 4.183187546172218774e+00 3.608748195099789058e+00 6.142139157279440376e+00 7.909388679324399485e-01 5.104072743839816795e+00 3.769881187614897655e+00 5.833564429585640809e+00 2.747956693223534419e+00 2.126348108759240407e+00 5.422194627052265403e+00 1.627624003588160617e+00 5.723925933599774751e+00
5.600169141111630111e+00 3.711692689753688157e+00 4.777722699851898458e-01 4.259508458564128297e+00 5.004108671236416228e+00 2.536930339253767652e+00 4.104184417108691640e+00 2.869669875138257442e+00 4.445040586203165667e+00 5.291130668971255169e+00 4.345398450511964938e+00 2.923318727100972403e+00 3.531266534079633423e-01 7.302960407688837696e-01 3.531755811767374187e+00 6.598429634082482176e-01 5.042189575165624049e+00 4.067134779297828295e+00 5.742983019573701498e+00 5.345863118587574903e+00
1.163948004252098878e+00 5.679521663678886334e+00 4.942811584338312692e+00 4.710855644507626394e+00 2.985013142368480032e+00 2.505973816506678720e+00 1.365741724505526999e+00 4.203957279442490425e+00 4.351360347112939730e-01 1.368507972691432428e+00 1.651829983848348560e+00 1.836468231583082922e+00 7.565910006506467722e-01 3.907753639280007185e+00 6.154073761657889108e+00 1.406201859984670399e+00 1.874323657502694696e+00 9.529019783825576351e-01 2.196074849845041310e+00 1.147538935044213559e+00
5.346887802399561629e+00 3.000364675438469964e-01 4.786295420717363136e+00 1.333761512234520774e+00 5.617439658359797860e+00 3.327186103634423908e+00 4.949641325121589830e+00 5.186213786515438962e+00 6.027713801258007820e+00 4.706716651307796262e+00 5.720984013187778494e+00 4.719328753014458977e-01 2.617740963697464007e+00 5.790108924731645068e+00 5.118279117215888796e+00 4.045995153006584744e+00 2.615777311613306289e+00 5.151753573802630548e+00 1.466012158923261088e+00 1.100589256568236918e+00
1.510603086151446117e+00 3.709083679788194310e+00 5.065053334650388567e-02 2.148646477790506992e+00 3.819520304493319696e+00 1.958129263076568150e-01 1.335886639201774528e+00 4.627425689364313754e+00 2.634556858463317219e+00 4.515641046667285607e+00 8.594149463325243543e-01 3.380332356983675623e+00 4.811019759021647246e+00 3.335253915639669331e-01 7.321086224307756796e-01 3.117051051279533525e+00 3.747918289321203744e+00 3.413339746391217400e+00 5.948507641720178540e+00 2.947694464964034644e+00
2.516653036490456574e-01 4.214614589553951518e+00 7.990435841880888512e-01 4.718617456216551709e+00 2.404393546749085342e+00 4.995225454686019084e+00 3.961008773770996250e+00 5.543913239062284504e+00 5.392433422950632327e+00 3.541365408622962452e+00 4.383798010977512649e-01 1.515280079381780665e+00 3.676364633328239595e+00 3.097158129336565757e+00 5.199720803174994188e+00 2.232269550968628558e+00 5.827148224585632086e+00 4.944732685842962439e-01 5.898862781654623966e+00 8.192939769583975629e-01
2.904845216408234343e+00 1.987581566068489902e+00 1.461532157627428941e+00 8.180981163692364611e-01 3.762392601956884963e+00 2.724836719192955670e+00 5.533416468781361175e+00 8.932896662001121868e-01 1.126949330514385839e+00 7.252418346219493550e-01 1.293681371809715097e+00 4.955026785796715849e+00 2.120027636801851134e+00 2.630919674851048384e+00 2.225535984616267893e+00 7.032966458290395018e-01 4.482210210891300228e+00 3.009527119790694982e+00 5.300945791624274150e+00 2.212312776921222301e+00
2.427677510485107604e+00 5.352954927346744718e+00 3.922127566334141502e+00 1.420944117125553727e-02 5.766828539878096294e+00 4.672898529240101517e+00 2.334267554048870263e-01 2.223933010138666511e+00 5.847026785513240732e+00 1.525629580081150349e+00 1.235055763023307662e+00 8.277185801504001184e-01 3.280088418081050339e+00 2.369215604375254802e+00 3.513729732677546291e+00 3.446236150614108595e+00 3.189623640709522423e+00 4.069391740978745009e-01 3.338893828542465414e+00 2.063442911687949355e+00
2.376257386523576987e+00 4.461863504652923140e+00 3.240765492256958424e-01 3.045361979065510649e+00 3.594903840535773831e+00 6.070785347643696817e+00 2.431080962403045831e+00 2.425077779017799973e+00 2.186022246687720383e+00 8.303940616889813331e-01 3.958547366341421903e+00 1.505674145914192241e+00 3.992072185090404624e+00 6.066507630400169049e+00 2.361675205601812433e+00 9.731810429127455420e-01 4.474208363667507626e+00 9.812649468353331628e-01 2.614939236581288018e+00 6.577449434377974358e-01
5.352010446212625894e+00 4.563767285685801922e-02 4.760458157723122419e+00 3.176421746068496810e-01 1.929428241651889087e+00 2.028759326436041732e+00 3.175420540730332863e+00 3.551272941762195323e+00 3.485965416224594104e+00 2.947529518805508175e+00 6.128148181735587618e-01 3.527169577044219295e+00 5.227172979407229469e+00 2.956939612596088729e+00 1.606865895353335461e+00 6.142604255631264998e+00 7.986065363826210239e-01 3.810551772594898079e+00 5.014280157704429364e+00 4.928785423990910353e+00
