2.579329169639232422e+00 4.185533042113627755e-01 2.163018871732660831e+00 5.746989361774227589e+00 5.660227000322095137e+00 5.986895089451293117e+00 5.591263670804747399e+00 5.564815711419082156e+00 6.274964733552070406e+00 3.200845972547876173e+00 3.515022234048674199e-01 4.631705605705362494e+00 5.646537965484792032e+00 4.564285739950176279e-01 3.062356599513744171e-01 2.789690037211018048e+00
5.188556064269921109e+00 6.163382676095614521e+00 1.223282924011248163e+00 5.068748900094114163e+00 3.265569121985249623e+00 2.349368237479219523e+00 5.176260884128846662e+00 4.992391124329497165e-01 3.986285006914246587e+00 5.659811915266295124e-01 2.268242865630031968e+00 1.891850449040552995e+00 1.370673343288738577e+00 1.426425649753004121e+00 5.256705515110276394e+00 1.075500886081196317e+00
1.848910350093350585e+00 5.092741079921672132e+00 4.972847817764248113e+00 5.605160860316832583e+00 2.088387966956098740e+00 4.568205863930841382e+00 5.360071595679587020e+00 1.214632558498847548e+00 2.112504580222846207e-01 3.954343626023764102e+00 2.617140395538592568e+00 2.788500050779001871e+00 1.444475994304761146e+00 4.850339185252122931e+00 5.031188745403116336e+00 4.912425714583204872e+00
6.035125540760174268e+00 4.806297068720859933e+00 4.432185050939203563e+00 4.541895305236297808e+00 4.051424628111754522e+00 1.804581001266702289e+00 1.738032878093229261e+00 7.001856363488925261e-01 5.434373083230330082e+00 3.171222073400598696e+00 5.855283577486543933e+00 7.566618737843451292e-01 2.000317083753572422e+00 3.372013753403216185e+00 1.076884353409241379e+00 3.259749569097292632e+00
5.358386434135116616e+00 1.587800679302470819e+00 5.511055893505072412e+00 3.928153252568049592e+00 1.204296036735115649e+00 3.097543710465395783e+00 4.587260125396547039e+00 1.372957023110235708e+00 2.892269368084115388e+00 6.817635299973622276e-01 3.830480961941526097e+00 6.733960229806709163e-01 2.226915829141512759e+00 4.754388832748774329e-01 1.641979782556480805e+00 1.098455010003581034e+00
1.201426906545749240e+00 5.646741838629528054e+00 4.620187033683580857e+00 1.725949204227389178e+00 1.697092643232189335e+00 3.985003964479219452e+00 5.089587108595570619e+00 5.309455250994449038e+00 4.811990804383373121e-01 5.952402963458518492e+00 9.118086345682825389e-01 2.156207096016122371e+00 4.638385182365322379e+00 4.313492378444067299e+00 7.555035575383457491e-01 3.930271741788045059e-01
2.378430457960696298e+00 2.586614330484786173e+00 5.201727606984387187e+00 2.276473908741680319e+00 3.249088477415585707e+00 3.211824245177658632e+00 5.669468484827667965e+00 1.623180443049320631e+00 9.791317384991297113e-01 3.704661243323608133e+00 6.015081700433766443e+00 3.771921988414260962e+00 1.144810007269771335e+00 5.372506015328956330e+00 5.426086855425649169e+00 1.979524327975563880e+00
2.514541938623987782e+00 2.208086932914177680e+00 4.924398617971789127e-01 3.387060234682742199e-01 4.525431210007414329e+00 1.834073799384750014e+00 2.987633593142881683e+00 1.735676920585223215e-01 2.782396879713853188e-01 4.666575407208131132e+00 4.699360514021977409e+00 1.679132361811260576e+00 4.529347873118749312e+00 4.530822789435224429e+00 4.358252992300140072e+00 5.535774892347620657e+00
3.382313700986170790e+00 2.525321954058692420e+00 4.334329492409416673e+00 2.801913322222338909e+00 6.111998873774783902e+00 3.563230197836950275e+00 3.559734338286830724e+00 2.378993029288615002e+00 5.724189840220984316e+00 5.153079353139745855e+00 6.074011116337541871e+00 2.562075754984822762e+00 5.454798574884688334e-01 1.830173576543565606e+00 1.625683978825787745e+00 3.186135407582542989e+00
5.035962081261653012e+00 3.418324208934450104e-01 3.518658846065231938e+00 3.955500310718722545e+00 4.418946218720032348e-01 7.573026122067951782e-01 4.134864165385905288e+00 2.740391196259747808e+00 1.159812505689656659e+00 2.579525641512292022e+00 4.296087953182357033e+00 1.312306892705207506e+00 2.710912142059867413e+00 7.105439669340054554e-01 2.892260067286825720e+00 4.050159593914780309e+00
3.607519504714922221e-01 5.876146791360192800e+00 2.492788824469663878e-01 1.551780877154959493e+00 1.327500399266309472e+00 4.333743433998164640e+00 4.375245010764535536e+00 7.471276042668770767e-01 7.561368167414347363e-01 3.497864949668751944e+00 3.415964054352345958e+00 4.515066811334531138e+00 3.733027623344954637e+00 4.514879012330302310e-01 6.017298254841438876e+00 3.729763696028022490e+00
2.034741184694172783e-02 4.229156324337599027e-01 4.235662327694102558e+00 5.498689769747593381e-01 1.589074702597019995e+00 3.678765645757931413e+00 3.333718722918387556e+00 1.432134895458310186e+00 5.260179311333115226e-01 4.590394322326853072e+00 5.338464386652461258e+00 1.991888819641374875e+00 2.358246256414094244e+00 4.588424666496721649e+00 4.181210136469195149e+00 3.336339729942479959e+00
2.803099049510486385e+00 2.924077325500468394e+00 2.996574411220975787e+00 5.868636454945441727e+00 1.480821736989484716e+00 5.223350419983228576e+00 4.444482270724027906e+00 3.262417112592105539e+00 5.352981604707029994e-02 5.337269376120949538e+00 1.341532262007070875e+00 3.251732631199887535e+00 2.934444818317012871e+00 7.820349605891180333e-01 4.461347754011145028e+00 5.744102044237383575e-01
3.976483668703603147e+00 2.415606616677859808e+00 3.186042665851843481e+00 3.979428655991295916e+00 5.315733920125563117e+00 1.034148174169706280e+00 1.907845642845865219e+00 4.786017782979644863e+00 4.155938728082813505e+00 8.745970916883386570e-01 1.331572978295556986e+00 5.403837506761901999e+00 4.755931164926924026e+00 6.075026054962794575e+00 1.099178114240604714e-01 4.971461329040090527e-01
3.715326894993031370e+00 3.353969761349434808e+00 3.328801413479632210e+00 3.051885055516524448e-01 7.280550246941478454e-01 8.805491041534425634e-01 4.160060423444567945e+00 7.118737127759616756e-01 6.047636256067074889e+00 4.466457399102627956e-01 3.071813122496407811e+00 3.459835675506340635e+00 1.817827754009233132e+00 6.265206773458196210e+00 3.780743896520055713e+00 4.427821364819013894e+00
1.285022883471235833e+00 3.180546464745984014e+00 6.105642647719220939e+00 5.620760910285499179e+00 2.762833757711419924e+00 1.032448035593298341e+00 1.988240537020404153e+00 1.979978465303609880e+00 3.883483064206504576e+00 2.494616075020495760e+00 4.308763294886150064e+00 5.452195031015669713e+00 3.875879341201213801e+00 8.102841184482414416e-01 8.530090874469131723e-01 2.270159424140127946e+00
4.009090510815911834e+00 3.787650411422998076e+00 5.882005743190648950e+00 4.669631768670539529e+00 2.034054826290385254e+00 2.038580991367795026e+00 7.396033932858747661e-01 4.660198561993234456e+00 3.528272238189470222e+00 1.579108055865369398e+00 3.633634976642860615e+00 3.673106995200130065e+00 3.394934452805653535e+00 1.329710104047801211e+00 2.861945928834252584e+00 2.779088151096131831e+00
1.176679517519622742e+00 5.139746516424797740e+00 1.310446374789436152e+00 5.822709201254538058e+00 1.988172049319797186e+00 5.835342739421734315e+00 3.746453127338793099e+00 4.284285176376347870e+00 5.161682758718728614e+00 5.037286788869716148e+00 2.404243548245912798e+00 6.024348093273315996e+00 5.892749790488722716e+00 4.877147331897456084e+00 8.225349756820189429e-01 2.924756168957278746e+00
4.543568331512369163e+00 2.579195192460042030e-01 5.322189483056889436e+00 3.086352794174523684e+00 4.652438603120121918e+00 1.334439089096780273e-01 1.343917143714024487e+00 6.204770417421674900e+00 3.874597258929725729e+00 8.339631709848066565e-01 4.448460476562663857e+00 9.175988209480543389e-01 4.155431656305254684e+00 2.949100563428286303e+00 2.254696984874639210e+00 3.948338790546649602e+00
3.367325209538986286e+00 1.595704124124407652e+00 5.128765284864821972e+00 1.350455192837933527e-01 9.566232016121191117e-01 6.254136853698031295e-01 1.849712394598690635e+00 2.416832875056917018e+00 3.437842920656418055e+00 3.587717676359672314e+00 5.795156580272423419e+00 1.168008222079639058e+00 5.249890405614437761e+00 8.601540263628129068e-01 2.333990741034624339e+00 1.414300484652255552e+00
6.250964418603581763e+00 4.407986926616711543e+00 2.112247695866544817e+00 4.125418106982706945e+00 2.085507149505958502e+00 2.053976145508199735e+00 5.152486707040676350e+00 2.923325670202286286e+00 4.517395671467167029e-01 9.745954147082167562e-01 5.266355146531640052e+00 3.680260317786921753e+00 3.016301049064569195e+00 4.778032276842225201e+00 2.977575172379790303e+00 5.830671775815478242e+00
3.972115424939883344e+00 4.729068046340461073e+00 4.845541612216655025e+00 5.068252684918181039e+00 9.057780597882965079e-01 3.310798240985510787e+00 1.530496273232247129e+00 4.955628713481591952e+00 5.048192539428141279e-01 2.476569890175192246e+00 5.207962772740923896e+00 1.219815084497579472e+00 5.833678156092463318e+00 9.346473337722350783e-01 3.338617292697255046e+00 5.703195553909941928e+00
5.487427720561799838e+00 3.193936012804229119e+00 8.101052898670385582e-02 5.503092992586331000e+00 2.260825264181411498e+00 4.547873700253596496e+00 2.974342470093856772e+00 5.843172492835252640e+00 3.705238126783486408e+00 3.657605330910028707e-01 4.723004206354096013e+00 5.855479066064662952e+00 4.569843349703692326e+00 5.268669189617655846e+00 1.442013227355612090e-02 1.534122018968210543e+00
1.971558106408291433e+00 1.936937296929090557e+00 4.283487228570381333e+00 1.693196493579150363e+00 3.072636574114331776e+00 3.052508792948033789e-01 3.236659345268377397e+00 7.073731486495299370e-01 1.329908287340322737e+00 5.066075353007039261e+00 7.243928808869372071e-01 2.213489873842810152e+00 5.419567714908548162e+00 5.650844911024863748e+00 4.738574717557808569e+00 1.293567054108484049e+00
1.715812053087133027e+00 3.187974326755280252e+00 4.320944066283002982e+00 2.965742285691894242e+00 8.129432528487412490e-01 8.686478050280030949e-01 1.536688625043920453e+00 3.310101567755495133e-01 5.326963873759769541e+00 6.203910313820889755e+00 1.530342752515296390e+00 3.775447276360942794e+00 1.296121404138217859e+00 4.650978491775394907e+00 6.202184941836001997e+00 4.046344737457904017e+00
4.735413839496583677e+00 4.957341214301466792e+00 2.448057880376096396e+00 6.155704372739045027e+00 3.695904086234806929e+00 2.761669193578417669e+00 2.416892767800168595e+00 2.711918096669656997e+00 1.522739910394944385e+00 2.798549437001386295e-02 2.204115863602611913e+00 2.741703136913570926e+00 4.624709380547819215e+00 2.372820903681355453e+00 5.778492457661610349e-01 6.153321966424273981e+00
8.840100971236029004e-01 4.200009825920734130e+00 1.330747939720148931e+00 6.271205612595133205e-01 5.459778386360320646e+00 5.861485060639438416e+00 1.642054552108147547e+00 5.442332586075613321e+00 5.896818590987149555e+00 5.599384522810953335e+00 4.278040604290964666e+00 3.832838147675652785e+00 4.696438747158110161e+00 6.927473864804484238e-01 4.645375334589553873e+00 5.677030782456048419e-01
5.009304617703047136e+00 4.249774132196567855e+00 4.880589088557595545e+00 1.098959459242978776e+00 5.849573979433364102e+00 9.861577088744069020e-01 2.892416712014044045e+00 4.674051816470317533e+00 6.011176012742020625e+00 5.932591956647447873e+00 2.206938625877838511e+00 4.032301196036303104e+00 4.289195409988458607e+00 3.729829173552269062e+00 4.332797073304960556e+00 1.738020172941999064e+00
2.161498629261974003e+00 3.060587061776309792e+00 3.716815022844534244e+00 1.449022126370119512e+00 5.505172572471599413e-01 4.492666807948631380e+00 9.544114633082123600e-01 5.596948577537382841e-01 3.065171862739665354e+00 1.456087410506768043e+00 3.201712127943204145e+00 5.543690562580601000e-01 2.778281968285947645e+00 1.828538979234769490e+00 3.947598843599999352e+00 5.386669946607643311e+00
4.641634970503806912e+00 2.728148117722799970e+00 1.245304737719378885e+00 1.367622312706979981e+00 2.626349122281621984e+00 4.058075132740715851e+00 6.091598397303095158e-01 1.560663789444664218e+00 2.587675914454629300e+00 3.328112048086830921e+00 1.718509239209843997e+00 3.325567797235993162e+00 2.123985265499747310e+00 5.412552782366736537e+00 5.267921281076390017e+00 3.837240823340468676e+00
2.605174944286932082e-01 4.429520646704771636e+00 1.450821561860487163e+00 3.484526361484194812e+00 1.323767134064475659e+00 2.084978347965348588e-01 1.640014031050991861e+00 1.867111237677298030e+00 5.635426619639448687e-01 3.669240211230515025e-01 6.045991590528188020e+00 8.513676705965314007e-01 3.294063539568125254e+00 5.360201385188272383e+00 2.153654095094701848e+00 3.486834898807180672e+00
5.772297631885630942e+00 1.671308437763211696e+00 1.805930470691133660e+00 3.524131310216337631e+00 1.236261088068561831e+00 1.498244072027047125e+00 3.900178756415789927e+00 3.162318877273270434e+00 1.040746658991138079e-02 3.815885786695910831e+00 2.271817230202940685e+00 3.766402874729313233e+00 1.997798691134251348e+00 3.651531946786229721e+00 6.235863741056396847e+00 2.179776167965928213e+00
