2.073116861517619647e+00 5.975275954107789333e-01 6.107055796891675215e+00 6.004539393180891693e+00 3.958040036222786107e+00 2.958949997139522559e+00 6.259994601106779299e+00 3.826356472421969634e+00 2.928907114382256704e+00 2.366276392757659330e+00 3.677881770630274438e+00 1.343760587696375852e+00 3.977207255771122441e+00 5.300513957502377416e+00 3.874234287402827714e+00 6.171067078678798445e+00
1.181083146870895328e+00 2.414324638910875453e+00 1.489704245187127851e+00 5.013047793919001904e+00 9.199673280918381213e-01 5.744919030143588401e+00 6.102984440178125247e+00 5.985657796470927217e+00 3.041833083856783748e+00 2.581296198440465872e+00 4.228430670536654112e+00 5.509530098177044977e+00 4.477478443959909349e+00 5.740171124633426381e+00 6.541339605113094535e-02 4.996946150985936086e+00
6.152059758726773353e+00 4.574888015820859799e+00 2.318134179862438415e+00 4.170173329944300455e+00 4.035098028878519871e-01 4.347506218828252500e+00 6.044586722913201093e-01 1.664742722940338648e+00 3.714815401475484169e+00 6.320120088678583548e-01 4.140844834095330995e+00 5.375694834446703929e+00 3.036450753122249768e+00 5.443571741850290024e+00 3.865921827749949191e+00 3.305754965007176693e+00
3.341860098530174294e+00 5.405929735080743370e+00 4.139175386009245727e+00 4.132222306041160920e+00 5.326534026990614734e+00 5.338337624740322696e+00 4.753270103739889230e+00 1.712294433111675840e+00 1.426591372039871963e+00 2.728546534415159375e+00 8.043814577327051962e-01 5.635175517445148330e+00 2.529984287573961321e+00 4.795341488609461855e+00 1.659901611405886213e+00 2.716069579400466782e+00
9.811308058016264821e-01 1.677911443398444336e-01 1.484671863032332562e+00 5.064029368400302822e+00 4.241984839659468598e+00 2.481596697263947160e+00 1.185843680615272788e+00 1.762521476084719207e+00 4.786021936970477064e+00 4.877715525113902828e+00 3.330333267364305350e+00 5.115609938224613629e+00 6.053310981506696997e+00 4.480829276330672961e+00 1.012273624744367329e+00 4.973960086552096094e+00
3.662789822385028593e+00 3.233606392568970644e-01 6.085459618664929238e+00 1.682537366276375845e+00 5.953693043353175618e+00 4.124879140548020295e+00 4.387725640643986402e+00 2.646552154496440767e+00 4.565369359651879400e+00 3.389518098459157525e+00 1.230211035093980332e+00 2.503787267674410622e+00 4.227237000765790675e+00 5.823598195011542522e+00 4.524575273332847480e+00 6.253561280607115691e+00
4.013608496529236902e+00 4.833591195995949441e+00 3.839115244047558662e+00 1.361489427926466211e+00 3.928653293628829424e+00 2.879037772730336897e+00 3.004178406695830361e+00 2.209777533965541441e+00 4.934815011235295756e+00 5.190058029549347474e+00 3.206066096559691658e+00 2.996229067777596011e+00 3.969194353068335790e+00 5.128993964565381702e+00 4.357231600869759802e+00 1.496942281637306582e+00
2.481653978438257635e+00 3.546974722630174437e+00 1.678363060399153728e+00 5.878929602170630986e+00 4.193034954750254784e+00 7.805090952276974026e-01 1.954892718275243801e+00 2.379947740682982982e+00 1.762167841303838411e+00 3.651775778329454436e+00 2.629559560243647010e+00 3.490460807725943582e-01 5.544056294859906586e+00 3.760996204444150948e+00 3.265412699929532980e+00 8.475944366506787953e-01
1.828034436019581044e+00 2.558616669647953756e+00 2.071482900874376476e+00 3.276424757145509847e+00 2.915956592339704834e+00 5.275893337175960873e+00 5.211606884005079543e+00 3.841816286723789720e+00 4.822570937214774034e+00 4.605140802830184343e-01 5.909123528528764879e+00 1.498388769809782417e+00 1.792599243770315320e+00 2.683851567656770687e+00 1.360776963325482036e+00 1.620447658625295828e+00
2.112168762454716742e+00 1.529388167708904733e+00 3.463030533006906886e+00 3.753081320622184691e+00 1.604286703057882679e+00 2.431288545921731770e-01 4.816975642519669698e+00 7.749264759250770185e-01 4.507001392474998092e+00 2.286283613052598973e+00 8.101940788590613618e-01 6.159003919401169647e+00 3.891336255645773345e+00 4.039457711578383403e+00 4.068075605617123891e+00 3.345414700540834119e+00
1.183852420461539490e+00 4.274423009575786803e-01 3.764912665538052927e+00 6.120488561996006105e+00 9.074074227824356909e-01 1.765298384850042535e+00 1.317924740686579499e+00 5.941264453092231612e+00 1.417652973446054121e+00 2.464403252588735160e+00 1.153854159695264281e+00 5.946587058356120892e+00 5.789522582512224957e+00 3.677469662449383003e-01 1.931759006707479465e+00 1.725922773910671504e+00
4.656811764816583654e+00 2.526428115339062863e+00 4.987633714600908874e+00 1.949805401212954425e+00 5.029374027031832561e+00 4.392009088092093450e+00 2.841940491667773738e+00 5.637037685860637026e+00 1.660053376662489200e-01 2.973249142177921467e+00 8.522149968781438378e-01 4.319582035346109627e+00 3.289927700927366860e+00 5.896596371855987506e+00 2.362029678648376763e+00 2.179886543590575654e-01
3.436193003577523886e+00 4.633314613925958447e+00 1.485306396672259055e+00 2.287938746354433450e-01 5.573645643097767000e+00 2.148869365318441194e+00 2.784639443474493437e+00 3.983739479518041193e+00 3.211544146417005807e-02 5.085095305610137117e+00 1.547792552925850162e-01 2.353263271003124935e+00 3.103627639872768906e+00 3.745914142307095407e+00 4.885411503583049431e+00 4.478838846567703147e-01
1.208084730270026830e+00 4.618961616409705151e+00 1.435771429430844348e+00 6.207581403510500362e-01 1.352523964064920037e+00 6.178769381514472414e+00 5.265889239565373359e+00 4.214891939365810636e+00 5.897718845278958177e+00 3.007454255034391899e-01 5.356338768530056332e-02 3.619971191441802461e+00 5.149393040301937674e+00 3.770977822775865906e+00 7.783828848576286596e-02 4.153499118584099037e+00
4.956344977356281767e-01 5.861720238900011815e+00 4.414915295073303270e+00 5.783158409273066347e+00 3.037728300897109879e+00 9.309059635059714344e-01 6.956002637684832735e-01 8.415863339622889905e-01 1.534673884902185481e+00 1.661800093495081843e+00 4.357623185641549490e+00 1.512608938104532674e+00 2.542856201518202575e+00 3.967066701652703031e+00 2.521388216549905081e+00 2.773035136993662775e+00
2.716257587815787744e+00 2.958038341429660267e+00 5.393639361056361103e+00 5.168584586089741251e+00 5.729545144817161706e+00 1.029623839482505465e+00 2.749563768983127154e+00 9.181457521295769419e-01 5.998412635492109679e+00 2.152948662058475016e+00 1.367591269730260350e+00 2.174125536328634922e+00 1.178544951869040069e+00 2.260229878907807244e+00 4.365931412420152924e+00 1.174009830116940600e+00
4.499966629160339626e-01 1.425269363637687414e+00 3.764675849099552440e-01 7.978468166761450986e-01 4.573405655446955542e+00 2.489848191506816466e+00 5.353370320855042941e+00 6.243916619962052827e+00 5.716534625902999878e+00 3.767382298620302272e+00 2.777441909312310830e+00 1.580820890191773909e-01 5.450899729742050281e-01 2.150288246501973255e+00 2.329189867630998556e+00 4.103264825453641684e+00
7.384072665234745481e-01 2.271683415362104164e+00 4.386711043850644920e+00 4.822967072580025771e+00 2.775274944884730477e+00 4.613958189784977293e+00 3.743926869812763680e+00 3.475869985876653079e+00 3.271815474562189241e+00 3.901704061056370687e+00 5.094406732726953102e+00 8.234728714095969071e-01 1.914856263850740037e+00 4.587640380164510479e-01 1.364688887391076078e+00 4.164575600740852757e+00
3.883983193716504356e+00 2.023923924929446727e+00 2.556914443110744894e+00 2.400324082278669557e+00 3.378481771784451304e+00 4.087821600601361460e+00 5.186025444367075465e+00 6.041577392042834838e+00 3.897629552910992778e+00 2.560156200370948376e+00 5.841796292423576453e+00 6.119393392327556747e+00 1.333988919181235966e-01 5.926388196946935416e+00 3.714936816707579581e+00 1.055344366021994773e+00
3.803960426460074373e+00 2.045827485533355361e+00 3.132819209523233894e+00 4.144701303193366826e+00 1.912719546373145008e+00 1.218209124614140881e+00 3.974511149909498275e+00 1.233470818266232394e+00 4.247027931480601204e+00 4.625556080216008503e+00 4.714465884331765722e+00 1.389905022377060373e+00 2.524140025071942350e+00 7.942551668781654417e-01 5.156088553771168925e+00 3.912712891621155986e+00
2.835038474459667945e-01 3.474528975165849243e+00 4.615405517362072274e+00 4.169017177827161191e+00 5.108804871290208105e+00 3.269644287749169376e+00 6.340290732926952000e-01 2.351068818220867496e-01 4.117128775260293416e+00 2.388389629831588756e+00 5.300965190975136743e+00 4.143037788120424558e+00 3.252397191480555172e+00 4.742540353133660957e+00 6.215814276203532884e+00 4.376865938757201313e+00
2.179341100598966907e+00 2.233677441123528062e+00 1.426962484754976446e+00 5.984678627981011800e+00 3.765135715216543666e+00 2.031388505481009424e-02 2.884521155581612373e+00 6.189758916554102264e+00 1.538429060110448887e+00 1.230604403943561964e+00 2.427876547222644898e+00 4.963985473735105458e+00 5.105313920299255237e+00 1.535576757280711968e+00 2.562669822515665441e+00 1.489496476840428407e+00
3.799643217678257301e+00 5.261810151102594979e+00 2.144822031817067209e+00 1.188521414221736849e+00 3.870465470440997979e+00 9.412633131996124281e-01 1.147206978842449931e+00 4.314451657404204887e+00 3.617470879466845313e-01 1.627613318174190526e+00 2.284986887027279145e+00 2.919107060216774130e+00 1.476978424947079205e+00 3.850268146964209492e+00 1.055237534204888306e+00 2.213790273437328260e+00
1.736490023510074865e+00 5.233523985776392884e+00 1.062630829885542250e+00 2.654791019965767163e+00 1.766494151986515160e-01 5.796652296688860062e+00 5.097508175922572882e+00 5.376877596284256988e+00 5.896638846282185042e+00 1.470467779423340504e+00 1.162858326510030738e+00 8.185374983037576602e-01 3.970745467806592544e+00 3.306027383679006171e+00 3.275320748417975825e+00 2.549658901729622063e+00
1.233222620071234843e+00 3.179838340423255527e+00 4.951226317510544206e+00 6.309991676119394155e-01 4.775837762101342143e+00 5.544146279976004621e+00 1.655822960383430686e+00 4.277303202046336850e+00 4.242831801645091439e+00 1.449903258235022863e+00 4.462343503928893895e+00 4.253001190081684868e+00 1.833815755638515732e+00 3.564615158546621920e+00 6.003022994233030651e+00 4.332264511277728936e+00
3.831847105771829298e+00 2.358915484426977738e+00 1.342263930702046748e+00 4.489034911828411190e+00 3.024378949079635781e+00 5.975265567690470014e+00 5.320894371262806288e+00 5.159081296133073202e+00 3.247069325529464479e+00 5.250923339680807267e+00 4.224039236024043298e+00 4.213289618778775392e+00 8.655941915520585228e-01 1.211827619372632947e+00 3.029227261175747810e+00 1.449491196937249260e+00
2.876221212108055258e+00 4.476032525183837762e+00 5.858943259408538218e+00 3.988220339841400452e+00 5.494146334269768950e+00 2.793816417909823713e+00 5.062503370045079443e+00 5.447955770985384305e+00 4.691637587582401459e+00 3.122200369539537501e+00 4.919155497540065092e+00 4.357560606257347757e+00 3.833469684377753151e+00 2.847731057178084058e+00 6.036009180868119550e+00 2.217668735747806430e+00
1.025395812113294447e+00 2.519264872564000779e+00 5.382304722536612740e-01 5.277302426485680265e+00 2.627628371259221218e+00 2.959458579504976594e+00 2.960984641762187231e+00 1.936081476571973603e+00 1.419928746262796582e-01 4.805822451779382831e+00 1.015345774239209131e+00 5.715657990626441531e+00 5.120553708789690184e+00 2.368648905317696673e+00 5.721600853063617542e+00 4.530303780024532934e+00
5.437329776231557332e+00 6.860209901309282099e-01 5.770360503801304830e+00 3.795749046357118406e+00 7.811237011581017020e-01 9.951075208905542091e-01 4.446479494569206103e+00 3.698894917124063930e+00 2.357786677251088481e+00 4.386164420197260050e+00 2.332526969073144940e+00 1.369130826833606207e+00 1.428350997862204430e-01 1.707164473205813771e+00 3.150670221768562040e+00 5.969733999257397450e+00
4.684903411989200350e+00 3.018781459968228109e+00 1.945517977728176584e+00 3.717603989331732528e+00 4.591976332750799195e+00 5.745544855079331548e+00 5.047395721867561136e+00 3.054723892792682527e+00 5.194899420844389937e+00 4.489471512649261253e-01 4.979189216770297577e+00 1.062031315831980294e+00 5.782429334845738289e+00 4.958167184380402936e+00 4.697332865864888518e+00 4.731741507298713678e+00
3.286114178747541636e+00 4.930828278409584264e+00 3.084202405370874978e-01 4.212799792472748273e+00 1.539473499120801447e+00 4.456420333236456699e+00 4.720575022888177763e+00 5.367834481037826677e+00 2.253448196248112101e+00 1.917272200845431263e+00 4.861905449100846432e+00 5.864870864479296841e+00 1.735449264947835690e+00 5.910390355832994658e+00 4.842772103956699326e+00 5.822314475415664603e+00
2.393785197429427747e+00 2.302703817717765666e+00 4.244391497448668282e+00 2.725659723097432874e+00 2.881220046706936877e+00 3.558693690473323512e-01 4.828833235950785507e+00 1.504374198229873949e+00 3.893418645167451064e+00 3.728203802242328724e+00 6.004856048623899767e+00 3.418104092594528076e+00 4.153674296569524138e+00 5.421980845791711801e-01 7.748101925298834791e-01 2.029322194815519342e+00
