1.375783560999009669e+00 5.355373820497698389e+00 4.354730228397318825e-01 2.070542370763029716e+00 5.890528315422518535e-01 8.518649916902282238e-01 2.928867456683903026e+00 1.160709883665382858e+00 5.677928064039725164e+00 5.037700853393710432e+00 5.577733627557663887e+00 2.602738573093137830e+00 4.206655402946480216e+00 3.843272444669089682e-01 3.667565902107513320e+00 3.447692332154491446e+00
2.155141525277248782e+00 5.356030619112480906e+00 1.081597304514300806e+00 1.905758895583549828e+00 5.746854214991846455e+00 1.657699553892707289e+00 2.215209791728587341e+00 3.732370871558533310e+00 1.866154468185616810e+00 4.416756823131056997e+00 5.922930975837371881e-02 3.830778612609262446e+00 5.265828506685058308e+00 3.489005392204340139e-01 5.559420797250615109e+00 4.011465682826365509e+00
3.870942822170603037e+00 9.056373434900815145e-01 5.322351476398265113e+00 5.150125462473400972e+00 4.905962432193547995e-01 5.217353550036694543e+00 4.140921835412851415e+00 2.138620497844663237e+00 1.283711108626296671e+00 5.827783693836578571e+00 4.348582829852741582e+00 2.785299422180315787e+00 1.062038842748269651e+00 1.547929599855572436e+00 3.814224301367904246e+00 1.030714564572137615e+00
2.922892261882951703e-01 3.342029394333208003e+00 3.104153638473649668e+00 4.991013958781158610e-01 5.361844837604695435e+00 3.978241272661404704e-01 5.558650749523157408e+00 2.086341111596025755e+00 3.216820813124151357e+00 4.584657174174665784e+00 9.886658145754464444e-01 4.256472663844148130e+00 1.106095626573736279e+00 3.353171796468076504e+00 1.986772833232766100e+00 2.345247751212183207e+00
4.423558801114179317e+00 4.339891499564560995e+00 3.554434285669330951e+00 4.643011373379618334e+00 5.452309276471561938e-01 4.840752054861798825e-01 1.041481351432375302e+00 3.749143912784090871e-01 5.689912570674880321e+00 3.470133506394461165e+00 5.898744919411854859e+00 4.107248873773786002e+00 6.193264383084460256e+00 3.220582639555716220e+00 6.083964619174115462e+00 1.732094035031414458e+00
4.086212970610250572e+00 3.982859813074400179e+00 4.502065827235641748e+00 3.278692573877138638e+00 4.182326479627313631e+00 1.722602441306263277e+00 1.822041372667306591e+00 3.384519686447075570e-01 3.781600815876137389e+00 4.161866826565448818e+00 2.431380934501949476e+00 1.459659847081921091e-01 5.149512487053275578e+00 2.754159401651026684e+00 3.823996810127593626e+00 5.932519880076920771e+00
2.066066422136708436e+00 4.936038059267109368e+00 4.792760917894396400e+00 1.690399512588993902e+00 5.720914234107257634e+00 6.707751017546432701e-03 6.812132105551311767e-01 1.124194863188542115e+00 2.855725761959226006e+00 2.676812056928760786e+00 3.102907193597917779e+00 5.601321955196249647e+00 5.320436137532950305e+00 1.887633738800650995e+00 2.017482986593129635e+00 2.479067532598469903e+00
3.833838221036884875e+00 4.964018520186481709e+00 2.430907272427675903e+00 5.807331871015442015e-01 2.496935544280857400e+00 5.088315531019837579e+00 6.089667168747340931e+00 5.286581574977371467e+00 4.550932657610616161e+00 5.418589492208131908e+00 1.015466015029193203e+00 4.467069062759246201e+00 2.114515763335971243e+00 6.108410440375506845e-01 4.609118905741169669e+00 4.003142418817407844e+00
5.392641201290950370e+00 4.713479725377990981e+00 2.271941822822931112e+00 7.548865291599587968e-01 5.667964842329319630e+00 4.697916284684718669e+00 1.516056437148127545e+00 1.890501700659921180e+00 2.636771644055472041e+00 3.770677548108569255e+00 5.050446904681694882e+00 1.501752862830685986e+00 1.131607455770313519e+00 3.911086952741116840e-01 4.692906527541369499e+00 2.523493471384295361e+00
5.589345284978876727e+00 2.627510979010608594e+00 1.949007787721809937e+00 5.808009355332627299e-02 1.696194564120225179e+00 1.410005395616543700e+00 4.517458897269484019e+00 4.422541821176238841e+00 3.173747935254121799e+00 1.756555195209759113e+00 5.988643797389834766e+00 3.894316463947144147e+00 2.731641239888383144e+00 5.826564649425806763e+00 4.826315688443193253e+00 1.002631345171549615e+00
3.764405904820839144e+00 1.766459818472352561e+00 4.856535550106675814e+00 2.739984809106070340e+00 2.423235739323791993e+00 1.302459000867469685e+00 5.856746945260474568e+00 4.991563280997531216e+00 3.435051191137358906e+00 5.584301751994514840e-01 3.794290763972202107e+00 3.049191620935500779e+00 4.150048574689806813e+00 3.340166215413447048e+00 1.999345276717698350e-01 5.799982836419588672e+00
4.296666935862591963e+00 5.260616337876072635e+00 5.130848817498318226e+00 3.024150809571444665e+00 2.367411617866319595e+00 4.509708618755988163e-01 9.213444465634230696e-01 4.998414367937329850e+00 5.774252924307054613e+00 4.992881415199567741e+00 2.923754557485932715e+00 5.969297892924482873e+00 3.997939941417814502e+00 2.527217766667363197e+00 1.160797889165429364e+00 5.214815425812233229e+00
6.288052193056081762e-02 4.856065864355479711e+00 1.281824317476153663e+00 9.354111356241379127e-01 2.577007430134483190e+00 3.591208018625899445e+00 4.754818598365680771e+00 2.542564516525148033e+00 2.438493543808832431e+00 5.387615977918163601e+00 3.852605943613391037e+00 3.292984700353888683e-01 1.870721144137579062e+00 5.469072411055957428e-01 6.030536867335805518e+00 1.677529770845817669e+00
4.855810414544929010e+00 3.530094147136248584e+00 4.050448012564165090e+00 3.513867252034989175e+00 5.460114858485303202e+00 4.664416608166065181e+00 1.776403953688982629e+00 3.885306450237143050e+00 5.105312307133286431e+00 5.371966280047105968e+00 4.758749693171630213e+00 5.996196013077260467e+00 1.645449612133795592e+00 1.223735073703247744e+00 4.840290803415754350e-01 5.149568344653306262e+00
5.948745303603104162e+00 3.018943334180891114e+00 6.060408656269308025e+00 1.868262116657680272e+00 6.117625246580350229e+00 5.359069737129036781e+00 2.830777906644346698e-01 5.198703607473381894e+00 2.398841318752396479e+00 8.551991206786597743e-01 3.624196706940902235e+00 2.889811654590184187e+00 2.958577103608932557e+00 3.536868162135721416e+00 3.583372921770444641e-01 8.512521980102598640e-01
2.388697088153734160e+00 4.903101462179233927e+00 4.524038123986400706e+00 4.925249902140849123e+00 4.966984280694262566e+00 4.130801743561692163e+00 4.679611744056039413e+00 1.995537019102896936e+00 3.215318663230805285e+00 2.954109961806827833e+00 5.397570085156181641e+00 1.812939557236081578e+00 2.236649488643897232e+00 4.648897607968500267e+00 5.239622391697555948e+00 2.964939295758104443e+00
4.317300661386122229e+00 5.413965327833083485e+00 3.343560174151911202e+00 4.736786542017081381e+00 2.472188139800649775e+00 2.825740343834936663e+00 3.548357614104912905e+00 1.639313711182744049e+00 5.735513825150434286e+00 5.541026565143682969e-01 4.660437250246200591e+00 3.130072386488750968e+00 7.935724797544347897e-01 3.216534109309576728e+00 1.838519912632542663e+00 5.539988160229431635e+00
8.733728185614407780e-01 1.404535785700663286e+00 3.712129446701796009e+00 5.734379803570043954e+00 4.975922922469916965e-01 3.843813212880427432e+00 2.163868715063893777e+00 3.694437565913865296e+00 3.974857217546241550e+00 6.138826550067692622e+00 3.112464596463184741e+00 2.879454386103756036e+00 9.991204572742748424e-02 3.800137588234106634e+00 3.883470193463231634e+00 5.409874068297631844e+00
2.027166989572932732e+00 6.154830248268758908e+00 5.627279453303280832e+00 4.388285226055846699e+00 1.834901486936943771e+00 2.612342585872607259e+00 5.107812647271741113e+00 5.702595083200350246e+00 5.342532446139633073e+00 3.952215706436455811e+00 1.669267200861795475e+00 4.052884854100259560e+00 1.741879742878184034e-01 2.803845584981974337e+00 3.518624156452145324e-01 8.036833213690970368e-01
4.048452435728684407e+00 9.622479660114481304e-01 8.910897561056528859e-01 1.823159701578173086e+00 4.099917669040864965e+00 3.007384047349842771e+00 1.172074681177942335e+00 2.091079920271417869e+00 2.284958245937618759e+00 5.577595396055382793e+00 5.962622448403930520e+00 2.945131893832281023e+00 4.203491504609282892e+00 2.476981710715840279e+00 5.671122577493286077e-01 2.211618942610389826e+00
1.148740030094413944e+00 6.096621293020657362e+00 1.114798612177527737e+00 5.867706283268920409e+00 2.606728610790975065e+00 5.803903548758591532e-03 4.263001191332023154e+00 5.326513226045311633e+00 5.159641631002258144e+00 1.384808284118875799e+00 6.151674125468604259e+00 3.924082724509257436e-01 9.230799092807824568e-02 8.874020437561191965e-01 5.985502847443989083e+00 2.662735289260199867e+00
1.058827293001298964e+00 3.736134886794238774e+00 5.986989924885040004e+00 4.383242889356742111e+00 3.972847777434132421e+00 1.025985627436501568e+00 1.391444907698653699e+00 4.177983180842541167e+00 3.995828709370671472e+00 3.064236346436522318e+00 3.380853821047355545e+00 3.233676056245405217e+00 3.140051064978460982e+00 2.996613529595194780e+00 1.778724997817189291e+00 3.742007069474323266e+00
5.620108870368614618e+00 2.822340518632744377e+00 7.703421645990915501e-01 3.315684011091789785e+00 2.183056284319321971e+00 5.475327886751844453e+00 2.968508578850803659e-01 2.776841766850504101e+00 1.643352211456421852e+00 6.031117341362453033e+00 4.682304431423260915e+00 6.109249495998128943e+00 8.999614915729036158e-01 9.997054509606523309e-01 1.772733891374515425e+00 1.496403465550477430e+00
9.407869594186702988e-01 2.790313415401000974e+00 3.704388431782459801e+00 2.078124849124573625e+00 5.438812941204539619e+00 6.160749686485606169e+00 4.081592584997813411e+00 2.098297811768867316e+00 5.447376709336226419e+00 1.742460354229533603e+00 7.265097442339072398e-01 5.402118773692418330e+00 2.782254102838445320e+00 8.006097305656943997e-01 5.490907826384332502e-01 5.020618685579774976e+00
3.333942389011784524e+00 3.986679886126809347e+00 4.780193391049339269e+00 3.815765703440423984e+00 5.473802040275109526e+00 5.457274864626250332e-01 5.515292913910279538e+00 6.024603757268546245e-01 3.592718517843485504e+00 5.508797150521446362e+00 3.862139706734393663e+00 2.089070144295958276e+00 1.924980115381962620e-01 5.514515513895521082e+00 1.903101796094057940e+00 2.995066946754439741e+00
5.995896760310060358e+00 4.278046925360184716e+00 4.606630290587370169e+00 1.112465336395630056e+00 4.282638482882772935e-01 3.372975405995254583e+00 3.242073925607948048e+00 1.527493692579574847e-01 6.072024707111062014e+00 2.482987425332030540e+00 4.857343259542399316e+00 3.760935056757081174e+00 2.215098466928822951e+00 3.031426327193810888e+00 9.515115434686617357e-01 1.752623454282830062e+00
1.397929851440611548e+00 2.413951299584710108e-01 4.498304393205747154e+00 3.529452910973218671e-01 2.528117562970266796e+00 2.854765213802150203e+00 2.026098671310342159e+00 4.883772791522610901e-01 4.055213663403537616e+00 4.294323558901597337e+00 4.487036541097292996e+00 2.076372786354727662e+00 3.150357817869154364e-01 5.687771427015039905e+00 2.532919988130500677e+00 6.128453147552998637e+00
2.697672098493062443e+00 3.751297348282319533e+00 9.864061458868932375e-01 2.291645869985815320e+00 1.630288847656732987e+00 5.527626222485436891e+00 3.142408852902303096e-01 4.704979568767544973e-01 2.452467132859899479e+00 2.324359432655884738e+00 2.411795644041086817e+00 1.129658748962425907e+00 5.796691567055914263e+00 6.803311769435578249e-01 3.141346538272007827e+00 8.389989493293940059e-01
2.810550717513601082e+00 2.163556667989773530e+00 4.072756338716789770e+00 1.923224121214616167e+00 3.041220576520177410e+00 5.013483306864199296e-01 3.198776172757813452e+00 6.207875031366405061e+00 2.796588189678808956e+00 6.068183239884518798e+00 1.151954368330295964e+00 3.578589001759368227e+00 3.423920306544481651e+00 5.293302842844144429e+00 5.795747134778280518e+00 4.649923101737059916e+00
1.198439549609292776e+00 1.533914638217215298e+00 2.951447266058747410e+00 2.969507873860787406e+00 1.810780648602036691e-01 1.387100709221245731e+00 5.315543371393323113e+00 6.090580740019962747e+00 3.195051628492313611e+00 5.891397116075671736e-01 3.019404726826408591e+00 5.179642333255148223e+00 6.177607704344175943e+00 2.913205402204404937e+00 1.179560761826618176e+00 1.928580332112104667e+00
2.227322410437673206e+00 4.657628655424288944e+00 2.687389780258716332e+00 3.397530542118849545e-03 2.626461488571822045e+00 1.389585960179055224e+00 5.109662990714702424e+00 5.793509761469149311e+00 4.391843072327822561e+00 2.277469331023929122e-01 3.301693685621422514e+00 4.557862250129128157e+00 4.605223571292134110e+00 2.895688459297097950e+00 4.706246762641026038e+00 6.239824872076375151e+00
6.660283699433823257e-01 3.446261275897438914e+00 1.576348385937392793e-01 5.672710233543648783e+00 3.532848872730799616e+00 5.671034172938994367e+00 1.935193909453393202e+00 5.774454169862907049e-01 1.452731657048043745e+00 3.169680014787208844e+00 2.015177580626747567e+00 1.642041889310176472e+00 1.949316787482544278e-01 5.879170030063229468e+00 4.176443848131434322e+00 6.261041721870791221e+00
