8.419200944192319902e-01 3.485141655698429819e+00 2.707550582489773205e+00 2.207909579414911061e+00 7.780929862632712801e-01 1.536827786742529511e+00 5.178237638784884744e+00 5.106790590508468952e+00 5.224725647290714647e+00 6.842551482161235432e-01 6.121288013644095471e+00 1.981071749856905484e+00 1.485604714648082192e-01 2.160878445235853818e+00 3.918002374199181848e+00 6.267143252239916196e-01 1.024524045411036477e+00 3.858306298380470567e-01 1.717649903918148979e+00 3.538154246278183996e-03
3.150540401256032297e+00 3.802817104736767373e+00 5.827230147546317518e+00 3.387714773691357095e+00 3.403608840157133386e+00 4.085225066994634946e-01 5.689891158206390465e+00 3.385814691822373490e+00 2.999909891752106983e+00 4.368377573318526608e+00 5.603407637665125840e+00 5.530211407671339785e+00 5.429451158287807999e+00 5.415366318027958314e+00 3.238149154558706666e+00 4.833159654761039370e+00 2.842215091640632796e+00 4.063112843112715922e+00 4.898496981196707623e+00 1.181477940398154791e+00
4.461591243726686251e+00 4.619610546515457550e+00 2.902226812115208165e+00 2.449576994148747744e-01 2.117836084776500094e+00 5.829299983220971093e+00 1.947913005818289411e+00 4.335664972757745872e+00 4.478940231442089193e+00 7.109024997590615014e-01 3.498971536844574182e+00 1.937277483112300747e+00 1.290140792260312308e+00 4.804648909222184905e+00 3.872517815720408318e+00 4.499591786552858963e+00 6.463330746506871227e-01 5.987739526245508870e+00 2.234649481100717150e+00 4.143081508136346791e+00
5.245872819057446179e+00 8.094937569343962913e-01 2.620588026307292040e+00 5.410174332407112097e+00 4.792309771581511946e+00 5.781131447778708576e+00 9.238375799415013967e-01 5.126540731047861676e+00 1.864942653271177697e+00 1.638190275212350278e+00 1.021345877593897944e+00 2.413679452863454866e+00 4.016800402153991811e+00 5.077888359161074838e+00 7.826144969354172087e-02 6.123712287578744196e+00 4.638124984795722661e+00 4.708201761586018108e+00 5.132106417116407471e+00 3.612716769239254777e+00
4.027498319931697601e+00 6.115435690361695542e+00 4.463116155106496286e-01 1.790148403120425113e+00 4.212465031038821195e+00 3.501071288224923972e+00 3.238108591050364193e+00 8.771113619102763881e-01 1.286692632053595853e+00 1.802402751856500895e+00 6.251367698773423243e+00 1.995852304733240601e+00 2.728989512415875396e+00 1.334051839277502038e+00 2.900209872705651337e-01 1.095931991583694032e+00 7.546590854941735704e-02 5.801866728414045937e+00 1.791158733558431804e+00 1.370095521646012227e+00
1.213429980560427834e+00 4.472978385440806726e+00 3.866131653606397656e+00 3.064349616667620957e+00 5.968017501894491872e+00 2.528401628478211816e+00 4.077646641581195830e+00 1.562484482047691969e+00 5.395897505808519234e+00 1.906121899360096350e+00 2.616957719285459283e-01 9.043835795130185096e-01 2.647794420810152261e+00 2.037390676402699885e+00 3.536817044286331591e+00 3.984328469967725272e+00 3.006315719827526323e+00 1.434828829144779050e+00 5.365966346228693062e+00 2.778343908357599812e+00
1.356043977862936067e+00 4.040274714197090944e+00 2.840530194457614677e+00 5.186260923806839784e+00 3.902912897899410538e+00 1.984929736842297177e-01 5.774649496805196236e+00 3.337554517239140206e-01 5.975167411907664761e-01 2.079098582968623266e+00 1.870219701380713362e+00 1.008179023087491938e-01 4.440253835683514616e+00 5.201971683732627305e+00 6.089762690413219381e+00 2.570683673590393514e+00 3.725015513399540623e+00 4.038377428137609471e+00 2.192012996164802996e-01 5.018269780978005246e-01
2.334248601355549457e+00 2.177556028059290938e+00 5.007381958504328878e+00 5.919015666816838106e+00 7.996060569524766626e-01 3.357676755761970888e+00 4.677842501819144516e+00 6.043365657386306822e+00 4.749976541071778691e+00 5.788194485822788060e+00 4.777406588688833722e+00 4.186487441123222908e+00 5.880936403987767847e+00 2.125452840350697592e+00 2.680270686002418135e+00 4.196821545054980618e+00 5.685361138730479880e+00 5.717652038786196655e+00 6.198039620469863564e+00 3.981824204063299177e+00
6.099556643476193862e+00 4.217127764422571867e-01 1.173441004490802242e-01 2.210719726971625221e+00 5.563578332472028265e+00 5.160229863879910006e+00 2.918491173268609629e+00 2.676777836942021871e+00 5.313439307539146839e+00 5.217926810078760802e+00 3.035552439529753954e+00 3.576665596348922005e+00 5.548594154804707301e+00 3.878329439943430795e-02 5.798580537157446146e-01 2.986078455950963662e+00 4.665948499317723375e+00 1.353912972906287759e+00 2.634328448795931088e+00 9.035269113418784581e-01
7.766361148009759408e-01 1.048483549807674553e+00 3.735597343491860123e+00 4.102437541931799103e+00 2.814348571559315726e+00 5.666286898651318182e+00 2.867771093113200553e-01 7.059261556866303078e-01 5.376653178417155843e+00 4.728553921083276990e+00 1.578306683323035253e+00 3.332993313758256360e+00 4.602145787138199218e+00 4.783301685139797144e+00 5.005053699470749073e+00 2.816594639008486389e+00 3.171715198176029205e+00 4.399483041228974045e+00 2.519106385772150070e+00 2.557267707592701278e+00
3.821619450390531192e+00 2.976786141934076646e+00 2.206766673509308330e+00 6.778224927819400669e-01 5.532443780198764038e+00 1.475848582047421420e+00 1.232701459062796712e+00 5.271513558115420217e+00 3.948391181023310992e+00 1.085481769081940717e+00 2.124171490946469287e+00 5.764769460265855017e+00 4.642130795128715626e+00 2.195026761179684094e+00 5.038488074397517558e+00 5.560449696727429725e+00 6.156646269060964016e+00 2.791792375118479441e+00 1.107849829615402237e+00 5.379504944868326533e+00
3.003391532520277796e+00 5.600343628372123739e+00 3.524366970922968578e-01 3.443050740031389001e+00 4.297355566779756941e+00 2.854665907306741079e+00 4.231644529549399181e+00 1.762572128144506811e+00 5.564243488674971871e+00 6.108789863634571660e+00 4.620288436668604226e-01 3.808263588469485317e+00 1.759174791392670745e+00 3.232811893995831021e+00 5.850520718302326451e+00 5.576763350087116322e+00 4.725983432194156286e+00 3.390743988175163981e+00 3.179384730422905037e+00 1.061486037882865829e-01
7.265712209629242579e-01 3.743596405838356400e-01 1.532572629404167053e+00 8.248564399833756555e-01 1.014553780897207602e+00 2.781398334807163142e+00 4.634621104875464859e+00 4.879922281339733381e+00 1.772877072685272060e+00 6.044634517274913854e+00 4.756326331771466798e+00 9.290454033512216547e-01 1.766144834022152610e+00 4.269855625113105013e+00 3.378675781032406178e+00 1.720771325285387787e+00 2.328724400330202116e+00 7.368201101728216740e-01 3.562718211970200555e-01 2.733952981416929440e+00
2.801882301045838020e+00 1.760302199715543914e+00 4.116752102491038734e+00 1.772949678977016497e+00 4.710747140521398535e+00 4.930353128004523633e+00 1.221012963438024235e+00 6.202315059509897033e+00 3.988732018239752097e+00 5.568434786271739156e+00 3.937963607954078515e+00 2.102605282705480860e+00 6.605466293260370270e-01 2.112148640889702111e+00 4.120287907022464502e+00 6.279872837817808140e+00 6.115551429562554375e+00 3.977997492612665109e+00 1.591131800056335477e+00 5.916893391524252976e+00
5.379850172480293402e+00 2.575752156842895602e+00 5.995387337136022232e+00 4.647690184159281479e+00 1.071263123235602244e+00 2.939803386509895144e+00 4.725589009007791219e+00 1.328953570130522399e+00 5.139029457986900695e+00 5.953675540415054535e+00 2.992887314979318258e+00 6.004035059977825384e+00 3.147941272634538379e+00 1.393736692171588576e+00 2.646729853175884717e+00 3.689896985758037040e+00 3.132006677731844935e+00 2.544203254485372323e+00 6.088029010782672223e+00 1.530695580191582916e+00
9.958339148588201128e-01 4.297887210224541121e+00 2.588220075396683098e-02 2.581455723019369652e-01 2.143857674352009635e-01 3.935751610070262085e+00 4.070989766221804196e+00 2.668439235035380275e+00 2.559298852304734417e+00 2.695406462054954932e+00 3.439815252588283911e+00 1.094184052348022851e+00 5.152862992433687062e+00 2.261021698057017026e+00 3.669028656277197431e+00 5.592349407360975633e+00 3.784016732934936122e+00 1.961104488841586946e+00 6.151849790966368303e+00 3.943591848744258943e+00
2.169357889064683409e+00 1.349421800706525953e+00 5.063400323852674134e+00 1.734506080445686660e+00 2.193674442901763388e+00 2.301476899584280922e+00 5.632525400292431428e+00 1.712116502867990553e+00 2.953642511105472046e+00 4.653970774323523685e+00 5.589657135353368389e+00 1.754178017182834060e+00 6.012459340001551134e+00 2.896159581565501018e+00 1.908037577885477454e+00 4.235449424045561351e+00 5.979186873597764240e+00 4.942990408689622583e+00 4.430789961919161968e+00 3.099294848227896360e+00
1.760600559758400463e+00 6.217911648594672158e+00 1.158401710488778047e+00 3.325922646136845628e+00 4.236139562699775540e-01 3.620819296137545162e+00 3.644392812756285682e+00 4.025016364124962109e+00 2.218576182959617782e+00 1.381684553797172921e+00 2.706844758537508611e+00 5.748276607483084000e+00 4.963446659631122415e+00 3.942597056860264626e+00 2.224106102134308038e+00 3.962560489500483119e+00 4.584278030931798753e+00 1.891579198319774058e+00 5.835216227894515661e+00 3.602536389465920585e+00
4.117671938331373127e+00 1.339321682204334785e+00 1.327800988668430549e+00 5.251896348791608382e+00 3.368404542821996195e+00 3.769398961175000728e+00 4.033185489611021524e+00 4.732850799801683550e+00 4.441520343378692282e+00 3.558206913320334230e+00 9.423970794440924559e-01 2.594918183616885976e+00 3.592827016492314396e+00 5.624000484220628593e+00 4.288394011733038802e+00 1.861665488463426943e+00 4.553288676202510210e+00 4.806859564593710665e+00 2.155224215170044033e-01 3.967225677481082347e+00
4.297646208516159305e+00 2.770997925330046741e+00 3.759311968817703686e+00 4.375068837287996004e+00 5.810578149608634391e+00 5.315970917465449475e+00 3.177589836512803689e+00 4.447214918249523308e+00 5.664881189277324758e+00 3.801804225213754940e+00 6.195407955042647963e+00 1.886166474099234547e+00 4.306819263779810392e+00 7.247823092547384105e-01 8.335319316713919457e-01 1.944839123676076476e+00 4.659345989218111050e+00 6.225378136424705389e+00 6.825106415771607926e-01 3.108084690161137864e+00
2.777772499932562589e+00 5.386639891160382998e-01 2.049830960151352688e+00 4.216183563630665709e+00 1.266122549390037655e+00 2.545559961675670113e+00 7.008854361425286283e-01 2.248353099758026163e-01 3.140466013949616109e+00 1.601375304360614260e+00 1.158431031400086655e-03 6.188351557453994012e+00 9.832169962371666294e-01 4.092560895008726440e+00 2.798217382159043698e+00 2.245701581728248630e+00 5.706310514150758628e+00 5.637414940764982063e+00 3.061379898621663820e+00 4.307274325339928822e+00
2.797227973447452776e+00 3.582979297800954033e+00 1.889061775460348036e+00 4.057261026347695143e+00 3.291312846568860806e+00 5.450891285902810246e+00 4.454553825089666574e+00 1.438540972393648643e+00 5.100710261957329905e+00 1.182926944701550243e+00 3.362790231074738845e+00 2.267322418932316896e+00 1.962675981685009452e+00 4.155744340099173151e+00 4.378271110795111554e+00 2.992295095115489190e+00 3.360109439601700387e+00 5.914710015915094488e+00 3.530040739846597830e+00 2.601176179480062967e+00
4.358396008110515751e+00 1.166052135977508453e+00 5.448884066245307523e+00 3.619923077935480293e+00 5.004170947726151120e+00 4.701205384493705175e+00 4.416585959808973172e+00 2.776924589912158403e+00 5.726085399155631528e+00 1.849528966788102968e+00 5.704486251402590469e+00 2.025516045041252156e+00 4.082034940207466711e+00 1.118253046066381096e+00 4.422948071176264762e+00 4.649217941745999561e+00 2.061629681762526367e+00 4.130032712100664583e+00 5.606380393670311157e+00 2.338919926547407435e+00
5.635109732802622950e+00 5.260870865120022000e-01 6.100923058353669326e+00 3.580054926705475982e+00 9.408670908470023742e-01 4.930873044212805145e-01 4.851455259931365394e-01 5.040513924454741890e+00 4.824008114901319644e+00 5.393121714954088874e-01 2.782295889577530268e+00 3.560780744581536705e+00 4.628925859747790028e+00 4.622346231327778554e+00 4.069665569193243293e+00 5.359054623737565137e+00 5.576925516328884669e+00 2.301274041292483030e+00 3.779287652283454868e+00 1.491776141899910924e+00
4.630645145554332487e+00 4.269560785245763768e+00 4.834594113081911004e+00 2.060267865848440128e+00 6.844653633679619320e-01 1.632919196102688986e+00 3.483349991396869516e+00 1.678444323603014654e+00 6.088650268985278835e+00 3.624193533587225957e+00 5.781107645259654149e+00 4.112274645956905061e+00 9.107131989779133630e-01 4.090355596419973594e+00 1.767159024723399696e+00 2.214406477628545478e+00 6.458195303936097309e-01 4.421910266865777928e+00 1.988648186819777841e+00 2.870936405608414788e+00
5.678548190068158696e+00 1.340375166910328764e+00 1.374604379854653446e+00 2.822345421677538102e+00 5.655384675430357611e+00 3.970875497922080388e+00 4.759898091379655583e+00 5.518089894754647062e+00 2.324566177144770318e+00 2.893354251529074439e+00 6.163801711782145532e+00 3.716592411121406148e+00 4.755859378305298257e+00 3.232313046223927788e+00 4.149849585260248830e+00 3.976791357202214883e+00 1.193782194133714114e+00 1.691605875503090273e+00 1.526950999927332742e+00 5.784737917006630425e+00
3.442598062302313355e+00 6.328343433714163080e-01 1.082633532799005982e+00 1.379178188573742858e+00 1.272881174871700827e+00 3.749263457436854186e+00 3.625812209193047586e+00 3.717856542190052238e+00 5.296523223264530067e+00 6.169772179608887797e+00 3.784400881334094358e+00 3.495268083089736244e+00 1.524244081422291008e-01 6.091746249905614086e+00 5.619388852108103016e+00 1.501870016762244964e+00 2.385051156040717546e-01 4.973056961835802259e-01 1.633543451655699585e-01 6.561878281332731433e-01
4.127471692722288310e+00 5.381947255945718211e+00 8.583575063439777830e-01 1.619740556643163742e+00 2.570016101339929637e+00 2.462262593649008124e+00 5.270438946000157721e+00 1.901011555263635744e+00 3.650509765836986276e+00 5.273759939621521120e+00 3.106123208552966641e+00 4.931667373591589687e+00 1.457168975430629398e+00 5.119586451492372348e+00 3.983374200386757380e+00 1.601447976724045041e+00 5.188449798115889244e+00 1.016450929138631221e+00 4.171998340606010380e+00 1.641137583944807521e-01
5.502967075089497229e+00 4.600274322197861920e+00 5.598890220021399244e+00 1.783717557528627928e+00 3.160931165097951467e+00 5.557536582033375971e+00 5.924076342775641102e+00 5.639654940906105196e+00 1.461216456634223615e+00 5.279877443956974226e+00 1.484976297999725414e+00 5.586366473767106378e+00 4.056400762314344099e+00 3.971735761888527172e+00 2.838536138926238461e+00 1.598356634704136692e+00 2.957032866879000021e+00 4.888775981523614256e+00 6.261405120561403415e+00 5.608427462931413920e+00
1.919862817141353650e+00 9.534986987006092152e-01 3.938118289084415302e+00 3.346166521671554150e-01 4.897559089004642985e+00 1.137061530147896127e+00 2.046010022020302799e+00 3.647971373107088855e+00 5.081614326551546768e+00 9.711624959308075289e-02 6.098410209678845284e+00 4.644394355884926107e+00 4.977990061123208854e+00 5.630381057384392207e+00 3.504114688789684795e+00 1.697121761082987401e+00 3.899775526144704241e-01 2.165552341340194697e+00 1.388051787102980050e+00 1.711364437039644582e+00
3.375067589215393848e+00 4.016164753584122948e+00 2.366099546505743056e+00 1.525513359770677813e+00 4.842909440521236952e+00 6.138034358002231627e+00 4.086561230885957130e+00 2.685612956219322722e+00 5.473580988066379049e+00 4.378181578999124746e+00 1.890806507193362407e+00 3.778049820060772612e-01 5.634978561716751599e+00 6.065792125010424307e+00 5.976832207144759046e+00 6.952358545739248941e-01 4.927003894654830241e+00 3.496081763770195749e+00 3.053817045262396945e-01 9.848673982070845767e-01
5.678963700395802228e+00 3.382749322872724562e+00 1.174405807935162763e-02 3.059353807195074104e+00 5.332917261168484302e+00 1.938087024853977214e+00 4.797726615779537518e+00 3.553863798082292025e+00 4.121775062046359572e+00 2.312226454305521095e+00 5.016238780446188983e+00 9.289087570579934727e-01 4.429208764572014623e+00 4.431389521429811573e-01 5.966844220438940916e+00 2.488960866928362492e+00 6.250774768462969533e+00 4.580073586776220118e+00 7.880633413149568112e-01 2.727036055272880954e+00
