2.468701578076194725e+00 1.361672508541126980e+00 3.865420198988350986e+00 1.851297221627206113e+00 3.711673900231454049e+00 2.183470071600593698e+00 4.476554518919243719e+00 2.559136176606197299e+00 8.740976803428172071e-01 1.314248691140924574e+00 5.587042554986212828e+00 1.310666523969939767e+00 7.851938057952043692e-01 2.298608331627804091e+00 5.494466641391102080e+00 1.475726525367254460e+00
4.177904977947799026e+00 5.183607943289900710e-01 3.294923322126886767e+00 5.380436006171983365e+00 1.362645313319722273e+00 4.933041323765379182e+00 4.158512459340028555e-01 3.989331960946079558e+00 4.461415719947273040e+00 4.651212861669542065e+00 4.026420750272201587e-01 6.153719324986275829e+00 3.258249738461607148e+00 3.067426494643233692e+00 4.086248276870532714e-01 4.154917839091845977e+00
2.508379021253215879e-01 2.434762717133400312e+00 4.833691080318106570e-01 5.558293140277033029e-01 1.897979559911759484e+00 5.946219475254371112e+00 1.643487725290872836e+00 5.278342902966927319e+00 2.449160374717976651e+00 4.259574911423871235e+00 5.699157924102733475e+00 2.276369076086686150e+00 2.761561444208070260e+00 5.715952559363178809e-01 4.986018013839931262e-01 2.490336593276494703e+00
2.838381816369442756e+00 1.990236679212805893e+00 1.132413614242598010e+00 1.152805168598566965e+00 4.548869128005496698e+00 1.284101224625722404e+00 5.965677324672691739e+00 4.975342454383616442e+00 5.474944313633148596e+00 6.251227538554289254e+00 2.465925969205624568e+00 1.437498377058295640e+00 4.273269102471387804e+00 1.303345293832475771e-01 5.106014699478532926e+00 2.799770831896135626e+00
4.876190270195521315e+00 7.630634370686116830e-01 5.008774839357218234e+00 4.525101906231864923e+00 4.702699061908607980e+00 4.398366308998634899e+00 5.967319162380642972e+00 4.888731224866351255e+00 4.030361040900362068e-01 6.764535002511972150e-01 3.920368988923440767e+00 5.569209351702945732e+00 1.770769826099554578e+00 4.095701089464471423e+00 4.639214238663130097e+00 5.131863551609495033e+00
6.193156915692891396e+00 2.108966529304169946e+00 5.407896818281102691e-01 6.474816558199524286e-01 4.458695435196294632e+00 4.408065736770703680e+00 5.679444142587626310e-01 1.347738359329716529e+00 3.121154288088050066e+00 4.409452261199037215e-01 5.431590019172394257e-01 2.966246929167448254e+00 3.173129230304719162e+00 4.702431786619182041e+00 4.227030942153678694e+00 5.865304207403000403e-01
2.851893644777036219e+00 5.502043297279756828e+00 2.393607865527544121e+00 1.808957947778901287e+00 5.440027972634395859e+00 3.600940168481035375e+00 9.332188863313389815e-01 3.338291439543873640e+00 5.225300168032442016e+00 8.875353447267507467e-02 2.380897994915395888e+00 3.547618554542387503e+00 6.154585278785662084e+00 2.433957381196634184e+00 1.919428550000910283e+00 4.054740749139951195e-01
4.452933315717947926e-01 6.198421165853829962e+00 5.552628770430997562e+00 6.008139504779093976e+00 2.891343405721453319e+00 3.174837789318032955e-01 5.844611672317884477e+00 5.090792949054005589e+00 6.195534398705616397e+00 5.067389967344309909e+00 2.154595232978900654e+00 2.169560797289143750e+00 2.035865070840904512e+00 5.064007282638170793e+00 4.152516248947809352e+00 4.611387607384750176e+00
1.263709687864825071e+00 4.177809050462673923e+00 5.729765597047115300e+00 2.494480765979506742e+00 3.716191718791690857e+00 4.711737529361908372e+00 2.132766834183793314e+00 4.653603102616201248e+00 4.998166352353445419e+00 5.015294080689471912e-01 3.420045330771756209e+00 7.124489334198814694e-01 4.670237986132369734e+00 1.003179814766183009e+00 2.759879576915091892e+00 5.534566585793846194e+00
5.246925229129529633e+00 2.108374743444104027e+00 5.199922181608624072e+00 3.070420442994972632e+00 1.029626064018432929e-01 3.913004163357926668e+00 5.151974999798272226e-01 4.483220151434105460e+00 1.634121360945134827e+00 5.899011897712605368e+00 3.464129203126848466e+00 2.879609683054024316e+00 4.536533574268063695e+00 1.664771543139642374e+00 2.463188813557740886e+00 4.443160241226149054e+00
2.594661565349111410e+00 1.124297814810605534e+00 2.768515683164694874e+00 1.252471198571702748e+00 6.022312842575703762e+00 1.730112842795167083e+00 2.076862090358056800e+00 3.524501011598109912e+00 3.160081223139480144e+00 6.540815983047697513e-01 1.912820246535946067e+00 5.384887383540335470e+00 2.071262638688585067e+00 2.075958832488271621e+00 4.664215307977683800e-01 1.289943874767489895e-01
1.339063289703545490e+00 2.684968193918547463e+00 8.754701310754380295e-01 9.551982205311235763e-01 3.321426897918607235e+00 2.379865214544634178e+00 6.165989400419475075e+00 4.699300133602898555e+00 1.293709135828637224e+00 3.871011584037465703e+00 1.476494822872842505e+00 3.092169323844599749e+00 1.956386263309539908e+00 9.797009278804177379e-01 5.506630040008384519e+00 2.345967296753500797e+00
2.745278602350040842e+00 2.441662499008206755e+00 3.852176041453397204e+00 3.037859101446512167e+00 1.378325706444505805e+00 4.374444980632183011e+00 6.169643367398479405e+00 2.153849912108018572e+00 1.566278258641499610e+00 2.000136339634430271e+00 1.878168342962690751e+00 2.117093445316634348e+00 2.055448177406971055e+00 4.176971761405495087e+00 1.539871744136688481e+00 5.134105965100451918e+00
1.629567798618886121e+00 2.300095088916137287e-01 4.167586631452469881e+00 1.147131883354669979e+00 3.116264321270242554e+00 3.815067985352153523e-01 7.902253083168239156e-01 6.228852317028493069e+00 1.553187098451613568e-01 3.383882540158104302e+00 2.064303377955300167e+00 3.843319842663286412e+00 5.921079028608471795e+00 1.619288490090760035e+00 9.991713234256142107e-01 5.859082569964328968e-01
2.754495485314635284e-01 1.396609572680704625e+00 4.024555200735528082e+00 5.170982442855863503e+00 3.411239548115795106e+00 5.675478983490984675e-01 2.570787388721037292e+00 6.975614057086820807e-01 5.209282603996439498e+00 5.445374712772315995e+00 2.104827665792169622e+00 1.774339066275508747e+00 5.593565367068869421e+00 2.215868044784835789e+00 1.204865786305740816e+00 5.211783511600396462e-02
2.990113664395494641e+00 4.032976314643296867e+00 3.053779950467969240e+00 8.188285948108987577e-01 3.104802909349270723e-01 4.644411684060746559e+00 4.513576677760469558e+00 1.912412618105139739e+00 5.124398685269007103e+00 1.613045264643082399e+00 1.579216391266881292e+00 5.442247725375489731e-01 1.401555983678803186e+00 6.287720171977515538e-01 2.922938088032992265e+00 3.577014634676590199e-01
6.255781997569044073e+00 1.878025331602487524e+00 3.845857438824511920e+00 5.540889967842146824e+00 2.560272577617213940e+00 5.088576669858872137e+00 3.845189253078567404e+00 5.109707068939108865e+00 4.687549667245155760e+00 5.982532506759517865e+00 2.111029239240243882e+00 2.657571171553875011e+00 3.557814895947950973e+00 3.731782643018432655e+00 1.578179545830367680e-01 5.809654398124129315e+00
4.902803498484086475e+00 3.684256579052163083e+00 9.603107048274825974e-01 4.647133254400441338e+00 3.678256764168755244e-01 5.411920955953317680e+00 2.510927052711198759e-01 4.712732414534333891e+00 9.193235901216337824e-01 2.009109223126159360e+00 6.086281406299391961e+00 8.725816649161313165e-01 6.639299173208809135e-01 9.283142832765206576e-01 2.524071608967686786e-01 9.347458560600814259e-01
4.080675307246122152e+00 5.696146452842261176e+00 5.963374974387297911e+00 2.041516705947685306e+00 2.643006347023979963e+00 5.221123616349566454e+00 2.954474960647319293e+00 1.281144842827405927e+00 2.934845640322442772e+00 6.395069752991816570e-01 3.420799196148095689e+00 3.074412229754676762e+00 3.380989771549694822e+00 2.136518467010810163e+00 4.261418094585436300e+00 3.041269915127961188e+00
1.589289829312826141e+00 1.761349530263541574e+00 4.376710630531175816e+00 1.543909182898355104e+00 5.430555960940711024e+00 4.582000413115638437e+00 4.310351458467120978e+00 2.946012769970410172e+00 5.261115590216615345e+00 1.334659959655782879e+00 7.360843801205266823e-01 6.157740759993517443e+00 4.233243570151819846e+00 5.740272128497649007e+00 6.036666904470638251e+00 1.248371783989608463e+00
2.379929278870838605e+00 6.269192346049542230e+00 2.456374701698413432e+00 2.820963103758554191e-01 2.040171268327401144e+00 8.711048307996704931e-01 3.261753457855143257e+00 5.282032404431662442e+00 9.141520200054266132e-01 3.094020442061617415e-01 5.162920439011537965e+00 4.925354118801747560e+00 4.435044622276923754e+00 3.295412485643601563e+00 1.837303006462600141e+00 3.495821165658135943e+00
4.286596237460201131e+00 5.825368215334179922e+00 4.525567835487604107e+00 1.814811293546944038e+00 4.616613213763563373e+00 2.758837479504938184e+00 2.645609570176203018e+00 5.244219689060444445e+00 3.165045878155885895e+00 6.752425884553718838e-01 5.880086648783321435e-01 4.878689955728769512e+00 4.106560460709535398e+00 3.175847485251572788e+00 2.722941306155469143e-01 3.373300709894464955e+00
4.076967053064040059e+00 5.216825364293889322e+00 5.635023158474957938e+00 3.384558939868218097e+00 5.610818861923871026e+00 5.103742941096294672e+00 2.696788156696702909e+00 5.051580049181827015e+00 3.213526667374656753e+00 4.309584908890441213e+00 6.570266308887653395e-01 1.389770199583169275e+00 2.696879338363363132e+00 1.528546154767316700e+00 6.211215795449163579e+00 2.118528252913506993e+00
2.943790769049874800e+00 9.786537402457622381e-01 1.478697374792053321e+00 1.110012233985623542e+00 6.912242873313269031e-01 4.414028953849600256e+00 2.394273640058834474e+00 5.286412372172930141e+00 5.450168817066236571e+00 3.358602192027456690e-01 4.173209539413550218e+00 1.690158113748749136e+00 1.557708272498948165e+00 1.219697563499619664e+00 6.188865935750629710e+00 1.104374716588016891e+00
1.317842717238773220e+00 3.110811262933486532e+00 4.671393940451681104e+00 2.350974015548414453e+00 1.910389938648283659e+00 3.225744028653435347e+00 1.898930282447358842e+00 1.292853109290543534e+00 5.700160265701542883e+00 4.951622954893583284e+00 3.994956812201161167e+00 8.165223998310658926e-01 5.477022889715470910e+00 1.233346349196953851e+00 5.565120711313208623e+00 4.832474700559632907e+00
5.141127894033652446e+00 6.746092883609910995e-01 3.905007852272718516e+00 1.008124855435176048e+00 4.098193620314273034e+00 1.600583149450508058e+00 6.201051491997431775e+00 5.615844023284465969e+00 3.079576935814060334e+00 4.264224590180131003e+00 4.029157726115443872e+00 3.348429662358087366e+00 3.710963835673301237e+00 2.619435687064186613e+00 3.397837306902602994e-01 5.144857215409739837e+00
6.223532908326465218e+00 6.164715036700260775e+00 1.107856715206045006e+00 1.243930236492632346e+00 4.485363111769489208e+00 1.410698184710350356e+00 4.558105001784819699e+00 5.295401858430084374e+00 4.267779892823210908e+00 1.381757496696325749e+00 4.548550469788480655e+00 1.695689726169775868e+00 3.460023395201200724e+00 3.574716855339238997e+00 1.817454461937274779e+00 5.634721302844673818e-02
6.153316990304040779e+00 2.494444829625031890e+00 6.023676164063664018e+00 3.001230642610191346e+00 7.828468270043327237e-01 2.020225017613887175e+00 4.115132706991513345e-01 3.878526530162474284e+00 8.701905665405892387e-01 4.590472649690451767e+00 3.561213567530600255e+00 2.954327433552706772e+00 4.881904632403196942e+00 5.491872827392475287e+00 6.204084941182574475e+00 8.378446233161740420e-01
1.994907922992828819e+00 4.229929365892025395e+00 2.967152551139435435e+00 2.391753075338280521e+00 5.571231494602439938e+00 2.658227128327270261e+00 1.449961836738573873e-01 4.170853602776301905e+00 4.354601132992584334e-01 2.409803831084048831e+00 1.854737024752591390e+00 3.428322648628985725e+00 5.567356437361425936e-01 2.675751161252041044e+00 5.596647004750894716e+00 5.931902519516451200e+00
2.389788398761359733e+00 1.763542652633276697e+00 2.785715036794367272e+00 5.843539292467847091e+00 5.759660767884097865e+00 2.291850214878542680e+00 4.731154221178046626e+00 2.543057702027081035e+00 5.091356602240054707e-01 1.198908217259444520e+00 6.900312553028912221e-01 6.189645745854253533e+00 4.581726235112478562e+00 5.421944128522251383e+00 1.977055070008981064e+00 1.707269603910030797e+00
6.217428435584402280e+00 1.782668352208107931e+00 1.639378489207674594e-01 5.536955482415539809e-01 4.026803154715531186e+00 2.140100185926253840e+00 5.430384405988413210e-01 1.521609120501363099e+00 8.783985496304331786e-01 8.754987523677434380e-01 3.256955049707443983e+00 1.223690672871035723e+00 5.599788937267700106e+00 2.443431404348870295e+00 4.081862926253514878e+00 2.761321710345579827e+00
3.400705771138981870e+00 5.331679683871158204e+00 3.235921166916296166e+00 5.465147118100982304e+00 6.568526978990092413e-01 5.216146431816071960e+00 7.317550538328854159e-01 3.128821866708590083e+00 9.893233263692498003e-01 6.845702200510599411e-01 1.029759568544559301e+00 1.057517612380054484e+00 9.599276915375055952e-02 3.953104264971177617e+00 2.068140189972726528e+00 5.614139372892484658e+00
