2.486729381682810214e+00 1.691826176443443686e+00 6.109846179351118955e+00 6.047907313785688466e+00 4.998305784511908101e+00 1.516059883268954689e+00 1.649114939864400275e+00 6.394794509659116333e-01 1.883433116752521175e-01 1.464874649928206818e+00 5.549552320399138594e+00 1.801823908275334452e+00 3.502997776800469865e+00 1.944847256786237821e+00 2.135462941071743170e+00 1.205268761557591217e+00 8.694942512947373414e-01 8.135128806195127682e-01 5.861791709266011452e+00 2.273182513128668258e+00
3.683580628517462596e+00 5.249886643686079601e+00 1.390104462892609583e+00 4.442320033029203863e+00 5.794454462062074152e-01 5.060058603631986784e+00 1.514877472538686431e+00 5.625706439569972545e-02 8.495144113624533144e-01 5.291598003850936927e+00 2.548315728435342820e+00 4.734750213654330131e-01 7.490524189952976197e-01 2.690127810525229535e+00 3.235457196270778990e+00 2.785530708558952018e+00 3.845425610578687703e+00 6.928206893466886118e-01 1.444500978099516386e+00 3.969279019833557687e+00
7.755218414279019257e-01 5.658542158377104059e+00 4.523255746514220910e+00 1.024771719999991726e+00 2.608788997533712184e+00 2.109106722540713630e+00 6.233198096301946656e+00 8.481789377310300360e-01 2.421661764514426891e-03 5.349410959510012553e+00 5.444823833028864524e-01 5.404003336150966952e+00 1.509423206644584292e+00 5.624821208507789549e+00 8.775555218068824548e-01 1.828793134226548212e+00 2.303248165503835487e+00 5.103617959179858943e+00 4.905780545207039545e+00 4.707609481921096517e+00
3.460933029268514538e+00 2.721634794815043890e+00 1.336546163108580654e+00 2.152952858706150607e+00 1.754095929100626949e-01 3.929017995261737450e+00 5.405725207684671574e+00 5.206644584437480461e+00 3.787648008108023934e+00 4.864665222099477049e+00 6.564581384122476770e-02 5.451080877931029356e-01 7.570056620573916151e-01 3.392117321979799982e+00 6.042846405769763507e+00 5.775760377656975031e+00 3.222173875458918868e+00 1.858323428913169817e+00 3.467346812747187368e+00 1.212617146951954217e+00
1.902163289050005535e+00 5.823663711950104904e+00 3.089129915682771732e-01 3.703182116348548991e+00 4.638928631882069276e+00 1.239536449340538526e+00 3.976073743446002062e+00 5.312344251626061054e-01 5.277150259697579671e+00 1.866287396088946560e+00 3.186305688898662059e+00 2.118105871228058046e+00 4.334882277662230443e+00 1.699968770262232143e+00 5.915196318225097727e+00 6.261064037014971717e+00 5.129628005664834234e+00 3.980879472263314511e+00 7.310969019928295065e-01 1.886968878554239337e-01
2.507293044826262030e+00 3.684314733373609041e+00 9.351475829991197086e-01 5.310012176246386773e+00 5.156088881444248706e+00 2.357637645197515397e+00 2.757809051970056657e+00 1.958643211181238186e+00 4.047851295850589892e+00 5.643194296550961830e+00 4.109811434231672500e+00 4.750212900860471876e+00 2.213561894425290166e+00 2.307715751743181443e+00 2.615813271368193860e+00 2.377973264146897137e+00 4.717145097094713968e+00 5.562303433114529128e+00 2.510858259818375959e-01 3.795406303098383560e+00
1.285223619875078160e+00 4.893879058176782593e+00 5.185612177533617029e+00 1.419785232882147641e+00 5.514778182081220947e+00 3.759646802164454904e+00 4.712712865297037368e+00 1.278763770851847337e+00 2.148850677332383163e-01 5.839331061352193153e+00 2.168409796964862135e+00 5.132063775498684421e+00 2.487676120364620935e+00 2.122546652671021938e+00 5.003438786676438710e+00 3.066160419068855170e+00 8.071442872986346606e-02 9.909668012984405028e-01 3.105564214307810378e+00 4.659037627144028804e+00
4.436243073690488536e+00 4.022296630299848075e-01 3.982210017286123005e+00 5.229240413714928426e-01 1.313333111300038603e+00 3.463940532861180532e+00 2.030822550058839493e+00 3.836158717299731347e+00 4.745496232438676465e+00 1.460305200703088557e+00 1.137790304185058110e+00 7.863883779280635977e-01 1.591879648997138075e+00 5.397411405843402399e+00 2.210378293266263228e+00 3.691737654245157846e-02 4.139358391046285668e+00 1.969990523111089686e+00 5.082968095159309030e+00 1.384956190247871533e+00
8.945654061312079408e-01 1.802315956685184961e+00 5.489555251056325247e+00 1.583860100403382098e+00 5.065266461660852260e-01 1.747962594569953676e-01 2.511549038464993888e+00 2.906282174971427601e+00 2.237850257910764640e+00 3.822608221810809059e+00 5.240167590937629072e+00 2.003772146705988355e+00 2.667067835531029552e-01 1.181786432833271894e+00 4.042388956879251261e+00 2.614118118583251160e+00 5.337228990904863579e+00 4.893963110506163616e+00 9.537336343795445037e-01 2.567680705355027904e+00
1.493181172812304780e+00 6.236690146870087048e+00 5.991175091131171193e+00 5.186987556886716533e+00 7.063179634303060617e-01 5.596954485725630590e+00 2.082685475881232762e+00 6.030836680469573885e+00 4.649208820670913234e+00 1.838964431527899235e+00 3.303321084514931449e+00 4.826279811989233615e+00 4.501669914236046566e+00 3.354683699899507321e+00 5.174359548935455244e+00 5.527433322873397614e+00 1.823241516798060013e+00 1.468832036042847511e+00 4.874559336627510397e+00 1.050342764816565078e+00
1.520133676558164337e+00 3.104656418666086104e+00 2.933875909263646165e+00 3.739542235858077379e-02 4.839797787992003109e+00 2.619326956214861113e+00 2.366069654829203284e+00 4.459293958765529808e+00 2.749525135224468730e+00 2.852970883743328301e+00 5.109492343727844776e+00 2.615412687100329148e+00 4.136947815530348294e+00 9.891054376490110434e-01 1.634985802142522537e+00 4.544368714379322327e+00 5.300040130605668587e+00 4.754836785494464202e+00 1.515486011313243564e+00 2.821535093072173428e+00
3.409065430605744407e+00 2.273968212440478531e+00 5.034900456592488638e+00 3.675262564604975246e+00 3.878200475320613627e+00 5.085585154881365533e+00 2.092661286241340526e-02 1.075457126764102878e+00 6.103453734188744484e+00 1.358423216347905083e+00 2.545118358998475827e+00 4.572533250837034657e+00 5.698167494930754806e+00 5.153667420518734943e+00 2.437893844883897376e+00 1.966689500387014400e+00 2.679187542767571983e+00 1.831757920945214391e+00 3.971876172478591815e+00 1.680229345149839126e+00
5.400138521018219562e-01 1.602348397802438429e+00 1.242076031461597285e+00 5.607689946189354790e-01 1.378588022131464141e+00 3.521285220757000012e+00 8.122614134554851928e-01 3.408180825140348258e+00 4.566288407740358934e+00 4.792483613218796457e+00 2.188646149430967025e+00 2.983145584278996676e+00 4.064490811644113633e-01 5.160540359395170418e-01 1.340974144630139531e+00 5.392472118153130545e+00 1.680485356098655236e+00 3.017870983977026356e+00 5.764191258919246330e+00 5.618558912499011626e+00
2.967307540448676395e+00 4.710106734491819935e+00 4.344969063717551983e+00 4.179173139042194229e+00 2.592064374099734003e-01 3.669902217697624369e+00 5.408543588776080213e+00 3.047410592670292129e+00 1.513396423905549515e+00 1.903622909881964143e+00 2.897236535706743332e+00 5.542874861575483258e+00 4.358252400184985831e+00 3.454460881642644310e+00 1.340130720535457343e-01 5.810780865348947444e+00 4.942388148015937510e+00 5.310438198111389951e+00 4.451526361670916643e+00 1.277965974185072184e+00
4.110436886037432735e+00 3.840489392474309760e+00 5.587894813505869251e+00 4.033700693731760545e+00 5.548010057463044653e+00 5.416313271054263190e+00 1.948755915470687938e+00 5.150382589348778239e+00 3.097242254530714958e-02 5.881516739090439927e+00 3.987189663893213609e-01 6.041124754790318185e+00 2.176581714002170820e+00 1.992977699314969764e-01 2.563603743242019117e+00 3.941804103984668517e-01 5.490661306498616501e-01 3.445451314877195692e+00 5.851044045811681471e+00 5.470484560441398969e+00
4.194073485158285486e+00 3.110458933846998342e+00 3.812767938762507303e+00 1.376190266754232283e+00 4.604535728179167009e+00 1.434574484171215580e+00 3.213077609891708430e+00 4.600830415684658559e-01 5.127185284877359805e+00 3.355583830346279495e+00 4.862697403558079223e+00 1.065802791460214172e+00 4.727221928748187807e+00 5.952294332101626395e+00 4.032994537622747622e+00 1.525157987131089188e+00 2.439484368910071588e+00 2.440589459313380782e+00 3.875215649109564620e+00 6.075338272454811062e+00
6.948600844818872968e-01 4.282573290385758291e+00 3.645319314697554436e+00 4.786220179054129886e+00 4.060327054306914540e+00 1.574012101060367597e+00 3.278281668184592323e+00 3.813804096639309638e+00 3.816170373297126606e+00 3.917970280503865865e+00 1.433179123810506050e+00 1.293954015451590056e+00 5.971419523389512207e+00 4.551310916060149481e+00 3.613589023910628306e+00 2.251425022507025808e+00 3.760935428178991291e+00 6.087675610793682246e+00 3.459984278121764234e+00 5.470935628227600489e+00
3.817274487332842803e+00 6.000658752610633861e+00 4.577781560579162523e+00 1.031164388822686462e+00 2.865876833883641339e+00 5.464987558945447077e+00 1.441991465246454385e-01 3.474878682058510360e-01 2.442317058122749796e+00 4.582086147273652266e+00 3.786120678242935966e+00 4.510494547195476045e+00 2.675868959689046811e+00 1.812002137425626547e+00 3.069899535575737914e+00 5.276791285916934804e+00 1.247453539576060200e+00 4.868622317781535536e+00 2.325902518349913795e+00 3.946697972058122450e-01
3.869938545842418698e+00 4.594786645505440248e+00 4.068927273318889704e+00 3.991053229949448333e-02 5.765727905326632374e+00 2.061289998164307136e+00 1.547144568098966166e+00 2.593993606456579837e+00 2.664271519523900178e+00 5.924659887824969218e+00 3.726414486748941712e+00 2.034472878898004655e+00 2.162704449666257300e+00 1.830988134779492960e+00 2.299465520608255709e+00 2.561837755208402623e+00 5.131436335545348726e+00 2.551050095972488663e+00 8.962884181036924192e-01 4.172497979570549020e+00
5.632386653589691150e+00 2.891808092005447417e+00 6.115196942340853425e+00 2.992634340321159048e+00 5.907187185084544545e+00 8.028339150451966333e-01 3.786908845300454018e+00 4.075943364119461343e+00 4.754634879523089275e+00 4.740658670953081355e+00 4.512511401696192692e+00 2.400819267913744781e+00 4.691095808219496455e+00 3.215052233146277416e+00 5.832188220740595064e+00 6.690432984046797982e-01 5.049933876500237950e+00 3.864540937992766878e+00 4.770225170562295780e+00 2.307494516727744305e+00
2.616261064104301592e+00 5.810866408120585191e+00 3.296850862671784732e+00 1.144236785752843044e+00 2.925263966934843474e+00 3.655002530882208056e+00 2.416861310826862841e+00 1.344733481211468185e+00 3.408355889351996737e+00 6.196439444881439051e+00 1.167582855182352608e+00 2.352435905731168564e+00 1.181435763367918002e+00 5.010824489622970113e+00 1.203153174515697810e+00 5.674029137405740997e+00 3.004364364922267328e+00 5.050535201712829547e+00 3.462242930433462540e+00 3.629647116688261566e-01
2.040402101482434727e+00 2.636752681218496708e+00 1.916978715626883600e-01 1.188434698737901085e+00 7.165175318259923154e-01 4.266285758673107331e+00 2.565040489337656826e+00 5.248325787336866277e+00 5.356004472664858795e+00 7.347373744683132202e-01 4.787012163964297073e+00 4.115656607216125473e-01 5.784368493594377547e+00 2.423646273053665923e-01 2.603429248036074117e+00 4.915004831048944034e+00 4.180804150546099107e-01 4.396782600576326416e+00 5.857190411391852258e+00 5.266489220060697640e+00
3.440502763955552989e-01 2.322268576195505307e+00 1.792398356413100302e+00 1.955440521179365509e+00 5.795531046201949366e+00 1.445008975911258986e+00 3.822330493751860292e+00 1.242096494502146653e+00 1.522258391614401241e+00 3.811820469489948238e+00 5.240171323819399873e+00 4.498269877644752945e+00 5.562258806616190654e+00 3.392268741720093850e+00 4.366615751838217818e+00 5.069908849492675174e+00 1.383356333013749273e+00 4.686725438321797554e+00 4.373916629029666048e+00 1.022079073177687425e+00
2.253049906815783210e+00 5.409267563540140600e+00 5.869003997667567418e+00 1.813106811195407397e+00 4.290175691302189342e+00 4.651493679336086373e+00 4.856677141319186042e+00 3.301676749162985036e+00 4.129644996445311911e+00 2.563934414442619492e+00 3.453118638344507829e+00 2.893852214152174085e+00 3.468193974378014577e+00 1.966846713184681628e+00 4.015365305913944916e+00 3.812984751846759113e-01 7.306667735135202735e-01 3.434021932843645430e+00 3.357162721608962119e+00 4.054058767829491927e+00
3.719388972383658398e+00 3.631005271846763915e-01 6.073412579591565968e-04 3.094621820329139794e-01 4.385747224776348041e+00 2.827932425172213993e+00 3.190213176946435247e+00 3.242892785110770948e+00 2.616416727411478238e+00 2.867170773256359162e+00 4.258369029814917717e+00 3.487259192399620122e+00 5.927928121091951219e+00 3.063156551565671126e+00 1.351598525964426145e-01 4.712004258011374347e+00 5.682992017691149700e-01 3.706930987520520748e+00 5.694631352311843031e+00 6.691822289806279578e-01
2.963435878553514868e+00 1.392826533893005481e+00 3.852534066832269843e+00 2.341920678074787876e+00 5.686514333546972111e+00 1.442025642168136557e+00 1.584439860323938243e+00 1.729156852218024731e+00 2.995375115098024565e+00 4.561445526311008969e+00 4.743384437199182457e+00 2.094216565396305185e+00 7.334265825730029720e-01 5.088908924805237710e+00 9.635035592812746241e-02 8.870895606533009126e-01 2.710041407777166622e+00 6.202994710297900838e+00 3.805653262054488284e+00 5.479052765304621708e+00
2.136623257043723800e+00 1.849023346689549374e+00 1.098211695181711134e+00 5.261819351833108449e+00 5.844650656506388486e+00 4.391536868758843859e+00 4.838426006859674722e+00 3.240354067360148971e+00 5.008022729962902986e+00 5.309952001870293925e-01 5.260659929803690460e+00 4.811326724705194402e-01 1.154352503687638837e-01 1.791187844577278865e+00 6.068666500049291201e+00 4.867325483336233383e+00 4.352282045691564072e+00 3.076602277541928387e+00 1.875709684339046390e+00 6.272122360914877959e+00
2.670408260422130642e+00 1.319129870693186435e+00 4.607199326391785199e+00 1.632615904058619449e+00 2.923059537507630257e+00 4.891874478030628026e+00 4.603941204485733074e+00 3.992576033402018609e+00 1.942824232481948243e+00 4.656345553628249867e+00 1.090419018706512144e+00 6.005794346235204806e+00 3.104085826520331270e+00 1.144387693308076770e+00 4.737163334771713252e+00 5.932107934537327765e+00 5.614474606475714502e+00 9.077680407233678084e-01 6.220325869506724281e+00 6.210139990168243251e+00
9.671884936172120417e-01 4.891867012956200078e+00 5.319600997507368589e+00 4.512201943350762967e+00 2.897206913496355174e+00 5.266707021255890631e+00 3.478238583466103373e-01 3.945448582234099444e+00 4.407421957227882992e+00 2.943131381802112756e+00 1.484131106443959403e-01 2.818547470134253885e+00 4.900115408695633334e+00 3.720177530472526528e-01 2.146773108971201882e+00 6.080686214184743754e+00 2.565920907038412135e+00 4.644188896169145764e+00 5.271364692457012335e-01 7.511190024005812704e-01
1.799254827152460212e+00 3.998589535867479228e+00 4.489169889603712882e+00 3.119875742748595915e+00 1.481559296028354789e+00 5.049616066774422762e+00 3.591491679091646461e+00 4.541207352347411685e+00 5.572746199065161221e+00 3.874913905547260340e-01 2.470727277042776393e+00 6.318316595520000467e-01 4.798871723605563133e+00 5.206099649039021005e-01 3.790194804126567174e+00 3.065790546746740564e+00 1.840046959171976138e+00 3.079478916544933664e+00 5.318843068304154542e+00 1.011790197047075290e+00
6.617531869767175889e-01 3.737671403239102741e+00 4.642304927314689245e+00 4.399214641600722508e+00 1.027306586537670929e+00 5.112827732895732780e+00 1.185031065286863139e-01 7.213651037980908232e-01 2.948995057426888167e+00 1.899908842060364700e+00 3.542617222666349708e+00 2.171926108435615177e+00 2.300732593231231249e+00 3.960747480679502441e+00 6.080360352288759207e-02 3.285013853338514256e+00 1.107351156148665416e-01 3.551184354320487291e+00 2.602238250239397033e-01 6.031892869904401877e+00
1.702018123250250481e+00 4.119674669072672657e+00 1.235697639824024696e+00 1.173805513603258577e+00 1.964592051333143852e+00 6.171622113173055091e+00 1.406871672749450353e+00 4.568091660956707933e+00 4.278510435046892213e-01 6.235110831669024911e+00 1.216140699139130366e+00 5.556748969260000948e+00 2.407908080342130219e+00 2.457741293615101963e+00 5.123938442655835424e+00 2.792225354203498267e+00 3.410365012359378056e+00 2.647285977595426942e+00 3.072549788178372765e+00 1.230021042739470438e+00
