2.084968199660506727e+00 3.644690285347378822e+00 2.313387967277240609e+00 3.298627225455889711e+00 1.553915659959202777e+00 3.190053481436442517e+00 4.621626151563567930e+00 4.802850436386580490e+00 1.927258752835173672e+00 3.315741082279182184e+00 8.535218700788603785e-01 3.447092306640318515e+00 1.073391784574995733e-01 1.337317286288827178e+00 8.930744748536877387e-01 4.948648460918994907e+00 4.613361096588003640e+00 3.884359934244058898e+00 4.487977288261045139e+00 3.680628150176055158e+00
2.724536089065115796e+00 2.284106664243429563e+00 1.589436223224117928e+00 2.807066964757449323e+00 3.656604799719800791e+00 3.336663236554423317e+00 6.103028727326995195e+00 3.508269081636039566e+00 1.351557129567261040e+00 5.109794080437192854e+00 1.950488929172002894e+00 4.874534336681700886e+00 1.790167260502255608e+00 5.577562081525991644e+00 1.912270046152481640e-01 1.051704449346987369e+00 6.431547430930709686e-01 5.996013358482044087e-01 1.020562412546850872e+00 1.520723438040817443e+00
3.423391008033575211e+00 5.966816782205415670e+00 1.905230576212793681e+00 5.171700340730396306e+00 3.189827524615536092e+00 1.917871401979305501e+00 4.488603784056779844e+00 4.033967670148577156e+00 1.977442326793501071e+00 6.111355234721870033e+00 2.789820543608457992e+00 6.005736845809489743e+00 2.691334372786911455e+00 3.568118366079718662e+00 4.645176661483795932e+00 1.536497439414306054e+00 1.923466682900057734e+00 4.672927993880018782e+00 3.291927774687970487e+00 4.270958124701975223e+00
3.281596095990703787e+00 3.029782853284383570e+00 3.198600561592483071e+00 2.725759225101068495e+00 1.045107695317506469e+00 1.051443535089357173e+00 4.832058817407486551e+00 2.369324375051075293e+00 4.327322762619473906e+00 2.061342219891487915e+00 3.271769272071699319e+00 4.682636944219811248e+00 3.061618079654103042e+00 4.225002090654122355e+00 1.059595513041045045e+00 3.483965104651743694e+00 9.945831998342569147e-02 8.510686856602398542e-01 3.619700958631186793e+00 3.280988776241009486e+00
1.402526813878840040e+00 1.640912618780179688e+00 1.359985815039837620e+00 2.362706023507794129e+00 3.190365699293504331e+00 2.033276584503300288e+00 2.506077531363810618e+00 4.347291936101440157e+00 5.491456969364488572e+00 3.539389127942923707e+00 1.040169150357376671e+00 5.348126438208864464e+00 6.179582786954817664e+00 5.210330928081241986e+00 2.536922310192139651e+00 2.599483313621849812e-01 4.053555516568352890e-01 5.926365998155557868e+00 3.796178149620051734e+00 1.378338909706079196e+00
5.961838916512500752e+00 6.062310740213987970e+00 1.393331717914132017e+00 3.490750606815629986e+00 2.643251615375844299e+00 5.909702003412594884e+00 6.214257452370338441e+00 2.989586821826145879e+00 1.541691864520045252e+00 8.009039577921396313e-01 2.459787163924964659e+00 5.419487155846096194e+00 5.597295261733863381e-01 7.749183784867531566e-01 1.920350821545891762e+00 9.844519362898153103e-01 3.974411809814930585e+00 3.857253366180720011e+00 4.485320350571316617e+00 4.212312196287198773e+00
4.445117350228876774e+00 4.524991702785734482e+00 1.141323009481228112e+00 3.155822083294267166e+00 2.675963330895276826e-01 2.826885920023320065e+00 5.939501965202071965e+00 1.692531907963981341e+00 4.056410939112671699e+00 1.986927052741807698e+00 1.833889285270510872e+00 7.998156880711311256e-01 5.630024476716622317e+00 3.703898091143550175e+00 1.590958103411048707e+00 4.606746838967703539e+00 4.132895987477308353e+00 2.649578093057693540e+00 3.693715280880048302e-01 3.610482396206228906e+00
3.903829563595952123e+00 4.598086811016978692e-01 2.805551502094297822e-01 4.330581762303593041e-01 4.804394448851062371e+00 5.877597862036281207e+00 5.359188927430801108e+00 5.030365567966132989e-01 4.163205037789184715e+00 1.896842371861841681e+00 4.292363593214459705e+00 3.956285166166317868e+00 3.790829201575482088e+00 5.780414326509000666e+00 2.721592170461064164e+00 4.257364264614143856e+00 3.901857371307077549e-01 2.454707395513534784e+00 5.650477150549873429e+00 1.186467620172375170e+00
1.565054884434676552e+00 5.454216931708783633e+00 1.664070603477562971e+00 2.011582355367002695e+00 3.545401116958677434e+00 2.775991788150380390e+00 3.561943415723003881e+00 5.629902327651072014e+00 3.459261461053487086e+00 6.271114438582015893e+00 5.259655766431498236e+00 5.126230263955520172e+00 2.340725681167795447e+00 1.338066558159977770e+00 3.466787293955464921e+00 4.442766968915353054e+00 2.629190370712046310e+00 5.643638663425899260e+00 1.321196690341521984e+00 3.237173054016460494e+00
1.475943105552760759e+00 4.710610188800194997e+00 1.295696164535619921e-01 8.971879438279596330e-01 2.091099792271672086e+00 3.304397971875001172e+00 5.671228352173196541e+00 1.097182560648728655e+00 3.662525485162081207e+00 4.797980342788606301e+00 9.997736169661658456e-01 2.479664233255030936e+00 1.159392416540822923e+00 6.282020858696728993e+00 1.533321681769333367e+00 6.420237449967957089e-01 6.139031184907782768e-01 3.106869942894542547e+00 1.461479420902586535e+00 5.329065815499168579e+00
4.266897558174327365e+00 2.383050571069527113e+00 8.722786412792086219e-01 5.033827411843596167e+00 1.168923840051933505e+00 5.445964500114985007e+00 1.874597843787223939e+00 2.083486766968905890e+00 4.094538696127280275e+00 4.712064771202049585e+00 3.368312203103863922e+00 1.129911224004543246e+00 5.500860142494866656e-01 4.826425316956329148e+00 2.809725197843030653e+00 2.480790327124180017e+00 1.734936695794319084e+00 1.047368136180446774e+00 1.528189370629454702e+00 6.214905295620472891e+00
5.807724664365165879e+00 3.444106007588356277e+00 5.880510141474976749e+00 5.108542931101204942e+00 1.289730717812842098e+00 4.761010817623430036e+00 1.037755391773482971e+00 3.196184358450514296e+00 2.690476464514017785e+00 4.108937363403436294e+00 3.641950505791405224e+00 5.489437786660753993e+00 4.021640574127139267e+00 4.510743159846083650e+00 5.420920387967957055e+00 4.223937441459358233e+00 5.773578180060026988e+00 2.897865242028049071e+00 2.269128269676734977e+00 1.099711169004614852e+00
2.600563277936228435e+00 2.465854589692498600e+00 5.676275793789899105e+00 5.902953406696044958e+00 1.466110694545762927e+00 3.740274952651962970e+00 4.841723766645190885e+00 1.023208552493936718e+00 7.460245923682702340e-01 5.240034220040606705e+00 1.880109230139885179e+00 4.580846102354019234e-02 3.906625092995995807e+00 1.321502786835394350e+00 4.629289781083414823e+00 2.996672543952450862e+00 2.906617564688902533e+00 3.484771743265150601e+00 1.489591329044930967e+00 5.439835549958942806e+00
5.157097390146141436e+00 4.013742714220438046e+00 5.904800004156860460e+00 3.202287832216089924e+00 4.497000492782453840e+00 4.259345580599341652e+00 5.994720449085570557e+00 2.324510978677482687e+00 3.808483584280135226e+00 2.843677485562884577e+00 8.162053544701427521e-01 3.645574779528700571e+00 2.821956035235294369e+00 3.021473382710871736e+00 5.825770640276981105e+00 2.045382291282011433e+00 4.034457742113586876e-01 2.954944474812433164e+00 5.233189470734135540e+00 1.732660111586077356e-01
1.306900695295434289e+00 4.360600180888476451e+00 7.080889963817833532e-01 4.952481522889566889e+00 4.677147375647171756e+00 6.012940038738267212e+00 1.071159993031963742e+00 3.405026357191817343e+00 5.905516178005544070e+00 5.244082601237237684e-01 3.462265810753017092e+00 6.010053054166017539e+00 1.059839476506608369e+00 5.255566926728533872e+00 5.779270065731286543e+00 2.636111665635507695e+00 3.210761419637368608e+00 3.939559747077746366e+00 3.464618691863013744e+00 4.632217370645363985e+00
3.203801417550474623e-02 5.599983972163679269e+00 2.100055781754492479e+00 1.294368760436057419e+00 2.989254356985344696e+00 4.725710822693591773e+00 6.176200315900085336e+00 4.667099314938613297e+00 4.487790226501783053e+00 3.066194134207163913e+00 2.510199564193524857e+00 2.229194749317132906e+00 2.457682933437928874e+00 8.655415668650722205e-01 8.238338466333012811e-01 4.483874470625405451e+00 2.537107993745169043e+00 3.812870356541335770e+00 2.555620059399411392e+00 3.786848617344319212e+00
7.533947174665686086e-01 1.281007388172356043e-01 5.674037870715273435e+00 1.872781149109688625e+00 5.419401235458647825e+00 3.700045684065606522e-01 3.601412283176341766e+00 3.610035528126562809e+00 6.249722568916748600e+00 3.584522466633977000e+00 4.591854537107160183e+00 3.430197820078805471e+00 2.408723202760045368e+00 5.484462781771322071e-01 2.275338400776278025e+00 1.677948298472646371e+00 3.555517406252094670e+00 1.802583665005623101e-02 4.179355793317189871e+00 4.249188292717684945e+00
5.029085542632955708e+00 3.201722225119110199e+00 3.558787412403898287e+00 2.532197320309820476e+00 3.611356459982713929e+00 1.767888372588480861e+00 4.433571437576882879e+00 2.235301704222130148e+00 9.436010969745931565e-01 1.833972925383429708e-01 5.321253411376249076e+00 4.038859454077119437e+00 5.795008547823549350e+00 2.661248588344097499e+00 5.548758400297775673e+00 2.776128354159544731e+00 2.511329198580066535e+00 5.825903127563364592e+00 3.206613721046292387e+00 5.804200877097339450e+00
3.144721456694086648e+00 4.677087397304953598e+00 1.074983980737968858e+00 6.595908829478480673e-01 1.817816308167388428e-01 2.418962485847915289e+00 3.952041022229571432e+00 5.730192469828693236e-01 2.930125383236293235e+00 2.836220435835312248e+00 5.663565890967800165e+00 8.085232032948935776e-02 1.847030476222090378e+00 5.188418977490333539e+00 1.500328369961111186e+00 4.665678189254235164e+00 2.335463662426365605e+00 2.445587729519866471e+00 5.673960831267068627e-01 1.412605555438854743e-01
4.628438516396684577e+00 4.406801454512367044e+00 1.279185542967399059e+00 3.968856777346376319e+00 2.168007243103136972e+00 1.312787442864439491e+00 2.691347468549731392e+00 9.721387555194619390e-01 4.299443649394327216e-01 1.264614394847807910e+00 1.456370429895043506e+00 5.677259247195890701e+00 1.619836048567872222e+00 2.390606986581448101e+00 5.514623127501092625e+00 5.198786359027369325e-02 2.377526396483785831e+00 3.612816640724232364e+00 3.794174147381403461e+00 1.672974741285631950e+00
2.803222738429008487e+00 1.522596220402039346e+00 1.797763858544888960e+00 5.184075669111264162e+00 7.920993204469219950e-01 2.200953623143415694e+00 1.514490122904822877e+00 2.597690408571963427e+00 8.135296383685551858e-01 3.007258394524585376e-02 3.644290706503168220e+00 4.307190294074824344e+00 8.835212647276684539e-01 4.350668222620572401e+00 1.082984743529486593e+00 5.406640738460675166e+00 3.298849992970918077e+00 4.330149661437877384e+00 2.995085718924288987e+00 3.942925851949058647e+00
2.620181675274738886e+00 2.860370820818483484e+00 2.870221834489595558e+00 2.694877733094727668e-01 4.194603616362391207e+00 5.288400286598379796e-02 1.398397392716608456e+00 6.084664601167004250e+00 4.655231146499156480e+00 5.471195911799555667e+00 3.497995096780188273e+00 5.250263367572022943e+00 2.624259481086733459e+00 7.155027656694799010e-01 3.188953079413971547e+00 8.132585559477972792e-01 4.397376321001560839e+00 3.227814308665782672e+00 9.865650162538197598e-01 3.780417087333975079e+00
4.398403277209288476e+00 7.242115476387256390e-02 6.160205756842870528e+00 8.419000480631758654e-01 4.040632444421167868e+00 2.811513196977201812e+00 1.008272855809147384e+00 1.417618184508475931e-01 4.221099495692357984e+00 3.660593472286412631e+00 1.419576894801132028e+00 4.233520262134913281e+00 2.727746441839181468e+00 2.432882747433387394e+00 5.903605868603961859e+00 8.475205794409350624e-01 1.694538121081058168e+00 5.013475746170739100e+00 2.349795852258712348e+00 1.885446669853581891e+00
5.083252463882373284e+00 8.394883762257419058e-01 6.132861438005241084e+00 6.431185661806711196e-02 2.264146821111158836e+00 3.855364065421222897e+00 5.705513169889294689e-01 4.418183691060659335e+00 2.379051914058880890e-01 2.872893552261032379e+00 2.891345218523106997e+00 2.625537821511732872e+00 3.074135967379510337e+00 4.569875249310139331e+00 1.786979683680166131e+00 3.695365541225969164e+00 2.374869750447734518e+00 2.132490571727791995e+00 3.385021073884089571e+00 3.725938824368174807e+00
1.138708583753452297e+00 2.389635546967304458e-01 4.068827060552650643e+00 2.952368325210068534e+00 3.874130736341601544e+00 3.500435495723021706e+00 3.916035745680006563e-01 1.576738319802603872e-01 1.184593927145869141e-01 1.758611524181159735e+00 1.667555078045922290e+00 6.095773808528897497e+00 2.020202245548499975e-01 2.027584274958717625e+00 1.421600487932881629e+00 1.543761746202285678e+00 5.079994781730375664e+00 5.620810259103518725e+00 2.438716455469769784e+00 4.773508661709380263e+00
4.760157663567333941e+00 3.666756929348792049e+00 2.488802783260180895e+00 1.086680785103951496e+00 4.528121164335796145e+00 3.737512120490755319e+00 4.445963655465840603e+00 5.817702332996976367e+00 4.430904833288566991e+00 1.537039426905496997e+00 5.153752931087694833e+00 5.125854520824602467e+00 1.034217721130129330e+00 5.105103934524157339e+00 4.835794354257997973e+00 4.682226542560655069e+00 1.500757092731259457e+00 4.477926754061638093e+00 3.778485179694718532e+00 3.601572096389835664e+00
1.774103091465709214e+00 5.043073531093281936e+00 1.605890175873614378e-01 5.312920403282594961e+00 3.296707196880329427e+00 4.555328920202120102e+00 1.837048116508246842e+00 6.237058903651156783e+00 4.403808882613757802e+00 3.260497593318827381e+00 4.453252297171967911e+00 8.138253279967838649e-01 4.438729522309797559e+00 4.289967431515941954e+00 3.610819680664498321e+00 5.921424225438932654e-01 1.877115743638916867e-01 3.704732565250844267e+00 6.174901915041350442e+00 4.574842692116367182e+00
2.450576931735968245e+00 4.532587410890086765e+00 2.995132473414809482e+00 3.462806683124661777e+00 5.430317491654800932e+00 5.848215223078630842e+00 1.382134136668862645e+00 2.506391436430480457e+00 3.957547730674028763e+00 4.667340101954809306e+00 1.797881862518460716e+00 4.182341326001071558e+00 5.384988379751620258e+00 1.116272717141781667e+00 4.872567625511661227e+00 1.322466818896794960e+00 2.154123420250189935e-01 6.029957492382754580e+00 4.129089026632225767e+00 3.699205749267189813e-01
1.781890846421831931e+00 1.109730157181135546e+00 4.209027856907340492e+00 2.575054220271787209e+00 5.490038691457047371e+00 3.303812040785877979e+00 1.388981532404252005e-02 9.500242501384906224e-02 8.073876440582511416e-01 4.072475230880223118e-01 3.915649205320752113e+00 9.937209773099973109e-01 2.867218073268422263e+00 4.077763349665900705e+00 7.122733463592827441e-01 4.541628632223472017e+00 3.961316646619847059e+00 3.069821074688027895e+00 6.167036781820216085e+00 4.197479488959769078e+00
2.412052332194059456e+00 3.075075184571014919e+00 1.881556479018246630e+00 5.180357115600574547e-01 2.185511109891503878e+00 4.063338555739324676e+00 2.135613661563517951e+00 2.055014013161994058e+00 2.304833226247764433e+00 3.843280395361545754e+00 5.801271980698475161e+00 5.561341778532435942e-01 2.246852859013874770e+00 1.542271377764358853e+00 6.154543530670308016e+00 3.610819926526838142e+00 2.240451448254189071e+00 3.795911999750378740e+00 4.389591960399519266e+00 4.710427161566385301e+00
4.553187130478670852e+00 4.935910547344857235e+00 2.024023041964576386e+00 5.839538321009420940e+00 5.854370333835509754e+00 1.451344055229979446e+00 2.236381245163630016e+00 2.393213691597328163e-01 6.083683133146716493e+00 2.635580458392503100e+00 4.175729328681172525e+00 1.147350652938449317e-01 5.165273538866744119e+00 7.163049254193497584e-01 2.821298199941476348e+00 4.739028589770590827e+00 5.137687276217747012e+00 4.100391353700371333e+00 2.983115736180668165e+00 2.843892363403112800e+00
9.268099429437484105e-01 2.474427205816438047e+00 1.516077057310902365e+00 5.689760616201615662e+00 4.435893743970405367e+00 5.432233850808087183e+00 7.853933154480926548e-01 3.043164418054018050e+00 2.833816914669400333e+00 5.863612502980294572e+00 2.751634795118253596e+00 1.731911161009864197e-01 5.178212467372591554e+00 1.040793873289057148e+00 3.518570570196998482e+00 5.658603760437616259e+00 3.596320245924038428e+00 3.394348024210614989e-01 4.674594127253413056e+00 5.505266902558302533e+00
