8.595032694538129459e-01 2.984234967481778966e+00 3.978932203636464049e+00 1.929895789338810230e+00 1.579421120563676562e+00 1.593224142988105552e-01 1.030685071246579154e+00 1.266146444881840250e+00 5.995914150740024873e+00 5.258032016254646779e-01 3.517633968733619998e+00 3.819232102314202848e+00 2.915700012813327469e+00 3.342521300401990469e+00 5.463293888037413559e+00 5.322942632700903509e+00
4.520903562227880368e-01 4.827968002394229519e-01 3.812152795314039944e-01 4.689845331902881220e+00 4.056809096621321942e+00 4.109511790470246062e+00 5.858062337642561346e+00 3.071705990052263413e+00 4.180230131239884628e+00 1.328681871967987815e+00 3.832987595828322824e+00 2.692094889333840335e+00 6.156485656231650339e+00 2.070653087909867018e+00 5.692254156293677703e+00 3.893560886285394762e+00
3.881620734391805438e+00 4.901983398370223233e-01 4.453842344055081170e+00 2.633795261861826997e+00 5.855653582795338430e+00 8.391650758434650026e-01 1.094487961451489744e+00 1.802265601291656694e+00 3.490471460745444343e+00 2.316786854636281312e+00 4.052799946450235780e+00 5.436974236304101815e+00 2.484654983481442425e+00 4.784526767862283592e+00 3.146973560234310963e+00 1.047471128560962361e+00
1.367407598464916996e+00 1.339689398100093687e+00 1.886693055217301351e+00 5.876077524526668761e+00 9.248177519330576246e-02 5.013735127883378162e+00 3.776255839088227262e+00 9.462972656208046285e-02 1.732984075505188959e-01 6.851074199213903482e-01 4.444440827982194975e+00 1.004365321436147651e+00 1.954842136927941842e+00 5.463165878839687295e+00 4.868102064419176145e+00 3.260890579665944422e+00
5.978566903320155390e+00 5.646749831507777095e+00 3.735118630894277647e+00 3.512593629767797321e+00 2.939292477430117678e+00 4.395451188345384508e-01 1.620887119087374373e+00 1.586352888908802772e+00 2.154935969148596420e-01 5.483356221552269538e+00 1.242719196244008728e+00 2.235539051131628374e-01 3.072798383931094168e+00 4.187078710243455681e+00 5.347814679066752674e+00 1.300710230455484506e+00
1.677019947839756941e+00 4.865714123169656347e+00 1.184303372294958523e+00 4.661883956109438287e+00 2.890083225683842461e+00 3.713329277039815857e+00 1.470119474878782473e+00 5.103744006084533602e+00 5.231378077741464239e-01 5.026446170475011854e+00 3.284100514028670537e-01 3.013943402430294238e+00 5.421027486391746031e+00 6.261742752173787174e+00 1.164737833544804646e+00 2.617257012841711084e-01
2.628968300171232730e+00 4.259650833732408159e+00 1.894072169618062018e+00 2.939562059362767599e+00 4.211394242303317270e+00 5.422407875869051513e-02 1.343904820350772411e+00 2.851834504226159250e+00 5.396670117665583355e+00 4.996180715005501760e+00 5.502209590341329282e+00 5.887013004150398743e+00 5.716733161160176380e+00 3.706679431468586472e+00 4.529511045063901342e+00 5.468580104650590634e+00
1.183727785278288147e+00 6.268532586021361652e+00 2.365760100686286282e+00 3.186733691747616337e+00 4.335516416917697846e+00 1.015540050082673007e+00 3.567512583252506086e+00 4.456821355069558344e+00 3.127734080290871077e+00 3.544857744801698907e+00 7.168533743124232416e-01 4.161056450747880220e+00 3.036228865877996785e+00 3.126728681333592164e+00 1.798857785798643638e+00 3.947251763208655895e+00
5.377563030940957667e+00 2.891184080041293125e+00 4.313549550197640414e+00 1.384665041221782023e+00 1.065425615659169933e+00 1.827505717674259733e+00 3.938138863282959257e+00 8.177526241161392484e-01 5.583708918022963097e+00 2.205533424759354322e+00 2.224877044692084915e+00 5.518892438910026677e+00 4.594528579841035132e+00 7.640668573158250210e-01 1.796862340400426694e+00 6.242562230266737622e+00
5.046129774693245418e-01 5.646166590804798879e+00 3.663021959546255868e+00 5.052188944542809423e+00 2.160836501866140846e+00 4.573522288737811969e+00 4.176105884040211436e+00 2.720786410979571190e+00 1.204417112994721872e+00 5.163667135573374090e+00 5.156153966118686149e+00 7.352098182920113745e-01 5.429126520986505611e+00 1.918858872020335893e+00 5.203143904022413224e+00 4.548356431918819887e+00
2.147650771666254510e+00 3.464156871129514315e+00 1.962783710250678437e+00 2.239770057226529332e+00 5.102549210195312490e+00 1.536725295857506390e+00 6.452656559699017080e-01 4.760925637169152402e+00 5.800779554900158175e+00 7.000072772279999356e-01 1.594285793853754907e+00 1.428829018809315121e+00 4.977903577899746579e-01 2.257273234050175326e+00 3.872998853503365257e+00 4.242171680840940873e+00
6.014544440555897431e+00 4.591829064139276717e+00 4.240489828931125693e+00 3.864119086444438800e+00 1.731928109771012636e+00 1.549593855068074122e+00 4.188453070854258442e+00 2.203388056104615966e+00 1.625065413566816108e+00 4.993551829182948154e+00 3.028829066610421172e+00 6.089662361304139182e+00 8.700339344410905618e-01 1.897978258307937427e-01 4.357862217682997308e-01 1.391332478992339583e+00
1.027443467405968702e+00 3.719617167001242564e+00 3.933346053808501885e+00 3.999819486452727002e+00 6.207374251057609982e+00 1.099733234694277195e+00 3.288209926647711168e+00 5.552162882306148184e+00 1.899079274127524197e+00 5.326703543625452397e+00 1.763045725667543306e-01 3.287893709723074043e+00 6.073638597516784365e+00 3.919685347125866137e+00 3.306110071862297772e+00 6.945128068640006314e-01
5.829158593408474864e+00 2.019597175964155777e+00 1.875713718680102060e+00 4.740636873802530182e+00 5.557689989173527856e+00 2.806988075795520121e+00 3.846213991501882923e+00 1.054198778488633081e+00 1.765292846082631595e+00 1.635265043805566865e-01 4.867801443345745938e+00 5.340982642350143195e+00 1.505974885760203774e+00 1.449205840905317677e+00 5.000097799697416079e+00 6.091838350784975376e+00
2.781881104722924825e+00 5.311626297282818321e+00 3.383704878703117203e+00 1.206927287844144159e+00 5.532765273775888559e+00 4.586553559508223188e+00 2.374226189438751522e+00 3.934731629711008427e+00 4.379220557945624037e+00 4.796560202148437924e+00 3.634327931964420610e+00 1.552264936300145726e+00 1.773981019683096849e-01 2.005955114814866214e+00 3.082941321283445557e+00 5.761158916551233133e+00
1.603914491213041860e+00 2.447356106470841119e+00 6.075707007340808374e+00 3.354687182492603892e+00 1.200873110885499750e+00 4.746251608110028997e+00 1.584611110753463059e+00 3.254789345323847893e+00 4.326050414928515053e+00 4.441313183524917108e+00 5.213484201923010986e+00 4.876838542259587683e+00 4.832140684030518329e+00 1.726550037010042393e+00 6.033329145124894932e-01 2.563937366379592575e+00
5.335046442209074868e+00 2.116559142676164740e+00 3.785692379552227482e+00 3.745242699824309351e+00 3.434630608244872541e+00 3.981748764760390635e+00 4.577418990050034608e+00 1.725032972194203040e+00 4.066363927718262161e+00 3.485470522350852529e-01 5.547415980333251007e+00 9.602419034579372514e-01 1.551034277113144899e+00 2.776637087352756605e+00 3.692321719694268367e+00 6.346941712093159271e-01
3.788396258435516639e+00 1.750165316530478243e+00 3.958189000981151118e+00 5.996408582857585934e+00 5.733935166569843478e-01 3.066442258820281985e+00 3.864218269335754297e+00 2.800089936880920671e+00 3.595665049421136183e-01 7.965634812143213006e-02 3.620568930134461461e+00 5.783640360434225691e+00 5.873078052243822178e+00 5.673963892740406578e+00 4.378559172426815138e+00 2.867417111960583131e+00
1.040544406191658222e+00 3.889108447587406925e+00 1.872162821773892594e+00 5.640587470315995056e+00 6.273007706775123316e-01 3.636999722582019423e+00 2.764376944363803323e-01 3.064028307405635143e+00 4.153341435473467236e+00 4.301749012326661514e+00 6.073609888796074330e+00 8.590009071888727865e-01 8.218890036343911021e-01 6.000118083866659902e+00 1.949397547430510969e+00 2.400292436395898399e+00
6.269730216185378513e-01 2.442815256436158045e+00 2.472202493391272515e+00 3.490175772786347164e+00 5.460580438942665538e+00 3.755537307982167672e+00 1.496741562518066671e+00 1.586160682181613657e+00 3.599790078010125072e+00 2.741076826042349257e+00 3.651554199755485675e-01 1.949774669662859283e+00 3.982407362280936947e-01 6.408625027277431441e-01 2.327363904775030523e+00 2.701599704125166479e+00
4.606182530597501490e+00 4.844135240703181466e+00 4.292461618999730000e+00 1.982009623874833260e+00 1.179180087747827982e-01 1.995628270093141365e+00 5.930274090293583988e+00 4.337056687672919963e+00 1.864137467431268291e+00 3.101712439384403552e+00 2.171645773455005202e+00 5.542220768795980135e+00 1.779976767578638652e+00 6.247633944095891678e+00 1.801325610059306470e+00 3.121666185862584264e+00
5.428865394308455272e+00 2.594715533809975216e+00 1.801181038768284726e+00 4.195134510444018083e+00 5.650248538676435395e+00 1.208797561228321493e+00 4.363544701498418554e+00 2.588517221003305835e+00 5.154027192101911403e+00 5.418252855845656413e+00 4.187328147876924866e+00 3.436174076956753698e+00 6.235573848653853252e-02 1.724939528789972254e+00 1.767827821396987353e+00 2.114244931715672404e+00
3.953948576021134587e-01 3.050556166708897621e-01 1.149342349371055727e+00 4.751736191732400250e-01 4.671873631798718618e-01 1.909366338354897552e+00 2.009974579905817738e+00 5.152939590217216370e+00 9.881896336731583741e-01 4.755954037481788355e+00 6.206570687622995131e+00 4.479524054545952261e+00 1.048871822499937601e+00 4.743903410437103396e+00 5.929309177751768800e+00 4.888094982457825921e+00
6.261054585154457008e+00 1.344596923248843057e+00 1.854858085395181932e+00 6.819780725859666548e-01 6.130320902220726120e-01 5.525856773745879691e-01 1.139679172781741467e+00 4.544381500182605116e+00 4.606002597404951437e+00 4.673590848872152925e+00 3.878204170961755626e+00 2.496230050832768388e+00 6.112318562282831991e+00 1.295072396446904417e+00 2.141933008870505084e+00 4.724346356256151402e+00
5.596658477752785465e+00 5.073723148916933212e+00 1.968169756328302100e-01 3.548875063855846612e+00 3.647962039385443944e+00 1.790494438954995493e+00 6.731471835042286411e-01 1.993249562038828637e+00 1.756675036291897474e+00 5.855164589803277586e+00 5.907521546487386921e+00 5.938178300338442739e+00 2.581493876111963015e+00 2.056318905141025777e+00 5.794958710567391869e+00 2.201683959349926223e+00
4.826507235879323510e+00 2.484988665955782938e+00 2.275285200994203283e+00 4.452349325049085316e+00 1.734984710848142542e-01 2.900596663903014960e+00 6.007997735946070783e+00 1.298352242899419196e+00 5.082447287725605278e+00 1.661499765791541128e+00 4.826302460992800469e+00 2.881606622302637088e+00 5.099497770493013782e+00 2.414848694351672265e+00 5.029364616582888026e+00 1.768862561190751137e+00
4.961934965969398981e+00 5.864987247213198501e-02 1.394601203711023141e+00 2.483073652028890521e+00 5.012109658047640970e+00 2.188211924666227048e+00 7.950496920676408674e-01 4.097666824462449675e+00 3.974626415063668983e+00 1.908349288679605182e+00 2.288094284223364916e+00 3.481759596120700184e+00 1.514292804408070348e+00 3.963908490126345718e+00 5.435649502397447819e+00 1.774377550011990934e+00
6.005304236584922073e+00 6.052462940674393721e+00 2.410150602729063340e+00 4.211398953474568607e+00 2.863003661448526582e+00 6.266670102823184152e+00 4.818327727462836663e+00 5.994886133139623929e+00 9.699565426509474397e-01 5.485324407935137092e-01 5.758603277874919435e+00 2.724299685448025254e+00 5.313602028332109484e+00 4.123475228530460335e+00 2.450392062388287773e+00 3.444197219623572614e+00
1.746635241900412971e+00 2.625738192061104037e+00 4.909580140283131833e+00 5.900297937198992759e-01 1.384801445616652416e+00 2.632817860864502091e+00 3.575721407568360100e+00 4.790730429886836284e+00 5.178413260219462799e+00 4.821904784222192930e+00 1.485638506654823443e+00 5.816096566932298373e+00 6.086359595161384917e+00 3.544363398199099069e-01 1.814521679586958092e+00 3.690069008876339929e+00
2.965483239321347053e+00 1.277119897461009623e+00 4.222006644720591950e+00 1.657402928203018044e+00 4.843517230662414796e+00 1.240508309270027532e+00 5.366999445873960717e+00 5.133030254859562547e+00 1.125874703705417090e+00 2.409843824195005979e+00 3.240678860689043095e+00 4.767288789954071682e+00 2.408076336466617118e+00 5.883773648076792817e+00 5.747874402112295167e-01 5.361586474071943442e+00
3.771630876269256749e+00 4.998338708754769266e-01 5.461106506985725417e+00 5.558214990290418989e+00 5.498804383343790292e+00 4.526729307596728091e+00 3.720203774829987431e+00 4.778578897160909555e+00 3.391167413195526947e+00 1.785558094202863710e+00 4.259536623342774497e-01 1.777696664680811001e+00 6.021683944863973764e-02 5.671058038453502093e+00 1.409729540415726179e+00 1.914850410428140318e-02
4.763137197810164980e-01 6.195448125378764992e+00 6.401457914554322670e-01 2.169835698241027622e+00 1.898506965136278701e+00 2.537450301360241856e+00 5.701214134187947202e+00 5.342232977531879534e+00 4.857689835947107682e+00 2.652333741982697113e+00 2.805315195422102836e-01 1.090319995925746577e+00 2.714075859549821335e+00 1.329595686624800675e-02 1.736063500909313051e+00 5.261673721104124901e+00
