2.741403006649760332e+00 4.391887912183213283e-01 4.666297732843224466e+00 3.712228824684840500e+00 1.044818151703052367e+00 5.617307523014323678e+00 3.557087385083887110e+00 4.595299518051541021e+00 9.585784061758464425e-01 2.521327995597192562e+00 4.006894706275089035e+00 2.955854483317793768e+00 2.247501311967998738e-01 2.588387184846171696e+00 1.521724973612620824e+00 2.573466773501621230e+00 7.578480226077208837e-01 4.110291435145782657e+00 1.724937575220413910e+00 6.060937505941987880e+00
5.179170069803155085e-01 4.394401489851368581e+00 5.282811669616318540e+00 4.272074352005700071e+00 3.046735268038177402e+00 3.246676936274638159e+00 5.227904291946805948e+00 7.760582862450207120e-01 4.401617862076619758e+00 5.981244885045601478e+00 1.784593351544598194e+00 5.384982825341231738e+00 1.188012839588587360e-01 1.924229956384871931e+00 7.149512182524534465e-01 5.783155965220930561e+00 6.279505821424239187e+00 3.295904495335886253e+00 4.075512109077085832e+00 5.278775038934242048e+00
4.270645394522933458e+00 2.100671440404459744e+00 6.037488305123822840e+00 1.869113746828981348e+00 1.842697450534828363e+00 3.080822445701744350e+00 2.904316094924450642e+00 4.712119197360214784e+00 2.530264019053780178e+00 3.421467768150395994e+00 1.321004797487356885e+00 4.071975139880641414e+00 2.944273050198910280e+00 4.368158451734983627e-01 1.286508274030996546e+00 1.997565769837118754e+00 8.726753265854838570e-01 9.257070976650492999e-02 5.044421148842107350e+00 2.593509274442678869e+00
3.123761798447344695e+00 4.512113632237240601e+00 1.673903862720638180e+00 2.825940366084701783e+00 3.850492908501145006e+00 2.367907221756531122e+00 2.864084013691857500e+00 4.917750214956457810e+00 1.866132943788324949e+00 5.648106169566962542e+00 2.975330602737530139e+00 7.438799386366056199e-01 4.493152936768134674e-03 4.282455606325616060e+00 4.851243285942872241e+00 2.523386401563185277e+00 6.270317347354474435e+00 4.301636086520424840e+00 1.410560992403341318e+00 3.699901284790733769e+00
5.918282475489047734e+00 3.240415239338338527e+00 1.628657493636570308e+00 3.129304938271617598e+00 6.383903049131171015e-01 4.178483816168072629e+00 1.942021511552586954e+00 5.239386116872497112e+00 1.795241734545730550e+00 6.251808580181117847e+00 1.769269496913977946e+00 1.107512949476401998e+00 1.142206295284568185e+00 7.143629596294581718e-01 4.889050967385227153e+00 5.090974202609451105e+00 9.780191963427219415e-01 4.242822654756080780e+00 2.541803036260401161e+00 6.183515209533101853e+00
1.098189694186080673e-01 7.558271609767561738e-01 2.329898320463341221e+00 5.384973481104020632e-01 4.732346782282708553e+00 1.374314170171265781e+00 2.039089503430520089e+00 1.804627348376935725e+00 4.434198008356887932e+00 1.673256683562363900e+00 5.634880572697448464e+00 1.169053201507417983e+00 4.917707712556190103e+00 1.507299478652172953e+00 5.459162804853997741e+00 5.324526475535027004e+00 6.004849362804292490e+00 6.823324769866863093e-01 4.668195421272165746e-02 1.593738973080148114e+00
3.402170008090473541e+00 4.445277794425853024e+00 3.005729730350479301e+00 3.506340594904440167e+00 4.701371495973607040e+00 1.015349734036474771e+00 1.553397185725875707e+00 4.951405693042982392e+00 1.902483712466271459e+00 2.437089825002457300e+00 5.565197642832808711e+00 1.764038590954690178e-01 3.615334052300095635e+00 2.089188817564759493e+00 4.710332010122320057e+00 2.753666804405100699e+00 7.890172585325733179e-01 5.705577723729668982e+00 1.454118074430903462e+00 4.341088889986952637e+00
1.625856950198644402e+00 4.115778535119430370e-01 3.825412034893915347e+00 5.248975062573193462e+00 1.816192062153590081e+00 1.104678802524643455e+00 4.335148661190468267e-01 3.634561318586480905e+00 5.051617663957018500e+00 3.986742789789822883e+00 4.069160185387260320e+00 5.556998892961122039e+00 5.465936321425608924e+00 1.499376578957615891e+00 5.402381571105904001e+00 3.803909493838785849e+00 1.852912378779998093e-01 2.136875193999541622e+00 2.806160286697304690e-02 5.927638221619871750e+00
7.788078919509136000e-01 4.215037565143345155e+00 5.456516928155950907e+00 5.617608417955497480e+00 5.167453564340271921e-01 1.150029560245652505e+00 1.501600342148106393e-01 4.181388217079095249e+00 4.813146781750006653e+00 5.058865838800817194e+00 1.385363531151798000e+00 2.562331625786053557e+00 8.376295254715941940e-01 4.207196362639709974e+00 7.189478602795071893e-01 5.834914244949636064e+00 2.501493160199141919e+00 4.650884295997389728e+00 1.566136529223015605e+00 8.138010833001733113e-01
1.190048471808414110e+00 4.595682949356118208e+00 1.441542536064930116e-02 5.873126544723134224e+00 2.989560415226107271e+00 6.221275588305370086e+00 4.707976268040471091e+00 6.237520786438359721e+00 2.377996247046231915e+00 3.043165327427071354e+00 2.889069980243883062e+00 2.549488729648585750e+00 3.005162744018058163e+00 2.545153701668343427e+00 1.229686660266913645e+00 4.688752788012789274e+00 2.604336760892346891e+00 8.524042790252122082e-01 4.655696841193950775e+00 4.012322399451830002e+00
5.649089330925662011e+00 4.975497910583939198e-01 3.510813083693675729e+00 2.514531316559855068e+00 3.397493392814967983e+00 5.236174834894236518e+00 1.928386431925035449e+00 4.488233887358717311e+00 9.660260385491726831e-01 4.095528381737470802e+00 4.880108528672967849e-01 3.526422606891363554e+00 6.127349559096770371e+00 6.130009896646175349e+00 4.591756061402551659e+00 5.611852162800162525e+00 5.615176894022137155e+00 5.678032276214082685e+00 3.122478637611744379e+00 6.243330630826380734e+00
4.183648331929657793e+00 8.930411596922791517e-01 4.110977947512921560e+00 3.679038331209953938e+00 4.101986539054856884e+00 1.456450294317721772e+00 5.471942866187647248e+00 5.840254308640314918e+00 1.603615171886068724e+00 5.471603568251396155e+00 4.674242694188261993e+00 4.329049068776733122e+00 6.571388503975982009e-02 3.924100290571761018e+00 3.911156441973354436e+00 3.574812626028168516e+00 3.540966475268704450e+00 5.276586432948738192e+00 2.485486676481439616e+00 3.145973318460100199e+00
4.986865949044988255e+00 1.588365960075564631e+00 6.362839648618472399e-01 7.039166763661935944e-02 1.247661715127003079e+00 5.713068199164959005e+00 2.722234511789071387e+00 5.650117233782064652e+00 3.935195506938123922e-01 6.212762306011958557e+00 3.979311800946039313e+00 8.928123456230132593e-01 5.137692246321455158e+00 5.170713829898057057e+00 4.471826770886282887e+00 5.481035260706719647e+00 1.032521704658152295e+00 1.083907056976607608e+00 3.370036786418627806e+00 4.193147223047091754e-01
5.686134603766276108e+00 8.268640453534341628e-01 2.096486318096915547e+00 2.227190462999230292e+00 4.958903102594486967e+00 4.195596956726602045e+00 5.720539169934468759e+00 4.575208871416830192e+00 5.211657394467123616e+00 4.640038597239686702e+00 3.471472279451779386e+00 4.867121553153659796e+00 5.342535746457940604e+00 4.897953595122353398e+00 3.674043282131235211e-01 1.351856471257292525e-01 2.749566526849422043e+00 1.870506743215900158e+00 2.714720349347985895e+00 4.449698890428416931e+00
2.459069216381653877e+00 6.949384640385080081e-01 4.107145355438793999e+00 3.134442641693152343e+00 1.882597924713430793e+00 4.394160964303727573e-02 3.403503019021952847e-01 1.609531447159082029e+00 1.773861456917875890e+00 1.093173337294655934e+00 4.985301138757529671e+00 3.177001949709568063e+00 1.086135899258085846e+00 2.113611192346140477e+00 4.297999931457149869e-01 9.149868353349764893e-01 1.881152732707678521e-01 2.713621933189987345e+00 7.810513105605350059e-01 1.300845606614678518e+00
2.274586489740920481e+00 2.830113546278304693e+00 4.698478023851276220e+00 1.627812197406830697e+00 1.862206700106279422e+00 4.773646297159431562e+00 3.534118296325345909e+00 4.729996915383387623e+00 4.927062140769161935e+00 4.750230929911916533e+00 2.421899628460062015e+00 4.517753184036699565e+00 3.121725413655929149e+00 3.288873736740806297e+00 5.351241706690227140e+00 4.175540926503660266e+00 6.072332948944295872e+00 4.871103210849383025e+00 2.710353935946371529e+00 5.006942190072321885e+00
2.055427130393899127e+00 2.895986010140099598e+00 1.431708067905967052e+00 5.651770973605926507e+00 2.491479220490547597e+00 7.836327738267951926e-01 5.294638309425686806e+00 5.627426856203736172e+00 5.126588155363187127e+00 3.762161577955538849e+00 5.717429161400197302e+00 3.020801409113816671e+00 1.090251904019591267e+00 5.761064898192270078e+00 4.344448223795318142e+00 1.452459244259867610e+00 5.550618166570723488e+00 6.121329469312083660e+00 1.174641379169327093e+00 4.561306407786152484e+00
1.031897999491414586e+00 2.592612853532631156e+00 2.314545808711432340e+00 1.758978276833500054e+00 5.862758282065586357e+00 3.701606674022274168e-01 4.015640042820554534e+00 2.294701495418852932e+00 4.662005883453863575e+00 5.048974763138231125e+00 3.074488948926540122e+00 2.820002246798577250e+00 1.717583882232656123e+00 5.815833217589398529e+00 2.498514910441166581e+00 2.713583160285504725e+00 4.588925598628309288e+00 2.182078676134843853e+00 5.436555119380477308e+00 1.257418493122784309e+00
1.195393160683284883e-01 2.125505404271433196e+00 4.400741403434100363e+00 6.147810983566829535e+00 4.767482788398569760e+00 1.530322801037984570e+00 2.874392564344537160e+00 2.891138877245035488e+00 4.940506942015085556e+00 3.314058175415824259e+00 5.612325966464731586e+00 5.864153961738883147e+00 3.059041556636044934e+00 1.042522320610054509e-01 1.119868077651387406e+00 2.797714599236295285e+00 3.591700108447764439e+00 3.667028807843407012e+00 5.917109852319921259e+00 1.817103598909872497e+00
1.383797561019682598e-01 5.072874134835680060e+00 5.856944281136237107e-01 2.724713950291415276e+00 2.316996819385670037e+00 9.306943920431602901e-01 1.839471753823800793e+00 4.066211548799194553e+00 1.185143952912709686e+00 4.827827163386148257e+00 4.570472617966360396e+00 1.681123573310026487e+00 2.419878991105792299e+00 1.075547111281668577e+00 3.672532230538833709e+00 3.691855190521187602e+00 1.002878788213519057e+00 1.412593729824391131e+00 2.102467792715441153e+00 5.920583622233529297e+00
4.870274830506146735e+00 6.272609396880967081e-01 3.771623845751292503e+00 9.330594841671152606e-01 5.802508541876530757e+00 1.061555709246228663e+00 2.493723474359088144e+00 3.273142281286981703e+00 4.493755412269760718e+00 1.820332986098496031e+00 1.057730225817712144e+00 4.215467555148155299e+00 1.986980762605759177e+00 3.352688714971927997e+00 3.611338612956362493e+00 1.143783714479332136e+00 3.587490273976759347e+00 5.838832924485863884e+00 1.852217833043389605e+00 3.855444910795533087e+00
1.912887635572624756e+00 1.486109963369218967e+00 4.012441534331232518e+00 4.572902630727491591e+00 3.014988103847160983e-01 1.730195164292780863e+00 1.613039504470037633e+00 1.737524145284785160e+00 4.613368385628794144e+00 2.555620048205655692e+00 4.361659894441825003e+00 5.890938425485601648e+00 4.652854572693821744e+00 4.638180250755340239e+00 4.112655014484244198e+00 3.019988652687104036e+00 3.275243263218059031e+00 1.704428905860654320e+00 1.184958044574012881e+00 3.203351362664961233e+00
6.130942105724028757e+00 4.119617488881051948e+00 4.224506208312370781e+00 2.591083701129330841e+00 5.633169349114737656e+00 4.049036705422733640e+00 1.135575819301395173e+00 1.369336550105457517e+00 4.187114272678096327e+00 1.640654663609048214e+00 5.432580558182690034e+00 4.577780855794043369e+00 1.791478945243156984e+00 3.413381377277786566e-01 3.917388788333211025e+00 6.167156890450836038e+00 4.266595519479213117e+00 1.338336910021069359e+00 4.031444734563502053e+00 5.469404214276299747e+00
3.205040792545323924e+00 4.262982292408474261e-01 6.200685151264036854e+00 2.206753303490874618e+00 5.352548246881617899e+00 1.557560316636389386e+00 2.721276192281921191e-01 6.569805533282795373e-01 2.233629331423061970e+00 4.835220021912168598e+00 1.237303474307405837e+00 4.232555823991791755e+00 4.463882996421635774e+00 5.202589425524903888e-01 2.460348185866697346e+00 3.885798113701772749e+00 4.790422144364245405e+00 1.339732020470720375e+00 5.361516574916421751e-01 3.224506041466201456e+00
4.869334647001745786e+00 1.289069090322694011e+00 5.970042965824905679e+00 5.396481217569481181e+00 2.668787618712263665e+00 2.615106948545957710e+00 1.096688363226679286e+00 2.814994038516259511e+00 3.488084042581831579e+00 1.739928860470042915e+00 4.450015300768192184e+00 1.458272720081913665e+00 1.740551129741926717e+00 3.649561562848625762e+00 2.005213697019960328e+00 5.776457128312395994e+00 2.082512538819373038e+00 3.947252953658148655e+00 7.707835119510857425e-01 3.270956680607156830e+00
5.137192702248533749e+00 1.591934318122579350e+00 5.934214266913564018e+00 5.057773927517832391e+00 3.836345382603836285e+00 3.442990699286334166e+00 3.398951999326721651e+00 3.788592807208470692e+00 4.445913464103961488e+00 2.955435140119371695e+00 6.201770785562249699e+00 2.082049769784026338e+00 3.344854329315890329e+00 4.996093422487978053e+00 1.600115889923581003e+00 1.446658769068777106e+00 1.294691240413333277e+00 2.593203543417076595e+00 5.143885505423290816e+00 1.703901715849188259e+00
3.035366917359518801e+00 5.708378914003395366e+00 2.060671608450075354e+00 2.420147063073041505e+00 4.946204369442577686e+00 9.669675894535749716e-01 5.653452809828354297e+00 4.101804796025179556e+00 4.101209978568558512e+00 1.554799756039767278e+00 5.003933224051656303e+00 5.971255885600041502e+00 4.926505758764373688e+00 6.473382776955016737e-01 8.733727917543058217e-01 3.885378527353498423e+00 1.831823805146246098e+00 3.927407165712924364e+00 7.425164991672320580e-01 3.599592960507577821e+00
4.151784739270943270e+00 3.507743358878821827e+00 6.202546769159240192e+00 3.419688170717830378e+00 3.393680179240976091e+00 4.895158728652186930e+00 4.153189598002151151e+00 3.521935561261662517e+00 6.121595626198215179e+00 2.718401990110260957e+00 5.974696337243821098e+00 4.304633246105144195e+00 2.770043573843967710e+00 5.089551909567952670e+00 1.207266805323155889e+00 2.772297972460814108e+00 3.417915646039686450e-01 2.340237230229785137e+00 1.273001116299621094e+00 3.661134855583500158e+00
6.211140397531078605e+00 2.288818398638578167e+00 5.815234254095599908e+00 4.738919386742001194e+00 4.985673975251670442e-01 3.688085970682827508e+00 5.843338816848416606e+00 3.545562387418294215e+00 1.495684876499472904e-01 4.258413974936731350e+00 5.021061184601883554e+00 4.493212605201920340e+00 4.438792417178506061e-02 1.068546319846307213e+00 4.542392235608653794e-01 1.934658507357544854e+00 4.738148250330952216e+00 4.236083935949861434e+00 3.585288708910447042e+00 4.974152469981894420e+00
5.134704475561461479e+00 5.350387361791275609e+00 5.638368331202937567e-01 3.225223350539955458e+00 1.162265146168054292e-01 3.723026131093633978e-02 1.141282031468721758e+00 5.754126286484746444e+00 6.268375339090963116e+00 3.934886042429401432e+00 5.329258279018601385e+00 4.946219486118093478e+00 4.158673771686281384e+00 6.008902000978372904e+00 2.707765728585908693e+00 6.200091002391084238e+00 1.367915796162092690e+00 8.948416688404604580e-01 3.133243368508463522e+00 5.705337306504159933e+00
1.557294784454210435e+00 1.179986396744015398e+00 2.331318252967122806e+00 6.242474853562502091e+00 3.808121831071610508e+00 5.388619193195523849e+00 2.404300917520374004e+00 8.435638585693762126e-01 5.069576538123835796e+00 5.823200800868415961e+00 4.645321688463924126e+00 3.032064666184763890e+00 2.359821757237285045e+00 3.839714031054945131e+00 3.112788387651542976e+00 3.145046183175650434e+00 2.027655494934132996e+00 6.179038276453589162e+00 6.040417289159535130e+00 1.923002395342340298e+00
1.429667431546322920e+00 1.128602995916347274e+00 7.690945827661272993e-01 1.603641063245790921e+00 3.359698218306183648e+00 2.367039588024336894e+00 4.204406650970922144e+00 4.380065730601046425e+00 2.587983019790292438e+00 3.575713901532810102e+00 1.792290038502099891e+00 3.990158264944559247e-02 5.395945724199501470e+00 1.963964526012071277e+00 4.626480499649592737e+00 5.657131003610196274e+00 4.369456170776251369e+00 2.852207047673620544e+00 1.682254883262258360e+00 1.719976151462836000e+00
