1.715795003983107136e+00 4.829019115410294383e+00 6.472393620260267211e-01 6.077427873961544158e+00 2.516875062285478439e-03 6.149718063921338462e+00 2.631351053819290797e+00 2.531931285457234893e+00 3.710371903204910726e+00 6.116912478149533428e+00 5.274359138460998908e-01 9.693509888298312838e-01 2.170906089787623561e+00 3.483871234103645076e+00 2.433855897800853096e+00 6.162143664923526387e+00 2.062226352500389215e+00 4.060710812983542084e+00 6.069606339073338575e+00 5.928475463591735384e+00
2.626252615166282389e+00 5.408163727968672951e+00 4.124337914814045547e+00 1.319024255159174652e+00 1.290464505597868072e+00 1.694406445577452347e+00 5.476477879347233291e+00 3.684291328160816281e+00 1.185520472310450935e-01 4.809078397865376608e+00 3.780671816809707320e+00 7.680903961605599628e-01 1.700128377170367466e+00 1.380069320936658794e+00 2.621964155150223963e+00 9.286055634287931904e-01 4.249549830747754164e+00 7.869924069722180615e-01 5.217411044099444339e+00 1.699569730249187449e+00
4.164442159589351711e+00 8.211755628010463104e-01 3.755760561907980910e-01 5.485652734203232406e+00 3.495825947459743066e+00 7.489075818939237017e-01 3.787507532879765826e-01 1.330714678996167022e+00 4.979802831119807927e+00 3.221417644687915693e+00 2.055799546299990510e+00 1.882995040033540013e+00 1.146262270824540019e+00 7.425387035701717098e-01 3.777733822271176489e+00 5.079072752162305804e+00 5.813051000296105109e+00 4.388116578045905491e+00 4.433611380372510347e+00 3.695090788574432406e+00
4.539393349918662834e-01 5.266149896618678383e+00 4.159221421534075702e+00 5.837708377654306169e+00 1.964006748640725331e+00 6.218652320207492146e+00 5.890278420845640461e-01 1.161357112158132088e+00 6.535206978022847224e-01 5.238158337697194078e+00 3.639279666155318949e-01 1.535949464791246610e+00 6.869555759188900046e-01 5.039536678882471143e+00 4.564196423131609670e+00 4.116030684057975897e+00 5.486889126821109741e+00 1.487706654693428387e-02 4.247670170466283146e+00 8.353389526132276588e-01
1.597275994991307069e-01 4.494435071137671933e+00 3.489301603815132768e+00 5.161796976220854205e+00 3.802035881957241070e+00 2.817182915580545455e+00 2.832737023761468631e+00 5.133293136545718838e+00 1.803651020517501591e+00 4.865779008295307295e-01 1.604981645679100399e+00 5.524310365889509633e+00 6.092071434564693355e+00 5.849435240175937523e+00 5.469249185871858820e+00 3.464448160759461715e+00 2.289005536157977083e+00 6.849447462169867551e-01 1.118785683192742297e+00 2.832747946221466417e+00
6.269545078601311161e+00 9.314530811968484425e-01 3.270700671222295242e+00 2.535319713556773991e+00 6.180932176360993680e+00 3.011393031113867025e+00 3.326074543494885738e+00 4.729502478672199750e+00 3.876551584532792472e+00 5.115712497604658182e+00 3.029389154477757362e+00 1.072978510211223480e+00 5.402266059803904064e+00 4.430955982996160891e+00 3.119716669738836323e+00 4.898420267645052562e+00 3.922514691216630212e+00 4.561306309418809768e+00 1.710860207049131054e-01 1.022821717667774077e+00
1.562026070996811011e+00 5.143261718586305875e+00 1.316104362465038369e+00 1.325458696914777912e+00 1.125625128606587248e-02 3.888801479010697726e+00 4.350039787888660747e+00 5.440028404023014907e+00 5.574429734419621418e+00 1.689639776232763291e+00 5.547456591596113817e+00 3.940564153781676016e+00 3.121618923997083517e+00 1.928017698632420895e+00 4.246710244662691203e+00 4.097202125177234144e+00 5.891665904687741762e-01 2.987291705984681522e-01 5.053285441122965516e+00 1.779368166306868115e+00
3.595560163119135844e+00 6.128877781627846133e+00 2.867191854048946720e+00 3.757348762416845123e+00 1.238949922896973588e+00 2.102443674982432231e+00 9.090002947783297760e-01 5.624871743066042207e+00 5.342722269968072091e+00 3.725955116432644765e+00 4.246448051379456246e+00 2.386110197516490006e-01 3.406209709604162583e+00 4.619339697240236298e+00 8.466592631335545516e-01 5.707651708357276199e+00 9.239221842330602730e-01 2.390928534854264598e+00 1.724673498475998379e+00 3.487158005353268475e+00
5.187657583016357599e+00 3.436451810105023874e+00 4.723603220386454637e+00 1.835495232955810074e+00 3.202214231910270659e+00 2.950790583336965422e+00 6.244010669012253878e+00 5.286454814520301637e-01 3.534039208118052056e+00 6.244263800691181920e+00 7.688313372365751519e-01 4.544263989325797226e+00 5.715523356314248460e+00 8.839389837188464938e-01 5.795230990398282600e+00 4.290753090412101400e+00 6.015884840993035887e+00 1.764940063094231126e+00 4.337141589343912251e+00 3.049777536351695684e+00
4.858713009814209505e-01 6.136910418218486818e+00 1.138338154913751454e+00 4.185402730422168815e+00 2.397128168040179447e-02 2.796652089017022669e-01 2.106756371505911218e+00 3.835751437290545240e+00 4.616413570249018328e+00 1.594323742568973135e+00 4.950579829302549584e+00 1.208610776172027723e+00 1.152489908536856733e-01 2.627038792688504376e+00 6.224523205211201393e+00 4.535297894221092641e+00 3.002106295517097956e-01 3.193054162546044683e+00 5.463669364682485430e+00 2.489076664034335362e+00
1.864166492238085393e+00 3.345239184327474469e+00 2.416403977538762238e+00 1.007686607666713696e+00 2.366345774705092886e+00 4.373635739440938863e+00 2.368864225950717550e+00 2.273771247913682458e+00 2.333292115067663541e+00 2.991393283326744701e+00 4.919876829714599609e+00 5.497311769525026648e+00 4.080149490659614742e+00 1.196282264820030417e+00 3.547404296332251850e+00 2.237589757705829463e+00 1.602739639181184783e+00 5.855102700094198198e+00 7.673793423010543124e-01 3.341425476887808443e+00
3.944878886091058412e+00 3.812017538256788907e+00 1.833985982775174217e-01 1.592291208429801097e+00 5.628556763575518485e-01 1.757812841186536357e+00 3.132619021207194265e+00 3.240560746799220571e+00 4.109341256846889223e+00 1.162625970464369773e+00 1.409383908405889736e-02 2.084958474595465017e+00 5.018669537477062903e+00 2.112874507229415055e+00 2.350983299053990727e+00 3.442847056457744248e+00 5.818493266890853555e+00 1.087041973311757781e+00 3.685109647544269507e+00 1.390683331247032140e+00
5.752475843320196347e+00 3.834463058556805581e+00 6.100273133702254214e+00 3.718078338111162395e+00 1.890907111731425116e+00 1.085456131685896386e+00 5.961552673628465193e+00 9.443773175262785147e-01 1.567736547054084717e+00 2.237965537156190177e+00 5.399551101237599404e+00 3.923326166405225024e+00 2.434548889589057463e+00 3.227940364446987065e+00 1.043651855162546216e+00 3.428465945608009768e+00 4.229610483043952485e+00 4.505415520112764582e+00 9.147197874860504840e-02 8.758145133481565203e-01
5.690975433031900010e+00 6.256864611901736595e+00 1.267462041867832623e+00 4.503017076410514186e+00 1.909711059565284641e+00 6.141530561328964133e+00 8.531971950975247854e-01 2.185699873050428010e+00 2.866820742627113616e-01 1.104244305851873387e+00 4.141287673886789200e+00 3.873233645802395930e+00 5.034121558088062720e+00 2.936986870886882706e+00 3.186756285016790091e+00 2.389478148833338977e+00 3.055180341303365132e+00 1.789166661118390733e+00 6.264927044934295530e+00 5.700754767363659603e+00
2.531592573929621892e+00 4.927947513558920356e+00 5.112898663953816758e+00 6.028244578871070125e+00 4.780472872039305265e+00 6.276707151022892006e+00 4.774129402318858517e+00 1.347202080408594072e-01 1.174759514438678210e+00 3.640168714307686848e+00 1.204442012723601074e+00 5.988975939579952446e+00 1.268987232202427373e+00 2.926377655350838047e+00 1.690417432048601842e+00 4.871710886239288385e+00 3.263112452393665208e+00 4.216596177995411310e+00 2.919633785039297269e+00 1.387071318525914920e+00
2.443736125567071316e+00 1.871041751386993246e+00 3.854068957238485638e+00 1.298606267021211069e+00 4.802259027096118515e+00 5.141528729571712697e-01 1.376579267198203560e+00 3.137977962472573878e+00 4.140223047083109620e+00 1.044720641334091260e+00 1.246090625915105887e+00 8.813178215429747775e-01 8.159295083525978098e-01 9.542344123748691676e-01 6.223628858062976832e+00 2.952068636688040648e+00 1.411803793977331578e+00 5.799478163000540754e+00 2.796612756811336364e+00 2.548715561458709367e+00
5.900629740434255588e+00 9.686354107739637564e-01 7.476146814440264299e-01 5.911251014317594255e+00 5.334511026475481366e+00 6.326068423344920200e-02 2.155458831796922770e+00 5.243358992405587893e-01 5.913857270692308710e+00 4.043890119736923694e+00 3.349002002399987354e+00 2.541273486509988189e+00 2.089221121995787023e+00 3.056444700796423497e-01 3.248148888765012982e-02 5.256284685555726810e+00 5.680011191245888824e+00 3.800904117634927193e+00 5.272144043452616557e+00 4.514855883312092644e+00
2.567786426916306208e+00 5.867492668069601791e+00 4.463113471399232424e+00 4.422440961318407027e+00 3.470216152561849121e+00 5.306792561433809396e+00 2.777099916230796772e+00 4.661639276814870669e+00 2.174299728414235577e+00 3.126657356406514765e+00 1.435797500801806237e+00 4.328325811874907281e+00 4.548245112848356086e+00 2.358642213934636800e+00 4.322220734984715484e+00 5.970650170529872902e+00 6.132570480116213973e-01 3.595682030451608502e-01 3.328259823832814046e+00 3.753325998689540643e-01
2.995610000609453039e+00 4.374361814764792911e+00 3.979118927730014299e+00 1.606450249368104766e+00 5.257636904467656969e+00 5.097357059571497651e+00 2.836839013604322890e+00 4.665518477908721096e+00 5.994230535478190625e+00 1.841205089909693227e+00 1.237352002319382471e+00 3.508929858480752006e+00 3.834606961974674100e+00 4.381464473919923108e+00 3.255431930083036551e+00 1.279554247267609579e+00 2.026743954006259951e+00 2.929228766597611333e+00 4.974213759265101231e+00 1.602716268595933746e+00
7.077462734856286852e-01 2.873898350653796729e+00 2.294158305513175122e+00 4.887429552363729002e+00 2.662863462162996964e+00 3.007867377615661919e+00 3.218462550359482144e+00 6.149525504815475330e+00 1.665643103834182348e+00 3.079993723518749782e+00 4.373808958433606509e-01 2.452121068097952605e+00 1.610391976648486656e+00 2.246744090851372722e+00 3.019278408583359941e+00 1.094032256258236968e+00 3.896435941446901863e-01 1.476849105239077309e+00 2.296151325340844096e+00 1.751998231256452598e+00
5.945709389773717213e+00 3.077266591336334400e+00 2.199139954103041195e+00 5.735836837824925816e+00 3.865501377598193677e+00 1.984661447373047949e+00 3.602164837225591221e+00 3.083279366515294662e+00 5.465195914465696525e+00 6.255549374092726822e+00 5.603117987185179949e+00 2.703106325989498959e+00 3.616078161308771577e+00 3.965687685590776890e-01 6.254438463808082105e+00 1.357165218568247678e+00 4.800210839653864525e-01 7.199058810072045400e-01 4.173884797130540947e-01 6.198643649868510686e+00
5.927187082045502819e+00 2.479724917914150062e+00 2.022206845803859732e-01 1.085497422383975286e+00 2.986761983477590920e+00 5.050616828510982259e+00 4.478205072792433405e+00 3.402212526902407053e+00 5.953126723171949131e+00 4.555996121249632047e+00 8.993512794493094820e-01 3.607294937100536725e+00 6.112016979534042882e-01 8.743538018129631828e-01 1.496510953491895002e+00 4.964523446559086395e+00 6.034388868936124695e+00 5.321967092569188651e-01 1.158671926352246695e+00 1.543580443737884389e+00
3.256793068567453986e+00 5.278494769385169150e+00 2.632026950644330121e+00 3.059916544000401140e-01 6.156607066389172545e+00 1.856412502189390024e+00 6.156925286871419267e+00 1.630979237931555526e+00 5.393244996996233276e+00 7.445023113193021125e-01 2.821470763499503764e+00 1.371598280456472807e+00 2.640428868620609215e+00 4.995864792140762844e+00 5.415089640012030969e+00 4.204383001682996834e+00 4.619736664216153699e+00 3.585832295246281554e+00 2.346537240942441205e+00 2.835356417306513777e+00
1.571774103688350355e+00 5.465820664107777560e+00 4.206208291943798194e+00 2.191623952510272755e+00 5.232272655083950674e+00 2.297891191521474585e+00 4.606580057016710583e+00 2.206832757467917627e+00 4.843571780437712526e+00 4.553144967577503088e+00 2.895092747651444309e+00 2.223199904465503085e+00 6.056891541118893052e+00 2.545866038738653803e+00 5.516367932363496429e+00 4.371436773349787197e-01 2.699682214243962264e+00 3.662938914614658481e-01 2.344715753111734191e+00 4.415333893241554897e+00
2.365371574073552363e+00 2.459803665502063197e+00 6.264477480100917539e+00 3.450714484098467705e-01 7.977143412123287591e-01 3.280166113928678406e+00 2.351067697301775894e+00 9.530618096235046188e-01 5.007336140727246310e+00 4.826390283485005206e+00 4.929333680388707783e+00 4.996311340335651607e+00 4.043470554219820157e-01 8.108814384602961237e-03 2.681974438495406510e+00 5.604499819002422001e+00 3.024836858540533857e+00 3.231180824303908850e+00 4.504204809667180953e+00 5.963703801717604058e+00
7.201983687511843701e-01 3.327193337777547555e+00 3.998531977590468411e+00 5.152668634227421052e+00 2.467116658952893449e+00 4.037115213971094185e+00 4.804144646632016347e+00 1.750192605965231962e+00 2.292438179095288853e-01 6.095482759062901934e+00 2.663482695277793244e+00 5.095448406829905075e+00 5.659626029525796298e+00 1.121877631095203220e+00 9.021845540159866284e-01 3.112862397156063388e+00 1.427540424670570962e+00 1.385036611067481382e-01 5.385654068885193269e+00 5.360095917069879867e+00
1.270217901794730597e+00 4.317387863014404914e+00 1.781277263341908723e+00 9.559612031520111630e-01 5.875280767037597940e+00 4.617364684736709357e+00 1.715227889969900277e-01 5.983619828201858226e+00 9.885696231391954969e-01 5.924275483845871548e+00 2.268445181366347096e+00 6.099226853049968256e-01 5.260717255921249169e+00 2.214906971044545425e-01 6.246342463116709709e+00 3.155698096283867216e+00 2.144782763764320865e+00 1.968876665636459800e+00 1.774516447953864207e+00 1.982542023051998781e+00
5.722603332208511695e+00 5.577440034177796768e+00 9.109560329513090027e-01 1.076059278642447881e+00 5.661165092616586847e+00 6.046715902733840409e+00 3.165334680540607404e-01 2.529636796935034848e+00 5.620021741669238402e+00 3.649187551729709433e+00 2.601967365558564560e-01 9.122102747995705641e-02 1.514953645280291417e+00 5.689964873113853017e-01 4.868637703912140680e+00 4.051940590752646010e+00 5.132160960473615141e-01 2.541599167870992382e+00 4.622790888344863625e+00 1.508689137068936592e+00
5.941654634170946636e+00 5.805097425072475836e+00 1.471680784542715115e+00 3.632453302837742815e+00 1.826198903814347796e+00 3.272454723873066129e+00 5.642864277934107164e+00 4.386203778210239435e+00 2.149547678626999136e+00 5.293966799316868865e+00 2.457288164069957759e+00 7.217188460642223191e-01 3.967393331556777092e+00 3.431393306908344432e+00 1.673513934376549273e+00 4.422159140351666018e+00 5.140416667609803980e+00 3.259973157421472423e-02 6.186002087391710091e+00 2.816537701845018393e+00
3.061969616469184086e+00 1.584427961807112650e+00 4.682044855049316112e+00 5.746852832280989531e+00 3.733021148672498235e+00 5.634524798334255458e+00 1.477548458010746968e+00 4.118349927594125326e+00 1.843370653654005986e+00 4.392561577882263535e+00 5.524064759816980974e+00 3.703112343363221370e+00 3.266431783482653728e+00 3.674002881097299333e+00 7.503150936937867665e-02 5.266046016576948929e+00 1.320367425551915330e+00 6.042359486316640549e+00 2.747398040795683283e+00 1.188016304569675441e+00
5.080246463031528492e+00 2.415691746451673616e+00 3.310494415621056508e+00 1.059468797548401009e-01 4.001655720641587699e+00 4.060719927142503849e+00 1.598320093223611016e+00 2.899028683385173721e+00 4.566723076495007305e+00 1.684699499932933886e+00 1.623357959746463353e+00 7.984961759662798642e-01 5.439997212136551852e+00 3.592264316780196864e+00 5.510582409334748633e+00 2.387746957192564246e+00 3.874646351411517031e+00 1.356166428063725560e+00 1.522090511524390122e+00 1.551054417352538239e+00
4.083381548738571176e+00 5.198362259024297494e+00 1.927823050787584203e+00 2.061374010938980650e+00 1.306861886355862312e+00 2.079672760209851923e+00 4.428867831321252169e+00 4.880640827212094024e+00 6.313485397584424064e-01 3.558243801651180149e+00 3.479161103543920053e+00 3.936987952058507823e+00 3.296416110386337639e+00 4.790445061758060064e+00 3.819618715438212853e+00 5.288481383841599381e+00 5.018030087818809548e+00 5.704601056634484912e+00 3.401301200085840470e+00 2.586632721574482208e+00
