5.842512917652914695e+00 5.815433967541143723e+00 8.537027531264631541e-01 5.792039329541607273e+00 4.110350166136554684e+00 1.356600558700265191e+00 5.001126171251570884e-01 4.097079922975574995e+00 2.487887908184194807e-01 2.855701234137359101e+00 4.337060284912947594e+00 3.464684318088801618e+00 4.665935578290673291e+00 4.856012482414314491e+00 2.979030445514860848e+00 4.371810659687588974e+00
2.424566929621291500e+00 3.647877110915338505e+00 8.873831162747880530e-01 5.817876845254696394e-02 4.493026031103362072e+00 1.264870813289853846e+00 1.353986075551354418e+00 4.016354324706602696e+00 3.673462323024325182e-01 5.955010874352627326e+00 3.789280565173157367e+00 1.255223476753601020e+00 4.217419452926289836e+00 5.707516806363067019e+00 3.492998191306894373e+00 3.028204379815222058e+00
1.325089291832131366e-01 2.768474567668815389e+00 2.651166264801394945e+00 3.021520183814946137e+00 1.919759677951548449e+00 2.627405831927489110e+00 6.260696465302800107e+00 4.701106998553934879e+00 5.671068403334415642e+00 4.918736205295172859e+00 5.803201059460278088e+00 1.114201333405365535e+00 1.381205342423730276e-01 1.176662963191155820e+00 3.825502719821833431e+00 7.403486833716597104e-01
4.707881084088443302e+00 3.119286437087648522e+00 3.898054092702089024e-01 2.736406469553810616e+00 2.853440608601174322e+00 2.308405109336635341e+00 6.029374253631559988e+00 1.469762500643066128e+00 3.410795054389639258e+00 6.143419038012591038e+00 4.866920552829093971e+00 1.086560830755409324e+00 1.609590708523416458e+00 4.968826477654889828e+00 4.480603041401964859e+00 1.984163338416946587e+00
1.808093973703260415e+00 5.059119323933555457e+00 2.400944208668203572e+00 5.061718768632609056e+00 4.449976944613876384e+00 3.206670163824868691e+00 6.116002712072653225e+00 1.869675065281375614e+00 2.325614636663946300e+00 6.541746882532144536e-01 4.451098780864469973e+00 3.779726812225803645e+00 3.639177834951333068e+00 5.376194372676771138e+00 5.575191119049228483e+00 2.573919932538464739e+00
4.961665027363870273e+00 4.861108678887268830e+00 4.499812807635184542e-01 3.602434292230340063e+00 7.958808115037016573e-02 4.962629388772185735e+00 4.726886339366438428e-01 2.612787027325254918e+00 4.006251226350508787e+00 1.994846071349150707e+00 1.649212807334057063e+00 2.228063934993114170e+00 5.888825719753095989e+00 5.551296671333343369e-01 1.167223885853894139e+00 3.874230980276053948e+00
2.886757838093140016e+00 5.121248956454271806e-01 5.254888270124150829e+00 1.760964133663143860e+00 4.376163835336341901e-01 3.008969659551430809e+00 1.261183033417970778e-01 4.093196670804623238e+00 3.270912382481029113e+00 5.106358371450224531e+00 3.887746931909382031e+00 4.022885816712787665e+00 3.559305735275383409e+00 4.041954484127590064e+00 4.524468450108014572e+00 4.092879952727956017e+00
5.508622292931483422e+00 3.094014907978291262e+00 6.523677457217353926e-01 2.540661955686505102e-01 7.403227551970552600e-01 3.657040007738016296e+00 5.702003576187496314e+00 1.876280168542216797e+00 1.626751746205740701e-01 3.044954371406794369e+00 1.733520671680336633e+00 1.341023425268744518e+00 6.919388230972638443e-01 4.989541461719385396e+00 3.774365530395460855e+00 5.492879328874555434e+00
4.183074954724925298e+00 1.279981739867118273e+00 4.812198540872739017e+00 3.467090193590887548e+00 4.682575066667346242e+00 7.301997924809141560e-01 3.872696400220760005e+00 4.577004774896414219e+00 4.584050133855496867e+00 9.836209173265006989e-01 6.205735617272369886e+00 5.499016696101893587e+00 3.521959043337742123e+00 1.859401083307092639e+00 3.535098466064588774e+00 4.026693256328293558e+00
2.934350893599059873e+00 1.918877054653399805e-01 1.276189333115856250e+00 2.032912403030691095e+00 5.678356051715706343e+00 6.123012866065499438e+00 1.685543972597510765e+00 2.582944643690917363e+00 1.367370752519192934e+00 2.608762426076505214e-01 5.507903068693017268e+00 4.698078226730792117e+00 5.241238854760840171e-01 2.856060339538732507e+00 6.258024708373342904e+00 9.865206014174849880e-01
4.025722827073669130e+00 1.564824066029366190e+00 5.580472692005056246e+00 2.296619134453010691e+00 6.100248973523461515e+00 1.879598023372152538e+00 4.706236904321858816e+00 4.664987636032175700e-01 2.028492826203986965e+00 2.902293612297615955e+00 4.789399791957134056e+00 3.831956411733338452e+00 5.624249112365692582e+00 1.986309986304043207e+00 1.847252313843620541e+00 2.696658573351585098e+00
2.737248394525432005e+00 6.094380510690242225e+00 3.444852627040512871e+00 3.765019361293753808e-01 1.441214928607141177e+00 4.876149673382837335e+00 5.070524397110768966e+00 2.122878924033362869e-01 1.911986254656979689e+00 2.907962309872387685e+00 3.108288775857452002e+00 4.740730536488833913e+00 1.421867797185450533e+00 5.630255705125500221e+00 1.100770966830379338e+00 3.797771103931093073e+00
2.733742978356095144e+00 5.260746380086961160e+00 6.062495827991828179e+00 2.363594669773835921e+00 1.954111165328765498e+00 6.277036883146333679e+00 3.263241034811378061e+00 3.213826801005979394e+00 6.167923084090466190e+00 2.088371780515476228e+00 2.591466075284613702e+00 2.729579259098851018e+00 1.059109781801334194e+00 1.606001618186222002e+00 2.757868714676310784e+00 1.029388878299268395e+00
5.982224252871718662e+00 5.017313783696755181e+00 2.419038018915307564e+00 3.970359229083400443e+00 3.463401032464203944e+00 9.616504056923538268e-01 2.488769342180123356e+00 4.299567012998958937e+00 1.112916324218531372e+00 4.896982152510156894e+00 2.675614067616038483e+00 2.879866999813020634e+00 1.447724998205669467e+00 4.131660499864474367e+00 4.327444097625092745e+00 3.601959259994676366e+00
2.448525906460673252e+00 1.599682094160102208e+00 5.885453972987471083e+00 2.211274709497395019e+00 2.093260166224755636e+00 6.146918734418546748e+00 4.153198941945932532e+00 2.931897788503247337e+00 4.359818814776357243e+00 3.919751595814647604e+00 9.346599074836019483e-01 1.382155179797937450e+00 7.302283442790874490e-01 2.483225487386537811e+00 9.818464984863738421e-01 2.235561333814157337e+00
4.306064278318675775e+00 5.575397078952213370e+00 4.136944459654217532e+00 2.995506147912135209e+00 2.963047991009761351e+00 3.301325730586688767e+00 5.905331717426028248e+00 2.310147789192329881e+00 3.268744919630576451e+00 2.814158571212844961e+00 4.387604949854506664e+00 5.932510237257870855e-01 4.469014284925559299e-01 5.563849539091022756e+00 5.364018514316510000e+00 2.470135560956093546e+00
6.568809200020857553e-01 5.552498365050513307e+00 1.116441457375935559e-01 3.894039134535175695e+00 2.927996933344828800e+00 4.098604736261830972e+00 6.104368762298394202e+00 2.867208100889580447e+00 5.148054226834203106e+00 1.114300988060623609e-01 9.601155781982327608e-02 6.776222489314124298e-01 3.141613402240388542e-01 4.628703993554326601e+00 5.681814638280070717e+00 4.826314771386922331e+00
6.056119952890983704e-01 2.409024035978475808e+00 4.177339328738897350e+00 4.846633451031631346e+00 2.741663019448921101e+00 5.696194765688032291e+00 3.082907054169338412e+00 1.132362268976334407e+00 6.089106290039872249e+00 3.253554277153639429e+00 1.474136540327148026e+00 4.568514437963295372e+00 1.737134346823463460e-01 5.342438279907801402e+00 5.396121817006967802e+00 2.509922049943486666e+00
3.586666358091116891e+00 4.225543160443458568e+00 6.085642872272684301e+00 4.930327869268651853e+00 3.562847386384620396e+00 3.996215450827860671e+00 4.190545565483760448e+00 4.444116237880517239e+00 6.254759071995866782e-01 5.604732182847918409e+00 2.653991136474014301e+00 1.161678016578750805e+00 4.029210205831152969e+00 5.624919512359786822e+00 5.991371289219790119e-01 1.901912821349121430e+00
5.988947692890527641e+00 5.455539521735740749e+00 1.133868585564117293e+00 4.610648492322486192e+00 1.162516020078632639e+00 5.878168618796435929e+00 4.792890634763627311e+00 5.275076037775392024e+00 3.866919438901085471e+00 9.877869998022419384e-01 3.227837479513232299e+00 4.952525501847173217e+00 1.522093292648588891e-01 4.820445394923776661e+00 2.682110857840783957e+00 5.468758962408122315e+00
3.779109849749791028e+00 9.874356544400972879e-01 1.985168846991285818e+00 7.565318975894073095e-01 3.092733216144424091e+00 5.404402970880457069e+00 5.191313559387105592e+00 3.634269361701804257e+00 4.246761096796141999e+00 4.715180868797190783e+00 2.149939255726615261e+00 1.140765453924476924e+00 1.287821487925120412e+00 3.648190506864336324e+00 4.407988410896991560e+00 1.148821773254407486e+00
5.756853021529006575e+00 8.092638799041231845e-01 7.824217590478373952e-01 1.732165655177538843e-01 9.889234083544207188e-01 1.454997206513693575e+00 5.030905372069957693e+00 3.647366943746503942e-01 5.097332114583626783e+00 2.843694890197426162e+00 1.405460501463352774e+00 4.834026845350663848e+00 5.633966004963137930e-01 1.924117301186440532e+00 1.333021011411306689e-01 2.756850863207462421e+00
2.966232337021355914e+00 5.647315383689329060e+00 4.005690876699061320e+00 1.566610743798433791e+00 4.963041351074685359e+00 1.236263467647751302e+00 5.190560302673738136e+00 3.453428748500360967e+00 1.700432743165182892e+00 3.637895800130990231e+00 2.784937713644309448e-02 2.649014478084141366e+00 3.273081555788999175e+00 1.629323889309214790e+00 4.160790390781552439e-01 1.305185782170674491e+00
4.711651789209685859e+00 4.113824921302750681e+00 2.605805928225089385e+00 4.957172233369220749e+00 5.449354053541427767e+00 1.946436888614602401e+00 3.505693735773916409e+00 5.768571191798699260e-01 1.927165101828189675e+00 2.671533627700194202e+00 5.191436223277408502e+00 6.192232162952436170e+00 6.040813739208381605e+00 2.536440714969501631e+00 4.502722848234164132e+00 4.276292065283791022e-01
2.360602627744655013e+00 4.528417336160700302e+00 1.631370440018119039e+00 1.876639559289954073e+00 1.763579556858499320e+00 1.471225737702454683e+00 3.454781996061191851e+00 1.983336784311775514e+00 5.109559277930041610e+00 5.486266389413994915e+00 4.012247986397388111e+00 5.557577793153440027e+00 7.237068367336065844e-01 2.116633457728776868e+00 5.952322593937990902e+00 5.096008538210063499e+00
1.992479487790063120e+00 3.554550987362603998e+00 1.243216253315677644e+00 4.646199670209709254e+00 4.322174543947491010e+00 5.781805502511067729e+00 9.606503036610269941e-01 5.553238791335828317e+00 5.978101888393663188e+00 1.880926659291559666e+00 1.457262955366942281e+00 3.695950355776247864e+00 7.404131085617293717e-01 3.853697002117115300e+00 1.608698251949915559e+00 4.030204361382753397e+00
3.894148183088617987e+00 5.061197832565102139e+00 1.434060541724661464e+00 4.259949848976338771e+00 1.777544144943777216e+00 8.108191543039774407e-01 3.093597737010727933e+00 4.110306315598379001e+00 5.381737278735708507e+00 4.607783973012590018e+00 5.420383476181122262e+00 3.289051074541973207e+00 5.253793918657400752e+00 4.423336282879667181e+00 2.354143138346103115e+00 2.090805650138507499e+00
3.248816302090394625e+00 2.778788010795509411e+00 3.083490692864871985e+00 1.431248029464880389e+00 4.343908441498632200e+00 2.225516287914951263e+00 3.823004618490838169e+00 3.133858636971687428e+00 4.938067720645165637e-01 5.586909868597879303e+00 2.795670785596454433e+00 5.436142884844031187e+00 8.158077065562647778e-01 3.452182248481057592e+00 4.501591151814855252e+00 3.088660653315707716e+00
3.804513325182976580e+00 4.043871386170777349e+00 3.475994328557390656e+00 2.713693124765099718e+00 4.838181405999186779e+00 4.718232552344994168e+00 4.598247640796755853e+00 1.283982398170818051e+00 6.078193491210009292e+00 6.580191288795321503e-02 1.163245244209247797e-01 2.934678405744181262e+00 1.148280220987083267e+00 4.868570870932687811e+00 1.396122183971703956e+00 5.516072181501454619e-01
5.237145048244819634e+00 1.424997991676590692e+00 4.733100825624809715e+00 4.559258666604152133e+00 1.915553224692926992e+00 5.656208438780571335e+00 2.666337991906017724e+00 2.139152499155503762e+00 2.853750499614996494e-01 3.508589074969901134e+00 2.803100945169302860e-01 1.675752021945206671e+00 3.713573817465225524e+00 1.617501828640874662e+00 3.428501164058921358e+00 4.454415497354518472e+00
6.212975048686036672e+00 5.959767401116420338e+00 6.215676015871256510e+00 5.573770758833380690e+00 2.135752395171319762e+00 3.817241591899185327e+00 5.421839688512587685e+00 3.527574158895304013e+00 4.844407100844033143e-01 5.280435621559778525e+00 1.949326349804694214e+00 4.185970942882156542e+00 5.328939766737023298e+00 1.831060309519565887e+00 1.722073498882892295e+00 3.851245849658081477e-01
4.695331529046882224e+00 5.958857328138772225e+00 1.603174892642143190e+00 5.087946991368762217e-02 4.126995485205401160e+00 3.934836582408252070e+00 3.551186567419436502e-01 6.980875718460070878e-02 4.514240235582690275e+00 1.148930759222115405e-01 1.474877705356576474e+00 2.261780025068105271e+00 1.943636350070676366e+00 5.857878581993244183e+00 3.514980784090187438e+00 5.262343712521389882e+00
