7.283991414240029716e-01
7.234106571829175270e-01
7.274285978757516480e-01
6.545695932570572140e-01
7.073982745700567731e-01
6.920583726117650603e-01
7.091271410556596599e-01
7.487362739035098302e-01
7.169368798190973724e-01
7.092094526959112910e-01
7.330393519764328847e-01
7.177297216079018272e-01
7.175130779207177234e-01
7.242780400510279160e-01
6.899945236332840626e-01
7.275303469496453568e-01
7.329434124913353221e-01
7.548385617449405727e-01
7.321730256858081098e-01
7.372942335491957655e-01
7.214863480203624890e-01
7.496060227479427462e-01
7.292646305872582113e-01
7.142597699170094572e-01
7.445905803212229390e-01
7.492409290677746192e-01
7.559171479615038880e-01
7.422721362871954609e-01
6.967824786369027912e-01
7.487749892996459211e-01
7.177157207189531762e-01
7.208311527298756349e-01
7.752691213893473376e-01
7.424239596498787286e-01
6.904553535160112832e-01
7.512946263960552651e-01
7.275177798323387846e-01
7.335266444223763616e-01
7.212007288550525974e-01
7.172653518852679655e-01
7.364609212603204780e-01
7.438710751393939891e-01
7.189609355915969058e-01
7.540025657153223149e-01
7.535223169904948781e-01
7.374847391894410187e-01
7.233350912111966569e-01
7.136025987728092934e-01
7.458779971447417889e-01
7.225100920308898944e-01
7.615145325374429452e-01
7.313310987902832405e-01
7.129554828222373075e-01
7.319738334095268195e-01
7.116116260500212620e-01
7.763401020996429924e-01
7.360779440382421157e-01
7.356849978501894816e-01
7.369102106824505505e-01
7.271321638039878188e-01
7.467332458381240601e-01
7.326863714826563623e-01
6.933419913360925335e-01
7.126446872159649670e-01
7.479584102480059116e-01
7.425722954413992438e-01
7.441548727485742809e-01
7.328905756991777043e-01
7.440088783490040880e-01
6.659877081585819925e-01
7.141013251489894964e-01
7.364329269904329456e-01
7.484756033405699505e-01
7.291347831107886091e-01
7.572745444156103733e-01
7.361812831797451828e-01
7.386078441818213491e-01
7.094074405239861880e-01
7.635378892907790371e-01
7.233749555753005156e-01
7.429655927352482037e-01
7.271350653580886947e-01
7.262777981795357496e-01
6.417611226125798929e-01
7.553971591444790246e-01
6.401499701227401085e-01
7.307626161466856951e-01
7.493761388936138745e-01
7.104308139352634166e-01
7.233883705492183402e-01
6.427438436839100211e-01
7.215511960771654465e-01
7.287746992096975074e-01
7.440416510088515567e-01
7.490211943911841974e-01
7.381197307285715103e-01
7.487696813694887377e-01
7.138780794510706240e-01
7.323188750016692561e-01
6.985294281322103060e-01
