2.733312190628866212e+00 2.110141940618621703e+00 6.641101811301912683e-01 1.740517015859657457e+00 1.639117448115110509e-01 2.095923437467529515e-01 5.236063433875600026e+00 4.525144485173056452e+00 1.703403193138593563e+00 2.682345866284546521e+00 1.560407822099355357e+00 5.211703959504861317e+00 5.869247746465140914e+00 2.994561381699642477e-01 1.422864389844884503e+00 5.897343839785264663e+00 3.696177045972028452e+00 2.047546802900011009e+00 5.822970640506490270e+00 4.420524875436822931e+00
5.833265381314435061e+00 4.722921370182051604e+00 5.522844562135948543e+00 4.623189498997100522e+00 6.037890088580213366e-01 4.406606233262929884e+00 6.188773287029232684e+00 1.755081806634098296e+00 2.130702406174415753e+00 5.728428710169814586e+00 2.391039379017186217e+00 6.903694841883938338e-01 1.642190486501833080e+00 5.560853813617935515e+00 3.303947516174450261e-01 2.800753255544756737e+00 5.998442537888344361e+00 7.857274579606743359e-01 1.274973040611257158e+00 2.529179930951735766e+00
1.217733137989242209e+00 3.319515156024821945e+00 1.857447981900303358e+00 4.368149723260039252e+00 2.949579763407554456e+00 4.089088776981252948e+00 2.928804964348499684e+00 4.463050753055957998e+00 7.958720005593822311e-01 1.395944041310161143e+00 4.552882556818698689e-01 4.753934745676387408e+00 2.537812626002495353e+00 3.559080150496809924e+00 3.727352906583050185e+00 4.762175571705480337e+00 5.488453158075309091e+00 3.316356148640130286e+00 3.569093010254594578e+00 4.822105159058341362e-01
2.433373041543491766e+00 2.204036373176654795e+00 6.145286809195260602e+00 3.719349955528003182e+00 5.287199924344526458e+00 3.556712568207853753e+00 4.638666120542561444e+00 1.749352551636396358e+00 1.628014159396927285e+00 3.118627241963420893e+00 2.897318655639140594e+00 3.651432366447971756e+00 4.687127412745131672e+00 1.003365090658885211e-01 5.509703477359589208e+00 2.995712343738008432e+00 1.793711939364304397e+00 5.939951686090799043e+00 5.503277326751118359e+00 5.935101832688948420e+00
3.030299350350654564e+00 5.944506276450725935e+00 2.757956798843465673e+00 4.032483090719925833e+00 8.365270113195024670e-01 5.557314591360505318e+00 1.353216979081995452e+00 3.021669520925500674e+00 1.023985537290475589e+00 1.545023016219788659e+00 5.452184833012426735e-01 1.992182576650642467e+00 4.714424557506164071e+00 4.191008290295473060e+00 1.545082304729981759e+00 6.178713528476121652e+00 3.020884821704726164e+00 4.283499672835007210e+00 3.567256580633699325e+00 4.588337407960921155e+00
5.864160039400353464e-01 5.085133329989131035e+00 3.304070126505691096e+00 8.030333850759609204e-02 2.980544765933532236e+00 5.060382956835130841e+00 3.856526445965125394e+00 7.155463722525404746e-01 5.110015332275891886e+00 2.215297846763449208e+00 9.462419166745552820e-03 3.966046718645126923e+00 3.071210203383300530e-01 3.989390742584816518e+00 2.077961946041456009e+00 2.355736026389985138e+00 1.436707981914301158e+00 5.530682114329414922e+00 4.016220266962805319e+00 1.977734622321265734e+00
2.944672489443173724e+00 4.801110041655701544e+00 1.628203661117719081e+00 2.421189294093260003e+00 1.801047746862428856e+00 2.412178110258521357e+00 3.943034093578763777e+00 5.031200294766366099e+00 6.134543407566340534e+00 3.669908302909439257e+00 5.867976284446672963e+00 6.003234979416027350e+00 4.188020433071112159e+00 3.779950513074304741e+00 1.480509804823466391e+00 5.291130574387518770e+00 1.726376648525916213e+00 4.188732012573887609e+00 4.019631564648254773e+00 3.345494262610230418e+00
5.895968189045233565e+00 4.974196733119727654e+00 2.500947500945589042e+00 6.036630982783807831e+00 1.060861159717084501e+00 4.497436079068465320e-01 5.490609450810038261e+00 2.674179119672551952e+00 4.803033485892273191e+00 2.857512503287802819e+00 8.895216743605021126e-01 2.192760251798711479e+00 5.837259983011416686e+00 2.354225549840589515e+00 5.182050576085529769e+00 5.164099178932080925e+00 1.329782793612905412e+00 9.626923442117373275e-01 5.533489686526547047e+00 8.115338272495326022e-01
1.342968549260141753e+00 1.431802210535072506e+00 3.497893327739748148e+00 5.308787934404326059e+00 4.621966101359112677e+00 5.173356601155108869e+00 1.638644203016903278e+00 3.298216038807838535e-02 3.271968520507672284e+00 3.934237128936751038e+00 2.912270375310238801e+00 4.951083431052718531e+00 5.780308121556890555e+00 5.773148510340458728e+00 1.966898842158096627e+00 2.156957946542148452e+00 1.584185097191679548e+00 3.536081947941599246e+00 1.969845266686063523e+00 2.013609855384073555e+00
2.209879046738234099e+00 4.058760126588717654e+00 3.896588415526586857e+00 1.854621103084525657e+00 4.103102605138360115e-01 3.681459249062516204e+00 1.502357964056117989e+00 2.174672422319341880e+00 1.736001703983177880e+00 1.304601273131247963e+00 2.322457877465874954e-01 6.221217118138125279e+00 4.551205018705706706e+00 2.284452033207704957e+00 5.096288924729184266e-01 3.334064835981868924e-02 4.474129604616121192e+00 5.195704175360561727e+00 5.556447806978142445e+00 4.907764162057963730e+00
4.725792565568498915e+00 1.535190383662594193e+00 3.674917865856159871e+00 3.717838050507103365e+00 5.221865655746869450e+00 5.181081951135630526e+00 5.910501226907292072e-01 3.399911223175517971e+00 9.510534270054128436e-01 1.900432236272657782e+00 2.361545913160223442e+00 2.408659746774513444e+00 4.570839229179147090e+00 5.312033366075479712e+00 5.953023840917677667e+00 4.985328100092019099e+00 5.973046642531507189e+00 1.684953436826819306e+00 3.423363912140164000e+00 4.762482382264686009e+00
1.440515463653533057e-01 3.317728759562536212e+00 6.005543794837199911e+00 2.564659869711393703e-01 3.360930223902356850e+00 3.696208284551768752e+00 3.975386033612031245e+00 1.145456376338365390e+00 1.317830409385582824e+00 3.416214427338639670e+00 3.404627338416132076e+00 5.360488822924336816e+00 8.073552725497299409e-01 6.201993015501075845e+00 1.539435692399725442e+00 1.473179865166977631e+00 2.180842429697660290e+00 1.784805643238716266e+00 5.120188270303774658e+00 7.407897127287368377e-01
5.341497711590132980e+00 5.002308587464675327e+00 4.700538076261526754e+00 4.299308153148545308e+00 3.675005278397727171e+00 1.264095198453009772e+00 6.057023626524753901e+00 5.701444924512722778e+00 4.718604768800969684e-01 2.787349267518012930e+00 8.378056954895279906e-01 2.235126584250390902e+00 3.442405316564989715e+00 5.141316955281610035e+00 5.706831724994129829e+00 2.636488497117496443e+00 2.111402855825603275e+00 6.043398260251734655e+00 5.340899837275805417e+00 5.453820527067174240e+00
4.921268977779556408e+00 1.468436272260808417e+00 4.577788274305511607e+00 5.657169760084859611e+00 3.839647000388840770e+00 2.649321260462327743e+00 3.230738239658013988e+00 2.299071450639353920e+00 8.476866840621367638e-01 4.876131340664094260e+00 3.372680377646718242e+00 3.628400772025969445e+00 4.464096249529687199e+00 2.665601476784736246e+00 3.244489141159058843e+00 1.220027728713900306e+00 3.441382232105827388e+00 3.705697772406774781e+00 4.946490727701661760e-01 3.774384396603183589e+00
2.397955634566284466e+00 5.793861001121562992e+00 5.228261246721437772e+00 3.452774727951451794e+00 4.490598645392636534e+00 2.674462259104557038e+00 1.565947395663938257e+00 3.967762052637490378e+00 5.163491167428899686e+00 5.409638793082737207e-01 5.238455629307873451e+00 3.360197407593031316e-01 3.841679840532700396e+00 1.816836805925149401e+00 5.281119286772647525e-01 4.367303056956310492e+00 3.867995642552627178e+00 2.298390319498630763e-01 4.413491873275885991e-01 1.333330249850461113e+00
3.257162609171686096e+00 3.021893769564753196e+00 4.447540224874046544e+00 3.739124033237887001e+00 2.646208394830563471e+00 2.213738637859249625e+00 2.799595991549844065e+00 1.967315382161093362e+00 2.264954065409777173e-01 2.683398358216654511e+00 3.309043871032469664e+00 3.991003710855502096e+00 3.852227670981214214e+00 5.733516638314035241e+00 4.756886939934133807e+00 2.867647865271106156e+00 6.245887382301582136e+00 3.785608145438345562e-01 2.826335174667619743e+00 3.197406534360728525e+00
2.531848042200417925e+00 2.491396012988001285e+00 5.590637264765312864e+00 3.979086009969316495e-01 3.531677745911887545e+00 4.924750847765050565e+00 5.444144881236419486e+00 4.995390690741685624e+00 3.552132250158039906e+00 5.994410958933860556e+00 2.793268376084961258e+00 5.577121211633653708e+00 2.948769435713137210e-01 2.831929964281641454e-01 2.870699505404946450e+00 5.060653066739155825e+00 1.319877250281691117e+00 3.372375882536579272e+00 8.070641975779104804e-01 3.955089195854436301e+00
4.219679130599036654e+00 2.627723355902392477e+00 5.550156633696222030e+00 2.112174627465099874e+00 1.705856750084881801e+00 3.685941854740732104e+00 4.814222432401898288e+00 2.347767230597020305e+00 3.593857177588449137e+00 4.412540121642928526e+00 1.895428669090787777e+00 1.940447427545689996e+00 2.683196328387915219e+00 3.953620264360745651e+00 6.195775140737130648e+00 4.198867010696534230e-01 8.154868520788942643e-01 9.951137124798106193e-01 2.784540277801006880e+00 5.570245458194200694e+00
1.302266712413824745e+00 6.509590869693970827e-01 4.232084309621155782e+00 5.591856719084655758e+00 2.389130673941609828e+00 4.648385763846329510e+00 1.342303147482455161e+00 5.794501276248058552e-01 2.251146586898788993e-01 8.316181302743533843e-01 3.149298476497790933e+00 3.711906620057843220e+00 1.930995895358608383e+00 4.066531824722855681e+00 1.978848508476072743e+00 4.873619309703581592e+00 4.474581573003737489e+00 2.891446705726346433e+00 2.726929245883854325e+00 1.248198897450110367e+00
4.338093405334917385e+00 3.636013906044798016e+00 3.509707661186953764e+00 3.775892205797096945e+00 8.407768904270183086e-01 4.993295216470411191e+00 3.685011766894040086e+00 3.345754336975323984e+00 6.066802737036631754e-01 3.690157236585740463e+00 5.555169220646805073e+00 4.678352356272875157e-01 5.051126538751171680e+00 6.208780779664490268e+00 4.915533013243396532e+00 5.185577433664288804e+00 5.210438361549811326e+00 2.914232198215968683e+00 2.389958499136613512e-01 1.483677233972937826e+00
5.061541252167365279e+00 1.565439751672510704e+00 4.746827711437951791e+00 5.811424696765929987e+00 4.876887977998740631e+00 8.484423401540036602e-01 3.894629478794078142e-02 2.138871187145729102e+00 4.962565487461673364e+00 2.943998746662441768e+00 5.761071854620449351e+00 4.742238781333213637e+00 1.713662431848053114e+00 3.372801408424517811e-01 1.749545603364495161e+00 3.662751083418111619e+00 5.843659148602021958e+00 5.045579907024938526e-01 4.606060956254898892e-02 1.456177415314061196e+00
3.064265133002195274e+00 4.886535339919656495e-01 2.665803015666874387e+00 2.166543659048883352e+00 7.702106322873396582e-01 3.728995116950849731e+00 6.239300790703251387e+00 2.642181931298366315e+00 3.900150858157786615e+00 1.840726469622663730e+00 4.199345610855731437e+00 1.942120919837450943e+00 3.294884592340452834e+00 2.438813777493000323e+00 5.364272945330125886e+00 4.805532547977037439e+00 4.078913655005570682e+00 4.317991687463760719e+00 4.930138184725167072e+00 4.631444496485534579e+00
2.616494656844826849e+00 9.567643797617310097e-01 1.335934894668421746e+00 1.206054947065162475e+00 1.544883077021358686e-01 1.790068522068827273e+00 2.678000631200093462e+00 1.163444690208631505e-01 2.137832939482350980e+00 2.412775752780146110e+00 1.678118287819778676e+00 5.352833653567293126e+00 5.144378495927230954e-01 5.165825321339419851e+00 4.065917119306954874e-01 5.835209946444472884e+00 2.188113389343049775e+00 1.588045167013832026e+00 4.821182264424987984e+00 9.882600203347252643e-01
5.653908066240572516e+00 6.238561278713219416e+00 2.776109132046433725e+00 1.795642761217822070e+00 3.430487047745374607e+00 1.530393954223829622e+00 5.880919678368697667e+00 3.746864429813474118e+00 3.442144943242338249e-03 5.807139716703673571e+00 3.565787019585610729e+00 5.904208144764503174e+00 7.486219635279637297e-01 1.650216281633360760e+00 4.862862461541229919e+00 1.972336957629526655e+00 2.164590063166420997e+00 4.632370395417163778e+00 2.680992001686973492e+00 1.702513584280818781e+00
5.332037354466634405e+00 2.403050345000619537e+00 3.779397983534646510e+00 3.048603720555167040e+00 6.855743681579100635e-01 4.818404979570906299e+00 5.959556153232369979e+00 3.798778256770265038e+00 2.278169765123251311e-01 4.944754224200514692e+00 1.307056402419628727e+00 6.191886079111031949e-01 7.807978543641406199e-01 5.240606553155384262e+00 5.383315011276629258e-01 5.791585855491694801e+00 3.236370260700638823e+00 2.816899883958720263e+00 5.886795158085885937e+00 2.181822648159893241e+00
3.677234567716036295e+00 2.903935820163276560e+00 5.959684290882005797e+00 6.153344502407300354e+00 1.035926266792192019e+00 4.548432546929636722e+00 2.871616850244951724e+00 1.177032053144807744e+00 2.655050832486490209e-01 3.529770711393970473e+00 1.950303413557588739e+00 2.819253637754859820e+00 4.478096349994210357e+00 4.052125979794728217e+00 1.402882082544935516e+00 1.306445834329869271e+00 5.130400980249716802e+00 2.917602449697716538e-01 6.339657844978663359e-01 1.301044745640469236e+00
3.781743357996372623e+00 4.168022507952573008e+00 3.572622209828610007e+00 2.414737466560556101e+00 4.780229788138951719e+00 5.981951445645695031e+00 5.230388488136308744e+00 1.951603941126914599e+00 3.058542252382704163e+00 2.611895983650417197e+00 2.301800927550275322e+00 2.513718834752968423e+00 1.490142321992988350e+00 4.203841501577231021e+00 1.088125787545215273e+00 4.871742850900594668e+00 3.421817830721506137e+00 3.579045779505190428e+00 1.479335730334112864e-01 5.043359408732452920e+00
2.679130844734843642e+00 5.249173176424370979e+00 5.201202380304835060e+00 2.059327591403138147e+00 3.725803128537398479e+00 1.697589555445862208e+00 5.502028730105996690e-01 4.361092668368052649e+00 3.735408632787951877e+00 1.294502631467294052e+00 2.815398900151367290e+00 2.306511614641336916e+00 3.245841023267617587e+00 4.981058334772960894e-01 6.118826038481155472e+00 4.395310676771249980e+00 2.622376292311004331e+00 9.776827159656892308e-01 1.787705303195912698e+00 5.069324941399814266e-01
2.451179560406568481e+00 2.179853664221483189e+00 7.921367835480076502e-01 2.682303786350773156e-01 2.645173051683252563e+00 5.560244439399123273e+00 3.932738070674488107e+00 1.066215581583267014e+00 3.967178028493230535e+00 1.280287288572128368e+00 1.283093595813273868e+00 4.429948526495633310e+00 3.219025634077824716e+00 1.388099208820559705e+00 4.510131054014181018e+00 3.922597040136792668e+00 1.975065832115640241e+00 3.237639463337995682e+00 4.897763832937350514e+00 1.414114778894001168e+00
4.190960704214076848e+00 4.599915676968980627e+00 5.382048349951827682e+00 6.266630047437911522e+00 3.151769811592334047e+00 4.076364140182107576e+00 3.257097432473372578e+00 2.390868559708641428e+00 2.804920400524274715e+00 4.313850983621212443e+00 4.597084057099528387e+00 4.212102907393990847e+00 1.339416013948843354e+00 9.933919751103961193e-01 5.477243695976839355e+00 4.343420467896182302e+00 4.199061765866641593e+00 4.663112123308510437e-01 1.674876849095396469e+00 2.186281414536301426e+00
1.120239180808011215e+00 5.381889610316156869e+00 2.131637627803065982e+00 4.724972637160704814e+00 2.086827819236535930e+00 5.164888205539741151e+00 2.861819288347863033e+00 6.026607718258055746e-01 1.527068068022492398e+00 6.274603055917142846e+00 5.839964340405257026e+00 3.320966060171759437e-01 3.739614697822371436e+00 4.770040485042893685e+00 1.364837343055898877e+00 5.886546264548340623e+00 1.954046243812808559e+00 1.971848850691937605e+00 4.976178622889961822e+00 5.219358268243240673e+00
1.656091709256387601e+00 6.117823746006465058e+00 2.729085006075890885e+00 3.405778318200637145e+00 3.758567558458034696e+00 4.328898165091994876e+00 1.265082715556770765e+00 8.655501204946911553e-01 6.724543658581011440e-01 9.889524595750222302e-02 9.789506089067085970e-01 5.948350517167352969e+00 5.048746610504085908e+00 4.564215475481283590e+00 2.151565592835310792e+00 5.923482191838974842e+00 3.665536869626340621e+00 3.845041180021171456e+00 2.866866761380921780e+00 5.391936583556782736e+00
