3.368052023668926864e+00 4.979924388025566806e+00 1.063188029601678020e+00 6.220921349488659935e+00 1.161661178253009297e+00 4.881129620602740360e+00 1.136819437013234735e+00 1.083679723321769872e+00 5.839678382949163193e+00 1.923680244629543123e+00 3.940318623064821502e+00 1.187467400002670814e+00 4.741834163272343083e+00 1.949598249096498703e+00 2.236528538588325343e+00 1.422262092719144499e+00
5.813183896134351158e+00 3.286500124584192495e+00 5.652935041152178819e+00 3.518143596863044120e+00 4.597532281403166721e+00 3.201786224846534967e+00 9.757556021741842223e-01 3.344357185147278866e+00 1.424515691238242843e+00 5.423385902055044561e+00 1.455910139345412135e+00 4.693109689714623833e+00 2.571973632526193043e+00 4.311304473393601927e-02 5.737598394961483939e-01 2.942731398155498113e+00
5.314027345022046767e+00 3.746568076025754923e+00 9.593898822790015712e-01 1.336440722248011026e+00 1.751650335160036542e+00 3.023887412257267648e+00 4.982421291682445075e-01 1.953602461142690538e+00 1.230542139204206409e+00 2.855737303339260791e+00 1.021411984395323991e+00 5.378294732874266515e+00 8.859572385435138253e-01 6.190456116401723996e+00 6.126255746073391295e-01 2.527387898860130377e+00
2.374785834122705275e+00 5.126327230126426215e+00 4.749393537986541958e+00 2.083852694644893866e+00 1.347441751681303923e-01 4.730977587339803669e+00 1.545342578175605608e+00 1.389008259571943737e+00 1.145211711180873504e+00 1.429067543161313569e+00 4.175877127873993899e+00 3.744418211635357263e+00 2.223494820459868127e+00 1.484225403553578876e-02 2.378366691325158211e+00 4.735846983559763856e+00
1.224213397999447173e+00 4.273131449152020589e-01 4.013623968420286792e-01 4.974899273507636721e+00 5.759209828637890105e+00 3.872216606056610111e+00 3.653686350377423064e+00 5.995580691018812303e+00 4.412240174231875756e+00 4.322454191885976904e+00 4.191818096695516971e+00 2.750789955645999374e+00 1.391540319254541469e+00 2.401713633252239966e+00 5.699869600205162534e+00 1.297512299628198029e+00
2.937477016372572081e+00 3.573527227508757065e+00 2.109781245231923119e+00 3.716577797580581599e+00 4.829608875755000419e+00 1.094629157851901603e-02 5.709969653513810250e+00 4.059031758712381865e+00 4.180963979259120222e+00 3.724524358952143288e+00 7.717646981870015521e-01 3.391846840829913834e+00 8.584121317885934355e-01 2.520545847842199372e+00 1.711077248374322179e+00 3.760614477536238898e+00
5.568695808294030769e+00 6.915291950767121776e-01 5.812236617520845527e+00 1.562149127256413195e+00 3.615346481054175776e+00 2.429767790542596728e+00 4.602485225478778474e+00 5.751107804692090486e-01 1.045332979464504541e+00 1.590477821927940516e+00 1.766099211117422851e-01 3.033281409483194135e+00 2.799027446229429561e+00 2.098169890262389981e+00 4.629070817669000415e-01 5.999846959731975460e+00
5.203474663537830835e+00 1.276939638965750135e+00 1.068623295255130667e+00 1.488560095369250602e+00 5.670771242686179825e+00 1.455389212058513237e+00 4.561845365154337251e-01 9.998525628202625803e-01 4.969369155555906303e+00 3.207257205454955962e+00 4.881993590522390569e+00 1.949694236938011305e-01 5.528760769919534468e+00 6.092928915241732746e+00 1.365512594691584924e+00 4.220336719081326571e+00
2.571574969429555768e+00 4.018247440306299545e+00 2.328222228188269405e+00 8.471122273791160673e-01 8.582083132990561136e-01 7.183980564872916030e-01 4.536781966446094216e+00 1.402309502115215656e+00 2.593336296104121530e+00 1.754014004777634028e+00 4.423508456892444762e+00 2.178181707423797686e+00 5.219526233119221814e+00 9.462113221357614234e-01 5.466163761592310877e+00 5.048159003958116564e+00
4.700086604721684047e+00 3.933415357639418186e+00 3.496393329313415510e+00 1.583398989971076531e+00 3.907208642630736195e-01 1.096381755663187185e-01 5.911403641480023730e+00 1.018600962026979362e+00 2.382691833805321568e+00 2.012900905716416222e+00 2.571410605008314754e+00 3.927542958341714296e+00 3.653818993924935921e+00 3.776789204493787633e+00 6.086034587290875209e+00 3.048880461663007413e+00
1.732861788188775787e+00 5.751257434750691289e+00 4.059585543667157737e+00 6.905280359100078869e-01 3.089001982320216388e+00 6.630181300473936279e-02 5.983163057371887916e+00 2.225426038364834547e+00 3.132102387685317346e+00 5.728959268380167558e+00 1.563364996154354425e-01 4.046063590702123847e+00 2.424809672324435450e+00 6.016330769641475840e+00 2.407480466274903197e+00 2.143197587781789260e+00
1.744863505489619576e-02 3.501237961356749584e-01 3.210473226653352885e+00 2.809612075997941716e+00 5.763632810372215642e-01 5.453041518798081633e+00 2.355761043885095773e+00 2.687738396533944751e+00 6.104610074368430617e-01 1.066038327839310629e+00 5.244944072920960210e+00 9.510234598122943028e-01 5.857435306834920752e+00 7.865639622123937746e-01 2.856874076020968101e+00 6.293648107322576957e-01
2.947359854796484324e+00 5.848940678653152148e+00 5.868254716900612955e+00 4.249531933039654596e+00 4.308234742089664060e+00 6.176465036243597773e+00 1.482298257950990683e+00 5.531413584050400623e+00 2.080625884306799289e+00 1.397781407391131214e+00 3.955693693199884287e+00 6.252533856613739616e+00 4.088234029606092612e+00 5.415746041368558750e+00 5.855605791776598679e+00 3.302569830213001545e+00
2.019832382631816081e+00 5.289833305517322337e+00 1.696875805042061813e+00 4.505178822857939913e+00 4.508710818339450199e+00 4.874752595522743981e+00 2.939272863793777280e+00 1.999567766641235700e+00 2.582170215594230100e+00 3.370984674000881753e+00 5.278196054222877187e+00 6.241956841361898434e+00 3.281140593775550007e-01 2.392313907604956658e+00 5.514450238999035747e+00 5.818596976473956239e+00
3.808991289828751015e+00 5.194164149798457863e+00 5.276855582043883386e-01 1.599060520025982202e+00 1.759737075707411280e-01 4.688245525543038639e+00 1.027238242006994984e+00 2.661313490981896734e+00 3.529788751532917379e-01 4.786275757888123650e+00 7.940875528815237727e-01 9.121578099668495865e-01 4.656890984906036479e+00 7.321010151654043785e-01 3.903947285392970201e+00 3.751929465055237056e-01
4.328246333253055411e+00 3.171959832357568398e+00 8.108528043016121067e-01 5.098526826162142617e-02 9.780346195160107836e-01 1.547358409857501282e+00 4.801756172307203308e+00 2.877547902368142174e-01 6.136530654980814958e+00 5.790380406189035156e+00 1.854136860250044760e+00 6.132715380997757038e+00 1.741007472433088454e-01 1.816734583491314003e+00 1.079555883843965169e+00 1.300346855482463315e+00
3.136988073474396566e-01 6.178292728037441117e-01 6.546092580849206533e-01 1.802462544485699647e+00 1.458022536815773096e+00 1.711023023305917823e+00 1.249968908614621288e+00 5.171834851155840518e+00 5.587634598425649912e+00 2.777693922942188642e+00 3.868484200650893268e+00 2.305707111642408602e+00 2.266495386527452194e+00 5.046949753365701064e+00 9.119930038722563470e-01 1.635040413126879200e+00
3.212719960885361381e+00 5.932168723477787786e+00 5.534183098854454030e+00 4.697304785141421135e+00 2.848122980551650585e+00 3.941840582061917342e+00 6.039621321504180074e+00 4.757414329730624836e+00 1.403155402127448159e+00 4.795546228003989553e-01 2.868547799724985747e+00 1.611348387544315086e+00 5.799413919732533174e+00 4.483727506721917777e+00 3.608902747303321945e+00 3.102928173678508372e+00
2.139345300066612499e+00 3.820208111688029096e+00 5.620576520053745639e+00 3.245370339754490185e+00 4.356617524316541257e+00 3.782356428970592432e+00 5.574609098998974943e+00 4.215658824632299018e-01 5.102177883480891296e+00 5.171824987588129474e+00 4.234059543185558105e+00 6.218051324254338041e+00 6.205989386739648950e+00 3.133283413402221385e+00 6.203950570947607268e+00 3.225823689902182601e+00
4.906697833598697933e+00 4.524278003721477148e+00 5.729609706088592880e+00 4.993560445238387935e+00 3.808854195569673085e-01 3.865929146018789009e+00 5.895297851821028612e-01 3.746638242138586428e+00 3.514791156693816365e+00 5.021140331663239698e-01 3.305737935135701910e+00 2.770567359515931027e+00 4.075350307018672957e+00 3.924311807966646803e+00 2.360320587044188820e-03 1.938518649426001605e+00
1.627089296012253827e+00 4.589881517405397737e+00 6.828730412494521396e-02 6.018906881058880387e+00 1.150284492410279080e+00 4.814899569797227441e-01 3.945341247160266462e+00 3.959678975839173720e+00 4.741200047889108760e+00 2.329722311895354281e+00 4.840562800390618037e+00 4.921175512799973006e+00 1.946412635011430137e+00 5.928792398229011162e+00 2.399736326582079471e+00 5.592883781542265176e+00
1.355686730352506197e+00 3.954131718620739200e+00 2.357014121460491829e+00 4.933815653964012782e+00 5.732790490540847550e+00 9.320253864240064801e-02 4.352079989254836967e+00 5.916490964805390718e+00 3.673978460220797548e-02 1.335976504667785614e+00 5.310779581677701700e+00 1.862249210175095815e+00 5.250292703677603257e+00 4.030152194580488789e+00 3.902311169600936491e+00 2.569377288223999134e+00
4.228453417498414524e+00 6.445601699396684703e-01 4.155170730773372512e+00 2.004770140548130797e-01 3.885734370550781858e+00 3.627044050953030396e+00 2.533499506150672431e+00 7.132165589168379394e-02 1.308177285018774283e+00 2.966315717866434110e+00 3.237993900084562782e+00 4.936845755467729191e+00 1.115773013471490271e+00 4.744179544694903106e-01 2.295170722579980005e+00 1.305271799172782465e+00
5.858961538400151881e+00 3.771985580242112057e+00 6.005468096378050902e+00 2.541944671765180797e+00 1.510952875505886084e+00 5.993532195958052533e+00 2.520935072093319906e+00 5.773737744218547796e+00 3.404708245299037372e+00 4.929792839317175712e+00 2.942804606952937885e+00 5.042219546257035168e-01 3.898921337106356244e+00 3.475558484578241458e+00 3.683872586447041186e+00 4.770106629555285416e+00
2.965101037449088928e+00 6.201081774159530546e+00 5.334816801436270239e+00 2.511119074087042602e+00 3.125452429590444225e+00 5.213947417458573597e+00 2.732493647034201167e+00 4.510720517427846410e+00 4.351076826816347776e+00 7.691402919415376571e-01 2.174175418094393297e+00 6.106189223372120445e-01 5.087994529945055966e+00 2.467244087956502518e+00 4.506938576543554120e+00 5.874009145257405029e-01
3.955728237317479579e-01 1.335435050919853373e+00 4.070919758065405070e+00 2.336448827385796623e+00 2.189264368473693878e+00 1.030725127832384125e+00 2.310279070481167540e+00 5.086357663629613945e+00 5.804680285444437260e+00 5.365025883295100328e+00 2.978389244475990738e-01 4.878617830188038518e+00 4.031708535826486361e+00 5.303150191247098633e+00 1.003733164455083093e+00 4.353808024730507320e+00
1.102619800186573684e+00 6.069373161485990487e+00 5.679159097385104715e+00 5.162320979344635852e+00 4.109168428152078612e+00 4.797130800636439041e+00 3.627767754502827291e+00 8.161497971272043683e-01 3.747537609218132282e+00 5.186394594230827604e-01 1.245741362729180235e+00 2.866880274991976396e+00 2.849614903123241838e+00 6.231484536850568468e+00 5.954767103783148663e+00 2.677070316919721638e+00
1.963504679799562336e+00 3.132366836559866696e-01 1.930105370457188441e+00 5.648755200009501820e+00 3.112893864457288551e+00 2.133062027281237061e+00 3.977226094064785666e+00 3.354768345230922488e+00 3.332923116448443857e+00 1.839285361027657606e+00 6.040057521088733061e+00 5.966154740035920057e+00 4.695752755678262780e+00 3.216349352584887633e+00 1.780629615164886159e+00 2.278359480310767626e+00
3.027118235977446226e-01 1.634163377694088093e-01 4.569681910866364660e+00 3.347121497976943694e+00 5.301908134037176090e+00 1.690887210762213044e+00 1.805809932808582818e+00 6.003948920103625575e+00 6.004228699863321417e+00 4.009593247554937179e+00 5.060011605125666279e+00 4.885969494374794664e+00 2.408437397899109822e+00 1.768464186438360120e+00 3.387299620947089807e+00 5.410154262402713243e+00
4.805642134991166436e+00 7.349805538649474279e-01 3.713587085745122973e+00 3.948408620138836866e-01 3.934215216080941602e+00 3.970127233002723077e+00 2.863431143190842132e+00 6.241751056074103410e+00 4.968583678829538108e+00 4.674007053981606319e+00 5.794214170465391334e+00 2.279499952823263176e-01 4.575996946385236797e+00 3.226618817525794825e+00 4.960538299100663906e+00 5.603823462194742255e+00
4.210959639891848627e-01 5.115340531341943553e+00 4.901610679713848562e+00 5.722819714408072578e+00 4.641294102300039248e-01 5.312267413664803151e+00 1.850276361047088480e+00 6.155746199538854491e+00 2.709969352830366773e+00 3.420832381193757987e-01 5.388449009041107018e+00 1.587598431494093854e-01 5.500639030378513539e-01 4.748042385122147380e+00 6.289915870291753475e-01 3.863993445393576920e+00
5.994610728297474544e+00 5.718525995065615319e+00 2.462630710677505164e+00 4.299097103979796053e+00 5.509855590877860365e+00 4.375899272029337261e+00 4.957911118245274196e+00 5.260473512623125458e+00 1.242728982842046914e+00 4.786286066047963139e+00 2.048916348180499725e+00 3.623456213577882501e+00 2.651088210251872912e+00 1.067399723578101867e-01 3.099090594156220568e+00 5.638799854369526798e+00
