4.174727984105198964e+00 1.877871443497659831e-01 3.612084415288275174e+00 6.001002530835425119e+00 5.081230861969682877e+00 6.144616638809318410e+00 3.102718063720097952e-01 6.954524326682608448e-01 3.595249595536404552e+00 1.312895831335502361e+00 4.406402733574641850e+00 5.352290701094866598e+00 6.208197915233682807e+00 2.086236111594698794e+00 2.065019169079938433e+00 1.597348681586025387e+00
2.780705896939858590e+00 4.001480276676455894e+00 2.991649822793870150e+00 2.812229301302205275e+00 4.245385000370427986e-01 3.251864590338561900e+00 5.248264572810343864e-01 1.117740911409200066e+00 8.289020542499012656e-01 2.476968171469329238e+00 2.236073591642045333e+00 2.686547987567756479e+00 1.435052761431472090e+00 3.457578127940347024e+00 9.893726689879914771e-01 3.518020967998221060e+00
1.618298240589348680e+00 4.875610570802879629e+00 4.819684930949012625e+00 4.472750913643686488e+00 1.165052966667515566e+00 5.347648276991534999e+00 4.509520254416172769e+00 3.490981902962845052e+00 3.168393523508675536e+00 1.852942016237995038e+00 2.421420915087296954e+00 3.277969428798276130e+00 3.267353761686350389e+00 5.563745217347880079e+00 2.527035786879090029e+00 2.781299761099575107e+00
2.390624609698823289e+00 5.590725783321845554e+00 7.660662993154027101e-01 6.104262874757191426e-01 6.599317047334885000e-01 1.900549321617796661e+00 3.896607622208116073e+00 1.223518160760658890e+00 5.975095127347620050e+00 3.749955012676503774e+00 4.724234421999613964e+00 5.819407717578288342e+00 3.463053550691216564e+00 2.593481957344162314e+00 3.926242515493938434e+00 3.967969857892807983e+00
1.571715724083162291e+00 1.117286195255573267e+00 4.296775029045035055e+00 5.306285273103529043e+00 4.767706021488909762e+00 3.101148928804987825e+00 1.490444982881316882e+00 3.150594800074949298e+00 6.014865412542786061e+00 6.139745071865692072e-01 3.596862650613924739e+00 2.731556469337311110e+00 1.996649931450537929e+00 1.025777086376352232e+00 4.744235445200919443e+00 3.959174925030390479e+00
6.252456828186460314e+00 1.788696486547105780e+00 4.375531085557930133e+00 2.580634256583783426e+00 3.092406206423497839e+00 3.329274661271675040e+00 4.401653980145522199e-02 1.798144929273862047e+00 4.978385672964616759e+00 5.565121258676734683e+00 2.401636435614521226e+00 1.872336459803807251e+00 1.813083208364254073e+00 3.482262383938580008e+00 4.987337372545774805e+00 5.871136208294141845e+00
5.374584181293970531e+00 6.194072666069684985e+00 5.071655576649594543e+00 2.221202623725813119e+00 1.914482505327907536e+00 5.972415971547155866e-01 6.015105940216048941e-01 4.612282157213356548e+00 2.820466259717075985e+00 2.087217335213868707e-01 2.664839557994881591e+00 4.505670247757754154e+00 3.166071244398122597e-01 6.044788789289870401e+00 2.357616814887923518e+00 5.870573782018165154e+00
3.021349036206034455e+00 2.232814223279602217e+00 2.495606195075106282e+00 2.304659974978004122e+00 1.539111335739722586e+00 3.013495238200179505e-01 2.971401286483279502e+00 3.385436133102417422e+00 1.968421627231036475e-01 1.320004449246542366e+00 2.713750303733102776e+00 2.387933545813266001e+00 4.853071190828583958e+00 2.579830620409012121e-01 3.194369264799745700e+00 5.107013921901785380e+00
5.811718867651864073e+00 3.993271879368819999e+00 5.510325665411014429e-01 9.849450652569603504e-01 3.000614866195238761e+00 5.084003740833514584e+00 2.953981911284964568e+00 3.863563622633977790e+00 2.201919401979938407e+00 6.263042325126087384e+00 2.661952086514175697e+00 2.088493148190615933e+00 5.752836242042963510e-01 5.689211248335356075e+00 5.244759817636888144e-01 2.018543448176335797e+00
7.827766131315598563e-02 4.200524930781391220e+00 4.554007696136286754e+00 3.508139883075724885e+00 4.022074011618529177e+00 5.932410322150680315e+00 1.924321977269110029e+00 3.700558739907771955e+00 1.150177481463907414e+00 1.136422177288781921e+00 2.519755413360822427e+00 6.020468121366356229e+00 3.101747199462084215e+00 4.719883579176247679e+00 2.506531112073383749e+00 4.295963586446806537e-01
2.232099495105411613e+00 4.711676771379301520e+00 3.986581670818353906e+00 3.325131542369902160e+00 2.982687841362589687e+00 1.127112909436385202e+00 2.021140977260968974e+00 9.116690654814067762e-02 4.796832203824710206e+00 3.157620647421561788e+00 5.001748026071733300e+00 2.820738063366529769e+00 4.296552885135945132e+00 5.023461977832676340e+00 2.147960039646529484e+00 3.566671743882624313e+00
3.870628330749833701e+00 5.540926223900837222e+00 5.262350003892740880e+00 1.575188036705415406e+00 2.363008526480751215e+00 2.418122166147892216e+00 1.846784229570095581e+00 2.451928673066965825e+00 5.713296830820207894e+00 4.316602374664632258e+00 5.320501390952170340e+00 5.566111149130501090e+00 2.352387919120078497e+00 6.543853162905339804e-01 1.887123155556712950e+00 4.651105368109067939e+00
1.851977728513645838e+00 3.898028849695883036e+00 3.975412141040314040e+00 1.529572312110550669e+00 2.322864800188382262e+00 2.605848483949662509e+00 3.826820512040327582e+00 3.714468295632641581e+00 5.502147525911751380e+00 1.314471972278269396e+00 2.066879407247569134e+00 3.186632124889555495e+00 4.253913864083549434e+00 2.807904903316432499e+00 7.057968228653038745e-01 2.059595909595451690e+00
1.888230804497498916e+00 6.088692410621638906e+00 5.951051893574370588e+00 4.193879409161850091e+00 1.696020505981405746e+00 7.694867169308684529e-01 3.662697549279887721e-02 2.269314424818857923e+00 5.222405346800692350e+00 1.543561737785311250e+00 3.314197255255692198e+00 5.103702499961119798e+00 3.248177527444071622e+00 4.471436930700710910e+00 4.234527111623546780e+00 3.989991568708829206e+00
1.381191294114253010e+00 5.079222228889606505e+00 7.518329893959071475e-01 3.181559757922952425e+00 5.082297211353441035e+00 4.018893430895484009e+00 4.543556475703807607e+00 2.127907757328480365e+00 5.307600434306338322e+00 4.594807094114027990e+00 3.473844575913692889e+00 4.164805698978235604e+00 3.708539164784795616e+00 3.699706228222748194e+00 1.956421323539990764e+00 1.794250951420953033e+00
9.477214156067045314e-01 3.050368455487251218e-01 1.050094186649366712e+00 3.745567375172519586e+00 1.416720449014697847e+00 6.279139662791462406e+00 5.127718859360137493e-01 3.264218113821238720e+00 5.475260417204660612e+00 4.258321243073307727e+00 1.308889055343568808e+00 2.742837490038450010e+00 1.510513436037103085e+00 2.199395173089560451e+00 2.387572149250992037e+00 1.967964274902959554e+00
9.605103310410645356e-01 1.846123260642025032e+00 5.683228352519172688e+00 5.598751194620353644e+00 1.079201202514075142e+00 2.964744744298437595e+00 4.432635446510222010e+00 6.160807629997394841e+00 3.412961231964324327e-01 1.054552942143643257e+00 1.203048384472021226e+00 5.189437314249134126e+00 3.992122037002678425e+00 2.647871149404243507e+00 4.752845728376161594e-01 2.382656409578968404e+00
2.271923988456277854e+00 1.166964541909495390e-01 1.256997030561304296e+00 4.393907184617526163e+00 2.276024522584414012e+00 2.722978141044732237e+00 3.924140826962922990e+00 1.115074098550825399e+00 1.087977481718998440e+00 1.234861581739622460e+00 5.437788853757478336e+00 7.308258603768412742e-01 3.976322513093828448e+00 3.243025997627368096e+00 2.504360267743162005e+00 2.563821529210021932e-01
2.702774761173050155e+00 2.228765327730386492e+00 3.617610923204812146e+00 6.079578957354119240e-01 2.098920367432454359e+00 3.145934987596962440e+00 3.436248233702466237e+00 5.045709100902106670e+00 3.124584688849303404e-01 1.456743627130883567e+00 3.125006291248451529e+00 1.661062732290051525e+00 1.878773839097618525e+00 5.731628263312262384e+00 2.265130750734819287e+00 2.975169954934097749e+00
5.803447030795638284e+00 7.463936814022367194e-01 4.630655949761551149e+00 1.126859006116150086e+00 6.199281960459967600e+00 5.470264369074460120e+00 1.881247998995032589e+00 5.987977950804061145e+00 2.594178293033238436e+00 1.678416841892082234e-01 3.812323608251642515e+00 5.199472906559766017e+00 6.229055645911176775e+00 5.237418940952554891e+00 6.970564611737790628e-01 1.726904666084357443e+00
2.922591876574658354e+00 1.566791555086540777e-01 5.093832345343126455e+00 3.173871102558111890e+00 2.801140576487373135e+00 2.274866771161407009e+00 2.312574767050068036e+00 7.465031332140595888e-01 2.001530810143842043e+00 1.539877770250246414e-01 1.887799281833087095e+00 2.102097557181276943e-01 4.908679476010565423e+00 3.405027167123558574e+00 5.395674673565737045e+00 5.444675313513235082e+00
5.697352836207690174e+00 4.710815959531644559e+00 3.380150799348176971e+00 4.769523450749701077e+00 1.767516604132568059e+00 4.885953796991402420e+00 1.138321172660152314e+00 1.924995433161988512e+00 4.877007559921906044e+00 8.427132029483251907e-01 4.758065752856020403e+00 3.700365602357668315e+00 5.063327492849056810e+00 3.681491953820618335e+00 1.947773259494861797e+00 1.135527596428332675e+00
6.199862122789352448e+00 6.163196465444277905e+00 1.634806415606405272e+00 3.976492069216288172e+00 4.657357075774855026e+00 3.877768818737278522e+00 3.741576082508024648e+00 1.799217998078041836e+00 3.125355749376370618e+00 1.720853163146955023e+00 3.625679400817640285e+00 6.083436056768456446e+00 1.264931840001214169e+00 4.998341015929337772e+00 6.176283665798644407e+00 5.008419018301105474e+00
5.525433181301520946e+00 3.055870442366377837e+00 4.486643965564534459e-02 1.231011961608249550e+00 5.840530660217561731e+00 4.693027994011465864e+00 5.166886290541775395e+00 2.569507679928455079e+00 4.023342101191113684e+00 6.285316375881874196e-01 2.672146289756462956e+00 1.714076077641450757e+00 1.248781316131231112e+00 6.136659492787192249e+00 3.404638714126737131e+00 4.438702010462929337e+00
6.427249464366074916e-02 5.177103922874631614e+00 4.374090366325947166e+00 2.129548412947197100e+00 3.178864625854480153e+00 2.958579335300975721e+00 5.716372897026811728e+00 1.628402519637655699e+00 1.510797465746988255e+00 5.385281810614653608e+00 2.848038725259028348e-01 5.269199121201625147e+00 5.918887360647497431e+00 6.207810208876685110e+00 5.026452367605176441e+00 4.873314208965919825e+00
8.196080954286483200e-01 2.969235090776210839e+00 4.465722855720942519e+00 3.595831105771325475e+00 5.850795711590208725e+00 3.458028868070677775e-01 4.655026875752882987e+00 2.352886529081610778e+00 7.381919558537280990e-01 1.785221382530120859e+00 5.251329142767389158e-01 3.837711554813310944e+00 4.114196664076415488e-01 4.799900766453315981e+00 6.047336368599962597e+00 3.707429162357210206e+00
4.356625982415534892e+00 1.464386027368802523e+00 4.437592345427113116e+00 6.044136393122080397e-01 3.784324133205199558e+00 5.746638211069233115e+00 3.429444688361376503e+00 2.404897417822573047e+00 2.912316110165181771e-01 8.800957323494202900e-01 5.993536070123097304e+00 1.668287289734752710e+00 5.328236178815076052e+00 2.237392774586929978e+00 5.383075066514058982e+00 3.682334575449583092e+00
4.767602305923797523e+00 3.271249971364009745e+00 4.121644340766454639e-02 2.722221746862848679e+00 4.665818244564587047e+00 1.668822062621609481e+00 2.246277639656076186e+00 1.259478140970664128e+00 5.758833769025294202e+00 3.605595419937206447e+00 3.684515014300393521e+00 5.076365631498582331e+00 3.878588345732675080e+00 4.585609978359523886e+00 1.272169357332221251e+00 3.844179233679950958e+00
4.397298024154973284e+00 4.945511822887954878e+00 4.865450557133573106e+00 7.197703325902974347e-01 4.427771814845976373e+00 6.191728810669298255e+00 5.323642255658241673e+00 5.486680514711232526e+00 7.329886540253631733e-01 5.987762651653564916e+00 1.371735846855169916e+00 4.760529454622569823e+00 5.483814457246197094e+00 5.796837463062174400e+00 6.109426325555403992e+00 2.453518883980049026e+00
3.130452627753009587e+00 5.396967987337253803e+00 2.855776066427420101e+00 5.375684953453357728e+00 1.900295279642364887e+00 2.786640548711900589e+00 4.977375114043028681e+00 4.478897192771802871e+00 2.425664618953878193e+00 1.209686731524174608e+00 3.667430595761363765e+00 7.979404026971993746e-02 5.647012826564544952e+00 6.164432220099397064e+00 5.629939319180341073e+00 5.788985681616269474e+00
3.497270205563399070e+00 4.008473879521663008e+00 3.605567478537196280e+00 2.340439736499256629e+00 1.231021582618951005e+00 3.957941615751369380e+00 1.003926016989612702e+00 1.759883589742550214e+00 2.026184188466551017e+00 1.812153428181310755e+00 1.185020521829265094e+00 2.712119854395258489e+00 2.550870498683120768e+00 5.418005474549643097e+00 1.470563341430510595e+00 5.341738827117857191e+00
1.704552569516766480e+00 2.065764504150043201e+00 2.300359775340178103e+00 3.496771309789147075e+00 2.553740954789593509e+00 6.217725790230146821e+00 5.882941579344181271e+00 4.968522896040156844e+00 3.080586666301074139e+00 2.278671011821861825e+00 1.740044714002901005e-01 9.085306429964286057e-01 4.104163239972139721e+00 5.959369291458981310e-01 1.943744507888275352e+00 5.319464443042670077e+00
