9.643568261062210878e-01 3.662966123878720559e+00 5.125039382542310840e+00 5.678895992379719537e+00 6.061477125833969026e+00 2.722826753570743996e+00 2.586984983272591077e+00 2.308699203547580625e-01 3.983804244345184653e+00 2.954159734609536070e+00 1.354173589632877706e+00 3.665252856913709945e+00 6.112381529482815878e+00 2.459619274788476417e+00 6.278021025724019211e+00 8.776098522872006757e-01
3.646556747694164269e+00 5.016351580012749167e+00 5.533757581368141665e+00 3.719060806251150098e+00 5.985845686623919804e+00 1.338664107410185933e+00 2.274150003834471079e+00 3.805233986910248056e+00 6.087586005635783337e-01 3.467652520241170766e+00 1.884977899637829690e+00 2.748781213420719016e+00 3.788247821262538118e+00 5.327704294109035565e+00 1.182662433434065047e-01 4.457836257065040719e+00
5.334632449546726107e+00 3.438711987283247673e+00 2.615478417981077275e+00 2.342466116187763792e+00 6.222862200979139002e-01 2.399993700254461793e+00 2.531594364451793533e-01 5.358772234070421803e+00 6.204707982249944465e+00 1.834412358530767007e+00 4.852809278737626464e+00 4.979448773990638344e+00 4.187509031186153585e+00 5.666887908992960909e+00 2.516915656613418317e+00 4.486215265154117837e+00
4.048829982442547326e+00 5.068547047913025683e-01 1.521594319496792913e+00 4.888036966352843571e+00 4.707313129132584706e+00 5.651414654635789958e+00 3.951675273546784162e+00 4.847468939313373859e+00 2.688137526943198630e+00 5.117988457862149509e+00 2.642851891199451408e+00 2.102896475422045608e+00 2.992669514139954856e+00 1.895373972319657652e+00 2.448926184089054381e+00 5.097727656112853722e+00
4.233850187308373592e+00 4.372606864161892481e+00 4.841162582260520431e+00 2.333241180712662288e+00 1.182846192442789102e+00 3.321333077372284892e-01 3.035261722217150293e+00 2.328296565403225049e+00 5.762972082769427296e+00 1.168657762188739957e+00 5.731517327438713671e+00 5.802609527397434519e+00 4.675417026538895904e+00 3.531544704927657818e+00 6.040392576554913795e+00 2.919511626665028281e+00
5.590081140991623343e+00 4.419762590156034676e+00 5.232955154483102334e+00 2.357318480449144271e+00 6.263171180148734862e+00 8.568324277965776448e-01 3.176001920444017745e+00 5.721069502077987146e+00 4.532353561554768540e+00 4.921631537563605718e+00 2.867382837868754031e+00 4.212909376148846086e+00 2.361217731876187109e+00 3.734857671054871542e+00 3.410246078377163315e+00 4.917406815235412232e+00
8.412135886758916881e-01 2.899516841760969577e+00 6.123142419481922616e+00 5.500495686945448881e+00 5.213522924075222775e+00 3.655370884218098304e+00 5.242476940286207920e+00 8.086716081560396674e-01 3.234898812089969766e+00 1.864063083175268476e+00 2.934318350273212417e+00 5.805259427465606414e+00 1.959486281690086207e+00 4.024556413472083705e+00 5.476945497016899367e+00 9.902729682970060621e-01
1.778330943347980198e-01 7.854986916059907287e-01 5.465633152917146464e-01 3.128336579465093248e+00 4.718235070559419597e+00 5.061619269851057368e+00 2.071370863942596952e+00 4.193677525485477453e+00 4.487812155834917327e+00 2.134180435241042062e+00 1.293856725015854137e+00 3.800376963288222054e+00 6.050959596979232913e-01 1.737357031133142937e-01 1.126258681812179363e+00 4.366321472438566609e+00
2.063463775356822349e+00 1.703533531773933074e+00 1.048874413905334535e+00 5.874048398984828445e+00 2.235568203373001772e+00 3.265880577448895927e+00 1.227312205785813681e+00 4.995902031356188822e+00 3.708867518802699603e+00 4.016565517395700446e+00 5.016302224188999404e+00 5.770972697416964614e+00 9.629739056109133388e-01 5.645379151692102582e+00 1.543358097103117554e+00 3.379491991699071551e+00
1.192419429450836343e+00 2.726462969463251618e+00 5.517450129723075136e+00 2.671223586042394516e+00 2.275743314571831100e+00 1.445424460622056317e+00 5.208350082390971192e-01 3.836211519533665015e+00 6.181331814733224128e+00 4.307695579919586848e+00 1.182172473326522422e+00 2.782060750471285537e+00 4.100778726171021127e+00 4.980954550907105371e+00 8.424204973579922928e-01 3.163873368003229380e+00
3.515520407376538703e+00 4.387349472341422363e+00 1.825785815580320826e+00 5.141030099586562763e+00 6.797441495768828945e-01 3.535764571046319027e+00 9.732907183905722404e-01 1.489019030268128763e+00 5.356947378542161964e+00 3.128673536821422907e+00 1.344351387840633238e+00 2.693061476720148839e+00 2.397374184318750712e-01 3.333370881897252502e+00 5.948927864720262582e-01 3.425122549552186424e+00
6.038378791521256339e+00 2.738980258304147153e+00 2.665767844473030390e+00 2.740515757839016686e+00 1.914909355644506039e+00 4.331655831824325453e+00 3.897748102737187637e+00 5.968379856254453664e+00 3.356931750025736072e+00 8.872499550978262262e-01 1.222580166013967629e-01 1.603934202994395708e+00 9.525433275073394990e-01 1.998651273846024035e+00 3.276293131612864507e+00 2.727268892959240909e-01
4.007786680623375730e+00 4.143118250242587841e+00 2.815895671151780633e+00 7.041397148174124432e-01 5.440287780960478159e+00 4.214068975714268639e+00 6.862805321825319327e-01 5.518868851329493452e+00 2.926294894650210310e+00 3.289390148315759710e+00 4.090303653075121559e+00 5.457144444334754319e+00 4.628819318494864277e+00 3.428202724919808375e+00 4.018409168184751579e+00 6.205520512408892131e+00
2.999888559926637832e+00 1.350166021837024166e+00 2.503496874945813300e+00 6.948183610879353767e-01 4.059464369177231191e+00 5.658142839730335716e+00 5.367795958613865714e+00 2.309822584034695758e+00 6.176073948531807467e+00 3.408119797805904128e+00 5.672967820129300343e+00 1.296561332240975473e+00 1.533074958594897508e+00 2.459956559742062718e-02 1.718328997703093552e+00 1.887777312341286373e-01
3.974896737846486672e-01 1.242236949846742933e+00 3.712351376765140043e-01 5.164917457507780973e+00 4.119563659715388404e+00 5.608553139599082193e+00 1.103506849761652475e+00 4.654668357494700537e+00 1.932391169126438379e+00 5.617672527272702609e+00 2.013004915951643881e+00 6.347785489963854166e-01 4.084760534627477568e+00 5.883624727514357389e+00 4.439315054564571206e+00 1.639318942738631435e+00
5.639730569520987613e-01 2.216768921565804851e-01 3.920213716116764502e+00 3.045728973069938839e+00 5.278275198478883823e+00 4.872061665237597872e+00 3.917815045464341228e-01 3.435161469423267722e+00 4.889927637650068881e+00 3.885018192799396086e+00 2.472934115761280527e+00 6.215245127110065937e+00 3.191417456785375251e+00 4.072632927384242763e+00 3.119090985074495670e+00 2.790800850202361794e+00
4.991594424384364626e-01 2.399211335306083992e+00 5.638143263415665629e+00 4.146287956015449083e+00 5.794489924594381947e+00 5.069952406841165882e+00 4.263628897428237252e+00 4.290051962773684835e+00 5.517538919808725462e-01 5.843037414483581493e+00 2.768895489695913259e+00 6.210560775949193868e+00 5.197902618591431434e+00 5.785912934922864181e+00 3.026583022782753929e+00 2.898744130684893339e+00
2.517764631205795745e+00 8.814256163516723808e-01 5.758809947316932742e+00 2.100134260704168643e+00 2.765426884151800380e+00 3.244804042026955049e+00 2.360170159716846072e+00 5.521993707507899529e+00 7.754104277217299668e-01 5.115170045304330060e+00 5.158110491844620782e+00 3.938263443858631141e-01 7.311076563711622622e-01 1.704228170725974045e-01 3.084650972992632578e+00 2.235885112348638515e+00
3.473292338905889398e+00 5.431961184112189756e+00 5.223587708093854864e+00 4.940967623782923646e+00 5.146995099329232382e+00 3.572953704736038905e+00 3.350733116170085069e+00 1.264471774067893461e+00 4.078441475041189257e+00 3.023627673135146132e+00 1.086420223597411416e+00 3.058627805445393921e+00 3.289659171018707529e+00 1.890547917702935177e+00 5.876203381116700264e+00 1.853258490036650441e+00
3.453453509884233164e+00 2.107527335940647895e+00 4.913426433334166177e+00 2.765285635184057345e+00 1.777182288565698265e+00 4.247538275727945171e-03 6.112600753146782973e-01 4.492649476454713131e+00 5.128992969110035105e+00 5.950135818191695236e+00 6.326045011919964600e-02 1.521137182834523260e+00 3.461007389160304371e+00 4.298135089838997835e+00 5.508725282178035698e+00 5.151104664749226458e+00
3.235387286336497858e+00 4.915842919240851039e+00 6.155307168168706156e+00 1.229218224772100077e-01 3.875314344447457593e+00 6.174339848149249299e+00 1.896677802469164176e+00 3.306378252748791269e+00 5.628192574965046324e-01 4.103871529146709385e+00 5.240334511088630798e+00 5.880539049034367416e+00 6.053479898193626418e+00 2.516825852282609688e+00 2.536675802387591716e+00 5.782761536132564828e+00
5.052143633791499333e+00 1.214770749402630745e+00 5.756061678706429596e+00 3.261736151117892835e+00 2.890993251278023202e+00 5.797397935581702022e+00 6.229396378044766536e+00 3.715204664650406663e+00 2.711833716644148407e+00 2.334745070417860280e+00 3.917167056179387874e+00 2.250977163061293584e+00 3.804182136786325330e+00 5.426142735370742543e+00 5.127637761010458206e+00 4.535995567067574008e+00
2.128786057399806086e+00 4.959696615325435154e+00 4.802006685638162686e+00 4.330829783400949040e+00 5.859532246385523724e-01 2.138435626746257312e-01 3.887830462496541184e+00 4.174220392803246860e+00 4.534282992637804099e+00 2.763041619097351465e+00 4.127733200782556899e+00 2.030591991723933010e+00 2.627433993946314050e+00 4.097651938791840864e-01 5.263149304982507326e-01 2.537433227605289776e+00
2.451810516923845995e+00 3.567083196197873285e-01 4.726988941350654727e+00 3.074332205307447108e+00 6.272739887268680370e+00 4.265510908887979902e+00 5.681741619744869354e+00 1.519115259455567912e+00 3.289111475685327246e+00 1.225992219997704913e+00 3.271810748851064488e-01 6.106010349815348626e+00 3.009946017375457306e+00 2.832649323217217407e+00 8.945698564394752861e-01 5.575628016410324322e-02
3.254711600229926560e+00 5.043241413940069862e+00 5.090161826031475378e+00 1.079443773172340970e+00 1.382830839302750192e+00 5.877934050232385133e+00 1.909170265744879469e+00 5.808164815638194867e+00 1.423560068487617070e-01 4.790172339876509255e+00 2.603560069908578481e-02 2.877098751457036307e+00 5.670726518163101026e+00 1.918423181788813325e+00 5.263031520518445916e+00 2.253713275187481657e-01
2.497223221517380853e+00 5.889342963565056266e+00 2.600345334139336551e+00 1.578943170081638980e+00 2.653923327910753471e+00 4.303567602236817002e+00 7.524302654464989359e-01 1.502031079969764926e+00 2.221686774137506593e+00 3.511861988012563440e+00 5.895176277244926766e-01 7.538769393532585017e-01 5.300966320021507805e+00 9.684098073086918612e-01 1.575446854771190397e+00 6.181634363088134521e+00
1.301036667086754584e+00 4.829327473549013483e+00 3.123297136140975372e+00 9.516658325777669347e-01 4.795506450761913619e+00 4.594519690525528333e+00 5.388000029545014780e-01 3.355567475588699722e+00 3.907369343905150672e+00 4.158815022132835715e+00 4.882614124275306722e+00 2.257558480970538906e+00 4.441875557776911343e+00 4.442661397328624417e+00 5.544304466441773549e+00 1.682423920229824787e+00
4.454632743334994593e+00 3.084826262632690774e+00 3.938119525843590374e+00 3.846340796754494917e+00 2.450774281777366781e+00 1.541599799637620283e+00 7.464175525573006897e-01 5.842541317421838798e+00 3.831482852776517678e+00 5.477554805129996929e+00 4.333560174552024691e+00 1.931405177563540354e+00 4.430764303472686017e+00 3.663982431401881623e+00 4.514651158213021986e+00 4.343216581849348223e+00
5.200220850339003498e+00 1.528264181737226002e+00 3.172343706938496322e-01 3.670739124221593652e-01 4.221637353284127259e-01 1.811826136156926115e+00 1.611569990291742638e+00 2.503683334979288855e+00 4.322183233716545558e+00 5.660948853257627533e+00 6.396721704251380203e-01 5.403189343317532867e+00 3.735965043743004088e+00 2.833210964401981613e+00 1.560201874461300653e+00 4.945958258518637685e+00
3.849418116034096560e+00 2.368185946889745708e+00 8.232489238582620938e-01 1.134401303052126719e+00 2.990514862589809031e+00 5.406661104273495333e+00 5.551341115417869787e+00 1.053351879501204458e+00 2.736221900558597486e+00 4.888351824432183967e+00 1.429018890620201043e+00 6.549936706714331036e-01 2.417537094928329466e+00 2.751111480005338894e+00 2.633191588215451517e+00 1.339095567262468922e+00
1.362391652812103393e+00 1.391485025311912871e+00 5.220025763040195832e-01 4.752973240219498408e+00 1.217256061071117834e+00 3.745252249288303581e+00 4.934994145559467249e+00 5.244762551612392798e+00 7.118564532798000721e-01 6.047499220796619390e+00 3.845807127302820927e+00 5.864673212308293415e+00 5.144333505560896747e+00 2.913792592320827879e+00 1.588063578171384771e-01 4.500420393062791291e+00
7.338550616374613922e-01 2.271431557531537582e+00 5.200629990232749300e+00 6.086422967416091900e+00 4.789159332824008963e+00 5.461335024643451774e+00 4.819608019920035957e+00 4.835143300578611303e+00 3.648719513372218781e+00 3.558205030354539833e+00 1.975134021478353707e+00 1.361301329835954199e+00 1.168359432761754801e+00 4.849439563625960403e+00 5.327108902524998690e+00 3.687437566387758103e+00
