6.117423926422929981e+00 2.908059601198245137e-01 1.775225837497295789e+00 3.588983529276835949e+00 3.167712853799557138e+00 4.091418243136646815e+00 1.820302124336301342e+00 4.050836922603801682e+00 6.089794769445354916e+00 4.832229026427375396e-01 4.211322227208850855e+00 2.186524675922254080e+00 2.382598664323333448e+00 4.524651763820840777e+00 3.001727732756028999e+00 3.182646665027760058e+00 5.429220409619830434e+00 3.872533627247459531e+00 8.450507953173796993e-02 5.651869994887139370e+00
9.551287845272162791e-01 4.417153969779621825e+00 5.744200577720863343e+00 2.083598182421699363e+00 2.002277693420574156e+00 2.234564980477276919e+00 1.404308203996158078e+00 1.358091262868622584e-01 8.711709571996878454e-01 4.186513901053863229e+00 3.807781297830505896e+00 5.574072493988428967e+00 5.358230022115476388e+00 3.421581956523147117e+00 3.322312587862837674e+00 4.559292340247131037e+00 5.062581356534370691e+00 4.486905858621286214e+00 5.130107535929888662e+00 2.087949596069069713e+00
6.021894647737705775e+00 3.360460468562980640e+00 5.255913028681756805e-01 5.611330190187648448e+00 4.326152090051462729e+00 4.022863666116581527e+00 5.470919376292761704e+00 2.649673997828108085e+00 5.049787341735632040e+00 5.829279281212989439e+00 2.827195855766293953e+00 2.216867359165772378e+00 1.801358559161154282e+00 3.835184250151720597e+00 5.827824359465359372e+00 4.266007400581256270e+00 1.398205069762909147e+00 2.309969797356827559e-01 1.017736511283899636e+00 5.151903738273526379e-02
5.279459108133494061e-01 5.548050248974444543e+00 2.454831439668448745e+00 9.315258734937179042e-02 4.962994206351986071e-01 5.430882235635166921e+00 1.945751955513067566e+00 5.274483458551664228e-01 4.417585958516951905e+00 4.068239253857358406e+00 4.193265839112015669e+00 2.424292879676985812e+00 3.524154388714794695e-01 4.686615567172629504e+00 5.868029554782531854e+00 5.799291347088162851e+00 3.278363287035058526e+00 2.322744540107358979e+00 4.654349849536115968e+00 3.855324093132474150e+00
3.185599316495041133e+00 5.493741929757292475e+00 1.047542494291033188e+00 5.446627128617111069e+00 7.257862859027681968e-02 6.127555383621071883e+00 7.532451725999609327e-01 5.954267152652617412e+00 7.390624327459314191e-01 2.340538826814082540e+00 3.194966204125917919e+00 6.848810822372811691e-01 4.979378058158945741e+00 1.619168634805724150e+00 6.601823900398011702e-01 2.321292881579377632e+00 4.796772562665860384e+00 2.169744280200997633e+00 4.958300190045485500e+00 2.942397759929700651e+00
3.029501021047140696e-01 2.757227527622172047e+00 5.487122028659006112e+00 1.930246343794786990e+00 3.558068373036156751e-01 4.544326544039241078e+00 1.639294551317462156e+00 4.362796664412656789e+00 4.381912011807965079e+00 1.269606372399703753e+00 5.452716379455294415e+00 4.131888271911274835e+00 5.379816636151180553e+00 3.057009714953849322e+00 2.781207174775415236e+00 4.227756988794312498e+00 2.481874641088360534e+00 3.867293264292167798e+00 3.886415318824666620e+00 5.940741954883519860e+00
5.949847239280877886e+00 9.806272301399562297e-01 5.091638342837674358e+00 4.939203752579124362e+00 5.579131977253789287e+00 3.659867288847885813e+00 4.353407441574598247e-01 4.027077643185174693e+00 7.218586975511348536e-02 3.342188867161313137e+00 3.457458456546110170e+00 1.716344256029864734e+00 3.918953765954201085e+00 4.305603455920683054e+00 3.932755961168244774e+00 5.255336380918069317e+00 4.761984753673826454e+00 2.319191584320492647e-02 5.730438403939132286e+00 5.398336522061786269e+00
3.331109833090674766e+00 1.173757585198415665e+00 3.742932394765220661e+00 7.512347613570137250e-01 1.393197577829327294e+00 1.474461967397621365e+00 4.840641498365050310e+00 3.499958043685751918e-01 1.598732567600924526e+00 2.946715404634157931e+00 9.293611258842102707e-01 1.850865362064081365e+00 1.871518012922925189e+00 3.207629529832077164e+00 1.785530485273096213e+00 1.209120082079245373e+00 2.537215362810565367e+00 1.973045244248360586e+00 1.852241465978411439e+00 4.817515029922893710e+00
1.470630514993479521e+00 5.226093017873972180e+00 4.778238557851797630e+00 1.643467238585186729e+00 1.790345471876230832e+00 4.925628076500725427e+00 2.515793560317134858e+00 3.189276150958229028e+00 6.499501883032203775e-01 3.624756777235627503e+00 5.110165053794152534e+00 1.469669984393741524e+00 2.053644935819642914e+00 4.550961909598491673e+00 5.030787309738446567e+00 1.908692561086362760e+00 3.292142995749272050e+00 4.958561300243593095e+00 4.300247875637428052e+00 5.075353806269719215e+00
5.907052309611583674e+00 9.713624869004620077e-01 1.653764696032087311e+00 5.610967954409119329e+00 6.572817737101857016e-01 4.820810420627441140e+00 2.824641901200446448e+00 3.482528994988688398e-01 5.435406139554230798e+00 1.105116974419148024e+00 3.791600994130305935e+00 3.708014740938729847e-01 3.826635886110153262e+00 4.568851810415264225e+00 5.493713621418355508e+00 1.004688744251336141e+00 3.527568213070397363e+00 6.183886742530202429e-01 6.948042279800389354e-01 1.843571986374614446e-01
3.502822734085922818e+00 5.260200685581014390e+00 3.519383755200768960e+00 1.973877709336011588e+00 4.805624985361144574e+00 3.501895836185388244e+00 2.524561480201515273e+00 1.777703350232706203e+00 3.408727214253330917e-01 4.483249358246731653e+00 1.123287344540773391e+00 5.626344691164236522e+00 8.339616022187246180e-01 2.179594233068311127e+00 4.074266489570210759e+00 1.472126734481590260e+00 1.394310554172563554e+00 4.404037503078803262e+00 1.581192310832944870e+00 4.214405379477516256e+00
1.495922716948056008e-01 4.622579722291513704e+00 1.177444592968506010e+00 4.714563447104429539e-01 4.135730637470277138e+00 5.112972053026849650e+00 4.914244724699873501e+00 5.762523230763425985e+00 2.455539284674363998e+00 1.264162820024361977e+00 2.157874232950201421e+00 1.649074055935003003e+00 3.350495763201156052e+00 3.362602941962997694e+00 1.373519588562380322e+00 6.269616596876232961e+00 5.235266297471374841e+00 1.108113427710149423e+00 3.342026084318961754e+00 1.126726862122767514e+00
1.988471756951774250e+00 6.218791736794679892e-01 3.517438428002361395e+00 5.322384115214881639e+00 4.222252992595574739e+00 1.814500677796602401e+00 4.637820023437466133e-01 6.203138563005016870e+00 5.456699225686916677e+00 3.245457447156472330e+00 3.387927848711411727e-01 5.348013746298605930e+00 4.306694530055161785e+00 5.074891709430775499e+00 1.040688038700824158e+00 4.071275456568737017e-01 6.085840486794714010e+00 1.306500603291302909e+00 4.251224987778063458e+00 3.952306798478368410e+00
4.545941626903109434e-01 2.011538773699579785e+00 2.461114755234008467e+00 3.829579966822237225e+00 4.158197091168264414e+00 2.373253190564863502e+00 1.277008314530675204e+00 1.916249895167285056e+00 8.180322849759416592e-02 4.440471844771153975e+00 3.834101009671235794e-01 3.796817747375706542e+00 3.554054309941310219e+00 4.143252866493002173e+00 1.877890104010941252e+00 3.158304911541996329e+00 2.171664325807049156e+00 4.437640169585038485e+00 2.827716685418390608e+00 2.130740661591989493e+00
2.918153154092918200e+00 1.158978082870205650e+00 5.941288008799112674e-01 1.808328051044620688e+00 4.750171657120443314e+00 3.400083944135464886e+00 3.168051909772030772e+00 1.256906015110022645e+00 1.374893375093923620e+00 5.359665833281281877e+00 7.530932944516495198e-01 4.055464018576892649e+00 1.303594286076574793e-01 8.526744927044445088e-01 2.037705851381223621e+00 3.263659589620877099e+00 3.402857870214766489e+00 1.236904851909738534e+00 3.628195198671383181e+00 3.478882994948871321e+00
3.581654023946883036e+00 5.746559913052767143e+00 8.508751499107923832e-01 1.831879292746374954e+00 3.012922661618177678e+00 1.329013674581756455e+00 2.419459879445866157e+00 1.497461014980575600e+00 2.245415522382308016e+00 1.289306630726821667e-01 4.579114624707218972e+00 5.755658669574180486e+00 6.872023116540744159e-01 2.082041521584237831e+00 1.408395987653290105e+00 3.086167947866972128e+00 3.662859889997313267e+00 5.284973584485047837e+00 4.910257546711021881e+00 3.870546655325495689e+00
1.853023454622635680e-01 1.405844078936068442e+00 1.099408202604207130e+00 7.613086987964479135e-01 3.126972422645130645e-01 1.575627178371041603e+00 3.020870394639952217e+00 1.061396532442373530e+00 3.964922167640797301e+00 6.224136615731826083e+00 2.368833251557475261e+00 2.594287305622374751e-01 1.974418584084668638e+00 7.539051086261334689e-01 5.791393472579412283e+00 6.152740552116371830e+00 1.479258721104282914e+00 4.140891440146079461e+00 1.118345530207324467e-01 1.820752969564672918e+00
9.520643042024791169e-01 2.833577345280855031e+00 3.832965359650393200e+00 4.618497394931710076e+00 4.992393340288025505e-01 2.944302266275342195e+00 2.403871103178452984e+00 1.046558171069429832e+00 1.007767059685958921e+00 3.371454831009589537e+00 5.247196158841439306e+00 5.859118394406059416e+00 4.671001874354120953e-01 5.692308513873251208e+00 5.121879942394812701e+00 5.070381639032169652e+00 4.065290247452276517e+00 1.268032734575290643e+00 4.595356233534919177e+00 1.276309960044402336e+00
1.741108186022753301e+00 1.863345304071885700e+00 5.893800868726570386e+00 5.238524032829645627e+00 1.812823894772054967e+00 6.038285915948677030e+00 1.369081278272385571e+00 1.225535203815536711e+00 1.070644392569921388e+00 3.801905032283089625e+00 3.608276445382324393e+00 5.864968060453437104e+00 2.131839577085196114e-01 2.435815208525901332e-01 3.715273420542332783e+00 4.159700621866960546e+00 2.440200429037119978e+00 1.191530519843097657e+00 5.991113747366735076e+00 2.668859660280686441e+00
1.138004405354780424e+00 6.236540697290779534e+00 1.637051910561552859e+00 8.547270781171996124e-01 4.611450667368209189e+00 3.682872105866114687e+00 1.461878517323210502e+00 3.000967796693881695e+00 2.318933847107331747e-01 4.276356779099157457e+00 5.159030397827277348e+00 9.982930535661909133e-01 2.580614648708354775e+00 1.991280385137108366e+00 2.108529967187590337e+00 5.871713890958425885e+00 3.147353667496896712e+00 3.815062285312897483e+00 4.772813029934249940e+00 2.766720557901773514e+00
4.777220426912663243e+00 4.177224805765889393e+00 2.044891827751178504e+00 5.201006282422477867e+00 5.316553676009777796e+00 4.041405117581601814e-01 5.747740516724243243e+00 2.187633482073017888e+00 4.325608734562572444e+00 5.250263331067010597e+00 2.948890565135845687e+00 4.462778222839114406e+00 2.809267060123371795e+00 3.611765099548525537e+00 5.120558224807275849e+00 3.789938725484172988e+00 4.407114134831306984e+00 5.827859976070574710e+00 2.520609013243762853e+00 2.653012159099398470e+00
1.040053435229335133e+00 2.059517241558031397e+00 1.404929197864123736e-01 2.190176438624502175e+00 3.482343873800171630e-01 5.137508813550859976e+00 2.243604119989085710e+00 3.576179619752062333e+00 9.489186004277091468e-01 3.311636099700287605e+00 3.756860288376972612e+00 1.407035499236723330e+00 1.835336027442389994e+00 3.482307291621996592e-01 5.511285628571741313e+00 3.630013139359619334e+00 6.037104310547641184e+00 4.711440084125862349e+00 5.433975578832759279e-01 1.809031635799548399e+00
5.713355326061198447e+00 2.056815428798431711e+00 5.221381308688617828e+00 3.124303343300798286e+00 5.364891144024729108e+00 4.663124372627023284e+00 2.675715918350792144e+00 4.688237915622611496e+00 4.871704406245002339e+00 5.622030127979432912e+00 5.687609957428429119e+00 2.656683350351190409e+00 5.080323618269996011e+00 4.280995410477336449e+00 4.165689661426023704e+00 8.166769233391938387e-01 2.968962209113582773e+00 2.394054763106216122e+00 4.476886287213662108e+00 3.737246806849820580e+00
9.659278988111568154e-01 1.675726755331344409e+00 8.521571854368997778e-01 1.547080608172819671e+00 1.968938231356632595e+00 1.580909428028245189e+00 4.145175530747124526e+00 2.565149856154068875e+00 5.616535635620912181e+00 3.543038076665671277e+00 1.511695106033534852e+00 4.591020996026838330e-01 1.830857662384437479e-01 4.733198375411826753e-01 5.467822264496265738e+00 8.881989150262242783e-01 5.245603776316037248e+00 3.821476490544210680e+00 4.018191756885544308e+00 3.328231727877189794e+00
1.312532235587724916e+00 5.891024409079341773e+00 3.539976135030821203e-01 5.732578137892313741e+00 4.215131594443161767e+00 4.831537744808430901e+00 1.806096370443220023e+00 1.825664837835676124e+00 1.638078530698217072e+00 3.114564388426025232e+00 4.465440939307354640e-01 8.900082004976267447e-01 6.238876409214616281e+00 4.433302977784854271e+00 3.468512372137071420e+00 2.665322383366365067e+00 1.306534750377357446e+00 2.559302023551758065e+00 6.016476375110672237e+00 2.728532420337898223e+00
1.466201995319522444e+00 5.958682176800162544e+00 5.739145354489737727e+00 2.370445091546500294e-01 4.767141839324713359e+00 5.146491135212172274e+00 3.454284952208126036e+00 4.637923638002749094e+00 2.442160024993158540e+00 4.195796504823644246e-02 5.092569612818851787e+00 4.998228914329311934e+00 6.102506981353190696e+00 5.811360943228401688e+00 5.926150093413986575e+00 7.828633355951325479e-01 2.071550892944332922e+00 2.367927535124757288e+00 4.939523669525209826e+00 5.438337417643869465e+00
1.061444693298072339e+00 2.020669263705270335e+00 3.340269113873750584e+00 5.711739213192691622e+00 6.132731137532109855e+00 7.264635338164455725e-01 4.097877683257364900e+00 2.355355141073221859e+00 5.804532026677636125e+00 3.546572663602384878e+00 5.219260213523687852e+00 1.679987057239209491e+00 1.535482703361206624e+00 2.048547407934566689e+00 3.350744464829179758e+00 5.347831198216434601e+00 5.979009851851498247e+00 1.849100063311487130e+00 1.478837365514768409e+00 2.817235838276439086e+00
4.190357146138999234e+00 3.552612490710867377e+00 1.457963295327627140e+00 1.472411753414042845e+00 2.664711666772010989e+00 2.691223605916517769e+00 6.206987437033243182e+00 2.071720030583322991e+00 4.901086837542855790e+00 1.688457193232130837e+00 3.185981772009659707e+00 7.328891932486851779e-01 1.203212252384513681e+00 6.111738186920970151e+00 4.332524014005325164e+00 2.470424616615343627e+00 4.651839484155796178e+00 6.037830138117722178e+00 4.105645617393675728e+00 3.063391663303173917e+00
4.547615172409464002e+00 2.427206972510085325e+00 2.517795567475792584e+00 2.497572799500300977e+00 5.956724819047777508e+00 2.647825894194274277e+00 3.604832910871425877e+00 5.385334818885117336e+00 5.320206406151277712e+00 4.554613264376409454e+00 3.059696624607751936e+00 4.841326960632179599e+00 4.836213391784582427e+00 7.373100338151650224e-01 3.212414908187282148e-01 4.321445825643697169e+00 3.466214742722733888e+00 5.153661910675109148e+00 1.868266142797645246e+00 3.553330153446113027e+00
1.646694249731788240e+00 3.741827624249691731e+00 6.110586143393750724e+00 5.009973735994254440e+00 6.160531672191766894e+00 3.911285112633437144e+00 8.310708214383911718e-01 7.696485062828686274e-01 3.868296562178732412e+00 2.957108288748511615e+00 2.087168290687650529e+00 4.565853239545878850e+00 3.319418614145729585e+00 5.963211382804588290e+00 3.957594181345981621e+00 5.917136396995799963e+00 2.302977856386176914e+00 5.925401671983910212e+00 3.462119985812223799e+00 5.506073165948138559e+00
5.268196537358005749e+00 5.917341983881087009e-01 4.387663982440735966e-01 5.343248377572122010e+00 5.047016857384928556e+00 3.911816654094273371e+00 1.368317804670142523e+00 2.893140378700041371e+00 1.096870379514746308e+00 3.517323209479733759e+00 3.938014123051374327e+00 5.887698680454326094e+00 1.944610726444064630e+00 5.400108052244888268e-02 3.934377721497569702e+00 2.718081461327499504e+00 1.258498072877354490e+00 3.678124963981051820e+00 4.082739929490591280e+00 3.994933964703332840e+00
2.267925552916652876e+00 5.008285802302253842e+00 1.175274376802101006e+00 2.461797779492436167e+00 1.469379195780523339e+00 1.232155039039103839e+00 4.487281976024565466e+00 1.521352099164123173e+00 3.199702029462844766e-01 3.189389936338546061e+00 1.939733715677808501e+00 6.448405797085522417e-01 6.266128031957580724e-01 5.454062396487721287e+00 3.406150306697036445e+00 3.704172280725894773e+00 3.114520443809451145e+00 5.499314970315779760e+00 3.635004583964922098e+00 5.062557425468151351e+00
