2.833172377775502238e+00 4.567626938165309625e+00 2.553574943392708629e+00 1.186965505350678241e+00 2.344964574695999726e+00 3.574438699448975409e+00 3.075865939448891417e+00 2.380395166327463688e-02 6.198119836492367085e+00 4.660319512235048478e+00 4.345163804607195424e+00 4.663953648942912089e+00 5.145304786300089361e+00 2.701742838193391671e-01 5.947109308335719824e+00 2.691066149467607804e+00
6.134019125151033869e+00 2.654548237227211338e+00 3.032213313289247925e+00 5.074816209296115765e+00 4.270648012495774637e+00 3.247447783510154729e+00 5.581580960361155697e+00 1.887057200232876486e+00 2.159229493367184727e+00 5.198021271826316791e+00 5.378554044854610972e+00 2.818167330617374677e+00 2.004381273332829227e+00 4.127003781523234771e+00 4.568911572665099285e+00 4.096853399308000299e+00
1.276806615784848775e+00 2.981069159699972548e+00 1.467384100302399519e+00 1.247820437458799114e+00 5.355909409333504456e+00 8.491920744975764990e-01 6.246874894183175542e+00 5.853965368059179220e+00 5.843948563279384167e+00 3.643209959066443737e+00 4.410425943901192802e+00 4.953931417343295784e+00 5.042249447373436944e+00 1.222009299350495404e+00 3.639367235129817413e+00 5.721105779804878111e+00
2.285208038146508969e+00 3.258952842097544877e+00 6.225135052606176167e+00 4.576286342695554232e+00 3.411482589667901966e+00 3.035428850538335332e+00 2.912717191220170587e+00 1.147590432954563422e+00 5.886225898530330625e+00 2.641464480396713110e+00 1.453758934840730044e+00 2.566209594455979293e+00 3.845190549250751655e+00 2.577400499578520687e+00 6.030765557543189104e+00 2.725183488549090427e+00
6.272924880723200758e+00 3.348944251414022855e+00 5.011096785428993394e-01 9.502524085312241686e-02 2.111529532198731296e+00 5.402676782702203750e-01 5.127223768103328361e+00 2.663944890087953432e+00 5.644535634936228341e+00 3.951638688503473773e+00 1.947614033480337792e+00 2.186621996858448824e+00 2.106003560763561600e-01 2.302320860892461685e+00 2.908644092878104992e+00 2.997844234123182794e+00
2.238332675029469421e+00 5.313312207198175763e+00 4.252101371646067385e+00 5.857491564394834427e+00 5.720701368657418406e+00 4.266331217834326672e+00 5.598767884186074184e+00 6.276798869304803574e+00 5.286162769196549149e+00 3.263057371166945053e+00 3.215196157571955649e-01 3.389227572733371385e+00 3.016354780075223285e+00 5.906721977559205250e+00 5.763375942508940142e+00 1.066161175500920599e+00
4.822804298572438420e+00 3.729513678653542108e+00 2.957050182501723246e+00 5.974436952872117956e+00 1.964232681917247092e+00 4.881174560358814141e+00 4.135817892538817375e+00 1.283851069387248245e+00 7.485411011353733102e-01 5.415571138636174453e+00 1.968595312271507192e+00 2.304751006893214438e+00 1.016755373460084932e+00 1.417757213582356624e+00 4.959223578076569439e+00 4.198801312982110012e+00
1.695403558286586732e+00 3.600492114813851785e+00 6.153908417004878117e+00 5.801358833806878224e+00 4.257041331143581075e+00 2.796283252449710766e+00 3.275225570506165251e+00 6.650869975258476563e-01 1.277121366685241011e-01 2.545457251668648446e+00 6.405964312059584387e-01 2.854821499253600958e+00 4.865502220850710380e+00 4.839065255754210426e+00 5.894531267035644007e+00 1.729637080355330481e+00
3.227857167865128218e+00 1.192466371286399651e+00 3.853805111175569120e+00 2.836452869653519837e+00 4.875165096077066273e+00 4.761960924996270356e-02 2.932385567631606627e+00 2.616955007191711147e+00 4.580760809035453462e+00 3.085017270152771385e+00 1.803529614255921176e+00 2.193562023820765372e+00 2.725189461678170666e+00 1.329897667181898502e+00 3.166315383651530979e+00 6.094587419890026503e+00
3.809253600720353905e+00 3.764949904554870219e+00 6.161850570561336227e+00 3.749904518106303541e+00 4.184003534616337561e+00 2.248387054632356552e+00 1.178939149880485093e+00 3.683845469021746588e+00 3.925875261061739785e+00 4.608827280907660473e+00 5.990230961728128634e+00 9.139908052491274582e-01 1.764594243237020743e+00 3.008755330746712975e+00 4.561446799212827585e+00 1.519570571290973726e+00
5.348005911781108956e+00 2.837170021658972807e+00 2.887765995983987977e-01 3.814083151265017513e-01 2.013443044937570647e+00 1.672267900214698733e+00 8.882921524658893286e-01 4.243562364199587655e+00 5.412896228709904278e+00 1.388309512154202618e+00 1.267935675065102741e+00 2.482990602769270527e+00 3.977223568724057134e+00 3.514893007615462750e+00 2.230886650221587608e+00 8.216890764194974273e-02
4.718737375789222810e+00 3.596527526094579486e+00 2.330032472855053882e+00 4.353880736740999069e+00 1.709694072492620620e+00 4.544857332213127599e+00 4.839681242936650918e+00 3.011063849087126876e+00 4.584554394373464348e+00 4.798201312083873127e+00 4.478663042862668142e+00 3.384019507003944049e+00 4.979160771104671035e+00 4.581020484443496521e+00 2.885039149134651648e+00 6.679562056436024742e-01
3.963308379630691380e+00 2.746302484453034598e+00 1.088252223379407635e+00 2.501867225070289802e+00 1.021224638898433845e+00 7.686907415345100025e-01 5.621199203706287228e+00 7.034198943870344223e-02 1.652312032756613869e+00 4.863504604623090088e+00 2.358316397989355384e-01 4.121810988535185238e+00 5.299284172623689670e+00 1.633832057141622052e+00 4.884350347750260113e+00 1.288469717633836220e+00
2.214286379741587929e+00 5.222739289209849645e+00 2.647884481979167148e+00 5.597142216511872270e+00 3.495384663034369233e+00 1.126501012322342232e+00 5.887556158452289523e-01 4.077976746890579207e+00 3.302090625350721620e+00 5.694642783167196853e+00 6.698001825111240537e-01 4.261541884369544952e+00 5.251748171101012552e+00 5.945099913344523479e+00 2.843031305191160651e+00 5.940135826468948110e+00
1.953894652058273840e+00 5.436962529612987538e+00 4.648817648132033575e+00 1.148063311997075342e+00 3.895599587470074177e+00 2.430780047297905977e+00 1.017685696335061341e+00 2.078078350289432663e+00 2.305439719701520840e+00 2.769672019731210244e-01 5.925673479520929376e+00 1.327069538287310557e+00 3.484423746788666065e+00 2.175240621522959827e+00 4.896017255334858653e+00 5.853031354940225306e+00
5.122084181521539215e+00 5.810053574914875618e+00 2.160009220372058003e+00 4.232262787867274056e+00 4.546797664020673757e+00 8.893172303275430624e-01 2.091191404206151905e+00 5.510114493562132232e+00 6.317061055404709080e-01 5.923878551863027475e+00 9.202181209863724565e-01 3.428279003284399273e+00 2.749137966614461970e+00 4.027218794507943400e+00 8.622084003785617234e-01 6.714812680873684103e-01
3.744014151715991723e+00 3.230067486215781436e+00 4.626905502535122672e+00 1.978209611295893788e+00 1.581800328527772415e+00 1.982467962675862561e+00 3.278213355819991293e+00 2.647409087920514770e-01 2.722046433712687619e-01 3.560597195473578669e+00 5.069370289477752145e+00 4.390930886056437110e+00 1.776237159512531916e+00 2.851232833641168973e+00 4.430660737439515273e+00 4.473038597931733307e+00
4.663449681268039271e+00 4.510943087909608629e+00 3.967969726903363803e+00 4.613224071475184651e+00 4.117947173160928287e+00 1.198664033044461563e+00 2.134300151991155747e+00 5.847433769601682485e+00 3.109745855572487283e+00 4.331192167060811116e+00 6.111043503291241130e+00 1.819974752914939709e+00 3.762573730556142415e+00 3.000333608041336309e+00 4.269077796460253538e+00 3.509540721336148916e+00
4.215590536717995107e+00 1.181426040835855451e+00 8.297711037739137208e-01 5.680364851071631804e+00 2.935240796685948617e+00 2.971969023648643127e+00 1.667029332763356297e+00 5.898678626499370026e+00 3.014927837253347231e+00 6.222311872117730625e-01 4.662022790214012780e+00 2.337009938040386814e+00 2.118838477682611021e+00 1.412328621056719191e+00 1.956411974007169208e-01 1.504072491983154292e+00
5.725752500763359620e+00 5.177928041937529535e+00 2.212457526072099778e+00 3.510851291423562781e+00 4.593640595121184944e+00 3.108734237674910528e+00 1.311874530581275955e-01 1.502278301006307437e+00 5.330759070507596675e+00 3.650087163904621956e+00 2.816145582194199193e+00 4.941292484382368677e+00 5.360537155194236902e+00 5.238020878374398670e+00 4.850606667782779269e+00 6.248459089060082405e+00
2.439181669771866456e+00 2.840598134823086429e+00 1.826652260669199057e+00 5.291475957285757481e+00 1.843436125696934047e+00 4.493209095548478693e+00 5.317883824300401407e+00 4.256338807177100669e+00 1.239528494178316065e-01 5.032336299351340969e+00 2.988130162816638347e+00 4.876751303848251062e+00 1.958671239852932233e+00 8.455168914761992394e-01 1.138684892901017154e+00 5.160788567718457287e+00
3.621741592885164618e+00 4.310383179504587048e+00 4.764673273477793458e+00 4.916370720139395245e-01 4.560875819815458421e+00 3.001832940139979478e+00 3.858448070324745238e+00 6.492908175065559284e-01 5.105907951371015052e+00 3.882673995083998797e+00 1.257118078177469123e+00 1.726803778412523638e+00 5.249765917888863598e+00 2.179082217297535262e+00 3.890758703741695523e+00 5.123457208752590475e+00
3.043471696494518763e+00 4.112870105036973811e+00 5.903529128790959923e+00 2.492293974720758420e+00 5.346594204210125545e-01 5.087125714031953905e+00 5.535105694622695971e+00 4.925897666467745850e+00 3.553040162070869812e+00 4.164583959902928179e+00 5.888222921520199771e-01 3.716282719518643862e+00 5.090140215320043460e+00 6.201414905887276063e+00 5.740759407636809364e+00 6.164996609839271002e+00
4.146008132977511806e+00 3.397832133986481207e+00 1.518213042631616272e+00 4.795064640173841930e+00 3.065090481749885409e+00 3.967751342764016087e+00 4.263480146214518207e+00 4.870193289280503990e+00 7.240912293326912108e-02 1.685165747835427608e-01 5.778689034788297541e+00 8.191292036709095781e-01 3.072780642847982024e-01 2.662941920585139233e+00 4.577965885331336082e+00 7.202721856969121483e-02
5.853537672052535612e+00 1.820622905477149722e-01 6.737703832345369737e-01 3.701349972571762681e+00 3.073277945366108099e+00 2.703970996754658351e+00 1.146683808489163681e-01 1.423209559048053352e+00 2.136843992886439461e-02 1.937569264352737131e+00 4.024051149758540169e-01 2.906075881337928379e+00 3.022161827155172453e+00 2.882995531606674100e-01 5.194593101920455425e+00 3.019106559650660326e+00
1.930655348179033171e+00 2.461366385153477943e+00 1.445536369405402422e+00 1.868180655125968315e+00 3.554435823146494311e+00 5.750938007222555548e+00 3.076518749810535081e+00 2.601000916289687215e+00 5.436849573541838510e+00 4.300898434622901334e+00 3.443887868062346924e-01 3.267287840790562115e+00 4.879417259465220091e+00 5.830178837782517220e+00 1.232069653488879535e+00 1.741670200370199595e+00
2.293889501545571807e+00 3.604002497622256662e+00 2.170867146737207154e+00 5.967656817818182802e+00 3.265648981303503451e+00 2.621349786016152983e+00 2.257101041154476295e+00 3.965279975029586623e+00 4.763743884035638310e+00 4.788728515225325388e+00 1.482894614358436780e-01 3.972679518272826726e+00 3.566507422164456376e+00 5.529750545832610165e-01 4.817412687612510069e+00 3.707814795240198080e+00
4.052311433158990006e+00 1.165488832109282225e+00 9.623012585161295762e-01 1.679716241868077109e+00 4.540693331571661773e+00 4.484258706413991824e+00 2.182577547910516280e+00 3.482413445818777653e+00 5.508813973110185280e+00 4.422066966326576143e+00 4.734513783718294455e+00 1.708286276010987925e-01 5.398490874183866417e+00 8.774636004680531620e-01 2.328072873029244150e+00 2.743162238420302934e+00
4.988392511706920551e+00 1.493852422108818079e+00 4.523677345468975375e+00 4.052098359471295375e+00 2.965813933457192686e+00 5.969768341923001209e+00 6.073921615702562171e+00 2.150384233292519931e-01 1.485450484933515725e+00 4.199327308110454737e+00 3.316046130870663688e+00 5.269787660287690301e+00 3.575885499988218807e+00 2.506138508413772392e+00 5.412134475699555303e+00 3.818723454746882684e+00
4.800644904358979836e+00 6.083415817799324721e+00 5.856294455800995280e+00 3.896497762462667769e+00 5.193643056035281091e+00 4.797140240343328088e+00 4.480986642045045265e+00 4.417814642386471036e+00 1.279600168110224701e+00 1.209923755599974449e+00 3.074826106094273648e+00 1.086513642977558813e+00 1.788540848958128482e+00 4.633035322432446534e+00 1.554905253788990693e+00 6.235251446599367142e+00
1.190950774452846084e-01 3.221694821362264705e+00 4.540150725106742335e+00 4.567066506525156555e+00 5.410838992711488160e+00 2.543258056033238512e-01 2.933295957087677319e+00 2.430370426778427628e+00 5.737256894411735253e+00 1.516884463459784893e+00 2.481518442600220697e-01 2.548629729752067252e+00 2.487880355568448998e+00 4.632226741257435165e+00 4.489254492180676515e+00 1.937970063920501529e+00
2.234426708491877633e+00 1.495534511185347082e+00 3.109493539819732533e+00 3.168014734746528172e-01 3.442716136421017481e+00 5.395073135612265425e+00 6.123196156453197148e+00 5.381116307422360912e+00 5.879794615615104192e+00 1.162855568962374075e+00 4.963707090194878546e+00 4.257067165674046194e+00 1.940940307296050049e+00 3.894824730150804104e+00 4.863633313807968150e+00 1.329187724064013310e+00
