2.275279449090874540e+00 3.493891719779844696e+00 8.897184928694038542e-01 2.871707606250976319e+00 6.012079708399273414e+00 1.341880061768615517e+00 1.910371563581431342e+00 2.171613879640254652e+00 1.900527444815551581e+00 4.510543950994078677e-01 2.364057403699107773e+00 3.959090192789237239e+00 1.962810570167749624e+00 1.203665388422606952e+00 4.295326181305813229e+00 1.545869083495844620e+00 1.891942030257249607e+00 5.391019482209037372e-01 5.744592984368472877e+00 1.120552932837937665e-01
1.572003211116604016e+00 2.388843247463320996e+00 4.131265207407429862e+00 4.664635745617293772e+00 1.187215982920567070e+00 3.690768255378011453e+00 5.278964024641022768e+00 5.488956001638265469e+00 1.389773001125606200e+00 2.649631569301549749e+00 9.959737922859907000e-01 2.347471193052903082e+00 3.263234108578646264e+00 4.966330289415590293e+00 2.287198580525665825e+00 2.235157089490402260e+00 1.861136889093922164e+00 5.169305072969482495e+00 4.526646089359065428e+00 1.656684714118163981e+00
3.471063217494487763e+00 1.326263028797334265e+00 2.970160150069685479e+00 4.487857446808158457e+00 3.692085029810826313e+00 2.798116674980934970e+00 3.290941857106470803e+00 4.666490539279201322e+00 3.595768312646437259e+00 3.270522183388937076e+00 3.364702873335760902e+00 3.893093316624433253e+00 4.562081401452619644e+00 2.707454719020357281e+00 4.806314502785519194e-01 6.044376137933152648e+00 1.546306250782817637e-01 3.243208037428529256e+00 4.140949144081129241e+00 1.418805209702655779e+00
1.313286530531702356e-01 1.393163888753916613e+00 5.186603017047215047e+00 4.272658266108237513e+00 1.387207796785353997e+00 6.893194321185016626e-01 3.475932711659726060e+00 3.222703886597776818e-02 1.391503514568320110e+00 2.965164101624605530e-01 5.668569175843901853e+00 2.257869700688887704e+00 3.564650977086847750e+00 4.503992985057291953e+00 5.592708763540028549e-01 2.969705838290487510e+00 3.465540592176164836e+00 5.993247042034086647e+00 4.456253560137567682e+00 3.325091331501134118e+00
3.172993302639793178e+00 3.642753763603507444e+00 2.899588505509690162e+00 2.617233522762787867e+00 2.300090576461640168e+00 5.045085913035529224e+00 1.283936367490296215e-01 1.398577916379633468e+00 1.835546974853611069e+00 6.089651638797436428e-01 3.621164653624685759e+00 4.617757483959456621e+00 4.447672766970182323e+00 3.693748888087920346e+00 4.794301158804631369e-01 5.748303083649678236e+00 4.139082933245343376e+00 1.273071544287521562e+00 1.461632499093564519e+00 4.638726208687090846e+00
3.781224958627159349e+00 3.757575105862799081e+00 2.754056722163906734e+00 4.261458852476870618e+00 1.541340925130888051e+00 3.273725409300124678e+00 1.442068529443737201e+00 1.239361137784261491e+00 1.980350961911537144e+00 3.742064344533830855e+00 1.149421153143200369e+00 6.189461136604921698e+00 1.491568663190690369e+00 2.287501449055590719e+00 7.457883509162513969e-01 3.303275668523717012e+00 1.561339886424873313e+00 3.897295017713267917e+00 5.783515500460606695e+00 4.176327534771733241e+00
5.420612208069129245e+00 1.384531726581321953e+00 6.036285934627408700e+00 4.684884477817320203e+00 4.934271790859365403e+00 6.207637873049947075e+00 3.680898311987877758e+00 5.598319043180478793e+00 4.982843292541079272e+00 2.979397689457850884e+00 1.172361680683725149e+00 3.566753767993164015e+00 5.972193607773293778e+00 5.550041139219218600e+00 1.853603655940175288e-02 5.336614744598096038e+00 5.296238305216316888e+00 4.869605174592099850e+00 3.185126990779182932e-02 4.445584575747331402e-02
2.079195509624779614e+00 6.040308336003946899e+00 7.397231464443709825e-01 2.511898316999896075e+00 1.419780025041821769e+00 4.952783724169512070e+00 6.336460628988670185e-02 2.641761407765819580e+00 5.015929932559491711e+00 3.089454460123880697e+00 2.477327225138766131e+00 8.834645797206873707e-01 5.220553764144092668e+00 3.689224660535693534e+00 2.380403361079504787e+00 4.677189069406682442e+00 9.682873070851109529e-03 3.760387548407556402e+00 2.137869499666350315e+00 5.235943451221330314e+00
3.270203946847884957e+00 2.425648021741503957e+00 2.329925231826687426e+00 4.878524863826286584e+00 1.594279076551286201e+00 1.766695505143486944e+00 6.242068720012532879e+00 3.439011277814048473e+00 3.149983906805416289e+00 5.232148647318836332e+00 1.844158199750120630e+00 7.868456664790329791e-01 5.284282546945172854e+00 4.175535415151458984e+00 1.512258589164116263e+00 2.975546543835281721e+00 5.849759249503923009e+00 1.951042221854313974e+00 2.484012301298472725e+00 1.476907022366261035e+00
5.825018486871589296e+00 4.059908241611616120e+00 2.639116349858380950e+00 3.904367257265809243e+00 5.793259089365162318e+00 2.873332583175568722e+00 6.088651118714861532e+00 6.026000262292331655e+00 1.842905301736443013e-01 1.098454564618428941e+00 5.753483590987814367e+00 1.971735889895688487e+00 4.140267931576017801e+00 5.033371214156973750e+00 6.774838303235015680e-01 4.051684394614200713e+00 3.416219960687782442e-01 3.142237996463421723e+00 4.973740307109275172e+00 2.412762064057888622e+00
6.283033948781772793e+00 2.412299290417786235e+00 3.206065510788399298e+00 5.811100648948583469e+00 4.152863985559960724e+00 2.514037689440139722e+00 5.017667521623816462e-01 2.683376289343821774e-01 7.185959673033929240e-01 5.132852007440638076e-01 3.862943971528445264e+00 3.090837951217376922e+00 4.816029321399881269e+00 3.109347558479380158e+00 2.338415844751706718e+00 3.824844665625583229e+00 2.190095539064875307e+00 2.773180230873697472e+00 2.968633784419025368e+00 2.645208797946886570e+00
1.831369990837464989e+00 5.680437596517311505e+00 6.348435113813774011e-01 1.848026914051690506e+00 1.438357378491777583e+00 1.586200378206800710e-01 9.892882860333244988e-02 2.817319083552573655e+00 4.266544273727479464e+00 1.624385131224444390e+00 2.557237280243687128e+00 5.169850063988633559e-01 2.707228727583425254e+00 5.801547673397867477e+00 3.323938016494789149e+00 5.510961799080439150e+00 5.351863565034387982e+00 4.665432939949448077e+00 1.845054000956787288e+00 1.967720747736129816e+00
6.908048155507381938e-02 2.909172323296227880e+00 6.151090252709109585e+00 4.743899468009667442e-01 1.028802704444575555e+00 4.028267053387409646e+00 3.583976694213772962e+00 5.442097224847472603e+00 5.247619489617045829e+00 3.532660101243873640e+00 3.866193856557299746e+00 3.910167158820174738e-01 2.819207040612853987e+00 5.673784945915095967e+00 4.212448373780953936e+00 3.331010604934591779e+00 1.143446155794875185e+00 5.215861375839331515e+00 2.413600344749100568e+00 4.340753973466576099e+00
1.890671903147588484e+00 4.953205819455469339e+00 1.740139552406931189e+00 1.711393253340646181e+00 4.626727760191710281e+00 9.426425043655551894e-01 5.514546154056777283e+00 6.103135925196252920e+00 2.243783630826617692e+00 5.060478682781061721e+00 4.298186857330101418e+00 1.233058080466755468e+00 3.114559195138935976e+00 3.995435791962858474e+00 4.836766437107564265e+00 5.464640528600079428e+00 1.859152069652421302e+00 1.087972138689607515e+00 6.254395520427885380e+00 4.993164196636807439e+00
2.761930727495147231e+00 1.051060144800484708e-01 5.184236797223152671e+00 1.744654228293844422e+00 1.650106678179890929e-01 2.538367297586414217e+00 4.637454608306271098e+00 1.295195908795196749e+00 4.640425238695856436e+00 5.539409735237529553e+00 5.584105331122079185e+00 1.086035618182365159e+00 3.298744060219047203e+00 4.839611892988817665e+00 4.279984092290707309e+00 5.335031195991831510e+00 4.796956669796911932e+00 9.838024843317336732e-01 5.497435954873186592e-01 2.650675624739059266e+00
2.410124071490825415e+00 5.491241182723255454e-01 2.844761481018331040e+00 6.141577438759011187e+00 2.142415437283280877e+00 2.433965287795837096e+00 9.608665494393485718e-01 4.253220548570332937e+00 2.763097931317561318e-01 2.362215177864520843e+00 9.451147511574145010e-01 2.948310638581782550e-01 6.951037147320378029e-01 5.681707998497100398e+00 1.001127632726192651e+00 4.510667250013329799e+00 3.566739162411240116e+00 2.504952657006244809e+00 1.571241479138490105e+00 2.272299835427058212e-01
2.943019165122769287e+00 6.194450352247048208e+00 8.846823216784515109e-01 2.583343153724842800e+00 5.672107767350591523e-01 3.083134724338548960e+00 4.935490571235290780e+00 2.119624048354785906e+00 4.683205433713420796e+00 1.228146819893352504e+00 6.278616966456932458e-01 1.771207090334973033e+00 2.379411516285691697e+00 5.733049106843966847e+00 5.232272677617840095e+00 4.815994665445220591e+00 4.957487039795250183e+00 1.410229566356541175e+00 3.273664882148042743e+00 3.772789162023938658e+00
2.501930969616130263e+00 4.062124217371306578e+00 5.169909411539454602e+00 5.744703519237834843e-01 8.049848363429625842e-01 8.622224204346341514e-01 1.247593306167070537e+00 3.378995728817332900e+00 2.244568725793359143e-01 5.762963334804091176e+00 1.665951979001393246e+00 3.104318948078639284e+00 3.189877328786655308e+00 1.339963891833623744e-01 4.891926590012509735e+00 4.758696578172383340e+00 2.524215192132964969e+00 5.172230133994310641e+00 5.935739335523103399e+00 7.554294511180135174e-01
1.791946699009061006e-01 5.097419906602967288e+00 7.894326024214475268e-01 1.335917497916789154e+00 3.148453813666621581e+00 4.038676492326225720e+00 2.404109805307417247e+00 1.272688931203248552e+00 4.764285305433308970e+00 5.750884455499280179e+00 6.668200869453220214e-01 2.718158501143099759e+00 4.926462863186070740e-01 6.028067339748064413e+00 5.356275796493345176e+00 3.121833212231988064e+00 1.741204077027315833e+00 9.312398532012832186e-01 2.649794106533829741e+00 2.418822765886954329e+00
2.709159025424543454e+00 4.396022942891732121e+00 5.513142453595301973e+00 3.029800070094166298e+00 1.784338897843971594e+00 6.221077609012673371e+00 3.227154707532644551e+00 3.385857503211662234e+00 2.709957652681274087e+00 2.401891695813850980e+00 7.114302128111216206e-01 1.553347435409213606e+00 5.986109927080842219e+00 4.900554048072709001e+00 1.156961374597475167e+00 5.248037398302439982e+00 4.816255801892241450e+00 4.117735668563309304e+00 4.932788318012379492e+00 2.436770830648735231e+00
3.537293535143114731e+00 2.924341612242931099e+00 4.847050148561204530e+00 5.732494332536929527e+00 3.040626653779114452e+00 4.480173439865214213e+00 2.391276445492322988e+00 2.849373067327119369e+00 2.987211097976222085e+00 2.697151624740018239e+00 4.577246629216585205e+00 4.056890431891535087e+00 4.734279162660897988e+00 2.590402157095695657e+00 2.136011853656224480e-01 1.721049038397679531e+00 5.428152747318710780e+00 6.274361002397998988e+00 5.731907282926385960e+00 3.906801913060294229e+00
4.260517051594674420e+00 4.080315464206025311e+00 2.756006108217353923e+00 5.204438443948212090e+00 5.944743193202153719e+00 4.981194395007165987e+00 3.166556308713312173e+00 5.039302359527303210e+00 3.990697570981071585e-01 2.841785137641959835e+00 2.907606454708512977e+00 4.434673399283042272e+00 2.078425045295986262e+00 4.470767512393227783e+00 3.625255235079632765e+00 5.861933604168529932e+00 3.808394800711795369e+00 2.115535539177952007e+00 4.139302530893800736e+00 4.807794271409201237e+00
4.436677591689705658e+00 8.195624064662381247e-01 4.390354003153968954e+00 2.918411383948171789e+00 1.879441649632610067e+00 1.537136223931134804e+00 3.562952153855098114e+00 1.147102403572443308e+00 1.721525913500262295e+00 3.523996661003291342e-01 2.130796684422550324e+00 5.916514540192916449e-01 3.974276700697511266e+00 1.850165505543225342e+00 3.392994051772836084e+00 3.190236506333557820e+00 2.811837856007721737e+00 1.837470093876383270e+00 4.801314256077870546e+00 5.900090777239264117e-01
5.624906042019455654e+00 1.725368189228876803e+00 1.115746285525859305e+00 7.692652358265086310e-01 4.417421972608653324e-01 1.270247642712748704e+00 3.426046027736026622e-01 2.509434289655968708e+00 2.142675622660537016e+00 2.403844181087505305e+00 2.299622653641730796e+00 2.241933768668094018e+00 4.375152204668738776e+00 5.865258204442786116e+00 4.909864835265878469e+00 3.749722428686762310e+00 1.293068094559766568e+00 1.698450614308494311e+00 4.054122046876353913e+00 4.315632277995655741e+00
3.220335206457155763e+00 5.366717186925285432e+00 2.527641801545972733e+00 1.644333202219542711e+00 6.050536369627153022e+00 2.210065792680439234e+00 4.965661338835555272e-01 6.176460227750024679e+00 5.553032410229943316e+00 1.392616942832886340e-01 3.211311433671969251e+00 4.976265260566614668e-02 2.037300924051807627e+00 5.623864465114063904e+00 3.068171952165185346e+00 5.599866773778042983e+00 3.499428265773183000e+00 6.134438877655386868e+00 2.067374480106022094e+00 5.281869493306927232e+00
5.695253978895396862e+00 2.432487399081466606e+00 2.808372389352570497e+00 5.635484579032714159e+00 1.667589678666612896e+00 1.710480355816165199e-01 3.017689205552249732e+00 5.352910188768950306e+00 1.210768549376394443e+00 1.987470719742555847e+00 4.715788521770665653e+00 5.164065777906261978e+00 1.882642152974752792e+00 3.804370653550221082e+00 2.273316076812839981e+00 3.313024998811698874e-01 2.499960073633937352e+00 4.041495066565934380e+00 3.126365348551952472e+00 5.477673912625260044e+00
3.103946348800603050e-01 1.027231813202711175e+00 4.451906565957433948e+00 1.393486129123087336e+00 1.673168332530417635e+00 1.285398049348996263e+00 4.565688893709946683e+00 2.179372805646654587e+00 4.228938072407774640e-01 1.355461559425233720e+00 5.034429676329423842e+00 2.061886164915457620e+00 1.157566555974108624e+00 3.357326619589063643e+00 5.007035959023226290e+00 3.166415034821230989e+00 2.760288492019725481e+00 5.605351312874927494e+00 5.770649125456341899e+00 5.756853824131107800e+00
3.957447387377959647e+00 5.402419198135587131e+00 6.139057065219958531e+00 1.217648074666389357e+00 4.597652673254870592e+00 5.095428466855648431e+00 3.986721609809297906e+00 4.292374959384848587e+00 4.695282125501953452e+00 3.920524716087151695e+00 2.109109484764334574e+00 3.758505100646246877e+00 3.897977403800174212e+00 3.761771190578888202e+00 3.991073919398492986e+00 2.523018648814741471e+00 1.058112551823573444e+00 3.618074298775576292e+00 6.173644305626642570e+00 1.264234471487952982e+00
2.455223185114408402e+00 5.391487962129489553e+00 5.969632620191203110e+00 1.177635321271718549e+00 2.247441849225331634e+00 1.188945600744951564e-01 1.875408565057918198e+00 7.374483572727585923e-02 6.266820395570849023e+00 1.305395347717745791e+00 2.933453356956724267e+00 1.850996029938597687e+00 2.670390155068957938e+00 2.138589568969257559e+00 5.534950635098843108e+00 5.269188687707516472e+00 3.691766747438564256e+00 1.135291760767844327e+00 5.221223338725258234e-01 2.844469557434711748e-02
1.983228410544657372e+00 3.259356735090000790e+00 3.056372046729318726e-01 8.999551807812258275e-01 4.597230591748552087e+00 5.099922620114877958e+00 1.946433511091172130e+00 4.950339986964004679e-01 6.143932974384959778e+00 3.863761539351675989e+00 5.211284430928821543e+00 4.386261442726470117e-01 3.144954364620751175e-01 1.666004129244746279e+00 4.130213366478840520e+00 3.583951853613853711e+00 1.749315171193419616e+00 1.572461025079511909e+00 3.129888064599662734e+00 5.930304957043426306e+00
4.186543277399264795e+00 3.724627756304037529e+00 1.554989719285304384e+00 1.261238711990621209e+00 4.488821559667469430e+00 5.362347942966282588e+00 3.947450704082782647e+00 3.028754916898772187e+00 1.372961046685618358e+00 5.254357554664712104e+00 4.709620582003537059e+00 5.247383025328073103e+00 1.701418756387146569e+00 5.816487255608484119e+00 1.663810573187928910e+00 4.852078193967612307e+00 4.304291234644768593e+00 5.531663227128889027e+00 8.015151206192386302e-02 5.778387445879287654e+00
5.164072465389359934e+00 5.331864567975782343e+00 2.064835704051271481e+00 3.290654540183092447e+00 5.931678813721207533e+00 2.404799240163131735e+00 4.367957737476491076e+00 4.625247756306079872e+00 7.131241887961440318e-01 2.764822649110033614e-01 2.792480022375651405e+00 4.426590345071039323e+00 3.337535142248549414e-01 2.271438268623548140e+00 5.880741396471527160e+00 5.796932634394833528e+00 2.231956025358757145e+00 4.453779192678640086e+00 2.215757466722242608e+00 5.946395412350235610e+00
