5.350465357873178673e-01 2.277643876253838684e+00 6.225121301240869265e+00 5.540631925705774563e+00 5.234466675721708206e+00 1.147283746048537306e-01 6.261463651402252140e+00 2.981716853387625932e+00 1.826312174778053743e+00 1.875779930991734457e+00 2.002612068744685114e+00 1.873008993723007665e+00 6.270402884586018466e+00 6.246950258094855712e+00 4.010642556251696966e+00 6.546813109966195809e-02
2.469559562461161484e+00 1.716473677347505611e-01 3.629508295942491358e+00 2.141624348359202124e+00 6.122789678766993759e+00 4.636426659600731526e+00 1.360345636292057958e-01 5.695285804515796357e+00 6.431082175970468384e-01 5.766835585776870055e+00 9.633893546332488178e-01 6.212456356085736431e+00 7.223443326405933895e-01 4.614160712846547163e+00 2.830988051560035412e+00 1.025899055651717795e+00
4.016584319020676475e+00 2.642157635323253206e+00 1.961102083325730328e-01 5.761430726787049927e+00 2.441817928144924377e+00 6.103586566470704966e+00 2.680037063227362903e+00 4.095429666670442614e+00 1.744769422942655801e+00 5.571947338588162602e+00 4.662671540712939766e+00 3.201644080684908911e+00 5.571174191044005575e+00 3.239414233934460707e+00 4.974306567558859804e+00 4.346979595337375990e+00
1.554836244764282727e+00 6.010503603772231251e+00 2.284869020920127003e+00 4.091726600377840306e+00 3.314587402892670731e+00 2.011460901721718653e+00 1.227685716258768878e+00 4.045758034662150671e+00 1.167073214062761100e+00 3.467401018456204853e-01 5.998047999739227976e+00 3.810043474790778539e+00 4.709519957966813664e+00 4.638906454840629578e+00 3.938441783760972648e+00 4.689860179133201967e+00
2.935474512768946997e+00 4.757362452372095873e-01 3.358194422932286649e+00 3.841405622339470138e+00 5.401623812936774627e+00 5.406851156045513029e+00 5.212803955882463036e+00 9.195288671352238596e-01 3.670083993031669767e+00 4.118410444726243291e+00 3.391212043609351579e+00 3.100308037559897478e+00 1.030737559732274045e-02 5.999988241804543598e+00 5.598899742836121796e+00 4.599176680032190490e+00
4.669106740928437915e+00 2.480938544650840516e+00 5.122200793747637704e+00 4.522077097917465593e+00 4.418946325030128186e+00 4.527016006143335325e+00 2.058462179020677407e+00 8.232254429275203123e-01 4.343459117345154219e+00 4.873998747922827057e+00 2.544407227503296287e+00 7.864680870110186683e-01 1.104241131273685950e+00 4.261999581109634505e+00 5.401568136618483784e+00 1.854793958580709168e+00
1.073419039474187597e+00 3.844090896104873423e+00 3.597599276121773215e+00 4.772390998980303500e+00 6.676654693464264545e-01 5.729884031582769488e+00 2.875764200328065012e+00 2.627995973382172945e+00 7.003548768779250810e-01 6.191336313443833284e+00 3.556483895699303677e+00 5.974542493883415517e+00 3.472495574858431411e+00 8.574131028043803227e-01 1.595243384210607074e+00 5.215802093150097463e+00
6.032072476528350435e+00 1.574381181711431266e+00 5.529175868444105468e+00 1.415106353967235053e+00 1.762828557838796106e+00 3.052711184371711184e+00 1.980394056692340810e+00 3.232982894523888984e+00 5.733477646236596392e+00 1.508671677387057874e+00 1.795113816503000503e+00 3.592541737606090191e+00 5.746745230538448546e+00 1.892965350801543642e-02 7.113099891410799014e-01 3.496600716460413150e+00
2.719436090091275071e-01 1.958832047649505137e+00 3.002236611082305551e+00 5.026567445101552067e+00 4.567816157634213781e+00 1.318769639375120484e+00 3.073839827288311177e+00 5.268406447500692202e+00 3.071555144253414138e+00 1.993516528307376134e+00 3.015121728710016935e+00 4.795296282180584041e-02 2.295578530416380936e+00 1.774083356628332275e+00 9.323715736246949159e-01 3.670784598134607890e+00
4.819451736568051814e+00 2.195414428439945276e+00 8.700647977111890530e-01 4.712771989436284059e-01 2.941525707902210129e+00 1.653395114335490135e+00 1.501371379148079832e+00 4.978053897521869331e+00 3.817860000477566462e+00 2.337217744257721996e+00 2.969434066853472443e-01 5.159939073440973356e-01 2.244976461757041797e+00 1.509458426391478092e+00 2.136688191971224393e-01 4.947589728675846565e+00
1.873883587780924342e+00 5.601903632410712319e+00 5.735580587770427563e+00 1.067667647473590442e+00 5.776117659688739359e+00 2.625732908142182964e+00 1.813421587034555360e+00 7.398331566709133167e-01 4.433783519227549874e+00 3.491630440265045099e+00 5.669683722469640585e-01 2.550991214684488195e+00 4.135494252156017403e+00 1.595769847434124422e+00 4.515697607473714292e+00 3.299795640507414696e+00
4.287577165983708083e-01 4.869882748071801437e+00 2.559055154510466057e+00 1.170054615414269916e+00 5.946527321426835044e+00 5.622278522513160404e+00 2.469759291022346925e+00 5.370717273886567611e+00 5.099344618984225974e+00 2.302542681703636518e-01 1.140061818198134791e+00 3.781401571604435241e-01 3.725161165320354684e+00 1.516794434105502409e+00 1.256343981535640530e+00 4.564475739421427480e-01
1.772315918979181282e+00 5.797403263466069490e+00 2.413871297974095054e+00 5.105886321363528602e+00 4.926019999252836179e+00 5.029305739910239659e+00 3.989408836488544274e+00 3.830494929966766549e+00 2.811873881671152375e+00 6.031984720993902371e+00 2.787966792799197346e+00 1.765210090971723655e+00 3.620988176176027640e+00 2.829785819483753073e+00 2.849509004621499031e+00 1.822062274088432687e+00
5.164612864449220631e+00 2.371515859057615749e+00 4.263098982731867714e+00 3.194488958639075005e+00 4.591286727602990503e+00 1.621349788293266148e+00 3.431031664529557101e+00 5.765493566849029250e+00 3.889519017922862698e+00 3.088474969111490775e+00 2.071110288008604972e+00 1.443181737585067737e+00 3.887766292790659772e+00 4.153107019229662633e+00 5.447070744094874017e-01 5.581848965814488750e+00
4.725225285721839086e+00 3.235611940939736364e+00 6.013791455995399104e+00 5.405773975980320500e+00 5.383468199576366686e+00 2.501655021148697422e+00 5.789984376042649927e+00 5.759293868160759722e+00 1.381049499722715845e+00 4.536883685147011236e-01 4.899441502114422420e+00 1.433177592044919013e+00 1.198442023715524385e-01 4.412006111704615208e+00 4.696221417246684737e+00 5.000296545686738092e+00
1.968239496966446511e+00 1.472274221492989810e+00 4.272025108710639056e-03 2.151392212124569880e+00 3.710660913607438882e+00 2.572764698303527720e+00 1.109251025479836894e+00 4.809102216923064610e+00 4.845580049098475506e+00 2.961994912509005928e+00 6.262091265573864085e+00 2.630233579902039764e+00 5.189543159157307350e+00 5.803515768890677329e+00 4.859286206096809835e+00 1.773335788109238642e+00
6.129791762897631280e+00 1.809197072197388456e+00 2.044522778323964562e+00 2.220427163041465146e+00 1.878208123001079144e-01 5.764603649268242869e+00 5.097263799862067124e+00 1.855293743261387407e+00 5.433900002772916737e-01 4.805105084861359899e+00 2.565012583752112274e+00 1.041641732251762154e+00 4.963979168655058949e+00 6.123483916336248889e+00 5.439892213838786184e+00 1.336665266901015059e+00
6.038394242791404132e+00 1.536729823566336472e+00 1.185362873130214600e+00 5.021274138725971170e+00 3.076770590845327558e+00 5.230498622537168352e+00 5.646429260608344158e+00 4.454416594164214871e+00 1.363858956064142980e+00 6.178079220155921369e+00 2.699440230593234791e+00 1.182072675065956924e+00 7.386820900683568336e-01 5.102242670449043338e+00 3.181973671854194219e+00 2.602509437475943876e+00
6.143570018926555854e+00 1.139109438805616215e+00 5.895519585799820383e+00 7.025133751034433605e-01 1.607800813374931748e+00 8.096084594749330954e-01 2.586169265550056107e+00 5.057826020152472957e+00 3.765487503367008770e+00 3.787320190141472143e+00 5.086556276875848326e+00 5.646098522461651115e+00 2.474469692192532655e+00 6.194288096984883474e+00 1.204844261575562125e+00 5.308295702301713881e+00
1.547110726475006692e-01 1.993857663596135366e+00 3.930228710993586727e+00 1.548686083236873401e+00 9.734334265772353056e-01 2.583285502451139859e+00 2.069347261613272426e+00 4.619313181236027077e+00 2.581927382786126213e+00 5.993730305666661984e+00 5.016533348089983413e+00 8.130194243509238916e-01 3.155321915255298482e+00 5.053540887187256025e+00 3.839110444551808055e+00 2.477796897170857271e+00
1.807299252248234511e+00 4.678319502132587182e+00 1.135134415279756004e+00 3.421381747737618717e+00 5.979793161525313039e+00 4.276062454185892925e+00 4.349781940411415526e+00 1.056699170310184233e+00 5.778655277447157346e+00 6.159494612009094539e+00 4.609025198226254005e+00 1.084694755167831648e+00 4.196068282613902301e-01 2.760881699467660155e+00 1.688617139200878414e+00 6.027199011459580369e+00
5.010823769069943090e+00 2.116820353637782759e+00 5.179768328991658066e+00 6.237754056191485041e+00 4.283154782935683969e+00 1.424320849839414149e-01 5.920895579244017881e+00 3.419430545739424510e+00 4.726035468246283067e+00 2.238302226458921851e+00 3.827189666460839579e+00 3.275926242285418510e-01 5.175535107368040677e+00 2.528074506630439089e+00 6.282486729894413813e+00 3.342920540439078270e+00
9.385065112618770078e-01 3.474559470907029102e+00 3.901675107692645916e+00 4.488122534718569590e+00 1.001711310639061603e+00 3.931150654247397735e+00 4.365107116644234786e+00 4.731458978471058785e+00 9.717243446691986586e-01 2.921218703545422901e-01 3.102781155470200197e-02 4.167141460169451861e+00 2.971477997264742932e+00 2.275717040440368433e-01 3.018203927393830810e+00 1.459316027224835555e+00
6.089400067944965578e+00 4.134594844724999163e+00 1.530054778028032691e+00 4.679117106492512335e+00 2.212657302954752492e-01 6.783876986275148013e-01 8.469218620422968025e-01 3.948178507223913947e+00 1.858477116917447214e+00 4.040708149386976089e+00 5.794507540972061221e+00 5.761981076645505961e-01 5.057251068158545415e+00 2.550549941133659182e+00 3.934603373942426874e+00 4.758806946954973860e+00
1.455042217142406225e+00 5.414929788794272447e+00 4.228009180329097561e+00 5.896958008641776772e+00 4.903708549573992492e+00 4.206834170691846175e+00 1.488625395759956227e+00 4.929951610828297248e+00 5.782086080836413622e+00 6.225033145390559852e+00 2.519323178441060240e-01 4.316186035825233525e+00 4.593512958563310988e+00 5.758498469000434383e+00 1.456709424660781016e+00 4.352125958120087290e+00
7.471443855024063607e-01 1.024796553025119294e+00 3.561241819059774549e+00 2.743075908102399207e+00 5.903353717419248525e+00 5.689610749607196816e+00 2.519367265224266905e+00 2.746998190861279276e+00 5.689257563573124621e+00 2.219973547394536784e+00 6.262032408043532783e+00 2.254821740730433288e-01 5.617195778606691725e+00 1.777008253823755268e+00 3.560241247082374993e+00 2.984291996727835183e+00
4.947113606210444825e-01 3.981058521975484155e+00 5.609561026189777699e+00 1.016940183155109922e+00 1.776915405236614842e-01 6.618833552908659490e-01 3.015598284579556143e+00 4.470097856091936883e+00 5.754790579063731926e+00 1.872766341541134638e+00 5.534571955405171551e+00 1.951224235836200194e+00 1.484226971050113697e+00 1.010430041336858098e+00 9.061957711575986396e-01 4.397972829415582652e+00
1.015373566205955536e+00 9.350174791848461231e-01 5.060420737282186998e+00 1.274762656498125146e+00 4.923492204160188734e+00 4.227019581972484730e+00 2.635763829424763394e+00 4.825767952709465902e+00 1.640019494488364371e+00 3.324476075441470613e+00 4.565662317418200722e+00 5.617782302020077445e+00 3.615831666644699016e+00 8.191712622497413498e-01 4.671996858061529423e+00 2.035973560488506084e+00
5.618073356411786845e-01 3.022187696354513342e+00 7.584183314492375372e-01 3.797638333499743446e+00 1.872312921660021834e+00 3.638762730936810019e+00 2.422702543308154599e+00 3.337815443044602759e+00 6.084431366396361618e+00 2.849671551718601759e+00 4.864347225159863619e+00 4.775192591352650062e+00 4.523161395247096150e-01 3.798543219676476568e+00 6.356463147500661659e-01 3.741218408315049704e+00
4.270427163937120518e+00 1.398513817540846249e+00 6.709653314287635784e-01 4.772699487898139914e-01 9.679602551510171349e-01 2.482364319620148585e+00 7.280244698411051374e-01 3.721104568938418122e-01 5.469349007063297741e+00 1.205389546577585458e+00 3.036661149789650072e+00 3.207755055586755777e+00 4.917430682253007390e+00 4.132195235935824940e+00 8.277231537454065036e-01 1.330807644977789916e+00
5.799126884274121707e+00 5.644365719394312642e+00 7.670972136863276614e-01 3.231218096350750191e+00 5.294616459431003896e+00 1.744832420918246862e+00 2.599312279625627831e+00 3.163264746374750302e+00 3.301038674343010459e+00 4.606924708942878866e+00 2.174485478168068475e+00 1.582061494610044639e+00 2.032917466192956990e+00 1.111999814869361503e+00 4.883503470353494080e-01 1.302935997031578585e+00
5.992288184661453521e+00 6.319376258039827166e-01 1.779259980093250704e-02 1.351820618999975521e+00 3.916962632620987872e+00 1.251094581962144625e+00 3.182810810725140716e+00 3.016702605285177530e+00 5.480063380658915406e+00 1.022290866355160199e+00 3.193862279138907745e+00 4.686077083094716045e+00 5.743615502586250976e+00 5.636374468326888376e+00 5.477387988633377169e+00 2.920588687549908080e+00
