2.992749423797271824e+00 4.061316381553554677e+00 4.547823428231571263e+00 5.748752160430835367e+00 2.440133974423090102e+00 5.574266325043936154e-01 4.026892628264297613e+00 4.266304127030977056e-01 3.695073280871679078e+00 4.457515187236247733e+00 1.226273869334805200e+00 2.663630915034637781e+00 9.036615494365421997e-01 5.296001063330129099e+00 2.964764522651041734e+00 4.568248070261494931e+00
4.845261216887290168e+00 5.180583154510629562e+00 5.599168904432668015e+00 4.717075729814027341e+00 4.169957268121337712e+00 3.060141043740945310e+00 1.098524798856533036e-01 6.122561435143997421e+00 5.367309091010323385e+00 2.484976415595201438e+00 2.614700240063577041e+00 5.775896830390180092e+00 2.678366621585096308e+00 1.642599475716153279e-01 3.529196407873110175e+00 5.537958802206672360e+00
1.014619385105672400e+00 6.157481888176675078e+00 2.012593548055402692e+00 4.788214205589408579e+00 2.888958484274092520e+00 1.764765722967246209e+00 1.519174043401040564e+00 2.768907928690451659e+00 3.291110628459396281e+00 4.551235384128315964e+00 5.199635714948511733e+00 1.472292337216522862e+00 2.724299490103094801e+00 1.721946961901181572e+00 3.368550682885391279e+00 5.469765818955706571e+00
4.793166979042619680e+00 4.517976972512824929e-01 1.103847371890074536e+00 2.568933784094395101e+00 2.977032116703772768e+00 5.328654963718020277e+00 6.232761955989800207e+00 2.126950762721079968e+00 5.607206258628203432e-01 4.336127513372364461e+00 2.616031021279805469e+00 4.133846428723369826e+00 7.248839476768862422e-01 2.712055585108414379e-01 5.127527966611386212e+00 5.417726754897225661e+00
3.552600401562512999e+00 4.905145833546570522e+00 2.212715874291548701e+00 3.377118891884124618e+00 5.710911576310979676e+00 2.009467977214692169e+00 4.490440741558741955e+00 6.141361295658896324e+00 9.450207354388592274e-01 7.880077948898580598e-01 4.077562151427557957e+00 4.692416790798608517e+00 2.511341369821027403e+00 4.043668155317349466e+00 2.645826789834108350e+00 2.724822217362399268e+00
2.499317674269757594e-02 3.213935090449829168e+00 1.364997177808761203e-02 1.551376473765428310e+00 5.794132279551368114e+00 1.888464649989927135e+00 1.880730201538148183e+00 5.772231041325824208e+00 2.529517929543922516e+00 1.932038156165839515e+00 1.094171778823475494e+00 2.236460591076673055e+00 1.525979060754530936e+00 5.527325013709067925e+00 4.881095688939106836e+00 8.059088260664404313e-01
2.915916363750485463e+00 2.894960203980747604e+00 5.710231467428100949e+00 3.814623546208270710e+00 1.825300257025329609e+00 4.027904555573813106e+00 2.015068076725872181e+00 3.462056247277933707e-01 5.387319778266365766e+00 2.479297456459744975e+00 1.615199970787473349e+00 5.289739401757614701e+00 3.160862958449536908e+00 2.371718601231506796e+00 2.407492644716524854e-01 5.542731047597760252e+00
5.543993363087584392e+00 5.696573120807939539e+00 2.052948160634715968e+00 2.309241725386160571e+00 5.139779536142525806e+00 5.069134611469173990e+00 4.415436880479605364e+00 3.430891163115043607e+00 4.876533048201887599e-01 4.902439489730119782e+00 4.687181358050787949e+00 5.005724481577609630e+00 5.217692706860903584e-01 3.026875620035490363e-02 5.919086506620885757e+00 6.178763952028473838e+00
5.598433659952400276e+00 1.749167274847232445e+00 2.651884438339731531e+00 6.829885071509516070e-01 1.638821600294569247e+00 4.578623740618699145e+00 1.197632335435239836e+00 4.662884346417988546e+00 4.881358025562256842e+00 4.486357040047898259e+00 2.146461361020967740e+00 4.386312105237809789e+00 1.430709466139492791e+00 9.266501563925033658e-01 1.855142594034055875e-02 2.990570583463147081e+00
6.698291062846485344e-01 2.250015709130610997e+00 1.799193280980182275e+00 2.738145693219865562e-01 2.976105241934803747e+00 5.492153799472488274e+00 1.331865529335043652e+00 2.616732312252674664e+00 1.505906823160920061e+00 6.261592557582206453e+00 5.228495813670086534e+00 2.542125576570972267e+00 2.303536522147800358e+00 5.086249564066166684e+00 5.623821580280961463e+00 2.079525214347559992e+00
4.371779607614618257e+00 6.195538020865649642e+00 4.323586990563893728e+00 5.422655299235803472e-01 4.089252281273150658e+00 4.234438515954577653e+00 9.550838810331175877e-01 4.940406145735074084e+00 1.491586150410451728e+00 6.169036012376881928e+00 6.081655522035165795e+00 1.187592619735045041e+00 5.314457476872015640e+00 4.797425723311193657e+00 3.119438003239135337e+00 5.570782438847227347e+00
4.180159264499122784e+00 3.477197864248043890e-01 2.970055523040498802e+00 4.874635674913248451e+00 6.044434001597091211e+00 4.594054130685038650e+00 4.976225906926615039e+00 3.046602904275628187e+00 1.074241847864355615e+00 1.875399071051324640e+00 5.590620816115682068e+00 9.093168436275408384e-01 4.544733693433801847e+00 6.148240261762043524e+00 4.212142965263634409e+00 4.820753316516888098e+00
3.090197032524256926e+00 5.435780113904784550e+00 2.917109587433706075e+00 1.785671992339646019e+00 5.750629583493358510e-01 1.532086095546772331e+00 5.027737018407690606e+00 1.750417143763774996e-01 2.753205238064345028e+00 5.984897948239249921e+00 9.171134768687805305e-01 5.065928693420860718e+00 3.518088473171760544e+00 3.220406898456248612e+00 1.645122575586959845e+00 6.394096962262116879e-01
6.117681372958277741e+00 5.358348908634770424e+00 4.643418358117533451e+00 1.223903416988489257e+00 3.774348596200666872e+00 4.630572288580822260e+00 5.397871394493695796e+00 8.738289567016952475e-01 1.912942294968252022e-01 3.952749215927485960e+00 2.261156378368696984e+00 5.196543908140286661e+00 3.059263887782123215e-01 6.202763748852828662e+00 1.596863223013455027e-02 3.920852095156917017e+00
5.259703779746891072e+00 5.810774137014320523e-02 4.815082757057146168e+00 5.273007522284727244e-01 6.026385413611982322e+00 5.527323494879396115e+00 1.025406107472827344e+00 1.628423701977757210e+00 8.994798300380241196e-02 6.104863365819944043e+00 1.407149128131132132e+00 4.802338320031327434e+00 1.227119498632242900e+00 2.036281072822366589e+00 7.248414690514310976e-01 5.426694832248301736e+00
6.738050665641622805e-01 4.053856910866470820e+00 9.897906834841646573e-01 1.725821841719547445e+00 4.227916876538645674e+00 3.156956210897229109e+00 6.115003178440876042e+00 4.913576659235391886e-01 2.818646642032555327e+00 8.444156371939347261e-02 1.281520756810033301e+00 1.211813971474849261e+00 4.364421095004351159e+00 8.458363914660576022e-01 3.681385914160594464e+00 2.376699764204396548e+00
1.656461516646770660e+00 9.736313873104318617e-01 2.190931179143221108e+00 2.562470519289406834e+00 5.022362426542017033e+00 4.201900407332130882e+00 1.474809901672255785e+00 5.712873953859392451e+00 3.589991490148320530e+00 3.244920185248258093e+00 6.740346382848910745e-01 4.530422438599210011e+00 2.196792791787223198e+00 5.026031149640021845e+00 2.836966988534457279e+00 4.796272591406301800e+00
6.006387603180628254e+00 7.640199095918019934e-01 3.750233187348328112e+00 4.836034816101129508e+00 6.104796213967442320e+00 5.673122595543648394e+00 1.355826091646722631e+00 5.784381523812959891e+00 5.282810838055297609e+00 2.100590064975137228e+00 3.700532355068781420e+00 1.502057416398091538e+00 2.203267740553414900e+00 5.346289577699803175e+00 6.033348547344745683e+00 3.703354995048437459e+00
6.229527155558947094e+00 2.361168719745762257e+00 2.803072635476187457e+00 4.471632601450105327e+00 5.759514775587455837e+00 2.517509001212519526e-01 3.165439036754834401e+00 6.140460909110697862e+00 2.151447598654405435e-01 2.311262774580024271e+00 3.309576531257356624e+00 5.073681751686018870e+00 1.625984108637313907e+00 1.856774343625928081e+00 1.390440753810801844e-01 3.152998750567944874e+00
2.650142202110425060e+00 9.870654377547224412e-01 5.460483058716424587e+00 1.264680243749161104e-01 8.148212098380593904e-01 4.043744785106432538e+00 5.718144233738706284e+00 3.079364186422200333e+00 3.833635226885340419e+00 5.420253502920782118e-01 1.923005525114153791e+00 1.726859337467480771e+00 2.292937652617139221e+00 6.137605015277617149e+00 3.507620333229549470e+00 4.245161516872444807e+00
2.184890509823658178e+00 1.094526388965459063e+00 3.450637259630269682e+00 4.738602055516643041e+00 2.374490713846027390e+00 6.765295790656566943e-01 4.351886890414244924e+00 3.846217370607198482e+00 2.293225669279336909e+00 4.606348467247478595e+00 1.541194700607710910e+00 5.274053039775766116e+00 5.083705095892161019e+00 5.440484449669121148e+00 1.836915398008206912e+00 1.095702730739468445e+00
3.230695968214905900e+00 5.018145873767495324e+00 1.916152513417700154e-01 6.795963391555798205e-01 2.588096225812264173e+00 4.420724420430387269e+00 2.303094401559735438e+00 6.253937146527404956e+00 1.322935283449683475e+00 2.850440442828065524e-01 1.799174935729675795e+00 3.550562651612461540e+00 1.157263251486121414e+00 1.467819087883406870e-01 6.264450426184379417e+00 2.413813167667826776e-01
1.830130249130431652e+00 5.515121999105775386e-01 6.228943198542236992e+00 4.748243415270469114e+00 4.135632382619392367e+00 7.659942632680306618e-01 3.222978294878063643e+00 6.458529679764681009e-02 4.541951931634249817e+00 4.089255536188553530e-01 2.217693510224064468e+00 3.921810912253942849e+00 5.809670190127258493e+00 1.242430491917712737e-01 1.185689670538614404e+00 4.494633958429440135e+00
9.848724400296859915e-01 2.882751278029851871e+00 4.047644900994874284e+00 5.682411360328469829e-01 2.832778395832214802e+00 1.525666044780989106e+00 1.335832764621315505e+00 4.650687857087540955e+00 1.636847958582309692e+00 2.282719459747036606e+00 3.930984836104905344e+00 5.967267914613804791e+00 1.819605060484417836e+00 2.129096053505622699e+00 1.506641457911402693e+00 5.111101263649153736e+00
1.689896834305717910e+00 6.216859193247850079e+00 4.454581276598802653e+00 4.232275000165056644e-01 4.701953958257830912e+00 6.088061097114982445e+00 1.837017873996831918e+00 1.339343951631790208e+00 3.023149493181946035e+00 3.078222168121910851e+00 2.196127920606010697e+00 1.101755782167305409e+00 1.439241095619209210e+00 5.841525055197420713e+00 5.179807969924040023e+00 5.266604133756446871e+00
3.963778880060053744e+00 8.580630220930776653e-02 3.580360257172297445e+00 1.005351262663514378e+00 2.811044385675088186e+00 2.217771005969711773e+00 1.614069457574934141e+00 4.284179326391770459e+00 5.634889214832491611e+00 2.615709772230179642e+00 1.038148707608453458e+00 5.966102480620274484e+00 5.167945964558065874e+00 4.972611673093894069e+00 3.120779646639537219e+00 1.040426288592130266e+00
2.473807179130973033e+00 3.273994993573615453e+00 5.194788119386077874e+00 4.653753981782293714e+00 3.311871581228594152e+00 2.075570538694213152e+00 8.017990515062245471e-01 1.076111189670893920e+00 6.056200550006244576e+00 3.315683030072217985e+00 1.824508868892437574e+00 2.345228687150819447e+00 1.517506070742282498e+00 3.239356524433759432e+00 4.074581994885140723e+00 2.903072250982705604e+00
5.442008785876225829e+00 3.718094575066280605e+00 4.588961036786668224e+00 1.524326035138429569e+00 5.073286383506885322e+00 3.299003140125246425e+00 5.073381428773454438e+00 6.221748938153758068e+00 5.174068169856565369e+00 8.674837346157437956e-01 8.954536277957659829e-01 1.032622311260023684e+00 3.905867783927031933e+00 6.019655966969585936e-01 6.273506407210047264e+00 4.418969489133209194e+00
1.053939079918973842e+00 1.405447777319570157e+00 1.758508544367192450e-01 4.053219037091954746e+00 4.010117560692692817e-02 9.512823033369631753e-01 1.578345882560810098e+00 5.403800444109027268e+00 2.781306443424485408e+00 4.572926772422863273e+00 4.797845802776274482e+00 2.870392703466633666e+00 1.284227032739987839e+00 5.498822777119058536e+00 1.181375333659258065e-01 5.089560127448261362e+00
9.612923114399006819e-01 2.578103756313273376e+00 2.691379938024922591e-01 2.826590742396253741e+00 4.999000430219093793e+00 4.924661213396830384e+00 4.947820253502126064e+00 1.377177233547970392e+00 1.747345057715992134e+00 2.880773536412278846e-01 2.215702460303470289e+00 1.377880579464703992e+00 4.857459533528914797e+00 3.167009270051292180e+00 3.944075634557031584e+00 5.405440955061244224e-02
5.803992390563693426e+00 3.470051600539232339e+00 3.014587421290894298e+00 6.152408143082161551e+00 4.837099433060796372e+00 3.873948300307617831e+00 4.279918638845420453e+00 5.756452233545372721e+00 4.546109793329820903e+00 5.312238845289249944e+00 4.533286904645998483e+00 2.734630423980665803e+00 1.882713899154244475e+00 4.968966143273632063e+00 5.909899718248869505e+00 2.626077018599482393e+00
1.811556298097791728e+00 3.297545400768863377e+00 3.681576121862901285e+00 3.223255744935677569e+00 5.789970092782155575e+00 4.282033411345032903e+00 2.528498142186631714e+00 1.562792548820829852e+00 4.375439756234757560e+00 9.029502643011703134e-01 5.573217259792453859e+00 6.007441340562786003e+00 3.210112914455841793e+00 8.200945454312198457e-01 2.433042480937466667e+00 5.415145552171109600e+00
