1.623320210398905727e+00 4.271909041145288022e+00 3.021925852414140579e+00 5.206783363654879260e+00 7.381532491680610208e-01 1.232521899892286887e+00 5.632484664203282421e+00 7.719881760494945455e-01 5.287295310446281427e+00 6.036379390966468250e+00 4.445416324556625831e+00 5.440492865387787091e+00 1.058623294843436424e+00 4.154024855822418871e+00 2.773366727610734550e+00 4.013561405014955952e+00
1.165141408510286247e+00 5.431108467548483310e-01 1.995472078661555404e+00 5.664332932582303748e+00 8.732374891685781293e-01 8.460046715385591831e-01 4.475671288998831265e+00 3.456220823817375276e+00 4.977463491479374169e-01 4.021531965704490119e+00 3.444309002401641617e+00 4.680930488947112167e+00 5.988040453301715083e+00 3.200261550300384172e+00 4.471794349380608935e+00 8.730414750768051846e-01
3.416426044809234508e+00 2.736145546437916742e+00 1.530760297369572420e+00 2.039943658294443463e+00 1.989148448250825929e+00 5.843743696404779087e+00 3.076358444363752387e+00 4.188012494107815620e+00 2.115223690236858189e+00 2.386889746772650867e+00 6.206910166952574137e+00 3.168618913998016762e+00 5.002298671683705678e+00 3.735428064453190089e+00 3.199249918519392111e+00 4.350147134022476436e+00
6.989367628549929545e-01 4.121377128119269706e+00 6.767245572986338997e-01 6.520493971698668734e-01 3.745352799088791151e+00 5.200343240699030645e+00 5.069155494851223409e+00 4.739014264090736894e+00 1.597460295245825446e+00 1.294685531784635635e-01 1.517402923680468474e+00 5.665667213394975477e+00 1.284545066873099106e+00 5.172992209872069758e+00 9.081531826386262107e-01 6.009474911581737189e+00
9.866748924272433774e-01 8.606234528664413741e-01 2.108932650572913625e-01 1.396455389490066201e+00 3.654245491348513841e+00 2.374917979798988110e+00 2.900068349921770317e+00 1.142557959889116237e+00 4.699755189985569181e+00 8.348484039644135102e-01 8.209919069895058596e-01 2.182235185879191075e+00 3.875489506716293775e+00 5.328433792407712311e+00 4.016749165895427964e+00 2.823356821664029237e+00
5.584656937838069268e+00 4.554413236947595145e+00 4.621900199235357221e+00 3.484971438342744587e+00 4.242246660609053421e+00 2.924135704329425600e+00 5.674575162026790132e+00 3.880207037873965259e+00 3.334883663957875832e+00 3.047476690336790917e+00 2.817586115638143429e+00 2.977828915127611609e+00 4.828840424419020394e+00 6.166264928387657385e+00 3.919208587578476344e+00 4.786763671453837077e+00
5.335831078331002786e+00 2.024074983516131798e+00 1.692804833092928174e+00 2.189626927358969688e-01 1.087382319925607639e-02 6.244619647801574303e+00 1.875451962903031733e+00 3.797024639499772203e+00 1.409784789081288903e+00 4.327676442404168711e+00 4.753503448196969572e+00 4.768602630333993453e+00 1.282512523274812244e+00 2.406815017388383993e+00 5.278238341622794039e+00 1.722955188010172334e-01
3.517273330640242168e+00 2.373982235578687927e+00 4.763960816097080553e+00 3.989871343401978798e+00 2.470236122143956159e+00 6.091893007609058053e+00 3.416119008882083641e+00 2.965347625031530931e+00 5.275006496356996699e+00 6.181380979366875472e+00 1.807304021708827646e+00 1.672504548590283635e+00 4.706453232953137444e+00 3.542084354056123541e+00 5.649824897031989757e+00 5.209683633955511262e+00
4.233201117190213303e+00 7.977908480558973947e-01 1.513115636333755232e+00 5.107128436512815561e-01 4.224941186312907604e+00 1.754419225305245300e+00 1.744687776942270174e+00 5.233421185134991660e+00 5.536282135023271600e+00 2.859034024234845539e+00 3.579759723513790792e+00 1.368080270507334495e+00 4.047646716106949594e-01 5.136351751860837922e+00 3.289333883806123904e+00 1.825088876138330596e+00
4.307701576270778432e+00 2.523871816098085530e-01 1.827526443329815287e+00 1.636005127038188789e+00 3.675269677510716537e+00 5.683456907661194712e+00 4.244375524259664800e+00 3.179893315102183760e+00 6.274405528200102999e+00 2.857149767624578285e+00 1.928259816985063546e+00 6.069685938634617806e+00 2.700369091838608515e+00 1.020046904520807374e+00 5.656164463428150491e+00 4.789221601145528417e+00
7.260789584335327618e-01 5.619816066752440165e+00 5.085799630074268052e+00 3.403117789856782149e+00 2.762646129125420291e+00 4.357443149760407586e+00 4.366454230452431418e+00 4.303560372187333449e+00 5.376801515240196672e+00 1.466122986258799443e+00 1.745574070536401790e+00 4.822401013598742736e+00 2.610030348782899523e+00 3.609814805160024953e+00 8.683474327467836096e-01 3.662828361383054232e-01
2.854664574996934157e+00 6.319606019268668440e-02 4.803728649453320010e+00 4.159630332351365922e+00 2.667648635019578940e+00 3.108912779413369076e+00 6.795805791757526526e-01 1.351250136774673649e+00 5.584997326126596384e+00 1.379945946023943826e+00 1.014556448503685537e+00 5.395518255027221599e+00 5.235389629293462299e+00 5.155181298725528549e+00 4.522582142949064021e+00 4.447531242919453121e+00
3.252470895003016782e+00 8.301505316731336848e-01 4.714555547954408787e-01 5.684972449555262486e+00 1.519175849053502114e+00 4.225411413342301081e+00 8.567093857151122371e-01 4.762204241721220477e+00 1.175703532571757970e+00 5.774206445145915190e-01 4.791533687175602907e+00 3.861509865417947829e+00 2.103597703586611356e+00 5.008665565967270972e+00 4.525849576025048115e+00 2.380054740336202457e+00
1.283837968877757030e+00 4.941818182565974382e+00 1.905898459505220188e+00 4.063972110268402105e+00 2.122894849057917810e+00 4.647582219950063376e+00 3.230073312752173020e+00 1.296819310579444107e+00 6.097423871660335060e+00 6.230895096888178913e-02 5.757056955251563801e-01 6.109191293974849835e+00 4.301929940826570764e+00 3.517481191664766360e+00 7.155833078749663789e-01 3.154533317023353156e+00
1.234125349774206182e+00 2.482130649739836770e+00 1.368973394959875689e+00 5.825635802399498075e+00 6.067741032917320254e+00 9.977430409607140893e-01 4.042590623828472118e+00 4.384947795765238077e+00 1.758643978002859987e+00 5.507384585535880284e+00 5.212076967610737910e+00 5.157384896348596141e-03 2.498742269862173071e+00 2.496435601070640775e+00 4.525283342985328083e+00 7.059738614767220310e-01
1.627256377731214787e+00 5.275165734819953212e-01 3.009664249734651076e+00 4.850307024031618397e+00 2.798650831098297598e+00 5.193266426229180333e+00 3.612200497824175738e+00 4.884559449785554897e+00 4.457532008719852890e+00 5.444625897841462780e+00 1.213536539984439999e+00 6.125874933795502741e+00 1.950873351201294348e+00 2.105349626694512200e+00 3.994255350324546483e-02 3.039881134127026208e+00
7.457581312898814430e-01 2.052983777372458185e+00 2.627302258501607035e+00 2.997261303718008030e+00 5.062434840564171701e+00 3.159862774570893151e+00 1.395690227773058290e+00 1.278017763286900532e+00 2.370079250158647621e+00 2.713116713422229598e+00 4.798141949253200700e+00 4.613569108227362769e-01 4.894546340665243633e+00 2.154062349662284159e+00 3.816155569998911812e+00 5.180030738704430426e+00
4.616904744868678634e+00 1.380939322889996212e+00 1.774242864087917759e+00 4.788778391591339556e+00 2.928867056343567032e+00 1.050152918717069506e+00 4.581895966814861332e+00 1.962633837328848330e+00 9.554063738394085181e-01 3.112168310415129868e-01 6.178248046700300478e+00 2.995198323194679269e+00 5.215093049583964913e+00 1.187882698751290045e+00 4.158107299345477514e+00 2.447974000496315750e+00
1.791130951552522221e+00 3.496118222362253558e+00 3.024023753685178395e+00 1.817033894087364931e+00 2.401946432091205619e+00 4.293983964350974070e+00 2.505411954247417583e+00 1.143331297382214617e-01 3.529204591706589511e+00 3.982565284241600612e+00 1.352733440731025416e+00 6.234406765794941130e+00 7.780266506589398334e-01 1.631870160696932803e+00 2.733866971574639759e+00 4.423345084990764065e+00
5.390562760038212886e+00 2.538083696767774011e+00 1.624553059276075295e+00 3.101073125689135512e+00 2.649518305130521778e+00 3.442343520143271718e+00 1.551490183580663151e+00 4.207697785896382214e+00 8.075270327609740395e-01 2.506927958983485860e-01 4.542852776926112668e+00 2.851388340133297561e+00 4.561675155448013719e+00 1.006456989937334789e+00 1.148538294384508607e+00 2.120059716951711692e+00
5.286647697614093033e+00 2.970474102773477121e+00 1.108828291033860491e+00 4.753665633891937858e+00 2.574475723444207720e+00 1.826777818981758506e+00 1.168271900371339322e+00 5.836438080633966408e+00 2.946521943474264660e+00 4.565092048989057183e+00 4.486373860606495789e+00 5.463973652376089341e+00 1.928115078945465966e-01 2.857994643628249509e+00 4.252288965182070002e-01 5.724323930861239695e+00
3.615700136694891764e+00 2.130204957678068389e+00 5.194208407262684624e+00 6.038643626012925036e-01 1.053815681694697970e+00 4.497669568453859235e+00 9.543054350609060377e-01 3.274024668489304624e+00 8.575993608623700970e-01 5.518875773388300487e+00 2.280067590944480305e+00 1.191770201825532283e+00 5.410037750581996541e+00 9.962245664705569048e-01 5.201846602842446821e+00 2.713397536256393905e-01
6.232973686172742056e+00 4.584569982448260639e+00 4.729159548763969823e-01 2.803191155784764632e+00 6.010797243282607560e+00 3.888242387786048138e+00 3.633718295889812211e+00 3.820177118705910146e+00 5.145762244958342890e-01 2.711241736749190889e-01 4.014418189189463249e+00 4.172374066827408967e+00 2.361240612779194503e+00 1.014641226794600115e+00 5.242804081050282505e+00 3.509106448201797956e+00
6.028925926968073057e+00 4.500511370200547034e+00 1.250174299912037768e+00 5.593390840078690474e+00 2.594232073039371755e+00 5.786837807793116184e+00 2.906314132358976732e+00 3.126126590858274934e+00 2.431174494299239645e-04 3.804735986475543896e+00 3.409531402225556729e+00 8.354395212252541114e-01 4.048666745443514903e-01 4.418173811158068176e+00 3.779499973306444272e+00 4.710238377433463852e-01
4.338307574840253977e+00 3.408443228340913844e+00 3.755165037662510308e+00 9.397136993882188039e-01 1.353294558832437655e+00 3.117016715128379190e+00 4.829534298588761487e+00 2.880035766557282884e+00 5.164744510693214607e+00 4.739765483740175367e-01 5.019074542203209255e+00 2.638951698460191952e+00 5.983287498626522982e+00 4.234815492814322013e+00 5.844614912334252566e+00 4.702336131004400954e+00
2.829766053560635264e+00 4.825103305102677709e+00 2.040051563446537042e+00 9.317912702768585409e-02 1.306617838730469217e+00 3.738122379228543846e+00 5.857411215322756881e+00 2.749306279439229783e+00 9.237962458609011440e-02 5.193537606995663580e+00 2.845830187428199931e+00 3.972632730629211295e+00 4.371985019712282039e+00 2.592651500424909106e+00 5.972871609314602814e+00 4.806828487118562698e+00
5.243612639475943915e+00 1.372055790290184873e+00 3.212775247638368636e+00 1.679551516835009695e+00 3.840702374115918083e+00 2.943050419117147154e+00 4.055896942435190944e+00 2.050953601930751269e+00 4.249558912647374065e+00 4.821193477431330088e+00 1.334433281313808672e+00 1.865622401556588539e+00 2.295505298465439825e+00 3.075397786820638912e-01 5.456303905831975776e+00 4.443841227455018306e+00
3.930800018563735954e+00 3.302670807635442518e+00 1.592810074033630841e+00 4.832080314544050736e+00 3.619844474611659257e-01 5.034110121256635928e+00 4.240983679509141013e-01 1.751003159257333852e+00 2.862541157909163747e+00 5.265988028264916743e+00 2.870895981604010050e+00 3.737038067246404971e+00 6.037485444849123084e+00 3.231531292910551745e+00 4.343420244958097420e+00 3.121682465581085975e-01
4.677154950256677601e+00 5.525733231159809300e+00 1.857445188766740696e+00 5.966131216378330215e+00 5.394061321796154829e+00 4.547152609251600142e-01 1.892251895878479084e+00 5.948542491333529192e+00 2.783073661539229526e+00 4.454666372333612401e+00 3.482575567824363727e+00 2.352098264231185176e+00 6.062340845591962513e+00 2.777983768992085434e+00 2.773771290927350197e+00 1.687290485455185562e+00
4.071292908568209690e+00 4.912182879277392722e+00 1.909244825078972640e+00 2.985153069566304218e+00 3.247465416167217178e+00 4.023295013649842211e+00 4.019294001200762523e+00 3.557201640816134436e+00 5.249604351043466011e+00 3.081792174642745130e-01 1.952899307757215430e+00 3.154068454380377418e+00 4.665752337157326735e-01 6.085705742837413723e+00 3.650077178548275736e+00 4.599276940147426274e+00
3.938884073613956982e+00 4.126594981712294441e+00 3.243453742048293176e+00 6.055363604182761428e+00 4.437029237833750805e+00 2.492731390148777315e+00 2.471793968495879845e+00 1.897407761839545515e+00 1.105491932023994872e+00 4.063658788346574124e-01 9.884801487398748865e-01 4.579799990029009393e+00 2.714328084061146562e+00 4.175995127723436617e+00 2.442467822888472195e+00 1.616183648039966059e+00
1.019586295910164531e-01 3.585094652008665062e+00 1.299617592697586810e+00 4.343820894848707148e+00 5.487018886516032090e+00 5.398267039672275835e+00 1.955025873543790649e+00 5.753122455372150057e+00 5.131079480767143153e+00 6.193803298242410271e+00 5.580054550391925439e+00 4.815839911344233504e-01 4.681312737895778481e-02 3.861908237342469796e+00 3.896478366209928268e+00 1.637535475137241070e+00
