3.669308910446868577e+00 3.298654217303846448e+00 1.926658366732250993e+00 2.060460473080827359e+00 5.827030711807876351e+00 5.346302410449371045e+00 2.714454961698455016e+00 5.907066208710086919e+00 5.754534248430438481e+00 2.951160736944961727e+00 5.790169158732085819e-01 2.320612255782094624e-01 2.775595812374182625e+00 3.492513337212342694e+00 1.370732819469490327e+00 4.090171345341566678e+00 2.849014784222414942e+00 1.726359612895914886e+00 4.583156101342195754e+00 3.777067256597103739e+00
2.088184803619032692e+00 1.146521496946579788e+00 4.858044072544169367e+00 4.259670965222573713e+00 7.396798599343568092e-01 3.537435276307542509e+00 3.080482500411084956e+00 4.699356613892436307e+00 3.156574750559807629e+00 4.799722791769283958e+00 4.995768947409743532e+00 4.304524158275077284e+00 1.113197466012131986e+00 5.296894164339132516e+00 5.224389838314989376e+00 9.364516895816406006e-01 4.538334691286991074e+00 4.053538660042717900e+00 1.524404921753134134e+00 4.770169413141263526e+00
8.517220021954029496e-01 4.862697354237790925e+00 6.204174433685225587e+00 3.875134862988194762e+00 3.247782367214886445e+00 3.364873326135319864e+00 3.245734050014159600e+00 2.432924780449868152e+00 4.394645031070382402e+00 6.403851669607313335e-01 5.456619649865944943e+00 3.870678836113693677e+00 1.643221823538489612e-01 2.395677031959531966e+00 5.472361340275226027e+00 5.666325703478721998e+00 4.681882228882827235e+00 4.990514324285767245e+00 6.038299594350432287e+00 3.961171687087426729e+00
1.360744346993249421e+00 1.629576224899891956e+00 2.331731317596616115e+00 1.087204423883601612e+00 3.415929075827076389e+00 2.916330175867318242e-01 4.957223860281291472e+00 5.959557281411638208e+00 1.048405247310500332e+00 5.861125620625375898e-01 4.709987043625541991e-01 3.757976985884507459e-01 1.713408616177058974e+00 2.415232002788063603e+00 8.186818402593344368e-01 1.677029890706121407e+00 1.426545834107218802e+00 1.066274969744958945e+00 5.728953171785554632e-01 4.745198830679539626e+00
1.226408899457767543e+00 3.661230219500485106e+00 2.069102154968259999e+00 1.629221095237187056e+00 5.502004148876048717e+00 1.648734733897123217e+00 6.110070088728767335e-01 3.479207812753357665e+00 1.170978689651409832e+00 4.625523490263331539e+00 6.084381653031658566e+00 3.293164335389025865e+00 7.804679413716332226e-01 1.929946644262520161e+00 2.581349840184412603e+00 3.278294360529061091e+00 3.987581333081574364e+00 4.647911737822966849e+00 2.105511954824579757e+00 1.009531113491231591e-01
3.158651867960818649e+00 3.587095221317630589e+00 4.452997911209898518e+00 2.648469516335623108e-01 4.004769073400400892e+00 2.054868751699469254e+00 5.958592757746965951e+00 4.444091917307608774e+00 1.291927810466910076e+00 1.230970765852133830e+00 8.938282204419001342e-01 5.953058108659280201e+00 2.893910387380938420e+00 4.987139454004294592e+00 4.839661859384158937e+00 1.771131960978058917e+00 1.148147365997978619e+00 9.070799381351286605e-01 4.822312834184461217e+00 2.800356186895507360e+00
1.334780478627277001e+00 4.931719872157342088e+00 3.306246551881647733e+00 8.807638971949451889e-01 2.732031587655089910e-01 1.939848655171171554e+00 3.249897006966085744e+00 2.159915240891846722e+00 5.920668630816422251e+00 3.867039556395268196e+00 4.097080281171245342e-01 9.113584695635756905e-01 4.566869313056521662e+00 5.969978886627146153e+00 3.791610682562942980e+00 4.547929157512390907e-01 3.053058116631690577e+00 4.622651763008699177e+00 2.148214024484686568e+00 3.733208670694420750e+00
5.959875442126548739e-01 4.353014972933048732e+00 5.422265729454605498e+00 6.100113655643822907e-01 5.488784089013141632e+00 8.343874864775696620e-01 4.550284776846464041e+00 9.349572074825669432e-01 5.542267857283667887e+00 4.314968044819947890e-01 2.522492636108762731e+00 1.773022495970089096e+00 3.580400114069254958e+00 1.227210195567469686e+00 1.987049092200605216e+00 3.324085098128765736e+00 5.403664943920791330e+00 2.938661595452311204e+00 2.069528764638636886e+00 3.982982633198605349e+00
1.607649165759768684e+00 9.893481175414643447e-01 3.685798766742227062e-01 3.068859020447896047e-01 5.048771499709437727e+00 3.217363102913900264e+00 3.779352429253904244e+00 2.849419751990461158e+00 6.037045653765241937e+00 1.862614045989943401e+00 4.492199161216666070e+00 5.659153834443028330e+00 5.399619259181548614e+00 5.273310146239229113e+00 5.965006945022674145e+00 2.078298374707146401e+00 9.585921833847008688e-01 1.448205966738692396e+00 3.440740700397776575e+00 1.916816944501475994e-01
1.804232659039160636e+00 1.377126723089251881e+00 3.332792712027279336e-01 4.852612815066270180e+00 3.356115516288594502e+00 3.490701078290802339e+00 4.416511665473203507e+00 1.795200695985153860e+00 1.248687457673623102e+00 1.345089855930173162e+00 4.986191638098022239e+00 1.198375456244017423e+00 6.057683574657852787e+00 3.830777587794363948e-01 4.380438118106871670e+00 3.080510321190100154e+00 2.079300679600963431e+00 3.973693108389167783e+00 1.364639605969843739e-01 1.543119821445813500e+00
3.194268846831034292e+00 2.918576466470181874e+00 1.553251312943497497e+00 8.920447447549161302e-01 4.911015403459882300e+00 6.070203642412793421e+00 2.129955445075914611e+00 1.886752368977352878e+00 5.993152724384041896e+00 5.894085134855073349e+00 3.142539468381824630e+00 1.595043191456990028e+00 3.412998450699258335e+00 4.721952290577077882e+00 2.190088035065782979e+00 2.768027647358109355e+00 7.070859350001236221e-01 1.738877288698874146e+00 4.060546617648946865e-01 3.601020028401534567e+00
2.916880828918150037e+00 1.027360390387288103e+00 3.476221199344728952e+00 5.865244546323733488e+00 1.975907202400709384e+00 1.471101556646743136e+00 4.386173184523070923e+00 2.673755579380215242e+00 1.561576857978858701e+00 1.022612970355067374e-01 5.372662483114055476e+00 2.555942972780322009e+00 8.585480159557993263e-01 1.665934500329782297e+00 5.931552931590901245e+00 2.672062370136520482e+00 6.232438731376096719e+00 1.918519114947273341e+00 3.573377397800176603e+00 1.432412841170589424e+00
1.502753001727796578e+00 2.451217658889384587e+00 5.034889401167220724e-01 1.931077378681284484e+00 5.576161874024306186e+00 1.399746704648307194e+00 1.067772863301212238e+00 9.950252291434624752e-01 3.228369254900607999e+00 1.642769800338850006e+00 2.348955762531504288e+00 2.127326557283367059e+00 3.669057912744620037e-02 2.076337956822848163e+00 4.400406835010894468e+00 2.206244104334802003e+00 9.391653695041343175e-01 1.189222838502524554e-01 5.465788485972232102e+00 3.437834021533160644e+00
2.431398099284010961e+00 4.251001835286318808e+00 2.938765380874633348e-01 3.795765267176856028e+00 8.105841284203820774e-01 5.675931859698781778e+00 1.525612202588016109e+00 5.868442987019945711e+00 5.141751354301724142e+00 1.095950454612608205e+00 5.931100345914920524e+00 1.794164352288658781e+00 2.413045555905818151e+00 1.517221114142939919e+00 5.468452324556975164e+00 6.263877877766097946e+00 5.401890041197556336e+00 3.792960861284866425e+00 5.359722861448815046e+00 1.754575999292796284e+00
5.259468832010158579e+00 3.879943146529667874e+00 4.276328854860973472e+00 2.860135182406475240e-01 1.010108897386549354e-01 4.041173832833411694e+00 1.649321858588626677e+00 2.228291581615403860e+00 5.411203835479078350e+00 1.874142485908319555e+00 6.231873311941984461e+00 2.205323891986297635e+00 5.021414281964910131e+00 1.052553095088601065e+00 2.470731732588466123e+00 7.205830904298038408e-01 2.563361722716070989e+00 7.273278770300253271e-01 5.392994108903375938e+00 3.121701729779125856e+00
5.182998462880062718e+00 4.875118105500384935e+00 2.480755428095770654e+00 3.037314210989295660e+00 5.196657384028378956e+00 4.726059745636752574e+00 4.852411278253396354e+00 5.637529822288731118e+00 3.631081244243092865e+00 4.231608543679350909e+00 3.604707805702119572e+00 4.421669459313029904e+00 4.388250573573558300e-01 6.131938643442403247e+00 7.518969271344259075e-01 2.009442491366613889e-02 2.371459542494885664e+00 1.702099999666538910e+00 1.321665086294134595e+00 2.846951927677978667e+00
5.002452760131399501e-01 4.314226830469014118e+00 3.143369801836230604e+00 4.353408909267214355e+00 6.655291447635723889e-01 3.345469083539457378e-01 5.776530666885300924e+00 3.220887013775640906e+00 1.426948373390515834e-01 3.841803460268819581e+00 3.010767150470332609e-01 2.275500993733344579e+00 6.062869827020185731e+00 2.841446587223946454e-02 1.637138017187927730e+00 1.414449040625515019e-01 4.939386632666983523e+00 1.247373491673532397e+00 4.580448542845796389e+00 5.797669841001863666e+00
1.449572212883185163e+00 3.210126775404635868e+00 4.771338879895890450e+00 3.189461390326381984e+00 5.768070066708805399e+00 6.232489249872811499e+00 2.507417856837960368e+00 3.646702161299794742e+00 2.955299066227150995e+00 3.546253877426079004e+00 4.090322000620287390e+00 3.268596427569215201e+00 5.850246054104625282e-01 4.275506683792741569e+00 5.532391626595273060e+00 2.440368116782050123e+00 3.787878779521530070e+00 5.926677835699922348e+00 2.610884439840734483e+00 1.871838470453500491e+00
1.091278319183918821e+00 2.266301343869410179e+00 5.256909512698523912e+00 3.110294907387843200e+00 6.134466580435829819e+00 5.351439263703713145e+00 5.796358643636453145e+00 5.001383595818173156e+00 4.428469590331667760e+00 5.175751776742045784e+00 4.137824785294034413e+00 2.888325691660059147e-01 1.970809285882051620e+00 1.501837154985871114e+00 3.573027227479257828e+00 6.223003790528139234e+00 1.316523062281456546e+00 5.915617839228657360e+00 1.968037302625043505e+00 6.034273670451872462e+00
3.556795644006624624e+00 4.566590770848681480e+00 2.368362552482131012e+00 1.609897490141092069e+00 5.322274753770162903e+00 2.749095327338655359e+00 5.614442590870066141e+00 1.535713363048875346e-01 1.987529407990028751e+00 9.595907687538005604e-01 6.558925850880675812e-01 4.050680883123668252e+00 3.152689234418047715e+00 1.182026496069331856e+00 3.624705849840007321e+00 3.058243291806199693e+00 1.299367419635728549e+00 1.987410268917922940e+00 2.483866918754188191e+00 7.685025839039933970e-01
2.601066033095103425e+00 4.933720210639486403e+00 1.507728362046345749e+00 3.516105975926866467e+00 4.576446255798182428e+00 5.422489953531511198e+00 1.764159206124544577e+00 1.102833131038808201e+00 1.001051954422597090e+00 1.675091103145711191e+00 5.782512020706358946e+00 1.473917577131472312e+00 5.027934695667346077e+00 2.599019070891941396e+00 2.921121296935471623e+00 4.642760528410058818e+00 1.795437904092686221e+00 1.916289939410989462e-01 2.163460688699471446e-02 2.757507390460453678e+00
5.849386465271297908e+00 1.390184799520687964e+00 6.153667236911060101e+00 1.564389891920904940e+00 4.571670192689740730e+00 5.435440662525885536e+00 2.390872315837142104e+00 2.924047021923798617e+00 2.616063485722553317e+00 1.626918649889377066e+00 1.532718673661274345e+00 3.676384238050510067e+00 3.076150966122893848e+00 1.233853648629041677e+00 4.107439909184084748e+00 2.742345972252451691e+00 1.205333451330927064e+00 6.133439822177223277e+00 1.542152982094311175e+00 2.421631684554897745e+00
4.366969600539870378e+00 3.830635692124639835e+00 3.483680690627340759e+00 2.746084656634493637e+00 4.525035340762400438e+00 4.716219764397461489e+00 2.626108370056002173e+00 6.085343629244071906e+00 3.162715557769493202e+00 4.677603000735464533e+00 3.584741976700409172e+00 2.116763649453840657e+00 5.241870463907774003e+00 9.068401217196271347e-01 1.606442776065911904e+00 1.221024216128711704e+00 1.584723861156224656e+00 2.698781292001278587e+00 5.982082493987303629e+00 1.513051777037463852e+00
2.680043076886690301e+00 5.625852304280492433e+00 5.338008187324261300e+00 2.214035562538425594e+00 5.609636999175061867e+00 3.929708295691758835e+00 4.084324260275012719e+00 4.078314458488550898e+00 2.402009353588147267e+00 3.347813232897535407e+00 8.998415299941996126e-02 1.267884653777894055e+00 5.057519439189059440e+00 6.170961705870825043e+00 6.128346004212399833e+00 3.864482290907966355e+00 5.694802339444676065e+00 4.135735208685933806e+00 3.355774537386832179e+00 2.027683929481491898e+00
1.781474561743044749e+00 1.529303450701926748e+00 1.455400501751034970e+00 4.603996517310921632e+00 4.878734581579064589e+00 3.115164189040088516e+00 3.696639049018376699e+00 5.799626351934970891e+00 3.933345233471379210e+00 3.810780673950074693e+00 5.800326714690251073e+00 6.515451218403033318e-01 7.599985210108542999e-01 5.545777710067492983e+00 5.886798007527049847e+00 3.654817374037780286e+00 2.594515807759208315e+00 4.607537239987967936e+00 5.442154168520979551e-01 2.372471614481315161e+00
3.728851686495806561e+00 2.062376732193340167e+00 4.373421271912759423e+00 2.897814250483845555e+00 1.509064916493143782e+00 2.325597145614886951e+00 4.818446612101932480e+00 6.005494649902855642e+00 4.647971587008363770e+00 3.407471268995466041e+00 4.870711855580974969e+00 5.996289293205580684e+00 3.907474179713766649e+00 6.164616227354634326e+00 6.258305477128705441e+00 2.798875483093587579e+00 4.973697842346839870e+00 5.165204034059833305e+00 3.990146774324980772e+00 1.909585588100742415e+00
5.143501729988685378e-01 1.689224870424355762e+00 5.472269498858947756e+00 3.196657568354550616e+00 4.627223226528642819e+00 4.569037933996884515e-01 4.632738852607563018e+00 4.394679224221411218e+00 7.000791633206506770e-01 4.780312837118087188e+00 3.282690604342923368e+00 6.117657571155995733e+00 2.965484733691440056e+00 5.003960587466422361e+00 6.024322626867170349e+00 4.950137802800889553e+00 5.342181168980506101e+00 2.787239341663907410e+00 3.550068406030772117e+00 2.141306952003021902e+00
1.080712046008486249e+00 5.586437114248039570e+00 1.907965725806128221e+00 1.695974841463347316e+00 4.845275408205234058e+00 4.714156652238235878e+00 3.833520583896697698e+00 4.629648748081534038e+00 1.558918651969746216e+00 2.489917947172743062e+00 5.336572748592551818e+00 5.522000536521615821e+00 6.220937486795130589e+00 5.213300184341629340e+00 1.108384568716587637e+00 1.077594879588128052e+00 2.967414153469006610e+00 2.053706009096186946e+00 6.100517205104651453e+00 1.588066448647180778e-03
3.272913806424597727e+00 5.280464431336321596e+00 4.451909373786194779e-01 1.757933955894232625e+00 1.017964777113052333e-01 2.012437677067057673e-01 4.956654551333496528e+00 3.491108492866827007e+00 1.624300267044765100e-01 1.566841620117458145e-01 2.567492045729464323e+00 3.148777739247035079e+00 1.245989241479039888e+00 1.286113690544444133e+00 5.068182585429686249e+00 2.855940187545714437e+00 1.109200975156492186e+00 1.771642571346766726e+00 1.365726824556980468e+00 5.992362665846720837e+00
6.024355361871216452e+00 4.580150442502227470e+00 5.811071025143342617e+00 2.205500701087661705e-02 5.221756665965966882e+00 1.939841236687716464e+00 5.556322989042135063e+00 1.352776442999544360e+00 3.459738903438223989e+00 8.428843442807979480e-01 3.756024473190328283e+00 1.658779438793251959e+00 1.277995191605467484e+00 2.945969591237721730e+00 4.905103221570243366e-01 4.185358229176362244e+00 5.127059008001939588e+00 4.608813484130914517e+00 1.538539889055178245e+00 7.178773055349099153e-01
3.797554330096875486e+00 2.510903796957416612e-01 3.474642454075335118e-01 5.028035700368657324e+00 4.172241768323504907e+00 2.553979922427218163e+00 3.646875861706294852e+00 3.049588374022340620e-01 3.072915584679535517e+00 4.970667602485101533e+00 3.693099858466413199e+00 3.399051277176388108e+00 3.994849519122897874e+00 4.590151172043437811e+00 1.301050966290124289e-01 6.277345468286016583e+00 4.132569566406901984e+00 3.569536010421573646e+00 8.544446906667340080e-01 5.362708822354821159e+00
6.129038335264315407e+00 9.092756113727311629e-01 3.168931753181595035e+00 3.631205190112809511e+00 1.072236836873331073e-01 5.558538941499104880e+00 1.152269253476540106e-01 3.844340418099877699e+00 6.333258777628272274e-01 5.348113326685218771e-01 4.111349817151125130e+00 5.731061192928661008e+00 5.617602776122348374e+00 5.120612083446958174e+00 6.042666386793335676e+00 3.493514749122249297e-02 2.125481688938984259e+00 5.118997838596437866e+00 2.754744726606461747e-01 5.278961615283018105e+00
