2.632812883753392619e+00 3.204618362233657702e-02 2.701355451394474305e-01 1.161337995021798131e+00 3.526548074300809077e+00 5.045362228704283858e+00 2.334679158017205491e+00 6.117060170811441822e+00 3.595914419533121187e+00 1.438969691928529748e+00 5.429367321502226673e+00 6.103027914165300771e+00 5.328181274063791051e+00 2.650029357866537705e+00 8.877935841512878401e-01 1.592740155980284511e+00 2.842703464121172807e+00 2.461943747361698520e+00 5.549232134276092410e+00 1.018377524341024465e+00
4.281115012940738040e+00 2.045632499469825838e+00 4.026635213510384226e+00 3.867042670550176808e+00 3.880526999846688252e+00 3.415214288402415477e+00 2.118554300658228140e+00 1.794653661407104916e+00 3.546320824417943385e+00 5.902132837587176439e+00 3.032855779651843497e-01 8.904665898563779436e-01 3.253578054734294511e+00 5.519286206797413996e+00 4.912702100264151106e+00 2.532447638581422744e+00 2.970604583480276784e+00 2.208153638450333744e+00 4.805193466501988198e+00 1.169301320123531385e+00
1.423996297216852058e+00 9.385722616934247808e-01 4.118113400791631462e-01 5.101994969123366808e-01 3.237747105474997777e+00 6.074553850004159372e+00 4.979364583719101844e+00 1.065784474174030327e+00 3.476890170341507158e+00 1.552484421169108897e+00 2.565969168281828416e+00 5.733753037560195942e+00 3.890537400845262894e+00 2.572750288955962805e+00 3.605252052470266921e+00 5.703125292920059763e+00 5.354658773775577529e+00 1.567883726861080129e-02 4.508481795144003712e+00 3.534741417044191536e+00
5.356670315386237391e+00 5.177329964871103307e+00 4.462015793121855367e+00 2.229242681183551955e+00 4.870188920900711871e+00 1.781571775948011194e+00 3.337442302972049024e+00 5.625623923245717251e+00 4.261164774952859169e+00 6.120841044995183999e+00 4.515467736246815633e+00 5.864903317009962258e+00 4.056360903689620656e+00 3.735896305882416613e+00 4.956077269925704520e+00 4.172022384939793938e+00 2.967990435604396904e+00 5.139217725522901015e-01 5.813349691733296964e+00 1.624138484038601948e+00
4.803527347666155300e+00 5.835220305005526242e+00 8.566971819901576524e-01 1.569839043317385441e+00 1.797151073975007174e+00 5.771588258999089227e+00 5.892075186090012906e+00 6.860925332318602576e-01 4.602403774724687757e+00 3.242254069800281968e+00 1.373886363677632172e+00 4.716259991491191350e+00 5.517177201330097702e+00 5.185385722246671492e+00 5.122797276582123693e+00 2.471493527046844385e-01 4.315314627412021320e-01 6.251741064402010828e+00 3.168576582317593537e+00 5.144223821717233136e+00
2.327891610788495047e+00 1.066832644730914659e+00 4.857306589585370205e+00 1.273681006889180845e+00 4.355896725421615656e+00 4.213243278432273975e+00 4.442471373214655905e+00 4.277314809787709393e+00 3.296333471026108519e+00 2.731964882307211795e+00 5.419262177584432294e+00 1.710972887781884166e+00 2.550567645483166501e+00 3.063301635862309524e+00 6.107287119574946743e+00 3.320469958158914547e+00 1.947165123972137923e+00 5.787967552339704724e+00 4.601472249621473054e+00 4.203004029108390327e+00
2.399703458498740449e+00 3.242318808014634346e+00 2.542385862686523001e+00 4.534715816139841316e+00 3.922399200463600799e+00 1.513033352526683695e+00 2.675596798727545966e+00 5.325955625773909574e+00 3.872659633196910700e-02 2.438343212365881474e+00 2.038812575868950372e+00 3.222936199296785986e+00 3.594181940630631455e+00 5.561575992940847035e-01 4.197993709058871481e+00 2.846502676261739584e+00 2.886598839721566723e+00 4.746904307938201839e+00 5.795855248232664181e+00 5.332424585630675118e+00
2.538283647722247238e+00 2.087518461805621062e+00 1.481912901056702481e+00 4.767189928917445307e+00 6.014220082656691169e+00 2.847009359921925498e+00 1.594289439585798995e-01 5.967227626248212680e+00 2.955607135773714589e+00 2.569012719879407491e+00 5.628207729773373913e+00 5.454243433060428359e+00 1.969911660408107945e+00 3.311499936087697105e+00 2.734937152103357860e+00 4.156007932550656925e+00 1.162644181113544839e+00 1.536711295710663006e+00 2.041236059124558189e+00 2.076055228162986044e+00
4.126866921451180836e+00 5.753195668929336648e+00 5.796519705651638432e+00 4.745720371669782445e+00 1.633518487543473618e+00 5.801087212675809290e+00 3.077589033617946335e+00 3.616497367631908766e+00 1.318348459562427077e+00 2.520086429126856320e+00 8.028040311953739128e-01 1.178589017718573828e+00 5.203893340795539224e+00 1.698382159191226703e+00 4.868861707938797245e+00 4.907105003150770806e+00 2.215403603270470256e+00 3.107861720662229654e+00 4.266769314581111416e+00 4.337474237454185477e+00
3.826796605981459987e+00 3.692706538913204994e+00 5.614791723313550698e+00 8.091541688269375809e-01 1.433879316325058273e+00 5.080370446365553683e+00 5.993519972823889042e+00 6.155782128302943690e+00 4.350785097552618552e+00 3.208688434740165185e+00 5.598499214683746672e+00 3.014597398332860667e+00 6.175253045447439249e+00 1.788820381122872893e+00 3.618648069665594491e+00 4.802810902682709049e+00 3.783301912794025057e+00 9.121530983858695540e-01 2.794482067161649042e+00 2.505389811800158739e+00
4.077773831099287705e+00 1.448128152904975541e-01 2.489949355219652549e+00 4.639334319590937561e+00 2.881484504931742574e+00 1.766181398142125714e+00 8.669216594300072076e-01 2.791931483982450501e+00 3.090731460803950892e+00 2.727555811676938280e+00 1.507848101233784377e-01 4.292012008218380359e+00 4.341512525819464230e+00 2.468208892095247187e+00 8.777491663923533416e-01 8.532690071512663010e-01 5.371719181417812017e+00 2.832439724763857747e+00 9.645036853848645286e-01 2.822928527432294388e+00
4.955334004765544975e+00 5.841466732675383966e+00 5.918338648105237354e+00 3.490134959367778844e+00 4.004585747819135122e+00 1.626937610278065049e+00 3.169601933290536522e+00 5.259332677539105383e+00 1.083258312694022729e+00 6.793563962029507408e-01 4.589534551185491473e+00 1.578001076548416037e+00 4.156879126693621807e+00 1.266193454396569829e+00 4.825371066962368616e+00 4.865857716765757068e+00 4.983291380471666088e+00 4.384262819181806492e+00 5.625222437029472999e+00 5.402910541881584372e+00
5.897022748063237785e+00 9.815471762337967254e-01 2.877461183552032065e+00 2.455088409593228160e+00 4.659988636775437065e+00 5.867787503509759306e-01 1.329991690009604044e+00 2.972568721526994917e+00 3.650526669754883269e+00 3.577339703360534084e+00 2.976953822724003107e+00 2.341719886011690122e+00 2.728673852996426064e+00 6.042554496326881797e+00 1.893940598166909295e+00 6.065289536037207441e+00 3.778351596554121450e+00 3.415625942684155980e+00 4.743327475944194127e+00 3.295580766358609637e+00
5.807153719338284503e+00 5.920050005483057376e+00 2.451726078472419079e+00 3.418881320310659611e+00 2.451799950076077650e+00 4.334712522085498065e+00 3.146296385722522349e+00 2.082564716091804602e+00 4.061298108508358817e-01 2.681474468498144859e+00 3.650306714674347752e+00 5.688928278693479168e-01 2.880518357140115615e+00 5.527739121302820413e-01 1.439242995895079202e-01 6.049876318004912434e+00 5.570334983382104754e-01 6.255988377702066394e+00 4.992325171096811509e+00 2.863991138567839823e+00
3.016554771193625584e+00 3.470108025709777166e+00 1.097378680959122388e+00 5.582738470612912174e+00 5.709430612859539345e+00 8.906533152749755988e-01 3.537531000128534497e+00 4.165561746354423001e+00 1.450890680501991659e-01 3.479070812250673050e+00 2.801541445732511182e+00 3.518462122737975317e+00 2.163375459477526963e+00 1.849650619354918479e+00 3.221333291679534305e+00 3.137540371162247932e-02 2.427828763929518630e+00 5.087985022628136456e+00 2.749889274959382401e+00 3.647511642662086828e+00
2.163358728909110962e+00 2.018616970133708222e+00 4.998898108175884758e+00 4.133348266051641851e+00 5.978175087161762491e+00 2.481238508162169509e+00 4.231730932918523536e+00 2.178863513152176967e+00 3.063871350215122469e+00 6.241315648747121969e+00 5.697530848869738485e+00 9.721649927704709704e-01 6.229104079232311797e+00 4.473730348892530628e+00 2.867789064581388825e+00 4.752602526222250212e+00 2.178783070641449271e+00 4.610024134789106220e+00 3.585218817155709559e+00 5.672911753173291771e+00
6.972970391190411732e-01 3.573021226165173481e+00 2.641668839259495360e+00 4.108670179693254987e+00 2.274752686821255754e+00 3.939324984521550999e+00 8.597077405977451292e-01 3.471890679861978857e+00 4.966157072794526783e+00 6.043061707268448046e+00 2.130237988464740162e-01 5.025637125888382073e+00 4.744796791198445440e+00 1.719107306671098678e+00 1.634307490242051797e+00 4.595603727247271841e+00 3.087385613499419867e-01 5.115299620654653268e+00 7.881949514428427950e-01 5.288730172355316839e+00
2.135812519424079917e-02 1.187318344359278161e-01 3.487371284535649707e+00 2.767715817220210539e+00 3.775539375657660290e+00 3.147291538074860284e+00 5.727900001752838754e+00 2.679193447948728490e+00 5.718476540399564101e+00 5.373811401630127271e+00 2.797999572387774858e+00 2.474482289877682373e+00 5.203404936408527526e+00 4.981270016965479996e+00 1.022470429549182214e+00 4.646883500752217344e+00 6.139832338955436342e+00 3.362865326052651316e+00 5.048529223486059259e+00 3.230584361058914222e+00
5.195338506239719045e+00 3.494624186684486489e+00 2.436260686846249079e+00 1.376885200701517320e+00 2.738755082553070430e-01 1.099533919411276317e+00 2.991767718596792580e+00 2.370310691378425538e+00 5.319395701258352815e+00 2.973964442161196153e+00 4.258915490925067715e+00 8.720883829459592507e-01 5.746852748766333896e+00 5.712061768896527170e+00 3.967397033465697387e+00 1.582659550305349550e+00 2.072831788666537722e+00 5.802728167362193545e+00 6.215674832624312751e-01 3.294978442812908970e+00
4.176858503342418594e+00 5.974084947620291963e+00 1.975749590015651869e+00 4.328882515706499845e+00 3.752566718787621713e+00 4.744734897621292191e+00 4.919026297082688792e+00 5.879035762916791086e+00 3.279248933766996998e+00 2.428366722420310264e+00 3.939453518578434732e+00 1.606515986008607788e+00 6.577788417593926663e-03 1.696280677595949138e+00 1.987557050909362077e+00 1.892018495574565584e+00 4.829441443996888572e-01 5.257554297449082981e+00 4.156647601403540726e+00 5.188853157484007994e+00
4.927921327308957267e+00 5.916891028402305075e+00 2.584713508728713638e+00 4.409323886145063653e+00 5.615999913322681891e+00 5.471569808292966464e+00 4.552871982959094233e+00 1.059852447986250779e+00 8.771599124805314895e-01 6.144114955366200448e+00 5.007515253017262857e+00 3.295058476407830561e+00 1.217027008984916892e+00 3.663714366183200788e+00 5.681231656189571488e+00 3.037851181727790451e+00 4.348714970209189845e-01 3.391119439422273452e+00 4.578194064333792390e+00 4.557452640395170285e+00
6.403228499870210477e-01 1.889734849196499644e-01 5.042345633306003272e+00 5.924920333544912765e+00 5.760782337334972247e+00 5.225970545157135660e+00 6.266544883869248572e+00 5.440030722262395813e+00 3.988480686633196104e+00 2.204649187898605422e+00 8.652539524474753829e-01 3.523576890192075428e+00 3.843568164030728873e+00 8.295772397288800892e-01 2.650266225969190703e+00 5.047070758253685341e+00 1.733007493445659630e+00 5.485912137200081418e+00 6.283885172296473920e-01 2.306743817806157892e+00
4.821427775158155349e+00 8.921957828476386743e-01 1.103358241140931284e+00 5.645696298404412339e+00 4.210781817279535488e+00 4.050294610455306810e+00 4.232491238374885612e+00 5.491503493443953055e+00 5.987774305271949871e+00 3.201470922603202873e-01 4.572300746749756728e-01 7.452114348939680166e-01 6.264598148451648640e+00 3.368399061286079466e+00 5.070400952471388223e+00 4.536405015913407723e+00 5.947765422934497614e+00 6.052711503076106503e+00 2.496345802028516303e+00 5.557621885041639231e+00
5.238332128462170445e+00 4.739026212637135416e+00 4.161913151029381197e+00 4.737286980363071720e+00 1.441982998841793373e+00 4.458062155607537491e+00 4.004195113206612255e+00 5.215166201655812017e+00 3.691790119093799838e+00 2.201628310170403946e+00 2.621225854238514064e+00 1.027310771628926922e+00 5.976752457235253502e+00 3.656691981678083514e-01 3.872848681348318056e+00 1.621563963784051765e+00 4.697736373592023895e+00 2.089756379522040020e-01 3.511139807251674849e+00 5.659349460916856422e+00
5.003183386880989403e+00 1.497176128406228379e+00 4.307991350043438139e+00 1.635873446341314263e+00 4.761413943990392639e+00 9.410453735442916301e-01 5.977246116823707212e+00 5.670036349549089749e+00 5.757122661722835488e-01 1.978957475217130169e+00 3.626137065683459060e+00 2.522270649957585320e+00 8.436047473432916055e-01 3.831513099518235155e+00 4.965130188824635304e+00 2.648917461504319074e-02 4.472482058030877727e-01 5.593279248654030589e+00 2.120029309824003505e+00 2.171463648661199120e+00
3.627995820271327609e+00 1.745594889749691792e+00 1.321444092251674141e+00 5.160766865953671179e+00 1.303497907750982066e+00 4.027289970275285680e-01 1.090099524554556831e+00 1.931559880458629808e-01 5.649141840222898558e+00 2.626980865968099987e+00 2.571518247084334075e+00 6.230124950282567298e-01 2.683232633598348293e+00 1.962314844351121246e-01 1.445408876711675950e+00 4.724485080508623369e+00 1.215510124543277559e+00 3.834899343068278288e+00 1.207311369104013821e+00 1.369467371321739124e+00
3.038587833119565040e+00 4.618416968238974185e+00 3.625178386378606898e+00 3.606979183035551095e+00 2.000567739918603483e+00 5.378420317947663953e+00 3.432911102995193087e+00 4.142330860306493889e+00 3.928011510219739044e+00 1.297974730312551506e+00 1.140583996224175722e+00 6.180614068445572151e+00 2.587144661369896959e+00 5.495748316478580975e+00 5.276583147512289074e+00 5.012537434334609188e+00 3.349682910385224588e+00 5.016844921401401258e+00 4.929176198153347066e+00 3.558756888850202138e+00
2.184448639924832403e+00 8.904143846158609765e-01 3.643873023036650949e+00 5.172360515145275173e+00 3.891951490186941864e+00 4.699640587789071233e+00 1.078332573802040839e+00 1.193769231178853474e+00 1.257940906336223685e+00 2.040591764958491705e+00 2.025031258323233718e+00 4.490298167216724146e+00 2.127579573753852316e+00 5.276712642150862109e+00 3.401816662046905915e+00 3.511115911983919258e+00 4.632814208742805029e+00 4.933989191564295496e+00 1.878969469154376792e+00 3.990911449511991727e+00
1.092937765955838691e-01 2.359134398962138057e+00 4.469116380140634170e+00 2.503993928778214695e+00 4.594975032476701915e-01 5.785987132706881475e+00 1.514849417167455914e-01 4.063330357879268107e+00 3.822767890584033879e+00 4.157824690710612892e+00 1.505738930546199006e+00 6.038858290080308500e+00 3.460789155134449846e+00 4.877416371053016952e+00 1.453051280519412236e+00 4.790344154123030052e+00 4.588005144388133338e+00 3.384567245482197340e+00 2.495353013542553011e+00 1.022130557262791450e+00
4.311755162954161946e+00 5.842001334458921669e+00 3.345541232109853436e+00 1.594932092943616597e+00 1.884585917177677095e+00 5.783606403226679848e-01 3.321470148465794026e+00 5.616917391079150335e+00 3.368779141846392822e+00 4.740446734175911558e+00 1.111904435157727161e-01 2.352439809421434713e+00 6.687530263129524144e-01 3.558855095473192343e+00 5.297789486233813072e+00 1.312514089480315338e+00 3.682823354688912865e+00 5.276901494647588287e+00 5.617415560646891848e+00 2.644946023217461306e+00
5.453156234622071885e+00 2.858599153293871709e+00 4.620011383648800596e+00 2.128356797931409972e+00 3.612870240350349316e-01 4.715580672504811055e+00 5.368978708556718438e+00 1.586251223680334554e+00 3.260101124979604137e-01 3.398300314962969804e+00 2.011252110537894655e+00 5.263248722863337115e+00 4.024692072000717324e+00 2.490419073456948240e+00 6.215978965611379081e+00 5.207952223895252253e+00 8.419912388347241539e-01 3.972738881272162903e+00 3.258631231335966216e+00 3.887871919931119802e+00
1.295937979778168936e+00 4.769513526250364954e+00 6.029495933303325117e+00 2.691538847736535622e+00 1.900209515104417601e+00 3.574635312498140927e+00 2.116871231671611397e+00 1.260062473938363459e+00 4.419467034800273808e+00 5.128492415600360843e+00 4.562176543920823057e+00 4.556082643238098306e+00 2.372622523350229606e+00 5.999724100039528274e+00 4.486773296872873518e-01 3.993580888085662473e+00 5.160127910554378694e+00 2.126473474228333771e+00 6.113249400874787298e+00 3.395319981130324294e+00
