3.700897792347066950e+00 1.629549173341381163e+00 1.174967979007890850e+00 6.182817320046364529e+00 4.552947406021131016e+00 3.935234856484703503e+00 1.069659490614137454e+00 9.509863016760552457e-01 3.091474772336104682e+00 3.046497148818059220e+00 3.517828431958409219e+00 3.340665580717677496e+00 4.577960975534474564e+00 8.053860383139451740e-01 2.578164357807126716e+00 2.877450240472679166e+00 2.432212083247354162e+00 1.970173847393999367e+00 2.155986816139301876e+00 1.279228576483027346e+00
2.605410149489649108e+00 5.819455857377032970e+00 5.844820951773500167e-02 6.785262292829654651e-01 8.389173682596838821e-01 2.625802082656744307e+00 9.466579701709889605e-01 3.779823274149534562e+00 3.119922033164979958e+00 3.054913121502506268e+00 4.893548032317986518e+00 4.229304650681422473e+00 3.559141743231332367e+00 8.957145110363529117e-01 4.797994956484505025e+00 2.167161811662346102e-02 5.882212293879755194e+00 5.937687403243894657e+00 3.927346028772502606e-01 1.086254064861035679e-01
2.890889513598301708e+00 3.448649425073216701e+00 4.185134995714937745e+00 4.934891840149130182e+00 2.811554451229624885e+00 1.775829522811460670e+00 9.395128218828399103e-01 1.933881020805314321e+00 9.755003830892629013e-01 7.269168704675401660e-01 4.819544255245234332e+00 3.777968877325921682e+00 5.430047867944314710e+00 6.012977978578168070e+00 3.840321201506943449e+00 5.108606019327630143e+00 3.114613942700781735e+00 2.378409249905073963e+00 9.542347300798327270e-01 2.639422509334038783e-02
6.065250897529832486e+00 3.865710328090051551e+00 1.233459204051975844e+00 2.306457479477197481e+00 6.264021326039859616e+00 3.220285913436653047e+00 4.347983926565648360e+00 1.635422845874863862e+00 2.613522764374500706e+00 8.757958060201259665e-01 5.032751822786040385e+00 1.498947463874488406e+00 2.527211092282632521e+00 4.840250111154123402e+00 3.842270137890884563e+00 5.181398447844244082e+00 3.382399913991409046e-01 5.000554949796216064e+00 2.128124347217576595e+00 2.968297147927974056e+00
5.573791172573542063e+00 4.364073774241062686e+00 5.257004840295187442e+00 3.532198531471248959e+00 1.278920170188014849e+00 4.147923699308820211e+00 5.575319259475814526e+00 6.186097636610067063e+00 4.289700996373820296e-01 5.331449971372997920e-01 4.136342553721214621e+00 5.054362723701136595e+00 2.706884291618909089e+00 5.199731064428831928e-01 4.896944012035956639e+00 3.142120298766798658e+00 5.353542490903941520e+00 1.887591796289199930e+00 3.225526516963375556e+00 4.352667829122204846e-01
5.877408154402615992e+00 5.269538564262633784e+00 5.572348596814677979e-01 4.938516696222071012e+00 3.281752103171971413e+00 3.753931945674655601e+00 9.068228552414784316e-01 9.307250730269702732e-01 9.015190387345319023e-02 3.072634851123456468e+00 7.792705269317141969e-02 1.981784747707670213e+00 4.979782745759965934e+00 1.606073349233678282e+00 5.389883073827706816e+00 2.520651200041282625e+00 4.028912531801670305e+00 4.871614207109804084e+00 3.632873786786440906e+00 1.587250358527526606e+00
4.897261146501831419e+00 5.404971250582177866e+00 1.796852818938613927e+00 3.669090974903937763e+00 5.911217294395436639e+00 5.547828341500071758e+00 2.151569007580813597e+00 2.019793005030490196e+00 2.423510697112000400e+00 4.255248530927969952e+00 8.070517847858726945e-01 3.945058833810263010e+00 4.505657736164748184e-01 1.473179796479260339e-01 9.501021042526812677e-01 5.884787085949663599e+00 5.941668939271723460e+00 1.610055826837663462e+00 2.711470960494364313e-01 3.673310682901586244e+00
4.538394794181713765e-01 4.544243641970424186e+00 4.895677136346938241e+00 4.968662523024886646e+00 3.636319118628242197e+00 3.206305892353433329e+00 1.018463438936464405e+00 4.314449216515010121e+00 5.587060149733100722e+00 1.835459127406486868e+00 3.274762107814420897e+00 5.994009843882813549e+00 1.878116450661065473e+00 2.864601391168950073e+00 5.214553545930895595e+00 3.255884595084262312e+00 3.815530156681215868e+00 9.986293705632157680e-01 1.354823533609929243e+00 1.320367494578398304e+00
3.117850281923411959e+00 4.592858695988733864e+00 2.986390495653091559e+00 2.695891882549435792e+00 3.633935159997998543e-01 5.115980680032381045e+00 6.189800866708103477e+00 3.133327254533991857e-01 3.151073500889706391e+00 2.171459535098816840e+00 2.895407572869237445e+00 5.825874550133878671e+00 5.836814390321719559e-01 3.622783265217944582e+00 7.996219229070753443e-01 7.969108582335374669e-01 2.987974531331010764e-01 3.095252835066177877e-01 6.115718517888485195e+00 1.868170111275232470e+00
3.513670778297220965e-01 6.050556301183989127e+00 5.790375069083141923e+00 9.119339518616701445e-01 3.179157936299833231e+00 2.250276801695342055e+00 5.087920255220613974e+00 1.056145810306436728e+00 2.782422161211594247e+00 4.713136034549354036e+00 4.480361484686401496e+00 1.290346282693437985e+00 4.670388193055371673e+00 1.603154366007421672e+00 2.228844109591497702e+00 1.383581050488148279e+00 6.274932589660332516e-01 4.652814050646863819e+00 4.976677251090871335e-01 4.533400339381739919e+00
5.795736945498405568e+00 2.417557511108588686e-01 7.522065073503311217e-01 5.750547602989740881e+00 2.882251420408434406e+00 1.113613758987272773e+00 2.631278271985621586e+00 6.264879224714598571e+00 3.109166419043487561e-01 3.678647818707247108e+00 3.470791223525341085e+00 4.238803061125251403e+00 2.517741037229988432e+00 5.638010710800663183e+00 1.033379125679135813e+00 9.443574294769623290e-01 5.302310703784384849e+00 2.271667498292110565e+00 1.311279749337470379e+00 6.168259342093863395e+00
1.723332624527790236e+00 3.582938047513796409e+00 2.548939897422212164e-01 5.671091788859163429e+00 7.889397867492644600e-01 1.557662627970639035e-01 5.563807523311884218e+00 4.452142270050300610e+00 3.069941085533278269e+00 1.031945211371679383e+00 5.513612887450775268e+00 6.175543979910795400e+00 1.667702402265046402e+00 6.131949482381080507e+00 5.908912653707730556e+00 2.637695963830781198e-01 5.331770936996673704e+00 2.472516711607430917e+00 1.903979154169265220e+00 3.265564214767333606e+00
4.613917589755461179e+00 3.543351785803283693e-01 4.577594463552491888e+00 5.687825779580338192e+00 4.737180229535934650e+00 2.606940305655149892e+00 2.519882959001421341e+00 5.536131117573433791e+00 2.207014604957582282e+00 4.279463233782222709e+00 4.872701226139144914e+00 1.951722345219912391e+00 7.590793354511818913e-01 5.936844027154087655e+00 3.846917821123793657e-01 4.065095290818756091e+00 5.099875824063460961e+00 5.298367450312752247e+00 9.708828053975733230e-01 1.865124289936720192e+00
3.606911537132005297e+00 4.477711835726777778e+00 2.847158696972345915e+00 2.904233827779638677e+00 5.953056451542466654e+00 1.741418481729701817e+00 3.914115393672388254e+00 5.468742050576759439e+00 1.091486693601154245e+00 4.049942604481224784e+00 1.736649178618694389e+00 3.921502366550970731e+00 4.746661473212864912e+00 2.195319822902324525e+00 1.305716696809306576e+00 4.974110094620944444e+00 5.619381136547668021e+00 4.145538862382815992e+00 3.712209650779810133e+00 5.859857367099669645e+00
1.029566793668177382e+00 2.519505281681283737e+00 1.235787622809747044e-03 8.738909939686507755e-01 7.810039934188850452e-02 6.883497906577844550e-01 1.077000251106920992e+00 2.982162565400393817e+00 2.050772075195112176e+00 5.164308231687904538e+00 6.118719952375173410e-01 1.603492928664765893e+00 1.294708130243991340e+00 2.491011911564876335e+00 1.265297278508188406e+00 2.120482052409670970e-01 2.727065135764101811e+00 2.455993489281602660e+00 5.248974493463363089e+00 1.267777468205418326e-02
1.910504005957222473e+00 1.328861378622169465e+00 4.763915548534042088e+00 3.825223934250983338e-02 5.235822460997081151e+00 2.118734430549984893e+00 3.504828862901799180e+00 1.022998509806104073e+00 4.180725615250949545e+00 5.527735331546585584e+00 4.106661175599817248e+00 2.828663865025471846e+00 1.585771470672210803e+00 1.658843711604462312e+00 2.701405788206623360e+00 8.849913204324236782e-01 1.875623696490623438e+00 6.277080065202270909e+00 2.365962747750985695e+00 5.427086562629940047e+00
6.855710380874128207e-01 1.197036053166915526e+00 2.137797054242641881e+00 1.144759615251379703e+00 5.450134908923917720e+00 9.576380167356509654e-01 4.694749408650596756e+00 4.983637688140833966e+00 1.612034582286077322e+00 9.703430891635702604e-01 6.199027064234907236e+00 2.583128219999582864e+00 1.728752375018143050e+00 4.569272040817938141e+00 4.951380911453163947e+00 6.144210311588854445e+00 4.875232773755299398e+00 6.139385280360083463e+00 6.216261445792255813e+00 2.372827052139869775e+00
5.500064723663115274e+00 5.589597182259365304e+00 1.248551923037730882e+00 4.263164002954185072e+00 4.209349029999216896e+00 1.715310742196178628e+00 1.366077573591952588e+00 4.150659317544592497e+00 6.197587985563457913e+00 4.839109419771431497e+00 6.537605947879614465e-01 5.795206102205449739e+00 1.789320738111110032e+00 2.668769567635880691e+00 3.659207312634532805e+00 5.694227637667736097e+00 3.626722014645163750e+00 3.792744019685569068e+00 5.505982007637288511e+00 3.706003532591663596e+00
2.036460640549629275e+00 6.075223673452627260e+00 4.150255973897294837e+00 2.627416755426192907e-01 2.815962962669453784e+00 4.725894719622372619e+00 3.037298598873525268e+00 3.086614889405713047e+00 6.227510935537076797e+00 2.683797465509814018e+00 3.903729849736609747e+00 3.964433260588388297e+00 5.375044196487070103e+00 3.894507461619213018e+00 2.226922165507204898e+00 2.315163717019221412e+00 4.874938996438821448e+00 4.102080795366372712e+00 2.990788501236210983e+00 4.680150394304083417e-01
1.184405254261363005e+00 4.330927540355681282e-01 4.250141647592611704e+00 1.190167087972551441e+00 4.708196346419794232e+00 3.895904653519461469e+00 4.983250498994178379e+00 6.223801923855878382e-01 4.984080871316836081e+00 3.370658917135313626e+00 5.120677646130499028e+00 4.981430316858008744e+00 6.140450116557944149e+00 1.825420116690562811e+00 4.131716340969454060e-01 4.717232884852717412e+00 5.015131044045644693e+00 5.018768177715157819e+00 5.551606439492862144e+00 2.058545529694387533e+00
6.117043382199669033e+00 7.677742510775709128e-01 1.759417825540759095e+00 6.088763007380524783e+00 2.178921653161123739e+00 2.678002355981467630e+00 2.884866034947735081e+00 4.465660025768566577e+00 4.740916957558534151e+00 4.545497488694243970e-01 5.234393022766685277e+00 4.798046923043939316e+00 6.984811788973217528e-01 4.564048815425410410e+00 7.979216418349187601e-01 1.975027739751424871e+00 2.590803339449281317e+00 4.257285705387980457e+00 1.549879733375292057e+00 5.179719895193966472e+00
5.705982401659382752e+00 5.792041962233312802e+00 1.021531288197896487e-01 2.877543633992194039e+00 3.614572586963477718e+00 4.671740989515419606e+00 3.512443707808592830e+00 4.924037919720264611e+00 5.369685601457047319e+00 4.902704436354221151e+00 5.047814971770052672e+00 1.477426304170176952e+00 5.802228818043080771e+00 3.226753727371994840e-01 2.083031383810641568e+00 3.657512473332132252e+00 3.108664987941398117e+00 1.495736001453112474e+00 2.545795094964119265e+00 3.727152938908146140e+00
6.103513688835846551e+00 3.744446961209464853e+00 5.998950189929796117e+00 5.280929037152284344e+00 4.651252345837347590e+00 1.672426419124023012e+00 1.531336645529514984e+00 1.731611352398103876e-01 6.008820196021717130e+00 1.748362080870758062e+00 5.499687717483023874e+00 6.345812546261003773e-01 1.314929613684576171e-01 5.029549141644221955e+00 3.174362241311507127e+00 4.286099767192244947e+00 1.342512750349494077e-01 5.504866365497208314e+00 5.359745218823102952e+00 3.720503333784015876e+00
5.008181347764372404e+00 3.875812572523873900e+00 2.182954399402921020e+00 4.648459312833518098e+00 5.482756358311030809e+00 3.585684985566042204e-01 4.526777248977941426e+00 4.800755624383896247e+00 3.410653993518437677e+00 3.183746587709537668e+00 5.235698666136833879e+00 3.997707644231637047e+00 5.189465604276589872e+00 5.929956806422982396e+00 2.784880101820343068e+00 1.382012530983316445e+00 2.977939518620642545e-01 3.999699525141509948e+00 6.061755813680405502e+00 2.941238139010056707e-01
4.818301892093033167e-01 1.022814880828184725e+00 5.894796451416315364e+00 4.393495114494424314e+00 5.820052605774409749e+00 5.085815598057783937e+00 3.900683067028058559e+00 6.101803099080990167e-01 5.715607472292105751e-01 6.209954982653268729e+00 3.839465997962340449e+00 8.187802809579626528e-02 5.178037140210782319e+00 3.027374664238705826e+00 2.110230170367677793e+00 2.510400030355011136e+00 2.850635565485793776e+00 4.049279485527176980e+00 1.395621862075976827e+00 1.853142221358748065e+00
4.421727136935533764e+00 3.014343255298842283e+00 8.300334439453738167e-01 7.868634200498769715e-01 5.417157677685923822e+00 4.979645523011519970e+00 7.832902124482619133e-01 2.312278814909183744e+00 4.771922820317628933e+00 5.515870414532017207e+00 8.059376751549756079e-01 2.469914492536119166e+00 3.053452547043813858e+00 2.637368073449839478e-01 2.483046253365808642e+00 8.237969668388473998e-01 5.691969937846122818e+00 4.365153937583857946e+00 1.799072920209254800e+00 8.226092052160179913e-01
2.105076902586902055e+00 2.631999416736138020e+00 3.096206111029452757e+00 6.082700391146852681e+00 5.298808606391075537e-01 2.516019307260624505e+00 3.181051528826689623e+00 1.257075982890920374e+00 3.381828007342086106e+00 3.734253226061403641e+00 1.614939028861413384e+00 2.523705501339768897e+00 5.276258414092795057e+00 3.781629524547953203e+00 2.311124261189062334e+00 3.278823150265156805e+00 2.951203137513283892e+00 1.086486085694255532e+00 8.492513902800147285e-01 4.900581072423366713e+00
5.405705880804739571e+00 4.727929773582546069e+00 5.669326136529306837e+00 5.566999096977720995e+00 1.900444404845390345e+00 5.429603889528144656e+00 2.581674440886387423e+00 1.914104343173549605e+00 4.946915800597572854e+00 5.319663404294817433e+00 2.812356133782574652e+00 1.991735349683830147e+00 3.061029364700922795e+00 8.484264721016460120e-01 3.216001960493250489e-01 3.754928267560060373e-01 2.138763531355732717e+00 1.104202457502221790e+00 4.168611233866915455e+00 6.005978516778347043e+00
3.443607319641494691e+00 3.521592872598404700e+00 3.824794687463537013e+00 3.934410120383982523e+00 1.874389265987759678e+00 6.489740659165993408e-01 4.773989099816078330e+00 5.213423292809579168e-01 5.296047147147370460e+00 4.577484839879387701e-01 6.032409041661110471e+00 3.387078005957067095e+00 1.427623365802239475e+00 5.889263583903201038e+00 3.494037610286995665e+00 4.596745178350476024e+00 4.748611293536420419e+00 2.662502288143489437e+00 3.218468704621038956e+00 5.487316069911299721e+00
1.022030380452312537e+00 4.652073563686164981e+00 9.327619698861581155e-01 5.018719587702228146e+00 4.141645929302343987e+00 5.867299264680046811e+00 4.752800597247861525e+00 8.386135294848328092e-01 2.110094403275585506e+00 5.363729984755291724e+00 2.978160651796553093e+00 4.138250501873435461e+00 5.812100827546374582e+00 4.056823940297618947e+00 3.337616966209549396e+00 2.618891395916333131e+00 5.923418646083352890e+00 5.096095308724096995e+00 6.060555640924103038e+00 3.464610033472668160e+00
4.326670687471912302e+00 3.731581743830947762e+00 4.203093013119153731e+00 1.879853683504239203e+00 4.623638443184002966e+00 3.098615017413968609e+00 4.880879045741143840e-01 5.794758556406395478e+00 1.205125594982382031e+00 3.493080477505675407e+00 6.084922273598975195e+00 6.421576518175238224e-01 2.413408829269112932e+00 1.103988680163071834e+00 6.905191291092814820e-01 2.524944747656729938e+00 3.514995538098871553e+00 7.608460616437942026e-01 2.979713680802692277e+00 4.304582957595843418e+00
8.155911251617474766e-01 3.709198876235718423e+00 4.064963890340666630e+00 3.161306059345669883e+00 5.815380586502536531e+00 1.298007224403715743e+00 2.226665183562128281e+00 2.398887989594463033e+00 1.721414693483250602e+00 2.203255462487569538e+00 4.784727371600549617e+00 2.921026944693432714e+00 1.751423668102060738e+00 4.759682570874613106e+00 5.820507985784741933e+00 3.230040357964101827e-01 1.966412607844471916e+00 3.210737209090902766e+00 3.122119106538144839e-01 5.462335596138485627e+00
