6.223209771926426548e+00 2.604447283473708463e+00 5.470757836578030719e+00 5.479019667229358959e+00 4.061743855691579697e+00 1.403300947906367169e+00 5.254128987615623858e-01 2.447541633716340925e+00 3.603722956226972585e+00 3.858526504975007931e+00 3.183011719878286794e+00 1.474260133174632587e-02 3.645805590075495761e+00 5.934497948916902743e+00 4.190670186462096325e+00 3.382916555466275454e+00 1.770081154089333531e+00 2.277059271822609254e+00 4.901003556730806565e+00 1.897591323270274799e+00
9.097117168533468412e-01 3.984855893466410670e+00 8.598663106474209103e-03 8.875509429528417593e-01 2.815881820790955281e+00 3.187701145487985332e+00 1.435219202623989609e+00 3.937815727698854129e+00 1.069828404611606221e+00 3.654206693658930694e-01 1.214925729744873450e+00 3.895073676027821730e+00 1.258138278756466555e+00 5.050674552056613198e-01 5.972218881886535158e+00 4.911878321891055776e+00 4.440937799527232777e+00 2.383213298435723715e+00 5.311129903769534977e+00 5.600735949780364820e+00
7.859520604328982252e-01 1.262318098643266273e+00 5.723717934691564757e+00 6.258709878605216659e+00 6.832976481091808107e-01 4.657152728280068210e+00 9.412266255179619900e-01 2.787117826482257144e-01 4.020563081612016809e+00 4.041309711861615916e+00 5.185414463863981638e+00 3.582003557568439689e+00 3.924198620824368433e+00 8.576461850154311062e-01 2.086295176902573711e+00 6.238608841119771320e+00 2.591103861863466307e+00 1.469847401781487539e+00 5.633142024611937693e+00 6.064090875393744362e+00
2.205447615473168366e+00 9.599483047816383952e-01 7.021385431122015852e-01 3.413075984776693605e+00 5.054448626435401160e+00 3.910918930053054243e+00 3.579339811245245251e+00 2.397501445675582321e+00 4.707906288473489020e+00 3.770688437344183797e+00 3.499769680112567172e-01 5.322709466659581778e+00 3.589458050165611702e+00 5.495235779173189172e+00 8.058452635702547662e-01 1.735895196146176378e+00 9.585053083441400501e-01 3.716239181667389424e+00 3.250356537843150484e+00 5.279559302587409242e+00
6.045759264749042572e+00 9.767793850706976699e-02 8.703412568990051001e-01 4.042400874802759780e+00 4.347225607356933530e+00 5.264516610546712272e+00 4.737723999934337016e+00 1.638174263200692093e-01 3.521417541018071473e-01 1.632713860191744859e-01 5.011805383655835833e+00 5.945070951967470485e+00 3.829851066044003716e+00 1.333923480595841982e+00 6.072956474381961733e+00 4.142701373339848558e+00 3.756209406260039518e+00 8.681398407139204743e-01 5.935724107697009089e+00 1.533037976094612009e+00
4.424400247210252601e+00 3.967775802163087118e+00 3.156520533096804026e+00 3.652351829887147350e+00 4.897130878910140872e+00 1.303860509864188444e+00 5.992029338941826211e+00 4.228837221591712492e+00 3.250785670096576041e+00 4.081115643217628097e+00 7.888696051624661809e-01 3.805610458181713618e+00 1.227007830811994937e+00 5.302196910492604331e+00 2.469396912247476816e+00 4.805667056179450669e-01 6.232025877142807424e+00 4.198598093383712815e+00 4.207285246326781802e+00 6.407731792869167942e-01
2.808656502421023493e+00 5.762580479199795214e+00 6.290064971468019017e-01 8.889359285134882382e-01 2.165093837933544929e+00 5.920097357165126972e+00 3.866121264048418826e+00 6.276531993186956093e+00 5.300413179772291983e+00 1.075808181703278299e+00 6.012329123662572883e+00 8.072139026949208818e-01 1.440920994242367525e+00 2.408439826421851837e+00 9.550857067023413860e-01 5.469533216277787879e+00 3.161679286265745681e+00 3.827534346890181904e+00 2.864239766167731016e-01 2.212947725996785575e-01
5.053780390402157430e+00 2.492049534670902844e+00 3.252357061103911651e+00 2.338693083047445498e+00 9.657771047612397908e-01 1.817950515138041512e+00 1.455618447148890500e-02 5.310547457886653611e+00 1.865608579069986561e+00 2.156077104064300975e+00 3.735806273410430034e+00 6.110276900673540901e+00 6.141616656040258526e+00 8.238107970334844765e-01 3.238618422814266928e+00 1.544303414437548705e+00 5.329685774964812772e+00 6.062352045658678357e+00 2.285073031351463058e-01 5.637851470667062159e+00
2.103712707200254606e+00 6.084293373277406936e+00 2.871213391404201065e+00 6.241391647666792331e+00 1.408738631236280625e+00 2.526012931702881659e+00 5.728035716486151507e+00 1.585999735882972272e+00 5.985014119042882719e+00 1.903736399971189597e+00 1.454080073489132596e+00 4.948714488237384579e+00 4.901871711516420094e-01 3.102089201870089852e+00 3.426047463306607921e-01 9.643011220145192297e-01 1.247889686998967074e+00 1.764580311739373464e+00 1.962423421337312623e+00 5.770635930504228739e+00
3.868574198658753627e+00 1.117795730862688686e+00 6.180963987858790532e+00 4.346782591589306577e+00 5.592268753515562629e+00 4.749834476531455962e+00 2.849847426825176111e+00 3.830344108145546933e+00 1.744117067279751021e+00 3.040446027362918580e-01 2.587696366857261676e+00 3.318821340479930715e+00 4.303105640376698737e+00 3.024195064835526470e+00 2.948101782168214280e-01 2.942147002199385852e+00 2.601634490654823217e+00 5.247349647852837862e+00 5.817774923949788679e+00 1.221412885854751940e+00
5.732638968020507875e+00 1.288244937912794930e+00 4.881127113213265645e+00 1.947441326992529920e+00 5.390918583672115183e+00 2.574212745027269378e+00 4.274262472231825427e+00 2.983348130699567058e+00 2.005170186438110846e+00 7.038127176327658718e-01 2.408860986961334660e+00 4.779477346040367891e+00 2.048274896018082103e+00 2.638245585572399410e+00 8.363341477168820814e-01 5.259889356648843162e+00 2.328193521423378876e+00 1.521421868383050713e+00 5.475455782867707732e+00 1.566823358436226998e+00
1.886398030982056273e+00 3.207062862325313346e-02 4.368444821405694234e-01 2.316696445524334624e+00 5.999386964981172632e+00 5.290807815103875100e+00 9.224916902869895186e-02 1.897572267686314373e-01 6.960260812906777783e-01 4.936625910247719240e+00 4.683602278572444710e+00 5.574027999836002500e+00 1.842473870467226993e+00 1.016199316855736168e+00 5.913010316734230720e+00 7.804460190233650785e-01 1.129401921308924139e+00 3.217524225130431237e+00 7.937868176153513033e-01 4.677140142015662749e-01
2.773717929440425500e+00 5.959519449462868934e-01 1.080760156435663033e+00 2.196887221906464127e+00 3.239239109491874880e-01 2.739185091533582916e+00 1.587060601031885065e+00 1.974867348371446951e+00 4.905248092531729220e+00 7.308445659510384163e-01 2.488458486659539670e-01 4.294112513797255559e+00 1.576688946544091863e+00 1.016218165719114053e+00 1.869634868980899922e+00 1.933510823954961433e+00 6.156358826894850367e+00 2.247772974330835449e+00 3.491185129679163168e+00 3.523249222403999958e+00
1.399864067542729018e-01 3.425790065231347103e+00 4.183065273670017348e+00 1.105669084645147349e+00 3.149604637806118657e+00 3.494376702792439282e+00 3.312438700484645171e+00 3.526253486029815143e+00 3.294208290816763363e+00 3.673868506428550340e+00 3.151932328631925184e+00 4.015037718051248206e+00 6.201281311757575132e+00 4.955480535755604876e+00 5.769471474979780190e+00 3.573788902394049227e+00 8.018030556695939781e-01 3.554565481101558788e+00 3.320572953159550256e+00 4.373409487305857546e+00
3.339079511290965918e+00 5.704740767770463350e+00 1.929891103193623891e+00 4.685732829351022311e+00 1.298903553572888780e+00 1.551130800010079636e+00 4.207341171811039615e+00 5.499490032837776043e-01 4.451180751793439305e-01 9.212426797436110704e-01 1.437267903929808188e+00 2.861876213565198501e+00 3.141037411484406405e+00 2.152667756782971953e+00 5.867658824285110875e+00 2.873100179105824714e-01 3.943724169406098490e+00 4.309772872700031066e+00 1.096512327107579621e+00 9.072788837902586723e-01
2.378087351393818327e+00 4.927872843884285592e-01 4.226916267123308479e+00 1.941192391349388702e+00 3.827124787600669098e+00 3.667863956217766397e+00 1.129837885609856762e+00 2.438282535794732198e+00 4.551679716632819894e-01 1.906036747551276556e-01 3.421431484262190903e+00 2.943747201694638882e+00 4.433199047903405576e-01 3.539405900623354029e+00 5.357597907823016259e-01 2.012373932749417005e+00 5.140416033798474338e+00 2.867654927346988014e+00 5.250368972748579388e+00 5.170016353552778554e+00
3.673773599370960596e+00 2.397866883526562354e-01 2.372840527130551713e+00 6.200327324890733571e+00 3.234860712160090301e+00 4.597547588673098318e+00 3.403255778477818350e+00 7.557298320998261376e-01 4.928888575366451974e+00 4.761416307869748010e+00 4.599512172094099682e+00 1.804715045009508634e+00 2.962337609759110091e+00 2.731337135127447802e+00 8.034175306006020589e-01 1.757741972259310614e+00 1.033138152166735990e+00 2.805519417032359630e+00 1.412713757760264144e-01 2.052398877965091462e+00
3.188117990565833004e+00 3.218880169127261159e-03 1.262299897428519335e+00 5.814825550730988724e+00 5.971755029677134452e+00 3.092229730382378694e+00 5.239351437512794751e-01 3.975878353854799041e+00 1.745680267734817326e+00 3.106153305028362954e+00 2.826529402716844164e-01 5.955557008889629245e+00 6.141361787087973312e-01 3.198921551504269267e+00 3.661639798719433347e+00 5.983197997634535525e+00 3.795876237304536549e-02 9.966877552862921652e-01 6.149226256597216000e+00 2.038044157778470922e+00
3.177328873997145031e+00 3.464389516531201085e+00 2.521126328321384502e+00 4.397572530624158205e+00 2.419604632537250666e+00 4.669902751706132449e+00 1.807456830723602303e+00 2.192805766562855752e+00 2.389023095023604881e+00 4.241444665667754577e-01 3.707868574298088138e+00 3.582179820026190620e-01 8.240609432091949849e-01 1.309019533986083728e+00 5.965039209611460613e+00 1.029470061447523399e+00 9.796109526815369728e-01 2.859330027006139474e-01 5.261786002954320196e+00 1.196239384774066217e+00
2.360036495316343519e+00 5.111134436096110845e-01 3.435653289570426594e+00 6.102945480827292712e+00 1.102185052202222071e+00 2.811786480196230453e+00 3.394885402379149930e+00 1.762017583059490411e+00 4.743086942881456380e+00 4.157194602902407610e-01 1.925693195910791689e+00 5.452847056024724637e+00 3.066398581802388446e+00 1.666264351737407834e+00 3.025640792295334780e+00 2.660986285960212694e+00 4.806207411244512784e+00 4.887339125104081639e+00 4.370739562821090551e+00 2.536147249714984397e+00
4.394263053266737273e+00 3.837999227545101366e+00 4.063973904344296173e+00 1.821781725575899236e+00 2.313121216730456897e+00 6.201893976725409985e+00 5.937259301385402921e+00 4.475140742821322348e+00 4.410464903570295192e+00 4.931596312884168221e+00 4.782618986431875108e+00 6.123533176820381563e+00 2.881889137323404793e+00 4.399170279635444381e+00 6.205233841748607482e+00 3.706907084508658023e+00 3.607933408282786303e+00 2.321067041149784682e+00 6.216990288377602702e+00 5.541062672006614731e-01
6.067193479501201914e+00 1.054137274078102426e-01 5.912636262393831998e+00 2.063717341120291593e+00 1.924452613256466771e+00 3.019040319496808511e-01 3.671525417033870919e+00 5.528177854103546451e+00 2.352492540100690643e+00 3.768400949257129096e+00 2.535382556025207457e-01 5.366079843489774071e+00 6.267811364044286293e+00 2.146778758938256537e+00 5.920053350965090111e+00 1.283424319945406733e+00 4.918334161313417496e+00 2.382777776828256311e+00 9.907401562178433929e-01 4.942588501527487743e+00
1.675421057499203448e+00 3.427677641538575237e+00 5.224071426595394030e+00 4.552800939692710713e+00 4.921693304755179632e+00 2.310625747680392639e+00 3.848547927283543668e+00 2.243034904423612197e+00 1.746600492138962180e+00 1.987768081285688826e+00 1.325280311909837749e+00 2.655146981221327529e+00 5.044794108385013409e+00 5.191597075606536826e+00 5.893024802889578417e+00 2.099555420222917412e+00 3.996606883019590217e+00 2.538597989582395353e+00 4.240602437178829121e+00 1.902045064471448388e+00
5.477987318456703392e+00 4.742631544738102889e-01 4.092653473908462125e+00 4.328900038274886342e+00 6.062632269092548931e+00 4.574274197051639290e-01 5.868104664206763132e+00 3.557143463226530411e+00 4.749956246755851375e+00 5.053354088434085511e+00 5.423030710170317015e+00 3.606523179968254222e+00 4.928728114359568480e+00 6.054613957891593401e+00 4.100201379150246517e+00 5.793327422489412015e+00 5.811131046493240859e+00 3.367662138181697795e+00 2.391437303114860580e+00 5.940518881951434516e+00
4.509908555443598588e-01 4.497517877029500788e+00 6.161001303220634995e+00 1.182814778866752015e+00 1.380354107233046079e-01 5.085087775317748360e+00 4.897211030268284748e-01 5.770771177515244155e+00 2.383390705594309100e+00 4.723083975034217730e+00 2.093681910245667410e+00 3.867081495382723944e+00 3.192497052818206615e+00 2.401662948098948647e+00 2.125347034222590192e+00 5.286931260762662843e-01 5.449103740427503340e+00 4.560141152205267723e+00 1.830163488779268821e+00 3.450284862830022448e+00
4.033524876550893090e+00 3.273084061288664692e+00 3.967884496486931756e+00 1.999561120690289684e+00 5.493489800827893177e+00 1.067073364284562897e+00 3.212343268780259553e+00 2.925629599329353958e+00 1.896131416320782526e+00 1.991633101185378063e+00 5.378964754103299661e+00 2.787185804682004164e+00 1.208984462321789799e+00 2.464220484202493733e+00 3.966805838661360273e+00 1.290892900738317195e+00 2.958598372914586605e+00 2.508111104828517846e+00 2.929016844392555274e+00 4.881514328504231948e+00
6.058456159076630598e+00 2.834698415754616896e+00 5.713931305601900767e+00 5.606306760167121261e+00 5.022039119212321268e+00 3.910910123732984633e+00 5.972387808303123435e-01 1.863301266903802489e+00 2.443983976001847136e+00 2.578260872706636064e+00 4.802122118021372010e+00 1.597594846001445301e+00 4.701795404493366526e+00 2.201583184790809167e+00 2.731582694992622518e+00 1.241840104386919608e+00 2.087739787633014765e-01 2.444995887196729889e+00 2.609341536936021555e+00 5.541955832221670875e+00
3.126924590422714534e+00 3.897564145286740889e+00 5.944620848271906510e+00 4.170564224163667788e+00 5.913337158282539363e+00 3.427640177861125625e+00 2.328905239713357389e+00 4.232697776991968475e+00 4.666131232930057493e+00 3.984357501726455641e+00 5.010661052012977734e+00 5.010231755405368581e+00 6.079966884342636213e+00 2.714778575841066965e-01 5.816677405708968962e+00 4.844474540545000707e+00 5.070098436502706640e+00 5.074431919349143172e+00 9.969786837053191964e-03 2.537449050435064635e+00
5.742863422445341648e+00 5.245781697240439634e+00 5.029697732426706480e+00 6.110461026208055202e+00 2.825699772033413382e+00 3.614446286640584094e-01 1.532313804882548203e+00 2.384214734732883478e+00 1.910165195253420878e+00 5.996624943470264313e+00 2.184579597484424873e+00 5.249152194278890349e+00 8.516525925722409074e-01 4.801057983764728476e+00 2.736746503346703996e+00 2.932233608721838802e+00 1.231726291885555824e+00 4.936220947678405802e-01 3.665159781630375146e+00 3.379235827121791491e+00
3.419567839260053699e+00 2.934154560230031183e+00 4.134706459385625088e+00 4.273330400444169896e+00 7.445540548827144223e-01 3.667010852710481661e+00 2.088716741001064747e+00 3.329895242097389740e+00 3.064482573014648992e+00 4.233347995163811439e-01 1.292319581442305521e-01 3.987465227885392260e-01 2.196045406801130362e+00 7.207090233108232047e-02 3.584560676481070463e+00 4.150062163412712835e+00 8.345330399218332529e-01 3.010152284140529044e+00 2.540785460785290883e+00 2.369867204872243338e+00
1.571653546322042017e+00 5.512945442931594719e+00 2.322014401272322337e-01 6.189855997033380852e+00 7.432824044152097631e-01 2.022657770252325182e+00 4.596538462669606528e-01 3.478984182622841370e+00 2.266043851661454056e+00 2.706515202178735535e+00 3.370326756529392842e+00 2.160078828256966954e+00 3.541679114530471129e+00 3.619150458493594624e-01 3.357151564619736295e+00 2.284478302500455804e+00 4.733357123665146382e+00 1.684697042126279021e+00 2.579181443422887909e+00 7.271525499639595880e-02
4.242060540367800670e+00 6.140678348146590082e+00 2.608509175202764041e+00 1.306965536406563988e+00 1.452199332845044877e+00 5.047321471678093197e+00 5.275964440798978750e+00 5.774404039214670270e+00 1.160331876993553335e-01 2.039422507316168698e+00 3.264143972613827160e-01 5.089444559796410417e+00 6.186611883314276916e+00 5.441157164032273563e+00 4.748728024014151394e+00 5.248949061634434088e+00 4.764895080291303486e+00 1.432424348249036861e+00 5.776861730316389831e+00 1.119688165765341470e+00
