1.543260237307641392e+00 1.415850417711288500e+00 4.434223763416313524e+00 1.064421738591913913e+00 8.519738250789586909e-01 4.375378295447854171e+00 5.869127546869163936e+00 3.662731646912781303e-01 5.793898983837144634e+00 1.987363085104591198e-01 3.678175883852887740e+00 4.986301036498796968e+00 1.462493516216501144e+00 5.489331717044604986e+00 7.894367231305190469e-01 5.317593988562914653e+00 2.483060357729669931e+00 3.606094663927159605e+00 5.114605632524503953e+00 3.419216877223918871e+00
5.750275484576105711e+00 5.922052541941995152e+00 6.180426250735587601e+00 1.930136777900579581e+00 8.110388081319525044e-01 3.665678325686263950e+00 3.184083496957963444e+00 4.441453908784422921e+00 4.918307946568327260e+00 2.066110878707419829e+00 4.055102003270010691e+00 4.188995051447840900e+00 4.598377408961474622e+00 1.878349133000538851e+00 1.516515746986009106e+00 5.354467018175139259e+00 3.090122872611803295e+00 4.925685290809918015e+00 5.032336830499661851e+00 4.748770782315103745e+00
6.024487570928925839e-01 4.058632797090159450e+00 1.984229121195442813e+00 2.414596049707756487e-01 1.896513454760722972e+00 9.001851495407767745e-01 4.923849152193764844e+00 3.379565629177613051e+00 2.165752049924416500e+00 5.606371834349808125e+00 1.741033158884732090e+00 2.533652535889091784e+00 5.992823777036087485e+00 4.924753956147760903e+00 4.218445395964964262e-01 2.646764780286797958e+00 6.013939408445709844e+00 6.087636786797077981e+00 4.293576651079321849e+00 2.870542498270967524e+00
2.267428634092327311e+00 3.504818651380940953e+00 3.700348554434701676e+00 3.889102426207432739e+00 9.708294007815884141e-01 2.232927677875948813e+00 1.951719300182000794e+00 5.110328014538552566e+00 3.836628720245804924e+00 2.857916607062179093e+00 6.968769037362196328e-02 1.181656009880770464e+00 5.312951269513234154e-01 4.040400816823114027e+00 4.829255408402151950e+00 4.762762313316949658e+00 2.621514480783262879e+00 4.695197492298579078e+00 5.011900679241116485e+00 1.110426921479674423e-01
5.162380487395677342e+00 3.223123812045209036e+00 5.802874950010044941e+00 5.629352433093352204e+00 1.960008541158207995e+00 4.852353214700348083e+00 1.638351936809009576e-02 1.525291826508610393e+00 9.541652121546503329e-01 1.084957409673942691e-01 5.523862225279752458e+00 5.847968884375318588e-01 2.582616529236748004e+00 3.967180953894430040e+00 4.366082631566924555e+00 2.915842536603107105e-01 5.899534333409224729e+00 3.782780364268025775e+00 5.595510743577596813e+00 1.945339525401837077e+00
4.058005216451668673e+00 2.646650900983929855e+00 3.005470288292279246e+00 1.936479465101480724e+00 4.629139284986982794e+00 1.229785565231359179e+00 5.775442557034050850e+00 2.840171069224397993e+00 5.589922679659804494e+00 3.548298134044504781e+00 2.072044121536743777e+00 5.209111687841879501e+00 3.028619423194638394e-01 4.019565142562167459e+00 6.538884401501026122e-01 4.193524402950366436e+00 1.287809651772380937e+00 2.021409358946148593e+00 2.297700176267195804e+00 4.851366530000564836e+00
6.027946498448722323e+00 1.031599169142455752e+00 5.563197575380999460e+00 6.174976608837945413e+00 4.612153968155419115e+00 6.049583512270922725e+00 1.483679392205963898e+00 1.837417067100189705e+00 2.481695857932459948e+00 5.019970143510695593e+00 1.843260414405623493e+00 3.022292191569074138e+00 1.861204370061982472e+00 2.774771855799605280e+00 4.804033650988030146e+00 5.394124117711657007e+00 1.983926077148730371e+00 2.072688100292677582e+00 5.344895044326879230e+00 2.336840167996248885e-01
3.367377556038170461e+00 5.665948514190122687e+00 1.766379702056495082e+00 6.518818663856486006e-01 5.403201123177169052e+00 2.417108166144485093e+00 6.106861486158891239e+00 6.032362942156559882e+00 3.298239735167439957e+00 2.351482965096104216e+00 5.619891716633238055e+00 2.885350877795469504e+00 2.509118407497866077e+00 5.059937316937016760e+00 5.750178659564926242e+00 5.318324194709225239e-01 4.027876261158669813e+00 5.677338352943855249e+00 2.083788646108868825e+00 1.734854496623546627e+00
1.648934400052958438e+00 5.710997430061146574e+00 2.575454671400904338e+00 4.447800534715608656e+00 1.526826533884033221e+00 4.621510604876103656e+00 2.419879885888332749e-01 3.212304189563964574e+00 5.719426317684519034e+00 1.444093044371123735e+00 1.424364819017837503e-03 2.709785047457798246e+00 3.054330511044309748e+00 2.018655372846644536e+00 5.836433517393074588e+00 6.117425613659485784e+00 4.397716114497620676e-01 7.972091155158962383e-01 1.315177330295101754e+00 5.280719612526391771e+00
5.195015783189277592e+00 5.309238652096905930e+00 3.824896287698951625e+00 3.578195429514985371e-01 6.245228679001202821e+00 2.074490932558167078e+00 1.453023071541339695e+00 5.459683925862377052e+00 1.841243537998961566e+00 2.554409993263937473e+00 6.137457529757103458e+00 8.828671534436579593e-01 1.922344883923071235e+00 3.603673703440945619e+00 4.936665507485838766e+00 1.621530252582134901e+00 1.558653522374923162e+00 1.956005148140994798e+00 1.322579707253631831e+00 5.487818538033977234e+00
2.162283428557007170e+00 5.013382760964326224e+00 6.221305582660852096e+00 5.545707466629648863e+00 4.978107630204990031e+00 1.217970592072514791e+00 3.172536174562616385e+00 1.777322008707657108e+00 5.615940672265218758e+00 5.030205383885831161e+00 4.185263048795317076e+00 8.574880203855102245e-02 1.045245635601905754e+00 5.945545643810375758e+00 3.547324143319772194e+00 5.624554018062513094e+00 1.814171914394954399e+00 2.729468423746318262e+00 2.802503687483369976e+00 4.647155688819244901e+00
1.688810394475821486e+00 5.378358317379183795e+00 3.907191076441326683e+00 1.936921077162890636e+00 3.893054227006124801e+00 2.103381467598512078e+00 2.517964392784702632e+00 2.396444815248396587e+00 5.344540710674944295e-01 5.567575893524900010e+00 1.571258823385288383e-01 1.500670223816089832e+00 4.255097423711086790e+00 1.232569554799003653e+00 7.921234741312879191e-01 2.411374756833079225e+00 3.435153177277891601e+00 3.838109616031838200e+00 4.482266902972512068e-01 2.616469980382152727e+00
2.758243938540954954e+00 2.012760637092911864e+00 2.957045177353466503e+00 4.013411944387360819e+00 1.281529323796356534e+00 4.707032951435158985e+00 2.319836176586557386e+00 4.960288802496407357e+00 5.129163323133933972e-01 2.617752773158626312e+00 2.937452992941271823e+00 6.182525022841475426e+00 5.981614078625984376e+00 1.775668914204275195e+00 1.774823439812464598e-01 3.781197268608863737e+00 1.534281242168053838e+00 3.909969071888669045e+00 5.776476941535579890e+00 2.223254179533887154e+00
5.396456433443914236e+00 2.897468987132889140e+00 2.639638270245869389e+00 3.413481924869000927e+00 2.078541673597337436e+00 5.468718198919770401e+00 2.601746114149853017e+00 3.153448718832778386e-02 4.517138480395535893e+00 6.049518343315362756e+00 5.467350728908799695e-01 3.920364520615127635e+00 4.446589958722889646e-01 5.728998811498891897e+00 3.067055952011957576e+00 2.252654433201343398e+00 2.212815557861414373e+00 1.352324576380645960e+00 6.109517526620158456e+00 1.467485554460846053e+00
2.603672772815602166e+00 1.697648941338231854e+00 2.375124365952121952e+00 2.736829663774523524e+00 3.990931217880801629e+00 4.063248486930027603e+00 2.397522743794632927e+00 3.688791933593406736e+00 5.263144088687667477e+00 2.279585886574639009e+00 4.689525469723186291e+00 1.401353203086344701e+00 5.395587915374279397e+00 9.264609193285391342e-01 7.996733899973587079e-01 8.422206418330080435e-02 3.370488462929130069e+00 6.046244843025480264e+00 5.357032810653064026e+00 1.443815434865530323e+00
2.041610631158663924e+00 9.429966949734758241e-01 2.092208296881206964e-01 3.358555756651819379e+00 2.250527403492628586e+00 3.182168025063879746e+00 4.408845648569541531e+00 1.219639884185849787e+00 2.453076176678938847e+00 8.782807177446638747e-01 1.855606312545547976e+00 2.223525815154729024e+00 2.530474234121338761e-01 3.370049597920834472e+00 5.008779162561687315e-01 9.629840468663569686e-01 4.855565142462286765e+00 2.261350324796110201e+00 3.448259255295139880e+00 3.106169860476063693e+00
6.118270022541060449e+00 2.228634467749488035e+00 1.339686866910955620e+00 2.881938482740093566e+00 1.340119511472328551e-01 1.797619998167063748e+00 4.963956090123022413e+00 2.274578298841697155e+00 2.856780202239840083e+00 3.868772302295492960e+00 2.261669728391533241e+00 2.530701394022387252e+00 5.201689923388953751e+00 1.862834803840768716e+00 3.077285694976819030e+00 1.886402503312204049e+00 2.334779534144235225e+00 2.730229093697511988e+00 3.540297736533022932e-01 2.877755555383874952e+00
4.804758970304952470e+00 3.485776450019748562e+00 3.296893377892693433e+00 5.882324094812877213e+00 6.009051156610448530e+00 1.691423567639630976e+00 2.772588771919085371e+00 4.851899231727279660e-01 1.782014533192550765e+00 7.653816791881656867e-01 1.808411683563856842e+00 4.746257037221579544e+00 2.089134390828795151e-01 2.395416894957642651e+00 3.118849962996062875e+00 3.312097804957317759e+00 4.519671188797357075e+00 5.925403651681101280e+00 5.892150614846199730e+00 3.710351137334823690e+00
4.742628154899567683e+00 2.457498087228592532e+00 2.572390333375679239e-01 5.048819637027781582e+00 3.621295047034020165e+00 4.320811365042242613e+00 1.744392873615201678e+00 5.548246168566584480e+00 1.442055959293631062e+00 5.421602154369487003e+00 1.584919372884533717e-01 4.967594645787031915e+00 5.449046224846530784e+00 1.039580981913458491e+00 2.323051570169683888e+00 4.982979706959659971e+00 2.948646119617622574e+00 2.673002100347747767e+00 1.274038304199781590e+00 2.942537809369906832e+00
4.859058191751118194e+00 2.875291934483005463e+00 5.891144175133066874e+00 3.593338212642275487e+00 1.806819270290481450e-01 8.321352200542785349e-01 2.728929246062911318e+00 3.862887724330038353e+00 4.587053163272144296e+00 2.546140875307669305e+00 3.347242670802953457e-01 4.498076527007534686e+00 3.229633955821787694e+00 4.214568977022093321e+00 5.042225558843307809e+00 8.837848085156704281e-01 4.834514318040638026e-01 6.021281407124936536e+00 1.475928641743517566e+00 4.036570205149190294e+00
3.736282707319538154e+00 6.572362932404659519e-01 3.592639207806578305e-01 3.932549363960778366e-01 1.760845231113218778e+00 4.005592921608349677e+00 2.857007546633072881e+00 4.432141773785964745e+00 8.458759261709353217e-01 3.009003215150528820e+00 2.177701872410167550e+00 3.518276739767940420e+00 7.241469427531646019e-01 3.070446663420337785e+00 1.481224053220448589e+00 5.027809576145312286e-03 3.940349286708068277e+00 8.767895255749371675e-01 5.306215504503419389e+00 4.866261079129925449e+00
4.358570283022230818e+00 1.859824151878005649e-01 3.538927903499285987e-01 1.287600617865835018e+00 5.741347147701299392e+00 4.728303493768559185e-01 1.441833886685494948e+00 5.095027532241437562e+00 4.800747160954221826e+00 1.390857923761949166e+00 1.523419902860988717e+00 4.447127050671685566e+00 4.086097652308149364e+00 4.540152640380761717e+00 6.113255731245942570e+00 4.923318136632971687e+00 2.641694795874613089e+00 4.000520003080938025e+00 8.675921168423988972e-01 4.124657870642641555e+00
5.983697764879179815e+00 1.992008115832448745e+00 3.792065057134734740e+00 3.916086667400351384e+00 3.476444420993037188e+00 7.278997988384439122e-01 3.946382234371978104e+00 1.062873279851573649e+00 4.766311389110627239e+00 3.426313010168104523e+00 2.250364201220028448e+00 2.187089494267355327e+00 1.060241409255628486e+00 7.091998893214992439e-01 5.334661922362697872e+00 3.960222115386402120e+00 1.612265255000594477e+00 3.578057291331035561e+00 2.456894180984426246e+00 5.352742838295324823e+00
1.341669290518563651e+00 4.693849634743485488e+00 2.714545636746231505e+00 3.897440887865351478e+00 5.627331450436686922e+00 2.304807453959475172e+00 6.692442181273829949e-01 4.346976508368522119e+00 2.293168125482137221e+00 7.814984960329124375e-01 2.871693999456060187e+00 5.000128138291826119e+00 6.028760382512444949e+00 6.690838836448245175e-01 3.336737202934447755e+00 2.349733115886543988e+00 3.485272216793419364e+00 2.867726787982010972e+00 2.008277790378616423e+00 1.871689580128094832e+00
8.494484678070290951e-01 1.251870024552844962e-01 3.095314731503268302e+00 4.464898436396691483e-01 5.066582056989116900e+00 3.200878922924045966e+00 1.504831986305759095e+00 6.465110179272073321e-01 5.682954334077187752e+00 6.208727838734811044e-01 2.911344434929822089e+00 2.337800142392240321e+00 1.126840418999840665e+00 4.347214796361920541e+00 2.981312089856252623e+00 4.997481168040951438e+00 3.513527724865432855e+00 1.887114626871429612e+00 1.871082916158018028e+00 4.007994345354273236e+00
6.166648878227387165e+00 2.311476501445752785e+00 3.891874865997713151e+00 4.720728678664642963e+00 3.329824720245689207e+00 2.061868997289690419e+00 3.345971449875612791e+00 2.222668238036153987e+00 5.415674227298360455e-01 6.024949359989245634e-01 1.530664851770357604e+00 2.985773114281011775e+00 6.409207625107972151e-01 3.025178345245954414e+00 4.183300681737306626e+00 1.597351138675704219e+00 1.745143382061115078e+00 3.765656423637939731e+00 4.802718058121929978e+00 4.246874240794460853e+00
8.123376035690478281e-01 6.298203062443684663e-01 2.814201809959832268e+00 1.265229564270818452e+00 2.944557669779552356e+00 7.416536617877253490e-02 1.471412793267519836e+00 1.351619369917915758e+00 4.756237643847526009e+00 3.241524734966867438e-01 1.101995006805468025e+00 2.153441890927708879e+00 9.017499755135314210e-01 1.998938545027462710e-01 1.513319544745358458e-01 5.117982440382302656e+00 2.318703122907193048e+00 1.997584955775596027e+00 8.402571391863805639e-01 2.799245885873512307e+00
4.364433980366425381e+00 9.282041309069021251e-01 4.422317409593805593e+00 3.277550391109132821e+00 2.019818754389112847e+00 1.399448274161519068e+00 5.606182619235233311e+00 5.725895053949582980e+00 7.699153273184092816e-01 2.454244912082600649e+00 3.618742901219878405e+00 2.731258571045195094e+00 2.255941177211365112e+00 1.906117569288401814e+00 2.683947756169819066e+00 4.174302986538424576e-01 1.866534595974367328e+00 5.472398944656243991e+00 3.695174367007846516e+00 2.560164175883080429e+00
5.290378227705409664e+00 5.746956590007700427e+00 5.897030446289575956e+00 1.830527286216449889e+00 3.785641966007882164e+00 3.566050235073340513e+00 3.901805427314504637e+00 4.516709657788735122e+00 5.312796726591038521e+00 5.603468264775498753e+00 6.205365508469650182e-01 2.974013733282034000e+00 6.192173321585304535e+00 4.314930645789432972e+00 6.243235729508140430e+00 4.585370579526004242e+00 9.927332796623689060e-01 4.710209525799245789e+00 1.018080330116823307e+00 1.637622354278649217e+00
1.056728093778972921e+00 4.913934610249087731e-01 3.672406443786754959e+00 5.362762241302807986e+00 5.340724940368184015e+00 8.658959206169857259e-01 1.807461336598566781e+00 6.244008225197526407e+00 3.185555966754809898e+00 5.604806840040509996e+00 3.391429977521395411e+00 5.798721347196361675e-01 2.215407387198052580e-01 1.770455695778678562e+00 3.483653909720305197e+00 2.472443821178768708e+00 3.057304736068362505e+00 2.698009511621037859e+00 6.863922628739388410e-01 5.925560413686315364e+00
3.601503221729583260e+00 5.855778091954816356e-01 3.782675980342371957e+00 5.910745903284237990e+00 1.384516465263945673e+00 8.566091624067881938e-01 3.062368915921240831e+00 4.008488381202483630e+00 4.223632263562155487e+00 2.453214335441348926e+00 1.311729497761873642e+00 2.147386960747004192e+00 6.153749077306905235e+00 6.011467069982638911e+00 4.931596521626802954e+00 5.492924976643551283e+00 3.765897304702397363e+00 4.752366264802755147e+00 3.830192695860031193e+00 1.509796016456768530e+00
2.177877746386436275e+00 3.484365020724197404e+00 5.515647604023990347e+00 1.963970847285148924e+00 3.568521057978758737e+00 7.437643537089644319e-02 1.027010215586386055e+00 3.749395050670826901e+00 1.596525411808582096e+00 5.359342495876610712e+00 3.445025423994911851e+00 2.578978838242051097e+00 1.726433583196518295e+00 4.437416087137109777e+00 2.803954635873671553e+00 2.687393366187815325e+00 1.535555180724867130e-01 3.201535469895609998e-01 3.733136860772844123e+00 1.997554357205094666e+00
