2.679924557734437052e+00 1.111864259766973673e+00 4.210277981779257495e+00 1.737713535538520260e+00 1.616856367445026699e+00 3.660334570697608148e-01 4.188714688303862288e-01 5.580571419231152852e+00 4.423601781276980560e+00 6.996649585821360651e-01 4.964171821213669844e-02 1.274863919725431449e+00 5.752069554516137551e+00 3.903402104966524178e+00 1.126173855510341104e+00 4.574274665074607782e+00 1.153043897424773201e+00 4.820922782861903677e+00 4.923497750111144988e+00 5.360922052904824042e-01
3.267031053069184843e-01 6.058716266464932332e+00 1.981674158538808961e-01 5.407396311368432684e+00 2.376026310141889475e+00 1.156652679783498616e+00 3.411044722644605454e+00 1.080218837033445123e+00 3.830285656034038588e+00 4.833298871309489542e+00 4.952234374484429047e+00 4.476540418618597528e+00 5.129491823739451561e+00 6.748785560295801345e-01 5.876666558851155742e+00 4.264248484389606908e+00 6.239628686687661130e+00 3.266867657680060155e+00 8.892546442968978226e-01 3.799872373068849285e+00
3.041783369646094748e+00 4.652474706864514253e+00 3.034138432775995042e+00 4.825070837708161697e+00 2.741895183716841267e+00 7.803539378553560057e-01 4.447281028751491228e+00 4.424594755934316836e+00 1.109431282842884725e+00 4.694544158343899376e+00 1.654493501467711791e+00 9.707837661688178965e-01 6.087064398592511694e+00 4.981865505661475346e+00 1.549777207802928602e+00 4.978964498709982145e+00 1.409230942147132071e+00 1.608289616177397685e-01 4.681950875962162528e-01 4.290005639230017209e+00
2.583017856019054648e+00 1.646126595286717453e+00 1.942177878437182370e-01 5.054010058803972250e+00 1.202653577644969385e+00 2.515802353729458041e+00 5.502270118807761179e+00 5.988849271577313615e+00 5.730728376063425777e+00 6.100574646582107796e+00 4.878499462418252719e+00 8.708572085676025143e-01 2.417154094609617498e+00 1.579842102039973106e+00 1.593285630848868539e-01 5.737459225155560061e-01 1.209491714764008075e+00 2.045387964669899805e+00 1.826704801474186013e-01 5.992292541604418155e+00
2.663579478175908122e+00 2.480914088030379272e+00 4.626266009596906592e+00 5.504687971521688539e+00 2.695856551424351544e+00 2.317510893201905342e-01 1.236091559630111192e+00 4.766660017663009619e+00 4.626695944916158432e+00 1.356668794290494251e+00 4.486363033377924303e+00 5.482408581073040743e+00 3.660070830416696452e+00 5.801604080829639187e+00 4.932416235021517714e+00 2.246025233391771625e+00 3.133565021825008845e+00 4.128639094188732095e+00 1.084356210419415989e+00 4.639580454162247847e+00
2.670572730408909745e+00 4.647586805063097515e+00 3.345203589632174790e+00 2.191771980193235603e+00 1.147686357145465852e+00 4.532085348539251157e+00 1.473057762634963019e+00 5.812446076643073001e-01 5.347619944379108148e+00 4.863466548671602219e+00 2.850444768653042638e-01 2.194563913300504154e+00 3.948409594837544834e+00 1.253314844592175126e+00 1.550787308411066823e+00 1.996772300992713411e+00 2.665603532418776567e+00 5.278870203334674827e+00 5.391762427799053015e+00 3.492346759084861141e+00
3.560272429224138335e+00 4.673865374279156271e+00 5.242610904006665962e-01 1.682993575683277676e+00 4.987766936931898876e+00 5.673521841069509186e+00 3.014869640187720190e+00 6.126635062879440596e+00 9.521350073553694893e-01 5.661938524110089688e+00 5.115568857593443930e+00 4.719369448659450406e+00 2.502941195337762714e+00 2.873123975331659530e+00 5.598843147556678446e+00 4.470114924552558655e+00 4.704327595848689647e+00 2.377037173168887296e+00 2.519535320849628501e+00 4.881851980099687793e+00
2.450174620563060124e+00 1.397309053458164474e+00 2.352113914187123012e+00 3.007104737607423917e-01 1.035870956626137873e-01 3.235759548576559452e-01 9.383643742629662610e-01 3.291420169747834579e-01 3.660858266428384411e+00 2.951409743130442465e+00 4.119148224143897252e+00 1.566045738133366116e+00 5.044560012306612329e+00 5.374769644970918137e+00 1.030646320327858856e+00 2.933476654786735249e+00 4.529146220448566851e+00 5.460803257527774512e+00 1.590412055469279107e+00 5.825307901212607220e+00
3.563341173095517511e-02 2.818191279618644352e+00 2.801585189126127418e+00 9.095152219770293867e-01 1.234439383992278927e+00 6.108833299592851596e+00 3.167751217949378084e+00 4.589270032942601496e+00 1.628307865847485880e+00 4.696487755223099470e+00 5.049323050939801938e+00 4.444753383224265164e+00 4.169191369616227050e+00 6.027922043447278000e+00 4.975459410910048952e+00 2.884983612177226764e+00 5.174503733666439231e+00 5.900802130853495697e+00 1.858308413971562656e+00 2.184095759384180546e+00
2.351302079192423733e+00 2.632234221614466740e+00 3.108704077978992952e+00 5.210606439032433812e+00 4.403006908590510804e+00 6.250304106829469575e+00 1.862622984320706720e+00 2.162413854613721709e-01 1.262987839720946637e+00 1.443271967265604694e+00 2.576810476971845287e-01 2.938804427860625790e+00 2.528634419582175052e+00 4.715521981368466342e+00 7.361053839298030699e-01 2.911770516277927268e+00 4.378481650697910510e+00 5.401979510283258179e+00 5.407891257316126854e+00 1.669307216651526593e+00
3.245930625418498749e+00 4.914489705877876702e+00 3.966520602690525088e+00 4.532197350837693151e+00 5.054279862925017852e+00 6.161188373987752875e+00 1.284471459122516590e+00 3.244191972848331940e+00 3.600449648602139785e+00 4.107756660454747966e+00 5.680971908083046529e+00 5.023758844162143689e+00 4.130916295621879009e+00 2.123040395750158460e+00 3.391395446623438836e+00 7.542391118203987110e-01 2.161979822830013998e+00 1.650669239787105891e+00 3.281427324406086754e+00 5.808315259883739756e+00
4.260893992926177987e+00 1.553873569677627575e+00 5.797004759161685783e+00 4.108278587040238072e+00 3.107982515218365549e+00 1.259766905764935663e+00 3.054186173148771388e+00 6.011412714117108536e+00 3.037407486432106563e-01 1.208449173546850330e+00 1.645610478713917191e+00 4.330322139847115892e+00 2.269937589461537009e+00 2.991577772983776917e+00 2.558094483424416588e+00 4.187475113272256522e+00 4.273222535725973437e+00 2.776483644702432585e+00 4.375476307897052664e+00 3.714249787256753699e+00
2.488207786667237187e+00 2.258100660985888908e+00 3.926635963706653687e+00 4.791667629687498042e+00 1.379104022685840647e+00 1.798303178520439527e+00 4.223031173027560037e+00 2.891776792279436403e+00 1.593546060936085418e+00 3.112539180866846333e+00 6.082847040575835251e+00 2.353099192507950299e+00 1.136655098263870652e-03 7.880380357796360480e-01 5.888781199543921652e+00 4.083461672003194209e+00 4.649994678981277829e+00 1.724923957556577792e+00 5.110084163680560287e+00 1.932421084703673131e+00
5.301845626693531877e+00 6.100566320462459835e+00 2.025315275234139900e+00 5.550659995925132151e+00 1.483151986517374121e+00 6.092806281660573475e+00 5.530313210704163041e+00 3.224324995205842370e+00 2.909004635968050589e+00 5.794820366523103061e+00 3.398327742097564386e+00 3.173579564737061265e+00 5.006733505637642523e+00 3.209972147211255233e+00 3.874881862935274590e+00 6.930683407493341830e-02 1.921610052529491686e+00 4.298490948302611692e+00 1.872715474229026400e+00 1.092710027284527374e+00
6.039604603034543828e+00 1.548096056203860815e+00 1.318638042660805976e+00 2.198643657529069095e-01 4.516876602680544028e-01 2.507129206610674288e+00 5.258000845972407689e+00 1.594519211887073795e-01 1.549491780084715775e-01 1.316154381053815381e-01 1.312935003252609478e+00 4.836112389614195983e+00 5.799325054447892924e+00 5.543754633000691712e+00 4.364497254803616499e+00 3.826828476660952383e+00 6.610133407594264154e-01 4.440302546384426563e+00 2.286863407878501550e-02 4.880618479824943567e-01
5.717278698837509943e+00 2.396930538251323295e+00 5.434437590837624121e+00 2.708968204630702203e+00 3.603684912579100619e+00 2.203738292461165038e+00 4.712731376431635866e+00 4.423867831253238236e+00 1.335866547004800786e+00 5.146005397048248220e+00 1.990892176612373055e+00 1.918789316841595705e+00 4.726245735442920370e+00 1.909138332688836037e+00 5.614288368627903481e+00 5.657993008720580086e+00 3.938512247531801069e+00 2.180932049312116927e+00 2.411317207090321879e-01 6.543418773011577816e-01
2.396756499371543114e+00 5.428589952311988043e+00 2.539132613947305828e+00 3.758687456282515882e+00 2.854917152282132164e+00 1.509565434737721208e-02 3.082169931769006777e+00 2.648367065297128953e+00 2.717135565070996517e+00 4.984020780436460463e+00 2.227444608177223895e+00 2.272239744851534682e-01 5.835646777523945339e+00 1.960122881440122145e+00 4.546201022603820086e+00 2.505104250956875500e+00 3.355725788970075563e+00 9.177369760557211320e-01 1.478447334131900159e-01 1.033196534731051219e+00
4.528525702071519277e+00 2.403328082526577703e+00 4.546585669082037207e+00 1.803074527668559357e+00 5.536016184484361169e+00 2.819375783964075399e+00 3.832868366891807099e+00 5.399948873540945549e+00 2.955398202084636994e-01 1.908733628945812610e-01 1.170504730685596684e+00 1.325190127860983225e+00 2.162296512133333071e+00 4.999184599004602880e+00 5.423672376805995121e+00 2.728343975597221860e+00 5.560293262928129865e-01 4.730936403634644627e+00 2.805236775139099414e+00 6.246424683204158335e+00
6.110070768803035790e+00 4.298682851908752767e-02 4.718366162487119375e+00 5.677906225272453256e+00 5.567410540520098650e+00 3.187626885362884188e+00 6.217639029735747558e-01 5.942130076878011202e+00 2.397940230990048160e+00 2.470285376229365948e+00 5.358863486371822304e+00 1.195936621364387165e+00 2.909320087565316904e+00 2.967302929559962443e+00 3.569359286754081317e-01 2.972246015293748211e+00 4.801989029135823372e+00 4.311689988700969423e+00 1.353867044869665470e+00 4.337262552091301515e+00
4.094191245698321602e+00 6.021211850372120367e+00 1.379184051390794363e-01 4.792446273392965139e+00 1.462727776958697490e+00 2.257863050315169318e+00 6.005289803642972934e+00 2.147382285623613551e+00 6.622434757043302866e-01 2.206822222443708625e+00 4.075703998733487765e+00 4.766940041473490375e+00 2.661144232288704004e+00 3.895419906047198566e+00 5.520136447203754376e-02 4.449014809175203311e+00 8.373296854173390980e-01 1.835927666369150835e+00 5.351094370329908756e+00 5.767286503716213986e+00
1.920771506716964394e+00 1.735763195079299825e-01 2.717019730363043006e+00 3.377774597470178941e-01 7.862471740409064658e-02 5.057243432036854225e-01 1.955617331527116809e+00 1.573618706759622565e+00 2.100574460982689740e+00 8.292448481834819862e-01 1.751990913292993168e+00 4.098246488832711698e+00 1.357347938517731611e+00 3.982808755097790865e+00 3.937016921922178891e+00 2.101024978684205013e+00 3.756756658405714155e+00 5.992399138918536927e+00 5.362145067437866786e+00 4.368828237016385785e+00
1.550851722172397862e+00 1.918126751267985153e+00 2.040713393824374666e+00 2.353898856472006695e+00 2.142655157458604354e+00 5.079203342370665730e+00 4.623336137072790453e-01 4.288000026276176158e+00 3.383268480968409264e+00 2.025172739580995085e+00 5.742091969023046083e+00 1.776782765188850366e+00 6.091474867392459025e+00 3.979876504761194145e+00 3.559767762862131590e+00 4.046988614950375762e+00 3.886983713458863843e+00 4.350164547554828509e+00 1.713120403609989850e+00 1.731627825426624412e+00
1.133210211685709012e+00 3.553084171258886759e+00 1.321009057062536352e+00 5.037297262535682663e+00 3.059853693210310865e+00 6.205998898460292956e+00 7.866943729215690739e-01 5.636850820654466077e+00 5.894216893252557377e+00 4.497526486929404044e+00 3.462293282561047736e+00 4.372970780254610723e+00 3.162419424510118926e+00 3.626504020332411482e+00 3.470376344404221491e+00 6.125565690646054051e+00 4.992258620924184598e+00 5.404959595634712066e+00 5.370133328061632128e+00 4.544791017085922369e-01
3.850998830197458478e+00 2.511384415706340523e+00 2.069940824744685326e+00 1.872517191328241681e+00 2.542888852894150897e+00 3.754976501051255244e+00 1.626330489802301216e+00 4.799696122505487494e+00 3.718718487631478276e-01 1.795513455467261377e+00 2.983251596014809603e+00 3.187669041282019222e+00 3.040145677311989481e+00 2.087328704815146985e+00 6.212302680164177637e+00 2.005268342386123948e+00 4.101839938686531184e-01 2.818132627450478545e+00 3.040917342279117364e+00 7.707787967781452865e-02
4.476426866125652992e+00 1.744344066941600824e+00 2.677678238361697716e+00 2.348732842318477232e+00 1.280707377025185334e-01 3.947535651177986438e+00 6.203410250099467005e-01 1.419024583179124610e+00 1.939371922573656537e+00 1.859541569049560028e+00 5.986288321140011526e+00 2.279142496688593589e+00 1.041983978949322820e+00 1.381864401979547408e+00 4.320630658008511205e+00 4.928263771938024007e+00 2.502209450743239638e-01 3.109681991144165103e+00 5.111362704553209291e+00 5.335837167981941853e+00
3.923173142008247627e+00 4.226001683914237361e+00 1.430434386196202390e-01 1.898030138204220840e+00 5.243694482544273283e-01 4.409949791915415140e+00 5.560842388477819753e+00 6.098113277178336844e+00 5.832399491655793078e+00 4.506228717403752526e+00 3.394451349890199587e-01 3.004534511944238151e+00 1.847645266513089135e+00 4.236996441919356648e+00 4.620486916252682263e+00 1.557752767025824658e+00 4.526927871179469598e+00 5.260369469987284496e+00 6.259741798650265920e+00 4.376277912401269177e+00
2.815326212984030629e+00 6.164271671083412230e+00 4.664279864094647898e+00 2.529788815486498366e-01 2.647173233898933109e+00 4.603355792758450526e+00 2.734261711986517795e+00 5.597664033012852869e+00 2.182681440068265713e-02 4.970188983690441376e+00 2.401444192693963586e+00 3.263122003014585215e-01 4.863173574268808252e+00 4.912441847050814658e+00 1.157674514189690251e+00 1.373798005902971520e+00 5.412066046389261587e+00 5.055170437658780713e+00 1.691727126202814846e+00 4.761307621351396513e+00
2.676505196327293667e+00 1.369209352953688175e+00 1.279584575012431058e+00 1.073845150211319766e+00 5.863757328379666234e+00 4.219585798675573596e-01 2.600304488091048416e+00 1.686478231811933570e+00 3.130984668922216496e+00 2.260330397155877691e+00 1.870772588005705117e+00 1.671601764999897544e+00 7.685795850179369948e-01 2.060689560954179100e+00 1.593757035585189108e+00 6.180987424007961195e+00 3.233005996869546816e+00 4.227516373585745058e+00 4.532172580830532205e+00 4.482515079917945400e+00
2.024504247871266038e+00 5.678508674984923843e+00 1.604725921449314363e+00 5.146262265376142508e+00 4.170035169994871005e+00 4.733611766790151582e-02 2.567686159765312226e+00 1.243642397232469499e+00 1.411539321021894944e+00 3.860140347898399771e+00 8.734333587733663640e-01 3.295597117924440322e+00 6.404685092311016570e-01 1.267079294193923067e+00 6.262316432904241337e-01 4.549952135768782213e+00 1.047796600017564028e+00 4.217685348711316395e-01 4.541702667922989933e-01 4.712227353601353030e+00
2.063414646694849974e+00 5.670018521756744256e+00 3.910459185900433177e+00 1.084632557556303584e-01 5.287150191555643808e+00 4.444999486899090968e+00 1.801936598789032118e+00 3.314863401836052770e+00 1.452071550918414999e+00 1.500329142946714489e+00 4.158542649127350721e+00 2.023564456824790803e+00 1.343010896019008159e-02 2.405862490709885559e+00 3.647943958017931809e-01 4.179500860515362959e+00 3.921033939090400322e-01 2.922061527247825197e+00 2.192614973818540758e+00 3.092956045167348567e+00
5.463601784240236903e+00 1.665253675874707406e+00 2.096260011405369994e+00 9.423196876750707940e-01 3.896609568980997640e+00 1.452716496879380648e+00 2.123527690653357780e+00 2.243804142644430399e+00 5.169004730030102301e+00 3.578067532248961236e+00 1.317262003972578643e+00 1.146934739498102651e+00 3.890132593531912431e+00 1.036067403387941344e+00 1.419169139510543021e+00 3.330193979928484538e+00 6.258567510865311156e+00 1.767267556777033510e+00 4.559162392477197123e+00 2.680031346529507807e-01
4.270798829658833284e+00 3.719517908589319966e+00 5.997313159716552988e+00 4.510260463293706223e+00 6.095253314836043934e+00 2.774800574570805978e+00 3.134139783781427990e+00 3.224035201193836464e+00 1.226016024372792002e+00 2.004574659508609358e+00 1.912400932028601383e-02 1.416846647781592194e+00 3.625820499326775526e+00 4.682180985423268216e-01 1.241690574940308850e-01 4.787122286684850181e+00 1.015417106221921273e+00 5.908774348559177270e+00 2.786135050390894374e+00 5.459337810068575436e+00
