6.063581280865085965e+00 5.278879140670443171e+00 6.240913657462235697e+00 3.990872664456198149e-01 5.607797852994171883e+00 4.039120694436118875e+00 4.459296780446124764e+00 1.200045467231521279e+00 5.832475502435771730e+00 1.360716806847568572e+00 3.196882852273543296e+00 2.527365453749251534e-02 4.924457310230880402e+00 2.303512116642442820e+00 3.321273747597961901e+00 1.388506849985130243e-01 2.156572194132655440e+00 2.235098137217907677e-01 3.585689097231961497e+00 2.842314080945757215e+00
1.784085949372405500e+00 2.478399041233331435e+00 1.719723116525496032e+00 4.593467548649651788e-02 3.206987301980822824e+00 4.834388057991653831e+00 6.249666363788821677e+00 2.902725990359386610e-01 2.023033639093024139e+00 4.629179390659790450e+00 2.640450977607922578e+00 3.893426638268570272e+00 8.661124648126510284e-01 4.955221342407819307e+00 1.680535982623671654e+00 2.173922970917682829e+00 8.058108758461771659e-01 2.558632150537920036e-01 2.684698580756929243e+00 5.882384136092658089e+00
4.718527207572400961e+00 1.734326466659917299e-01 2.195397563518301176e+00 2.106205814069852966e+00 4.902327126847509930e+00 1.070517195224864659e+00 2.134821505304108913e-01 5.716831648590090076e+00 2.547388946971618218e+00 2.715211458233723452e+00 3.553016167773282774e+00 6.124865575549017782e-01 3.897914667724507343e+00 2.377396291463531597e+00 1.371074614056705165e+00 9.898720890394726579e-01 1.351593154231253591e+00 3.950541307605553332e+00 2.352267406032465757e+00 9.114859324371556992e-01
2.674535353659197146e+00 4.525042752756089470e+00 1.791389488982014999e+00 3.692008848381928665e+00 2.091031337754848618e+00 2.517839030325873306e+00 4.957331834714257646e+00 4.067818504836989035e+00 2.461875308221226799e+00 2.940115212351076757e+00 1.418574667451527604e+00 4.162670013057701901e+00 2.065414227964708360e-01 3.177838776389241282e+00 4.469233402139560773e+00 6.178653683666530227e+00 3.246378993544758451e-01 2.053751104922829640e+00 8.241950060225187169e-01 3.622893931514485022e+00
2.397019352910488621e+00 4.989743796452080105e+00 3.903551138056484682e-01 3.175420860739461837e+00 5.738451148223496112e+00 4.590205153182666642e+00 3.494661440520898221e+00 1.798679451788421035e+00 7.108193859732273578e-01 4.391462606280078229e-01 3.789316193036251335e+00 6.063251537274326530e+00 5.025693592783871289e+00 1.867535929525951266e+00 5.125648631164839486e+00 3.331434695832681481e+00 1.878563110815415937e+00 3.458645363931920347e+00 1.647001934352551933e+00 2.240898508375016362e+00
2.862992268998885592e+00 5.755688002307695061e-01 3.763076124391878108e-01 5.185301156238178777e+00 9.609505079846867304e-01 1.365959783615202872e+00 4.696436409691748359e+00 6.097916652281584859e+00 6.221623145856966630e+00 3.507022200030450065e+00 2.320794223463181538e+00 5.785164046703632046e+00 2.457594541259892296e+00 1.934144056760241925e+00 4.859185076539787929e+00 3.049687474406794774e+00 4.620926390723180122e-01 5.721311683384623370e-01 1.703264741056574882e+00 5.134573234416292209e+00
4.701073209389607044e+00 3.562736692831478535e-01 3.355341521743018807e-01 3.531961797181653040e+00 2.595526306432077046e+00 4.913729859603931160e+00 6.032277365734330488e+00 4.130287135438018176e+00 5.512122918228898882e+00 4.184216076268630680e+00 2.940670658643793178e+00 5.806337561400566116e+00 1.735973707062156979e-01 5.638495872840135092e+00 7.117935009530113044e-01 5.602310712521445524e-01 5.786183203578016077e+00 5.440880394191490055e+00 3.312349309686883458e+00 4.694928255893872304e+00
2.680842593015865249e-01 5.579842288126858563e+00 3.689617248829870189e+00 1.704628076920821522e+00 4.709157857397413771e+00 6.112264828494139657e+00 4.081972175697077709e+00 2.829371795498382358e+00 3.055357290005842774e+00 3.884658340595071646e+00 3.575866251560912534e+00 4.141447052598325129e+00 4.633885678639956041e+00 4.484883648074764473e+00 4.954256857956867321e+00 5.178461097291366499e+00 5.830689434969588802e+00 4.777018116465789888e+00 4.384578614528003015e-01 4.547853157421923420e+00
6.279585889241255714e+00 2.266815231838448241e+00 4.232244563352692168e+00 3.162928235900751339e+00 2.865614491123085639e+00 6.124825780348373883e+00 6.616042487857953791e-01 8.375778490625682138e-02 3.411142506053310708e+00 4.411474670218772154e+00 1.942853326833228200e+00 3.515761846372984500e+00 5.849125125811709403e+00 5.549192077766237574e+00 3.716047949285505858e-01 4.627953085324862492e+00 4.877040687379951001e-01 2.499112881195017621e+00 3.126207802374901146e+00 5.155333403227803757e+00
2.444145378333064111e-01 3.030749487617058868e+00 5.783389400261860214e-01 2.689172390031139059e+00 3.283137801399051980e+00 1.100953421302938828e+00 1.796100326401918856e+00 4.797565480739016230e+00 2.450964646326754703e+00 3.884195836812748048e+00 3.320125622066391724e+00 6.149693721356992882e+00 3.863846672869299947e+00 2.306391564647444881e+00 3.484896644089208184e+00 5.282202893931871479e+00 3.529871486396516378e+00 1.666052955130097879e-01 5.949412158101901049e+00 2.305909981397368913e+00
1.598051402231728479e+00 3.930475561884589020e+00 4.251031856230260253e+00 3.882302572408922181e+00 5.275083153676371595e+00 3.947447910528306014e+00 4.811879575129084152e+00 2.599328576022247983e+00 3.744813104357461064e+00 3.798565118527534423e+00 3.964473851218353051e+00 2.117369188353268150e+00 1.776653078377798289e+00 7.035176296915661709e-01 2.795684678218790964e+00 1.152150827510736830e+00 1.109447048134083458e+00 4.008474204117988826e+00 2.074353765443250341e-01 1.209514365095486266e+00
4.743855735225761094e+00 5.394559617963592402e+00 6.069859473341715272e+00 1.693933140165957141e-01 6.199911981240263659e-01 4.196427912077417943e+00 5.345357088390560563e+00 3.779014640699731586e-01 2.793088322231136900e+00 4.927350796681922773e+00 2.211480825961796182e+00 4.007992481372379956e+00 1.096135170673420367e+00 6.112172352428186350e+00 4.446802065461085363e+00 2.338662884989768376e+00 4.688934970021736426e+00 2.281273531814544064e+00 2.478919153264994346e+00 3.163200407732844610e+00
3.601439433153540204e+00 5.345558842437927893e+00 1.997920831771055283e+00 1.703580735443030791e+00 2.193769539405149516e+00 2.498829262768741621e+00 2.685380890165646850e+00 5.921552347620623991e+00 2.970737987255485102e+00 6.759775749792035215e-02 2.370306562929568095e+00 3.435716450787304588e+00 2.580650391841659452e+00 5.617585171247756470e+00 1.625091693833385920e+00 1.351717324364007933e+00 4.112589429197343271e+00 4.250310302607014368e-01 2.397200361962495307e+00 1.861676827786053146e+00
3.153199509065824468e+00 5.177842616030694511e-01 2.591013623187918391e+00 9.858510286989204952e-01 2.379970694968504663e+00 2.925361931276408978e+00 4.442752835580250803e+00 5.845185816290475067e+00 1.264996343227765330e+00 2.945216681030450090e+00 5.340242100124463320e+00 4.825026196479035967e+00 1.381285246969764513e+00 3.237670147049976244e+00 5.263633718222357594e+00 5.337629130454704551e+00 5.845565751789807279e-02 2.754169237200122744e+00 6.241001503549756357e+00 6.098350794018163601e-01
2.187872837953989347e+00 1.032084737796336443e-01 2.087584074512300880e+00 5.981846846388079619e+00 2.866525155327477314e+00 3.023206375238089993e+00 3.854327480402950812e+00 5.123571338280875409e+00 1.822368120606060460e+00 3.433008975517378492e+00 2.103556496868553616e+00 5.729087071359083794e+00 3.859383058657527954e+00 4.006897529711088701e+00 3.168490682307537831e+00 5.279704218869050614e+00 1.124524019108686268e+00 3.790281158862622846e+00 3.263232468101626704e+00 3.935866992773430884e+00
5.918845759134665485e+00 5.358709773478304683e+00 4.663433200016005920e+00 7.321988114779293122e-01 4.178653520020517043e+00 1.678732661023018879e+00 4.221545858598197754e+00 3.647039382095242921e-01 4.603562140208653730e+00 4.411543239609226674e+00 4.702063680179886518e+00 2.627652250581008708e+00 1.384933060791871284e+00 3.771268374241844690e+00 3.029998150538277812e-01 1.119583646644372932e+00 6.232973252335428427e+00 4.214998636188378001e+00 4.736017904997318340e+00 6.190559435616750150e+00
4.542107615974551038e+00 4.309998999989907986e+00 7.175880734544789474e-01 5.250020159577212908e+00 5.179349385075644463e+00 1.809283494843942020e+00 3.483580319093944055e+00 5.056971563312926854e+00 2.509751987115480532e+00 3.842336008081860932e+00 8.005800984297632983e-01 9.304898873719987806e-01 1.658648783091474010e+00 3.537771286812365190e+00 2.022437714652502994e+00 4.383830195162108367e+00 9.123153314870220687e-02 3.394940047986977572e+00 2.532154941349372912e+00 5.228931262831280513e+00
8.423786212274989582e-01 3.508809698912101815e+00 1.728003193024622242e+00 6.043694385169817274e+00 1.568681348111941709e+00 5.234618130289899085e+00 6.031486525465600046e+00 3.218292120247664201e+00 4.983035345682426787e+00 6.440327761258165529e-01 1.531100384746660215e+00 2.609813394542630505e+00 4.361993903688823893e-01 4.385044292093298601e+00 1.967583037154097658e+00 4.894479061506024742e+00 3.504211837295103216e+00 2.465092998662214985e+00 4.649711422677837991e-01 4.191179374047266926e+00
2.587385080708251017e+00 2.895163632876136539e+00 3.557979355017003353e+00 6.028138050174921325e+00 3.649710936555445873e+00 1.179762116079338785e+00 4.265894040797978626e+00 5.760298959326677348e+00 4.403049894601976710e+00 5.529519082900820059e+00 4.070470466213541805e+00 3.134472528725934293e+00 2.987234309498131068e+00 2.384938021345314851e+00 4.912893344287869724e+00 3.839831489275351561e+00 6.111997073911909162e+00 3.539865437278068239e+00 5.820881999796791995e-01 5.226163036366053838e-01
6.039329024630275988e+00 2.795515366119476042e+00 1.628430756063216966e+00 3.842437142525475746e+00 6.050809681290185260e+00 1.147046738914595299e+00 5.546368791380951874e-02 1.800835205363099156e+00 9.695231444798745324e-01 4.681348264017861638e+00 5.089487437670062953e+00 4.707893252975745568e+00 4.057320816296027033e+00 5.686409800465498598e+00 2.085331268022990070e+00 5.235312753916510076e+00 2.176478494129380881e+00 3.708672006683091382e+00 1.539542140032036377e+00 4.785647702799471048e+00
4.245061737777958477e+00 4.835714274541745183e+00 2.234536502379111944e+00 1.915765797889252831e+00 3.509337316677561880e+00 3.791083960789054075e+00 2.381658209468906495e+00 4.445470260384110084e-01 5.737748398371167013e+00 1.391042937926441070e+00 4.101648991121312982e+00 4.731887064761428618e+00 5.332055253064692524e-01 8.585899613857898849e-02 5.557026097704087064e+00 5.665315978076888470e+00 5.537258563548829393e+00 6.296976542341148342e-01 2.563808121240222615e+00 6.193738011462665005e-01
5.576591061275212091e+00 1.386007681180124740e+00 1.498206059420954084e+00 6.661562776721797752e-01 1.219013417727707882e+00 5.628761781779371809e+00 4.136660352667699492e+00 2.351590489898128578e+00 4.985206976704621873e+00 2.605200686473445160e+00 3.733489629048735714e-01 1.914844319773933545e+00 5.366850099959970422e+00 5.078136748740829098e+00 4.440689858057388584e+00 6.097987469888144219e+00 3.783927785978534519e+00 4.032182787914386779e+00 1.659027876928151901e-01 3.263299171032936208e+00
1.669205112914903921e+00 5.711160464858935804e+00 3.339902695411424816e+00 4.820629814426222737e+00 3.401385131315990851e+00 4.739341530895094579e+00 5.299055312332010104e+00 1.798851145352846626e+00 5.624385510043155456e+00 4.385761849326280881e+00 4.423038341532175011e+00 2.459929080355529152e+00 2.368350788053710243e+00 7.172951178973332453e-01 2.452961056948677054e+00 4.528799250192036219e+00 4.102535486612028492e+00 2.895143655002319960e+00 1.323453328424645248e+00 4.585682276484377873e+00
1.872235905685633028e+00 6.205741204146362655e+00 5.677746779317658365e+00 5.495578074366954446e+00 5.894978313404011239e+00 1.120465589925055960e+00 7.304444246220489489e-01 4.749035983694693819e+00 2.210256702544200813e+00 3.761918830256360646e+00 2.378313521658055762e+00 1.166065542244253406e+00 5.657708388758483586e+00 1.673587924766546164e+00 3.113067615410690436e+00 4.535616704846577640e+00 5.758106235820074303e+00 5.591863122926076457e+00 3.912383043293644835e+00 5.033957364259864065e+00
2.095919116784708436e+00 5.059228557628864920e+00 4.299217397268906282e+00 3.907352524433860830e-01 2.802873689058479112e+00 3.924176398228559570e+00 5.387212259948024329e-01 4.353847342883621074e+00 1.110768978375517024e+00 3.523833902564464715e+00 2.433449702458151176e+00 7.600689951088128726e-01 4.712709555107386095e+00 1.496771032780298549e+00 1.034560232299087890e+00 1.117376921836295556e-01 3.832426090860963530e+00 1.447177940631537707e-01 3.344763107081892173e+00 4.452665794237818275e+00
4.499854901255479156e+00 5.855434328196445826e+00 3.602750236012526308e+00 4.065194318317762345e+00 2.244552413491522902e-01 5.534158846791320308e+00 1.478216266435237625e+00 5.218176028352387696e+00 1.996956963493332404e+00 3.976419587558254420e+00 3.234748331035445901e+00 3.823429126963337588e+00 5.523149489290040570e+00 5.379972877165140055e+00 5.918486857610410823e+00 2.820695697044271366e+00 1.558157128998466812e+00 4.780886909141723318e-01 9.658437936780183142e-01 2.436235458814201837e-01
4.361835358650139050e+00 5.422228996370883181e+00 2.804160694016550881e+00 1.625020162442397442e+00 5.197818472683663593e+00 1.217426154472901256e+00 5.630488989360497243e+00 1.213090256377003850e+00 1.808420160904945062e+00 2.633119258608357161e+00 3.582698670841095168e-01 1.507405690810218191e-01 4.645361848534756533e+00 3.361606548532484862e+00 5.379051561352346411e+00 5.652232510217651829e-01 1.382845140851901800e+00 2.455516075367139450e+00 3.274001441783884747e+00 3.730621196990825617e+00
5.462461303859981854e+00 4.587473550501965036e+00 2.382484978570062140e+00 5.513242457780946459e+00 9.179480675388496103e-01 2.410337040027075606e+00 1.727260330635750352e-01 4.091312446135885850e+00 1.200301375662972569e+00 5.654086017020878430e+00 1.440313265703523360e+00 3.328872841830981866e+00 4.537275930781683009e+00 5.933123052546046772e+00 6.046895918143651016e+00 5.951463822216468635e+00 5.700074165449752428e+00 3.887714863718650382e-01 5.567767124905773635e+00 3.359208542247703821e+00
5.526821856634856367e+00 3.679004758845773715e+00 5.619003731112444555e+00 1.231839839670576753e+00 3.227716095074080194e+00 4.116373484659904491e+00 5.905574438679297877e+00 3.372380855947917588e+00 5.432352158568598099e+00 2.778943499045386734e+00 1.495214619112447796e+00 5.192425575655339465e+00 7.733837734870413483e-01 1.706610121342708952e+00 1.113599477605614396e+00 2.006905311113293511e+00 3.927341175312255572e+00 3.104992105105835454e-01 3.773643601921244262e+00 4.583728238522138732e+00
4.117428107008170635e+00 8.629463333989375595e-01 6.307973636359895941e-01 5.497455178450461055e+00 3.686878916154794794e+00 6.010140879165075667e+00 6.172807851177474880e+00 8.489842809677717872e-01 2.742033786822903330e-01 5.456525995328886047e+00 1.176714335593983085e+00 5.506063426741015787e-01 1.005915507010768817e+00 4.659564538299298064e+00 2.265974654170080704e+00 2.473818530148449990e-01 6.313238805739403992e-01 3.489617826192664030e+00 1.778643336424469590e+00 2.996506015987150384e+00
1.356648909521980251e+00 4.664417390090400239e+00 5.499551031968779036e+00 2.991597663803122753e+00 5.162186899884953384e+00 3.869838680391473051e-01 1.576612715865082670e+00 2.777469638044580691e+00 2.000402530790488242e+00 3.047474746151006109e+00 5.980930355411238963e+00 7.372684291859745720e-01 3.591024510340879328e+00 1.702100624200504564e+00 1.884841415657283914e+00 3.455853629587839038e+00 3.256221274677179256e+00 2.254681160119194061e+00 4.800667028772929723e-01 5.328418320291778976e+00
6.102770363752801686e+00 1.380122586845971666e+00 4.973166244899544175e+00 4.878132480998843334e+00 5.480184913076686648e+00 2.502835623325814218e+00 2.259484117424521266e+00 5.220760781739677725e+00 2.029969460628810118e+00 3.104639340989071794e+00 5.727038833495050163e+00 2.617661953955973342e+00 4.079190799767184572e+00 4.882239293644875744e+00 5.184306726964716283e+00 3.336675322591042381e+00 6.129915627779765508e+00 5.137567601606789935e+00 5.560060461775360174e+00 6.352774983820820287e-01
