4.102358068733895635e+00 4.321247628320072032e+00 1.913503241446488090e+00 5.943648657161741955e-01 5.890973385156216047e+00 6.156551264594241069e+00 2.541894785515089072e+00 3.250210412174963537e+00 6.230520667693058456e+00 1.099561401741975919e+00 4.051647399683475648e+00 4.847667623909557300e+00 5.859400627812481055e+00 1.568878193061923776e+00 5.337490235986173559e+00 3.170345927590703994e+00
5.376359197724256411e+00 2.932143123828750753e+00 2.741398236264180444e+00 1.824075129608565771e+00 4.262514387881386035e+00 1.940028662507511603e+00 5.193326468654086092e+00 1.613927688017012363e+00 4.031731783747782849e+00 5.303261271447716751e+00 1.920702022372719142e+00 3.591776033140450686e+00 2.695230248312028731e+00 3.934092581313879844e+00 3.052624715765758889e+00 3.178223691813021334e-01
4.535814775645095942e+00 4.237230742360680757e+00 6.131297111076244866e-01 1.382256272096639593e+00 2.986490062850413740e-01 1.358879190575891682e+00 8.639975903608353436e-01 5.398598075682885522e+00 1.974937264602989462e+00 1.604269016691791894e+00 3.786097868243898379e+00 1.691061473551540795e+00 4.194561554661898617e-01 1.210928640979610948e+00 1.456513581716758710e+00 6.177033523131583159e+00
4.831301069939204496e-01 3.352314309129750036e+00 5.159749888489328029e+00 1.265877205233767455e+00 3.442722646438493683e+00 2.932248927235860947e+00 5.364523415606874401e+00 3.839954269059281167e+00 2.659964761185389381e+00 4.755930233830005349e+00 5.140546550142145676e+00 4.680599715537480776e+00 2.885496162953038901e+00 1.042251443753435369e+00 3.038778301417390360e+00 3.643133723696743154e+00
1.832788200500752307e-01 4.841698082077661169e+00 4.511458442355355203e+00 5.270878906472711733e+00 5.234004992677564694e+00 4.873956299983828622e+00 1.073923532137428749e+00 4.227143907396849976e+00 2.964751068301451742e+00 5.408445997493746660e+00 3.372095375379773774e+00 4.402003830762910574e+00 5.323431859139112987e+00 5.704019626009512400e+00 4.622350081778452413e+00 5.136391842216698755e-01
3.359837816012237077e+00 4.379497182820689005e+00 1.569633885849626598e+00 5.482402640137304495e+00 3.956874260731759185e-01 9.520827487859752081e-01 2.408575283670590483e+00 1.887413448736930954e+00 4.518413460765343892e+00 1.847997803589735311e+00 4.928414187951537961e+00 5.692610809142194306e+00 2.496680269613169578e+00 3.546913219190818367e+00 3.817123964185382246e+00 2.260640934722207174e+00
2.107058800154448353e+00 5.866040620786256987e+00 4.354735285715036319e+00 5.260865619352623757e-01 3.720807524563181978e+00 3.181783881584977269e+00 1.585990207464071378e-01 5.437457200389408385e+00 6.156595671254751601e+00 2.292232911088195602e-01 6.099402675651676375e+00 3.975880627834561754e+00 6.933930359875333238e-01 3.970052989859982340e+00 2.114310285055916783e+00 2.313893296777927766e+00
2.237232226174857175e+00 5.442875744379907843e+00 6.240356551058335199e+00 2.087401540663066157e+00 2.978494607681376305e+00 5.096648730844209219e+00 5.333058687577601376e+00 4.117969233818000063e+00 2.085653838067263788e+00 9.505205685828959083e-01 3.384082387534143588e-01 2.561496208405505737e+00 2.399827251911786252e+00 9.739264207431689302e-01 1.918404438761980524e+00 6.075363006786975439e-02
1.691846010607155337e+00 4.358253889616376497e+00 4.553433271609796940e+00 4.389376136141305729e+00 4.448968106539595291e-01 4.252712331773643051e+00 1.732138667568850821e+00 2.388501379269444946e+00 3.795643104373123133e+00 2.535320875034277943e+00 3.865601802843690482e+00 1.495749264002477430e+00 8.242497316716780598e-02 3.949027001600677877e+00 1.858682528115369603e-01 4.861802666931432704e+00
3.251255820763327087e+00 3.108800373603349154e+00 3.777090447618640212e+00 4.564486634208925864e+00 4.463962968686078447e+00 1.025687898633769635e+00 6.217345449677299740e+00 1.987003556093589474e+00 3.506300794335462268e+00 1.045243598809377561e+00 2.073161741030264960e+00 6.094874432136515807e+00 6.840736051297041653e-01 8.886757090268837533e-01 6.030970421996575404e+00 1.298456743340680397e+00
2.257300113046554646e+00 5.746410615892218132e+00 1.635143199172713224e+00 9.870875769132821942e-01 1.269426169615834210e+00 4.409648900720565479e+00 1.531581151968203214e+00 7.807206325815696513e-01 2.444338590275645817e+00 1.767749071795945426e+00 3.981134387809611486e+00 1.093585002883247892e+00 3.936228773989629559e+00 4.377073882622727119e+00 1.900117766263808239e+00 4.298196909526634801e-01
9.658456429017603720e-03 5.489638574566580331e+00 9.421087355093553661e-01 2.247236938360819281e+00 3.977129347159689576e+00 3.280688409282988882e+00 5.850709859125785783e+00 7.095124448603433442e-02 9.363568128401792423e-01 6.200200127309432929e+00 2.117614450839471196e+00 2.556073898188538251e+00 1.442694385589472494e+00 6.072984412987510794e+00 4.059988780681522691e+00 3.276610079892483096e+00
3.702010613888121249e+00 5.023529878584283015e-01 2.858388861242770057e-02 2.907727429033874156e+00 1.746265990948034696e+00 5.108783516124860924e+00 2.376063006771087061e+00 3.643759227109224952e+00 4.483074312397722139e+00 7.144180155565315049e-01 3.801293999108192878e+00 5.106087771144793841e+00 1.779945352011572002e+00 4.592732658453072325e+00 1.990618327280484712e+00 1.181916108039048341e+00
4.672704473119497770e+00 2.706747194283045665e+00 3.205042286162879339e+00 4.083145648878478084e+00 1.625581739718400032e+00 3.238193330345081389e+00 1.847640037171817351e+00 5.930063483968428528e+00 4.117825561158591441e+00 4.057949778251304984e+00 1.167206273687379836e+00 1.671614808223784165e-01 2.048686591286668524e+00 5.108140101700499036e-01 4.583321999919173079e-02 6.220571288821275857e+00
2.298035813762431712e+00 5.948208263656227679e+00 4.940943814010114288e+00 2.761620442846968615e+00 4.911494312937935369e+00 5.180026367157804401e+00 3.853850570832016320e+00 1.237975127754278759e+00 5.759421043962031028e+00 3.331974209556534561e+00 1.043990745146476495e+00 3.307897934187375433e-01 4.067337116343322734e+00 2.821117926346172755e+00 6.056915865550690725e+00 5.160975216939846177e+00
2.304106810715633280e+00 2.978914545002473435e+00 6.131615604172150569e+00 4.178554880419703466e+00 3.112890573341645872e+00 2.405966938528047105e+00 1.875557394615708251e+00 3.349429634754488294e+00 1.706328831186303185e+00 5.287668890572380320e+00 4.108487880464096520e+00 2.279923398809944324e+00 5.020337676860292753e+00 4.568459119031602622e-01 1.188592589373358654e+00 1.552730279831479043e+00
5.653814348602136386e-01 2.663691665274225961e+00 6.115948935402723663e+00 3.034184049901324509e-01 2.061089640609570672e+00 5.831871478964654187e+00 1.218558091731025028e+00 1.497035647527757973e+00 1.953751156139836631e+00 3.513011043049249160e+00 1.033195197512288388e+00 4.716039765792185423e-01 5.723893687419070453e+00 2.619321931414519966e+00 6.385991006405280501e-01 4.334939488273736430e+00
4.711812336808159252e+00 3.745570365114395450e+00 7.637950550559799989e-01 5.011429017689623677e+00 1.740812686900435668e+00 1.838073081070267456e+00 3.628234771169312367e+00 1.778618306289880380e+00 1.487582124275720341e+00 2.015323091395742949e+00 1.974311661664833739e+00 3.920478911268592270e+00 3.360272792556842081e+00 2.547589931387672646e+00 5.808627110884571287e+00 1.900943887463937276e-01
3.553237065187767829e+00 4.263172081890544085e+00 4.501357157767063910e+00 3.823089900924459439e+00 6.057382252856681859e+00 3.403407285505191116e+00 5.893512242545949853e+00 4.031825109433816223e+00 4.842538255032668104e+00 3.902448393271899185e+00 1.404940728081420787e+00 5.741175080764262084e+00 2.424616322695184234e+00 4.779498504346774368e+00 4.342711517084637762e+00 2.023382734280746664e+00
1.392149843139997234e+00 5.550206397472468467e+00 3.925732454499345714e+00 4.826119777301888014e+00 2.547243443402475105e+00 5.912730432484369025e+00 5.883808552213825926e+00 1.546854257566083302e+00 4.561364123189168396e+00 3.694337610482980039e-01 1.783758033592417025e+00 1.060244466733422097e-01 2.247669105621591612e+00 4.833533856991091504e+00 1.079887865132849178e+00 1.978836933211276961e+00
2.133343716267876111e+00 4.760446827165357497e+00 2.876662207186025277e+00 4.786533313668707379e+00 1.758591262740096806e+00 4.380788220798988775e+00 1.706746138424794168e+00 3.200391540758386277e+00 4.837889626762347461e+00 3.835974830802521218e+00 2.665587453382125105e+00 4.740165183533423310e+00 4.941470383905446795e+00 5.717494711635886517e+00 3.062864662985850028e+00 1.051231874448070647e+00
3.420837491944455966e+00 1.315430922527325297e-01 2.812463070266156162e+00 4.115515806485582573e+00 5.447274437393961222e+00 2.420335841486651152e+00 5.019004866597685854e+00 2.441391771547750889e+00 2.132861623342925839e+00 6.127874052048490228e+00 4.688027250341991525e+00 3.245438666964123087e+00 5.009187731072080041e+00 5.234867342664646372e-01 4.765376321217795752e-01 1.970306865128762075e+00
1.923088996434880737e+00 1.678189838628266095e+00 4.365271519852623072e+00 3.561312640497281468e+00 3.077673572980398564e+00 4.486454861867988697e+00 1.212662470410789339e+00 4.567581434678924523e+00 3.038898034753774180e+00 6.845047961819660243e-01 2.034089031448136353e+00 1.021652230665964917e-01 1.568509069080328500e+00 6.267105214185725082e+00 5.034515124065793046e+00 2.308287120467913123e-01
3.059306701497740644e+00 5.262826703351708879e+00 3.591287430694662053e+00 2.747816319026204823e+00 2.376488039300290289e+00 2.161516002408519377e+00 1.719564186079104162e-01 1.170460534584828016e+00 3.585759786787781067e+00 5.403835383542538118e+00 2.030431762927960904e+00 5.146389145886259842e-01 2.162940304669517921e+00 2.725931675608373794e+00 5.974230386675420945e-01 2.667005650267578076e+00
4.293333251230633252e+00 4.242475326967467986e+00 2.752521041036855021e+00 5.968663063129075574e+00 5.516586331253073183e+00 5.378408630869068396e+00 2.979394269456272948e+00 6.062008164005479927e+00 4.458787034009601968e-01 3.245035634531068691e+00 5.983701753204211382e-01 4.113968623718540663e+00 4.332003784696881965e+00 6.054259565266868925e+00 2.141498382401533007e+00 4.466822395482241248e+00
2.681659396293823772e+00 5.875123003010464195e+00 5.615564175529208057e+00 1.812119434980606680e+00 5.501490275139888642e-01 5.793835754058524579e+00 3.853141445546215849e+00 5.060592369757084263e+00 2.497360015850968118e+00 1.393472369573949488e+00 6.493788958960453606e-01 2.133575813769329255e+00 6.165194120669003297e+00 2.773070701463722920e-01 5.543124112390187541e+00 4.437653791835402650e+00
4.747010118454160765e-01 5.921930874799073763e+00 3.891161703376379011e-01 4.493541337334595376e+00 4.347934658032386324e+00 2.704318701026251048e+00 7.362925489192434503e-01 2.178601641591578486e-01 3.302880106039281838e+00 1.857369652962431728e+00 5.264165003549043931e-01 3.870052538673157017e+00 3.397444614851740319e+00 6.268978416521530761e+00 4.611843773683105274e-01 4.208455877160891312e+00
6.131950153369418288e+00 1.731827520428102229e-01 1.092820424903785392e+00 3.525349994973085099e+00 2.520648869295673666e+00 5.165144418378167401e+00 5.045216636246458108e+00 4.823740367294687026e+00 4.885963353617240879e-01 2.230724085307020488e+00 1.728708231692456465e+00 4.523365876641897820e+00 2.466267488223313986e+00 1.223860231302990043e+00 1.026233006335087516e+00 2.974020080894390627e+00
3.711075227312068958e-01 5.998785526553437109e+00 5.177377983230555536e+00 4.518105276938190196e-01 4.026710537362061970e+00 1.507527917333530663e-02 1.730215213410967179e+00 5.384867792636168993e+00 1.249829848777082031e+00 1.112271308281798099e+00 2.003459999515395662e+00 4.258680348373450997e+00 2.368012160067331853e-02 3.032738982442397369e+00 2.502535184379233613e+00 9.920199946008949610e-01
2.957490272801880593e+00 4.170279165499331420e+00 2.157271060920990191e+00 4.185234914714579979e+00 2.597893262243245793e+00 3.666189752983176398e+00 2.774760392236388373e+00 4.718694396589512507e+00 7.177219481686939462e-01 3.110406609057316363e+00 6.000633718628441748e+00 5.296971271653034385e+00 3.082020133583400767e+00 3.815760624390332811e+00 5.846180846550062427e+00 5.875590386855479963e+00
8.805744007392918293e-01 1.026273015923936160e+00 3.445160399591446598e+00 9.399314980286276322e-01 3.165649396363237500e+00 2.973084998827710823e+00 5.514678628343006928e+00 1.475778302988461736e-02 2.818642382749618314e+00 1.544224362708206177e+00 2.899969376025390400e+00 2.180761497507234026e+00 2.926706017278720928e+00 2.513250180979129222e+00 7.052915131736936516e-01 3.549211020473591383e+00
3.181883560453688364e+00 3.824336157440888506e+00 3.580572080172455429e+00 2.585581969629638710e+00 6.199228586390426177e-01 1.252681662772291871e+00 4.248952268186677372e+00 4.386268981958825641e+00 1.053272948455952873e+00 1.341322677362972948e+00 4.847382983542546597e+00 1.858827758947334985e+00 5.184305166798227837e+00 7.653393486608103258e-01 4.002399031011294461e+00 1.381483288918031960e+00
