5.521487908570306580e+00 7.310776089363656416e-01 4.973800315025325713e-01 5.602955543235262681e+00 4.913165183137826020e+00 6.661975209262623876e-01 1.028859968658012880e+00 3.561759507148436921e+00 2.750037912206070079e+00 1.367042272618909760e+00 5.763279844535145635e+00 9.497350836264033536e-01 5.736023243530025795e+00 3.590462939586934521e+00 1.478749499528465128e+00 4.840849629839707013e+00
4.612655267529099490e+00 9.411044968664153965e-01 3.146682528704155324e+00 3.472429222675716076e+00 3.502903861077010655e-02 5.368095030177536309e+00 1.955030284787902195e+00 4.056068622724918749e-01 9.768719696433014743e-01 1.509372315004533949e+00 6.223990758358922015e+00 5.578667317895072308e+00 5.644439806565539008e+00 1.807005857441953856e+00 1.311541786346473559e+00 4.347140658026772186e+00
3.736980240305524337e+00 2.038969937361939433e+00 4.681976135930776550e+00 1.973736165712470791e+00 8.624260622034231050e-01 6.047106278387130551e+00 1.291538205983788989e+00 2.091380217601920943e+00 3.210533112936768241e+00 3.547149184278428180e+00 1.488202489474310219e+00 1.257502319898823107e+00 6.167744595056046109e+00 1.896000424032331821e+00 5.357592677793922675e+00 7.519229233794578748e-01
4.102910298230035835e-01 1.944875496296071704e+00 6.257474924663579685e+00 2.535422473122023401e+00 4.840011479416647333e+00 5.930009021933369873e+00 5.560930188867577506e+00 1.713529098871832579e+00 6.319350422119307531e-01 5.714213106035532785e-01 5.412958186802409033e-01 1.898831416550215812e+00 3.046167090893261431e+00 4.953863503606767082e+00 5.985404972734753581e-01 5.398508025205368099e+00
2.405481920820460306e+00 5.122909475131496748e+00 3.875953040639561920e+00 6.554512300686843318e-01 2.068409847602988849e-01 5.392507450931017798e-01 1.589394141509238079e+00 6.193533882646913291e+00 2.679936615275319678e+00 8.485771937618701299e-01 2.458176086679345396e+00 5.541093935465251086e+00 2.296484669569486048e+00 3.955555962742344001e+00 1.393730776791755943e+00 6.076994314687738985e+00
2.310876204655666122e+00 3.722903898440662829e+00 4.768054827261813067e+00 1.254360280055725418e+00 1.400168520459341703e+00 1.908810433529277040e+00 4.726090201397663115e+00 8.543328140229919931e-01 4.779425213214015145e+00 3.552065106300747122e+00 4.232052555826921747e+00 3.806840414954340446e+00 4.527952641422504421e+00 1.870970760564985236e+00 5.232193453677136397e+00 5.133376454745935291e+00
5.313535988173049951e+00 1.859628643693561345e-01 3.407975312722899108e+00 2.571964474812299617e+00 5.713063815194290740e+00 4.294693480472199454e+00 5.313252344667113825e+00 1.742701292126772161e+00 4.599759677075745401e+00 1.181179088214239226e+00 5.855252518783213844e+00 5.791998792643609839e+00 3.536486864583610501e+00 2.548244877293918687e-01 6.253386513074067565e+00 2.364661456458335420e-01
1.621264798503124771e+00 5.274326601943285731e+00 2.970842528914905412e+00 3.076664893600789430e+00 2.222160387198822473e+00 4.155307544776689177e+00 4.287838059285020265e+00 5.569858235960227333e+00 1.414914880115405893e+00 7.339325527118381043e-01 1.460481168909531613e+00 1.990891656567046253e+00 4.363359902834511139e+00 1.375434719336175116e+00 6.954119809509343719e-01 1.107385721747782048e+00
1.873887206156201968e+00 3.952292156610828666e+00 5.742168292506860006e+00 5.246297474555006168e+00 1.347815696294832222e+00 4.443685423736151385e+00 1.238097846504222943e+00 4.356891526141716042e+00 2.632013098093105352e+00 1.671708673230980713e+00 3.022899428657287668e+00 3.664941661783826632e+00 4.857159198106365317e+00 5.935828311823779124e+00 2.332400006284791161e+00 3.586711196746702246e+00
5.920431110952621090e+00 3.904037007861372643e+00 3.824803048642667402e+00 5.648255565464231687e+00 2.534352712749715408e+00 2.153322638497143338e+00 2.984557145324331806e+00 4.421477904664429526e-02 4.961137726402158776e+00 3.167046427094619698e+00 3.108271079775010715e-01 1.513512466317712857e+00 1.797710532172279718e+00 2.075430121631860914e+00 1.382531391669550302e+00 4.182691199622342815e+00
2.979763558767467124e+00 5.734241670052806050e+00 2.453595969985742364e+00 1.634739665817640741e+00 4.478122266069775037e+00 4.495376296684974626e+00 3.182717535853077262e+00 4.479264229654050133e+00 5.128862836711173934e+00 1.564702160590293989e+00 2.016248013629704072e+00 1.374815469808784663e+00 1.659675713412924081e+00 4.923551828773702788e+00 5.665857879068799008e+00 2.463728795237979385e-01
9.440209489323201364e-01 2.290437733456725855e+00 5.997861918135204640e+00 5.985810275938359126e-01 2.220305137156754149e+00 4.584992940722209198e+00 5.114107124036474161e+00 1.783812047742436846e+00 3.107352179456091879e+00 3.239694921829554985e+00 4.125765593326998548e+00 2.305359708499011617e+00 3.351298331486476823e+00 5.333386167156088931e+00 6.252927692024595530e+00 3.515568631232755870e+00
5.287632058526565260e+00 1.642832924584800569e+00 5.514640098002494994e+00 1.187876739865113995e+00 1.531749766640903898e+00 6.137312075953892609e+00 9.882031688884165277e-01 1.699906694005267394e+00 1.571802813125843690e+00 3.386167190256720083e+00 2.653175972562046070e+00 5.784494416915146431e+00 1.638613567603590226e+00 6.223203436555485801e+00 5.198077015135365464e+00 4.480719477331861711e+00
1.969640385161223195e+00 4.665604326613861375e+00 1.517626898218049358e-01 1.262668209341029524e+00 6.071005476326780226e+00 1.763916680422327410e+00 2.914145789272685860e+00 4.610565951542462848e+00 2.345354109905711582e+00 4.882355846408009015e+00 3.831249275386881870e+00 9.739601557301242885e-01 2.020497156304073449e+00 4.077443536332981955e-01 3.069755643148543989e-01 2.594796036097211989e+00
6.902534254235140887e-01 5.764303747268291644e+00 1.120511041452830092e+00 5.817574746921035711e+00 5.040353026406201309e-01 2.640695253760848793e+00 1.869490062001853525e+00 3.426522589847862843e+00 2.678535325172910042e+00 1.343921039618168223e+00 3.539856517695459726e+00 8.100597387326371468e-01 3.955728965395856722e+00 6.100593752323590913e+00 1.108140207086416584e+00 5.553588016752009082e+00
1.588550038249179286e+00 2.181623358115351241e+00 6.212403220236996759e+00 4.923395177240040610e+00 3.277257820100948127e+00 5.611384629134197333e+00 5.982606612696944381e+00 4.877267469434561242e+00 2.432424820667412835e+00 4.871316579561646876e+00 2.808649810756131515e+00 1.732646493171301039e+00 3.941664345752733833e+00 1.895191993112938400e+00 1.627905528194515616e+00 2.421844872411170968e+00
5.212429764832791967e+00 4.472709846632473507e+00 3.203307399540631373e+00 2.971233064695140147e+00 2.366989957599243688e+00 1.791574749850689541e+00 5.421776587273094528e+00 2.146040807893001556e+00 8.548267014681809606e-01 4.090267509225898657e+00 6.009538780281140191e+00 3.641475897660726879e+00 6.177670564787507423e+00 1.139221202638915020e+00 1.077430067206854025e-01 6.268233169391333348e+00
1.011904899224083332e+00 1.199128958265390565e+00 2.562814641313365005e+00 4.509073781540902992e+00 1.132219872658110305e+00 2.101689677073159679e+00 5.961389909979132540e+00 1.900696317153721449e+00 2.581114201614394421e+00 5.154214368299218085e-01 5.269721448982273238e+00 5.181156832281363478e+00 5.998999175055747202e+00 1.011662035788224584e-01 7.972249156769382061e-01 5.916688298604395158e+00
4.208910940684342350e+00 4.863253963026661353e+00 2.767730362284692713e+00 3.889557044156992216e+00 3.944268315914546186e+00 2.423827975832329340e+00 5.496383366105725976e+00 2.944294805929181358e+00 4.938002957189731923e+00 4.780034239496003146e+00 3.655029270759041271e+00 4.152055084690495335e+00 5.344015293516868326e-01 2.884983335561062567e+00 6.255059192913960509e+00 1.336738146557133744e+00
3.609205281516158603e+00 2.882879947784386498e+00 2.251526158335248162e+00 2.035455451948175121e+00 8.300396794639733900e-01 1.809334653641113122e-01 1.301159684459992860e+00 3.438764413572655831e-01 2.978188447891902957e+00 1.807407106413766451e+00 1.646487269090146643e+00 5.786640051458062928e+00 6.145255032404064899e+00 1.970982873135031177e+00 3.992137512670079769e+00 3.623868561028395163e+00
1.407670331069854841e+00 4.502078442099086253e+00 3.089665840530550600e+00 1.155391972193034356e+00 6.013988827067453968e+00 4.639227240401505803e+00 5.683731817098346184e+00 3.910294483277762190e+00 9.738895804138292256e-01 5.083735218909969156e+00 3.791836492039925233e+00 5.926763006105332465e+00 4.522021866832292680e+00 5.828156052570407475e+00 4.001134591216240821e+00 5.263224362583627247e+00
5.824251613672124961e+00 7.598739368660088755e-02 5.097000379677408155e+00 6.153303310572394658e+00 3.483789324825376177e+00 6.083694744546978006e-01 1.692809417581273290e-01 4.457026091940801571e+00 3.538916769524472539e+00 4.044076063391346842e+00 1.564670372100780416e+00 3.330310900767099902e+00 5.506114171713480943e-01 4.483724902081463348e+00 1.496431343376661616e+00 1.021047979386225268e+00
2.136286261367820405e+00 2.717412488868601539e+00 2.667332630219246159e+00 4.555633105387268067e+00 6.066163850932209556e+00 2.324332828142405383e+00 2.783788470592658104e+00 5.863331321652981210e+00 4.267750830350755642e+00 2.318397931787021804e+00 3.743549536459147120e+00 6.837926824088491617e-01 2.693452948682877879e-01 2.308019809526438149e+00 5.321027279787037045e+00 3.830086861299205836e+00
2.753621654516971606e+00 4.460811554609743546e+00 4.805090323607646319e+00 3.729385493554675524e+00 3.167690319026523760e+00 2.158030118033742895e+00 1.387962200702705706e+00 1.330039602140307142e+00 5.874281207317430642e+00 3.466221322291433982e+00 3.037096887397140677e+00 4.599106901676130121e+00 6.280748097588048751e+00 6.265717117415928072e+00 5.771522768058248709e-02 7.242571705911604596e-01
2.398679945246643685e-01 5.024553353468123262e+00 2.955129935490368176e+00 2.384800432538602133e-01 4.725687398623585445e+00 2.953678808381233090e+00 2.311019520374226310e+00 3.568772223024004653e+00 1.947377123277567401e+00 5.647557920559612477e+00 6.004926102998233262e+00 5.282073817435883001e+00 4.841223735229867486e+00 3.396576837108400859e+00 1.312213274492110449e+00 5.335493723881163941e-01
5.862056733637073691e+00 5.189405357423573228e+00 3.114220773406532583e+00 2.270722685359765958e+00 5.936482310412146690e-01 1.170418763562219411e+00 6.021275182541288018e+00 3.001469152643969185e+00 5.464547610515162468e+00 3.323767207286726588e+00 9.329560394790065159e-02 4.324567948942555362e-01 4.085654025378022247e+00 5.404125019012403719e+00 2.619204878012425741e+00 2.662935096055083051e+00
5.428149644645238858e+00 2.165843324519205026e+00 2.342441507425703229e+00 4.025421648501943395e+00 5.952663279909369276e-01 3.405175333234861768e+00 4.510906616601205954e+00 2.528154697753101754e+00 3.203453050520213896e+00 4.519059281238219761e+00 8.745121486742400974e-01 4.777996373644625372e+00 1.595498258025532579e+00 2.959143783478868972e+00 5.401128075899849890e+00 1.105634566595134594e+00
2.926914328564741430e-01 5.191160986684512757e+00 3.282398560128344744e+00 6.276268828889739915e+00 9.456780496935149882e-01 2.286409187304376811e+00 5.071830406172705530e+00 5.655596743361333445e+00 2.756970719299207229e+00 5.874181185002865568e+00 5.854021515641307793e-01 4.806099316389129683e+00 5.545151441097262435e+00 3.431047371405131052e+00 6.201080857666472212e-01 3.962758677896594861e+00
4.324907370399564854e+00 5.667392384531328986e+00 2.641503306531651774e+00 3.478389580278838711e+00 2.578696633092004142e-01 1.973577811734947396e+00 3.242859823599108182e+00 3.776849400936464374e+00 4.041067828618246094e-01 3.827135868875077840e+00 4.439104911555120658e+00 4.401407942792808115e+00 3.267652013345120121e+00 3.929674193286722517e+00 5.901299193417290034e+00 1.717752844549027769e+00
1.519279851528678060e+00 2.447168093922134080e+00 2.632492954551106656e+00 2.220206203805487277e+00 2.310331369928040779e+00 6.437134236413217803e-01 4.198957346756642117e+00 5.816126528128639173e+00 5.831886473237830160e+00 4.747141532482830328e+00 4.068034438148266041e+00 1.584922712921553734e+00 4.047822591249754076e+00 2.309443994137392764e+00 4.026436953666078011e+00 3.650845406104228807e+00
2.127857034619899501e+00 7.932566615173795022e-01 4.299617607481492909e-01 6.030121449541221423e+00 4.552231915622599878e+00 7.313265131796805596e-01 4.919361017774731337e+00 3.275343640077138740e+00 5.053888284817152687e+00 2.061606767968669818e+00 4.398062091856037803e+00 2.150043680465006712e+00 2.054700808412372570e+00 2.108199178081153313e+00 5.172289050824099288e-01 4.712704192268395431e+00
3.369574747872538634e+00 4.493977429858296624e+00 3.912159014705665072e+00 1.965535430501499148e+00 2.940195727744276510e+00 1.957905091883958448e+00 5.008602246729827456e+00 5.837174702769318380e+00 2.116185813350996092e+00 2.976054944328298202e+00 2.818905833053618082e+00 1.994254764976177929e+00 4.067270147302367356e+00 4.110571292468212512e+00 9.361017663904838693e-02 6.163999890467422915e+00
