5.061533873828779839e+00 4.456510056281288712e+00 2.688117229403523378e+00 4.455864381307573119e+00 4.983041629365566827e+00 3.624291927570521654e+00 7.081711935914292155e-01 1.861611153280278819e+00 1.941451022942076943e+00 1.567055561068201319e-01 1.672817100316420724e+00 2.320116301887487964e+00 2.439201285484744464e+00 7.814570037215512466e-01 2.471848119508608388e+00 5.022273417159919262e-01
2.856012117932642536e-01 6.057386032666741471e+00 1.860311717838802892e+00 5.319946938497746025e+00 1.007052038215055623e+00 4.224604215091165016e-01 5.289237268799294789e+00 1.793307655538689538e+00 3.502222042372260979e+00 6.027143284548204250e+00 3.172378833637730544e+00 2.428619630903454674e+00 1.035100208881646777e+00 7.953926957645692797e-01 7.973458227327356873e-01 3.422409122358081479e+00
2.905946547044704786e+00 5.016223224318361318e+00 3.582735115367898349e+00 2.556923241743223940e+00 5.933808079075880926e+00 2.791330081081854431e+00 1.209205931401356127e+00 2.764044227050814317e+00 1.006323766282444687e+00 8.147931856605711287e-01 2.522122030975593621e+00 4.430669836410278783e+00 6.167868235891972084e+00 1.077641428134219259e+00 6.040986767908139043e+00 2.284254982461447980e+00
3.664478780478693576e+00 4.257464679507990013e+00 5.577297588706814579e+00 5.931635906879550113e+00 1.208815890827306255e-01 5.745476269790031232e+00 2.108581721615172544e+00 2.909152082207127954e+00 3.641128867768633093e+00 4.385289715040408431e+00 4.879828125694584351e+00 4.164153816871571934e+00 4.948181550643777626e+00 2.967315926466187470e+00 2.554888905937927834e+00 4.847113934700094662e-01
9.028749479137661016e-01 4.544639529302116010e+00 3.100706636324815690e+00 1.152768782193089647e+00 1.265786873755145425e+00 5.726774931606670727e+00 5.844268930504226134e+00 3.970061800262806084e+00 4.202898560819884999e+00 2.714652615288806192e+00 3.166193327486686471e+00 2.896242486067148736e+00 3.339376390544754436e+00 6.052285407849251619e+00 1.514651358134550874e+00 2.190779144532324363e+00
1.690979684570427688e+00 4.248959966405139177e+00 6.260000926472983451e+00 4.373682563060070194e+00 4.874010774285104652e+00 3.280564541788109967e+00 4.264624776714732057e+00 1.100083702648753992e+00 2.634225339070023209e-01 4.736971598821890339e+00 3.677891194008713782e+00 4.028500243633596156e+00 2.402668569646047469e+00 3.968449778619224100e-01 3.431420557291245732e+00 3.536082533610672707e-01
3.316512788287373059e+00 3.874740769147549280e+00 3.613617788929564867e+00 3.011075119205844253e+00 9.941828146861326765e-01 7.445745666069685242e-01 4.677692721652806918e-01 7.657517567959951643e-01 1.189445998217262046e+00 9.356089927368994585e-01 4.965172076179631411e+00 3.746515889136083910e-01 4.353225003665237125e+00 5.673421503583629955e-01 4.605758775196678201e+00 2.125120945536785655e+00
4.844815558808372447e-01 2.551815483683258723e+00 3.624623610647223160e+00 1.097685707655548848e+00 4.701693770378713166e-01 9.302861176185672765e-01 5.228859180244718630e+00 2.538775726572391811e+00 4.964292611972972225e+00 5.755199615936444246e+00 3.544445061415731235e+00 5.106399037400442431e+00 7.626628654881870140e-02 3.639657077928488693e+00 3.827997156354294717e-01 5.715232754093097611e+00
2.073289394892059434e+00 5.575745463618741127e+00 5.402162970185252711e+00 4.456254770297976009e+00 1.617863586157828104e+00 6.959539659096957154e-01 4.794346255370520282e+00 2.755345482818812197e+00 6.118671510154810811e+00 5.030353089907323438e-01 2.512072962161836731e+00 2.643697221237739203e+00 1.841353216892072098e+00 9.778728988097625807e-01 6.057410538781585752e-01 2.158552542879711211e+00
4.597783537650357744e+00 1.959690373466004054e+00 2.962494999522115702e+00 5.780962886026918213e+00 4.406720601374819246e+00 1.579106895783146447e+00 4.787395075711828873e+00 3.071225130419746208e+00 2.527046994341974440e+00 1.646150745139290716e+00 9.683349821313815831e-01 2.750147795882959656e+00 2.438636510034481564e+00 5.679566492505298214e+00 4.021401558743704641e+00 4.497676751027301023e+00
3.077648217908658168e+00 6.753587026299885387e-01 3.675121374909843475e+00 6.093661922723121904e+00 4.647372652066540155e+00 2.641155572208461422e+00 4.190916252031603229e+00 2.875074580792291723e+00 2.850575720111843570e+00 2.643604457492374937e+00 1.197545606991311962e+00 2.151608042894106454e+00 9.089075411060427712e-01 5.174047953137682399e+00 1.543177021972569563e+00 2.988466267513140817e+00
5.371691132132199620e+00 5.940594513699887891e+00 1.631456221364880887e+00 2.911237643616458315e-01 3.719255054767204971e+00 1.257926656554723577e+00 4.377922950492600940e+00 5.337860066499930056e+00 6.225452021920753864e+00 4.248526103105673357e+00 2.740845664608146492e+00 1.159530572741056087e+00 4.510080138559782625e+00 4.948358177777949507e+00 4.975380677273145480e+00 2.019632946138330443e+00
4.423291684234114118e-01 2.814781746514289473e+00 1.219058704939313342e+00 4.860322841633963442e+00 5.752271249959262533e+00 1.598784516937031386e+00 3.014699943763894829e+00 5.451461596332572990e-01 1.409007110621551817e+00 5.957164247569820326e+00 3.025910830670660356e+00 1.628618747470300887e+00 1.910837266767367593e-01 4.804302328121952570e+00 5.765544624495752002e-01 2.334946244392962722e+00
9.893046681878485682e-01 5.957278906025889498e+00 1.922792285551511604e+00 5.442260565200172096e+00 2.168996354912343938e-01 4.888691791166428047e+00 2.932431966619948760e+00 4.193038915475365336e+00 3.770939723188498238e+00 3.023074987600234298e+00 5.655774500907489788e+00 4.317022890046581907e+00 4.557069347542219262e+00 3.603165204613011152e+00 1.201917364673156019e+00 5.071023770695668453e+00
3.858198765879902736e-01 5.158031394004397363e+00 1.620196126527255753e+00 3.983003199014287343e+00 3.028191251230257119e+00 2.005068997744425374e+00 5.269261736602618207e+00 2.089313119831488486e+00 6.562134724409516284e-01 6.258375804930178532e-01 2.848398032770013355e+00 7.871683022639817950e-02 5.427888518508774851e+00 3.901565105639584363e+00 6.223697822734897578e+00 3.290505120028894837e-01
6.227678307204748798e+00 1.791360406220849022e+00 3.455784680502533401e+00 3.376618047707746206e-01 1.444513634052985829e+00 4.281512499046260523e+00 5.954255913633119235e+00 1.673710823253945712e+00 5.990995712212343172e+00 4.812821764609949149e+00 6.208603153088456672e+00 4.673657200376954535e+00 5.220347031369639623e+00 3.129644554342549956e+00 1.632049178410315049e+00 3.192598239417293038e-01
2.128966089324967559e+00 5.306182960524938430e+00 6.251600395908948116e+00 2.947914708204746326e+00 3.584238466103188081e+00 4.740702824259783732e+00 4.967388870744503748e+00 3.077968184159829867e+00 1.721675975321435237e+00 2.751175058352751890e+00 1.901147491219984165e+00 4.757536360508979101e+00 5.059836980426361208e+00 5.955089762988461821e+00 5.581306349738309081e+00 2.472942715286939652e+00
2.640448181957843587e+00 6.176383422144452240e+00 5.367529659852183777e+00 5.834595710247889588e-01 5.439205051032534932e+00 4.385466583622076087e+00 8.546624261227468988e-01 4.298945746659390110e+00 4.222555404883754804e+00 4.841108713658849538e+00 2.496528026219241081e+00 5.271176667476709099e+00 4.086342238849425712e+00 2.955587258498618475e+00 1.564085407167294273e+00 2.273560631332395943e+00
5.269009586313790017e+00 4.206029303920018059e+00 1.717955184252551559e+00 1.803129439136486267e+00 1.057150831794163803e+00 5.249231188707671691e+00 5.350496463159461591e+00 5.488788185588700408e+00 3.988088954988304735e+00 2.740552420291313407e+00 6.151884967746671373e-01 4.686644470774399274e+00 4.334116562049756816e+00 1.082954674009632301e+00 2.454892946695286682e+00 5.902647885314422638e+00
5.510237424994307354e+00 4.441976901852245696e+00 1.034347803816397349e+00 4.195028583107225373e+00 2.150109759545480781e+00 3.732395470430158735e+00 4.656695274483096725e+00 4.728495557235453006e+00 7.615560709735940126e-01 3.088665229107237398e+00 3.899955674227557623e+00 5.443498874757718653e+00 7.935008990543919172e-01 4.243558217862055670e+00 1.808622467842750714e+00 2.845308850325475092e+00
5.457673961506841920e+00 5.629985215780171970e+00 3.252414584350226789e+00 5.347584428363783005e+00 2.973250043524266584e+00 3.851330964045972749e+00 4.815339904658287651e+00 6.057260292204635022e+00 4.512470757791006370e+00 7.299281032731869123e-01 9.024438471007228957e-01 2.053678011099971279e+00 3.058266550948041118e+00 4.902649631102224070e+00 2.510479299003141485e+00 4.951278831110915490e+00
3.510769013344690492e+00 4.587705745722081119e+00 3.689690453130427983e+00 1.994822216428503436e+00 3.324569763766369590e+00 3.804191220829631903e-01 4.302833612977147837e+00 1.463534993914451743e+00 1.315708990538485335e+00 5.980263736018038401e+00 5.593145877146757705e+00 1.651205470455443525e+00 2.260481511677302713e+00 1.200371727729575122e+00 3.981793612300675633e+00 1.884914236909925656e+00
1.194009916925734771e+00 4.065225088303419554e+00 2.374971254448382307e+00 5.052764930982910130e+00 2.008134505206423004e+00 5.632822812593182960e+00 9.589097396480036339e-01 4.720520025519133078e+00 3.838903941932344299e+00 5.781629279270582344e+00 4.747936429757101173e+00 4.888319403295575682e+00 4.185768664831091890e+00 5.250723210215306302e+00 1.351540981886251602e+00 3.202605039258203501e+00
1.431184289446460589e+00 1.179209588746377602e+00 4.413769708382806023e+00 4.213615277784116486e+00 2.206198651631598562e+00 3.875674874309214868e+00 1.042629086991359699e+00 1.942218119415007882e+00 5.653673805295825083e+00 2.592216183041531341e-01 1.851713579132978627e+00 3.366363538765890340e+00 3.996166815868789080e-01 6.082259298193276820e+00 5.159364212797957094e+00 4.273059138586881467e+00
3.139486502403051049e-01 1.416984339231278867e+00 3.084734709737755320e+00 3.196422566393289699e+00 3.802478531647841109e+00 1.781036945883988309e+00 1.950041104903545763e+00 5.842091612288283997e+00 4.259954278849820142e+00 4.804486665721415584e+00 1.887703960666613279e+00 2.132307714263876885e+00 5.327390868829250614e+00 8.718920468458899453e-01 4.031208062018474259e+00 5.526773446513638000e+00
6.099632724676024687e+00 3.791287316367439875e+00 4.835343289068505079e+00 3.581200525336035945e+00 2.721930681773326199e+00 3.852961303078510369e+00 3.436256676633470342e+00 2.376064176992426225e-01 2.214067493335755366e+00 5.802702740273525173e+00 8.950648496137034726e-01 3.400388631385347082e+00 2.812476012081535970e+00 4.256484338399272538e+00 5.359943818331009524e+00 4.603998833087960207e+00
2.674907008305407174e+00 2.872828691645653354e+00 1.669903184567689491e+00 4.987401959943094099e+00 4.202413239662732281e+00 5.766508681355255739e+00 4.478986208148763914e+00 2.759267588389819004e+00 2.356881063526856668e+00 4.631525648031209919e+00 5.697974233488548812e+00 3.412915124273011358e+00 2.016597405251225439e+00 5.880513696778333355e+00 5.469061885249390187e+00 4.938272445374595421e+00
4.797239900592688677e+00 1.330559277032511645e+00 5.324048961648107259e+00 1.103048110615830524e+00 1.829200683851244680e+00 1.043651699220931484e+00 3.784913982958290291e+00 4.430992216263160088e+00 5.660148430262991859e+00 8.201773250506897428e-01 5.407370295615374189e+00 1.461958986373696756e-01 5.287006064950172224e+00 2.004718942064639187e+00 4.323436487942435846e+00 2.905726719428632698e+00
1.410179542516209583e+00 1.052193655271505213e+00 5.462908549277562642e+00 1.732094070607733238e+00 6.704139665406906312e-01 4.994845084662490997e+00 3.759977340220817421e+00 2.435554956402214533e+00 2.070272167003322838e+00 2.066852180928039573e+00 3.318704151953884907e+00 4.951717793528277234e+00 2.263707471868176668e+00 1.786557828598980269e+00 1.356857661737229215e+00 4.944757203812635282e+00
5.605804971097445133e+00 4.215680333542291436e+00 1.358836219930477762e+00 6.078796991271432582e+00 1.302064024594709601e-01 3.225620989937040939e+00 3.140552368887068901e+00 5.481954528614351174e-01 3.591014828438216622e+00 6.313004662677302870e-01 2.453486247583128860e-02 8.302294562390479804e-01 5.548039824598078873e-01 5.657645243349892716e+00 3.743389767226477094e+00 5.249906957497628035e+00
1.140754530454446830e-01 5.626539900025837149e+00 6.274666227296311405e+00 4.955688708622622007e-01 2.351125103290826246e+00 4.879054670644302760e+00 1.815202083769231312e+00 8.667115879278123325e-01 4.334510939235988403e+00 2.029265918175270578e+00 2.987347438458060278e+00 2.123836749183233064e+00 1.564177674533536289e+00 1.695478191553242864e+00 2.060437236044580178e+00 4.145682564581305130e+00
1.048166708987011031e+00 3.899300337092053148e+00 2.039561002144215873e+00 6.224154954426324160e+00 3.762308409808313936e+00 1.585671192794060769e+00 8.851408881749166513e-01 4.910364020787064909e+00 3.857530420777900204e+00 5.908366760550147312e+00 1.368328175799401025e+00 5.132023189395188645e+00 1.000454164472873275e+00 5.575229767352747778e+00 6.079029071657680916e+00 5.420615852357991926e+00
