6.362768106980418725e-01 2.831300478141895116e+00 6.781341136620108179e-01 5.708759364867475483e+00 5.487735750749977548e+00 5.111180806786124187e+00 1.391601013745480619e+00 2.391304504365256101e+00 9.044051821898313470e-02 1.341538197380225172e+00 5.500655669435810857e+00 4.919401978234795081e+00 4.594949671551685100e+00 3.160035493254663708e-01 3.019337809931907923e+00 3.267557365033825878e+00 3.149867213461796212e+00 1.021784835500480382e+00 5.103177242776223643e+00 3.171012051733899106e+00
5.111244741318954343e-01 2.572314784702329701e-02 3.754649313126086074e+00 7.237258774439767617e-01 3.872310156954460236e+00 5.082135389053212826e-01 5.648672778330541266e-01 2.306405005109239681e-01 4.081880773810160790e+00 3.687142222868065922e+00 1.697732222752464271e+00 6.157367511763589540e+00 1.946055309931622235e+00 1.290831936006981540e+00 6.185089709359926857e+00 2.661160482118118065e+00 3.043464734785253256e+00 3.993006888915459296e+00 1.744866442597746037e+00 1.074232135255124065e+00
5.510676724381928793e+00 2.769150552454526792e+00 2.703822742770368048e+00 1.118959379743886595e+00 5.122472269318659066e+00 1.024442197838599578e+00 5.816738835253198125e+00 4.242955334096378373e+00 4.485532675721528584e+00 1.663667602676010882e+00 2.970639714415279187e+00 5.120683315562591709e+00 1.265697260953137226e-01 3.467715135022944040e+00 4.374527061946337447e+00 3.249847261935741916e+00 2.207349306319601023e+00 3.369268098986164528e+00 2.459385868130255393e+00 2.763844253337974788e+00
3.082893696179066279e+00 2.455213448498655637e+00 2.528477847856909211e+00 1.074558343553041251e+00 1.286309404814883317e+00 3.795416926859849216e+00 4.609387035922717146e+00 4.329630388516379824e+00 4.242174119143069078e+00 5.441541849146053877e+00 4.400573087600891498e+00 6.641401485077957911e-01 1.042394339388939439e+00 4.665565603588013310e+00 6.167014759036584692e+00 4.156381703871820932e+00 6.042443311609598133e+00 1.567535989751809744e+00 4.080575660573397379e+00 5.012771735386100325e+00
7.750323664650701216e-01 4.080784968226072729e-01 9.580355237550628456e-01 2.791333904906040608e+00 7.710217808627566338e-01 6.538494195460010650e-01 1.398837313796362780e+00 1.041205621398512804e+00 3.930345973318200015e-01 2.062310062403545530e+00 5.023542654524535855e+00 5.619921158210404499e+00 2.823409437065385497e+00 5.862738206807875940e+00 1.690204406758027300e+00 3.359443026915647224e+00 2.639711421554542525e+00 1.018994784413576937e+00 4.781444617575434819e+00 1.258522640633766621e+00
2.936752937121697160e-01 5.579191113449194717e+00 3.664880540566796352e+00 4.784269254107123004e+00 1.471238980716939926e+00 1.957491625849928363e-01 5.063938591092639108e+00 4.805826225046736511e+00 4.308727089794107457e+00 2.041720365312188201e-01 5.774510669689329134e+00 3.196524742053788781e+00 5.233011176716557689e-01 5.631663556848752528e+00 2.507928097826999547e+00 3.691103056494068113e+00 2.033585396863768935e+00 1.442286495099579291e+00 1.296639176159979812e+00 5.590794651555280659e+00
5.931874314860871023e-01 5.631035310799290095e+00 5.691650218669216166e+00 4.270177196538288200e+00 4.985861456174283113e+00 4.162433126921561310e+00 1.922088463601073105e+00 5.534896493413739016e+00 6.826128003205566008e-01 5.278324158904276864e+00 2.021895290438222137e+00 1.116424411481153234e+00 3.345653492043688004e+00 3.922095043758290434e+00 4.647008139431637375e+00 4.622949987070210653e+00 6.224045685547666018e+00 8.072727263449709367e-01 3.960764689312490816e+00 4.039856509417647956e+00
7.964905306889316083e-01 5.100155608641464333e+00 1.213407543411418654e+00 2.894329082387795182e+00 2.119157571272907159e+00 2.747680596507291906e+00 8.703796821861099486e-01 8.844978491028469003e-01 2.484802634083487671e+00 3.517107325676776419e+00 5.650278235067666799e+00 2.825123576181196028e-01 2.353101681656789790e+00 5.549912826044711700e+00 5.205554549571038692e-01 3.692001883697431097e+00 2.455351112826415161e+00 5.182340723095042456e+00 2.897519844288353852e+00 5.757513009019907813e+00
1.149885144649700042e+00 5.485599677178575106e+00 1.950666548142924617e+00 2.256336873554781963e+00 1.339150678222719826e+00 9.673513821772322663e-01 6.016163795103445899e+00 3.512950528635895520e+00 1.054403821731591417e+00 4.202279160709194272e+00 2.525624561436983218e+00 5.091772576459306698e+00 4.319529673552761295e+00 3.725240011400365869e+00 4.328744414241469052e+00 1.879954020602321085e+00 4.577141101044568394e+00 2.852749627946884026e+00 6.717995250122442696e-01 5.847401036886442860e+00
5.610705949422358785e+00 1.006920913450137345e+00 2.750466071611221253e+00 3.290438168271345276e+00 5.145719118687260618e+00 2.568011226053444673e+00 8.826254221874338945e-01 1.886978139233908225e+00 1.825819788685721701e+00 1.051079689556661423e+00 3.677693775473274140e+00 4.886996467994572768e+00 1.418582167657699733e+00 4.559114034531734028e+00 5.617240231007763818e+00 1.680956299474882343e+00 3.511419379867833257e+00 1.687139058246825973e+00 1.252580623979716590e-01 6.439008070062709477e-01
4.206603730460071411e+00 4.313469974855621558e+00 2.870508871829898556e+00 6.266194366477617628e+00 5.604930103297180999e+00 6.261422050870648626e+00 5.933106207446163793e+00 4.730974292876924281e+00 1.182075357113558267e+00 2.869870340174237811e+00 1.130191758074867936e+00 4.343436040876487603e+00 3.793177837804232677e+00 8.941132667928636257e-01 5.173280476176076448e+00 5.933670613610998679e+00 4.649723808214121235e+00 6.009844700030170017e+00 3.871942691980652107e+00 9.589093697446862130e-01
1.861920536730267584e+00 6.245623197464349907e+00 4.226453607107607979e+00 2.540393310304768448e+00 2.742267000385174569e+00 5.536209835093298004e+00 1.171526797653320850e-01 3.272419904951867409e+00 3.976416140134114041e+00 1.477484760352492987e+00 2.245170118967829143e-01 1.276379624109729605e+00 5.746972011805851821e+00 5.193941485493145827e+00 3.821427254579678134e+00 2.069224514521716518e+00 1.396377319178382370e+00 1.801809790187650195e+00 3.913882480611565295e+00 5.583528795439246295e+00
4.300436930728218421e+00 3.103324585858343809e+00 1.871123109583286759e+00 2.858798892567286476e+00 5.431711381551410645e-01 2.222547503300857374e-01 4.200058425074996826e+00 2.996486309042157847e-01 1.146670952844107028e+00 3.643339076524573894e+00 8.341614392831987745e-02 2.070248171287072836e+00 1.178489439704626829e+00 5.302959277291461326e+00 3.035477684773644658e+00 1.123931690571116748e+00 1.758822146650577123e+00 1.963430361123954526e+00 1.044428111143653082e+00 4.785287230279775539e-01
5.152870888370759239e+00 4.448582078240038290e-02 5.695216233945915363e+00 3.340254192263866884e+00 5.537652352175036263e+00 3.043690359022220626e+00 4.991980528356142699e+00 2.901799719636215080e+00 1.499387431278412119e+00 1.442667813171383706e+00 2.159119783644427137e+00 3.621471617919743036e+00 2.908282824591680527e+00 5.755097944190005421e+00 2.696612952575746291e+00 5.616295195723752798e+00 3.479620537696535010e+00 4.948896130918094549e+00 2.288776833341061856e+00 2.065114800033373221e+00
6.160750474762065387e+00 1.980894533564545590e+00 2.950138453774852731e+00 1.350717565874189008e+00 1.234765046275132283e+00 1.571230164424201936e+00 2.417891915912895318e+00 3.096276106861872268e+00 6.078590895176200881e+00 2.607695964221531160e+00 5.153952121261652586e+00 1.903187095852182820e+00 1.995138685114451249e+00 5.462165138606523307e+00 2.772918424250586433e+00 6.347258699804767534e-01 1.316579683139264434e+00 2.945212244147533909e+00 2.046198375977055672e+00 8.977477672107372908e-02
1.786101617883656845e+00 2.810726866617197395e+00 8.708280780941378418e-02 3.535737905271882031e+00 5.760640947957704761e+00 4.207486812758770789e+00 2.563562696560381937e+00 5.658796188583449016e+00 1.363835193753236696e+00 4.868278854619494389e+00 2.570130663134862825e+00 2.452021155068575542e+00 2.709262163835707948e+00 4.064641200664587117e+00 5.558074511039463594e+00 4.261246707314633397e+00 3.846841559187427428e+00 5.308382250028598648e+00 3.355983398870795664e+00 4.366983442656168002e+00
3.214732283388822776e+00 5.525853228342310075e+00 8.055783649182717276e-01 4.779915577628369050e+00 2.682289810977447786e+00 4.435478538832300366e+00 3.846799940452922062e+00 2.099296687346035917e+00 1.370590144422815460e+00 5.174347157443011547e+00 4.459534824825267307e+00 4.108122240248917478e+00 6.073047947643197553e+00 1.044093355065634610e+00 5.259081279885481131e+00 2.727227766306842049e+00 2.448062790926233134e+00 5.257609828003486641e-01 1.264612538430991417e+00 4.960334064379952501e+00
3.324098794498384635e+00 6.002325112948230235e+00 4.410809974213220741e+00 5.418624619843797063e+00 1.823483261057048166e+00 8.344806675427115517e-01 3.828659171374230841e+00 5.184040370407569043e+00 3.716640414894820665e+00 3.694086692118645487e+00 5.063660979071083368e+00 5.591846355525140311e+00 1.126867500610726935e+00 4.850335105506369260e+00 4.134262756472216971e+00 4.706276609046859960e+00 2.259501574729764872e+00 4.287456469812719995e+00 1.811791761342147478e+00 4.144728711866744852e+00
6.390896089802259317e-01 2.207507553538198941e+00 7.338916137508887383e-01 1.993315105700768308e+00 1.629262888297836331e-01 2.551578870726880943e+00 3.449168280207624004e+00 4.075298547703001262e+00 2.595141220137706650e+00 2.728827936988346803e+00 5.193528316210510809e+00 2.686782967895270158e+00 2.835940622399330202e+00 4.792367841183205357e+00 1.770365457550154842e+00 2.798713365019540156e+00 3.530560257484630871e+00 2.331597084832375266e+00 2.629082212249864714e+00 2.014169222629659028e+00
6.194108071262713899e+00 1.216294790822442851e+00 1.049753191503725480e+00 3.925456866876576800e+00 2.182021223749980532e+00 1.976452958867814136e+00 3.641943155175718094e-01 3.537979037236326452e+00 5.136331124661476011e+00 4.953127064030270893e-02 4.963275025202904978e+00 2.296719092540619123e+00 2.414306241086268567e+00 4.500600325171403959e+00 1.911332779306837093e+00 1.129343648329403704e+00 5.570827052828918324e-01 6.021164813204466171e+00 4.328948685228853677e+00 4.554062297886683375e+00
2.983123792741589675e+00 4.132266419184024819e+00 4.287652353735389998e-01 4.163932620633061354e+00 2.200087599007030992e+00 4.354697870339831134e+00 3.530518973055688736e+00 5.364296670235283671e+00 3.811379925796151813e+00 2.041929406789190882e+00 5.429233611240364077e+00 4.928535556828530062e+00 3.270276377583334781e+00 2.569686450050530535e+00 4.653439903200795591e+00 3.720808973962696609e+00 3.825717641399774216e+00 5.600697559327195985e-02 4.494573057139771954e+00 4.753839035067160879e+00
5.972099891544087491e+00 1.278152241938024236e+00 3.439300522636564494e+00 4.797129726764612023e+00 4.277762758129687981e+00 5.560180830096159710e+00 9.883955329288637293e-01 5.838806882209697235e+00 3.934402167346579549e-01 3.019911395681175836e+00 7.727285742391009071e-01 1.172083803342868880e+00 3.424472504672515072e+00 6.178454370043335864e+00 2.140653093326669421e+00 5.974798257782443223e+00 6.400726039526134503e-01 3.455743289994704259e+00 1.920831384325923041e+00 2.404828025538777059e+00
4.923293294404425424e+00 4.520057517317436435e+00 1.602334856901532545e+00 3.856085078637456753e+00 6.162731359983418145e+00 4.356603999351569279e+00 3.569139307375726045e+00 5.941373846999386643e+00 3.369674479338988338e+00 6.230657129657850568e+00 5.457603683818025075e+00 3.369752766151053791e+00 2.320540828883983497e+00 3.034262100598252410e+00 8.508010756694923959e-02 1.981276617494982295e+00 2.116130103361400838e+00 1.022043536684158260e+00 3.117886584982432652e+00 1.951265569003580280e+00
1.128989786397490480e+00 1.114083115922250844e+00 5.838000222396693140e-01 2.666506540425541250e+00 2.978053409825142772e+00 4.323821703288450724e-01 3.116973906903246938e+00 2.799983761823989337e+00 1.368595013241324709e+00 3.860004204534398742e+00 4.094264778657176862e+00 4.874245927048422189e+00 8.929266928662337177e-01 4.938570032619487016e+00 4.572384312247733007e+00 6.232490820042257518e+00 3.611078944086176357e+00 3.031035726457693702e+00 4.892299321290628278e+00 5.680422103766360031e+00
1.083851937052487946e+00 2.052998341399567384e+00 2.572748451649951917e+00 2.596353029638863052e+00 1.445621133813618009e+00 6.086776580082950971e+00 1.318705172199097886e+00 4.645900654239852656e+00 1.743480066567580034e+00 2.083412793061967250e+00 2.992991235137478334e+00 4.893182132199123124e+00 5.561855328968491996e+00 6.032064943095625686e+00 3.983427994223720958e+00 1.725028904659132722e+00 6.019855197009422731e+00 3.537802178209526804e+00 1.811175970857712203e+00 7.079559017991216008e-01
3.571470762542249489e+00 2.460308285996568145e+00 1.074694438316081246e+00 4.079483639664504224e+00 6.093700110262252334e-01 3.870801042791708557e+00 3.935759241898794336e+00 5.165994776868049199e-01 2.219402123898201573e+00 1.909331111912086598e+00 3.676896462804760901e+00 1.982161963317588205e+00 2.232100260345364351e+00 5.238000202193028088e+00 5.671457229887159279e+00 3.282229942189119676e+00 1.784893069349541062e+00 1.928685261775589854e+00 3.945868154427811803e+00 2.465079120908624244e+00
2.026725148146432676e-01 2.584185559377748298e+00 5.717525189963672538e+00 4.917282071236002139e+00 2.421816334693171480e-01 4.826834503352099404e+00 6.105334873481154112e+00 2.018849638394295987e+00 4.589763720050199503e+00 8.259486590630649161e-01 5.391075845935407784e+00 5.589457628330632311e+00 1.825219259304893260e+00 6.214308825279800885e+00 5.394011748060188793e+00 6.974483190580129666e-01 1.334075616612189652e+00 6.227730413462742032e-01 2.829291082137464386e+00 2.389779095493517413e+00
3.794902337437684042e-02 4.920839558995464103e+00 5.971916228713531005e+00 4.816094974348519742e+00 4.518294149558079731e+00 5.667784386348100334e+00 6.198144492734102506e+00 3.270589814622627767e+00 1.685799519946872271e+00 2.986152672294292820e+00 2.055120834754142756e+00 4.787857917109104022e+00 3.183059313329868356e+00 7.550199556248983201e-01 1.640572169093533983e+00 4.741441844311970577e+00 2.284180777497209380e+00 3.371145176894243090e+00 2.425942296348396976e+00 2.418578980277547252e+00
4.808366452152098347e+00 3.883134546072834148e+00 7.954898259147923784e-03 3.807099898943157257e+00 3.433038206891493527e+00 4.062783365813855241e+00 3.417753663246969165e+00 4.746317978591822140e+00 1.512642979751948724e+00 3.739288011278115942e+00 3.920659966804195928e+00 1.980831717545485926e-01 5.702424597161884101e+00 1.677808955748752773e+00 8.681621666888590383e-01 5.085775860493341877e-02 4.747422131656897193e+00 9.152960997692836109e-01 3.004923844841362879e-01 4.718200313852418226e+00
5.419220398473428624e+00 4.562817783813243544e+00 4.483465082933824064e+00 5.008627817482230071e+00 2.054334147059738047e+00 1.325867661406565201e+00 3.312439756312272721e+00 1.573415773922601790e+00 5.556515991990785608e+00 4.186359039515568092e+00 2.314564656789207309e+00 3.733157864640549439e-01 3.245974093063324073e+00 2.263723894778145951e+00 8.388151640569239120e-01 3.823696602517545617e+00 3.690194294425353405e+00 4.868250695094748087e-02 2.072147962995372961e+00 1.851557953757312136e+00
4.401486896389013026e+00 4.029083751571706173e+00 5.367310089208285007e+00 1.670547381547709653e+00 4.803242657424287465e+00 5.348427872152480944e+00 2.423051681323921347e+00 2.009013723427579112e+00 1.110443751866931672e+00 3.456941617047257220e-01 2.689307150656955248e+00 1.312893345536271017e+00 2.847033575516253467e+00 3.990996650292887526e+00 3.818963160968789516e+00 1.172478397491702129e+00 1.760852558774850030e+00 4.101110310018787342e-01 6.243912330318791781e+00 2.542120355390265818e+00
2.274856675330684475e+00 1.991836140344709571e+00 5.063741805116456440e+00 7.770234519885146351e-01 4.971745008525755516e+00 6.005353146694423216e+00 5.927485334093619329e+00 3.500560230589990773e+00 4.075372843509738274e+00 1.831102004813885520e+00 1.706920927470546800e+00 3.780000035905664912e+00 2.368383708066208015e+00 3.681535013112921639e+00 5.249201276753948875e+00 3.029763663546903185e+00 5.835523045331319381e+00 3.875228975033982337e+00 1.777377425066396510e+00 3.044431306400076753e+00
