1.489033262736756402e+00 2.135920338218112224e+00 5.767992479154742114e+00 5.967765379238416656e+00 6.659142275982831150e-01 5.129947721488701262e+00 1.281144520281917609e+00 3.336086109319372550e+00 2.816318313912567817e+00 1.030944644474621086e+00 3.453148470162190620e+00 2.948200097341258985e+00 2.914319343442270394e-01 3.309707661438191728e+00 1.939126079072288844e+00 3.946818411246171721e+00
1.800764520503576938e+00 4.874940004546684413e+00 2.635540160487193084e+00 5.654238621850761204e-01 2.523942079164782637e+00 4.153166448407591416e-01 2.234029148551811284e-01 5.289390645637240596e+00 4.934006523645253495e+00 4.374557904114191764e+00 1.773754252719968116e+00 3.607749825181598702e+00 6.240328023742854668e+00 1.626065151877576831e+00 5.480581418506972113e+00 1.735302688617673228e+00
4.187455121418151016e+00 4.575825828333960565e+00 1.824308760853663447e+00 7.077421096132944234e-01 1.947814502308602425e+00 1.651834210959073068e-01 4.224964749747372572e+00 3.574928638082994325e+00 4.580642869089464497e+00 6.215024944784637295e-01 3.520105446892240586e+00 3.877659987573270683e+00 1.566624663095122216e-01 5.003338971812928193e+00 4.060475923506959184e+00 7.904539064659930891e-02
6.284673399470908084e-01 2.479776863346705440e+00 5.527189119144829910e+00 3.725431949209383475e+00 3.632932925073565578e+00 3.325721111204364089e+00 4.282505054480203022e+00 1.381849567732670314e+00 3.819522587030939498e+00 2.470810117581780041e+00 3.401677335731368768e+00 6.297431113550543136e-02 1.932936468860511070e+00 1.648823367343119628e+00 3.793950349856531012e+00 3.518848415292240794e+00
6.121612434481185971e+00 4.818977416157255611e+00 8.210055110035490156e-01 2.197674661263157248e+00 1.213581970376101271e+00 4.800551006894505868e+00 5.897672909615150338e+00 9.186897336862317465e-01 4.141355545250133829e+00 5.223656239867005446e+00 3.850952063641360557e+00 5.585761342684508968e+00 1.751053661192469635e+00 5.063496417370851432e+00 4.017458708337033890e+00 2.226349123032598243e+00
3.383564939939842198e+00 4.821606332220580882e+00 2.001230084442120472e+00 5.608060347378876820e+00 8.154248225957143603e-01 2.194734117942592988e+00 3.352981893153923920e+00 4.384478749602275904e+00 5.453883043595926239e-01 6.244190385628543893e+00 3.909250431253786240e-01 3.771309331530633191e+00 1.903150237843106218e+00 1.897399745479616318e+00 3.503212621080171285e+00 2.156906837325466508e+00
1.582366779183425332e-01 1.590521376031384770e+00 4.158163767891490004e+00 3.166296327939748689e+00 3.057877857666654098e+00 6.562387645609522036e-01 2.503730501164305178e+00 4.848333538790392971e+00 2.454299471750448269e+00 2.032319677099769351e+00 3.219962249007608079e+00 4.486655832133469524e+00 4.158895985738803591e-01 3.829654000186492269e+00 1.719799109246596291e+00 5.461649415997126056e+00
6.098877333130515055e+00 1.364192354723444467e+00 5.903307163428833881e+00 4.315176008388548645e+00 4.114012827693850127e+00 1.144687924305729104e-01 5.613146982508790961e-01 5.773729127377724701e+00 5.950118055572269915e-01 4.923339207197783729e+00 4.033858653924997206e+00 5.429106954601483181e+00 1.846140102509301384e+00 4.038509766691101177e+00 3.343128813461770044e+00 5.263506282549613502e+00
4.896608226312067380e+00 1.844381560019591193e+00 5.504832729992538809e+00 4.203744473032964279e+00 5.263511312834210365e+00 3.501369475074464610e+00 1.257141816975924753e+00 5.182557026701298142e+00 6.093816627629555782e+00 1.837190462920166079e+00 5.484997731137697397e-01 6.079079443968511853e+00 1.579898961818347658e+00 2.343030694404418135e+00 3.627607930376184342e+00 4.838498259581392347e+00
3.947017370642203815e+00 3.110962972674089055e+00 6.148951490070296844e-01 2.014928864365762573e-01 2.755717790427995695e+00 6.180383621584416787e+00 2.163002939356041043e+00 4.943347477089292674e+00 8.871645582600898861e-01 5.954493619854225095e+00 5.705720033443411943e+00 6.108184502414776063e+00 3.878980285039924425e+00 3.717103546718814489e+00 6.171056031354956062e+00 3.045258977725147087e+00
3.778707681894936110e-01 4.623481430128268066e+00 1.498904790666648834e+00 4.797813504248229499e+00 5.279425512068877779e+00 5.332344937927323558e-01 6.168573468733299592e+00 2.109567739545459286e+00 5.255584178608869728e+00 4.322021166753183263e-01 4.809119712199372287e+00 2.652493280815470644e+00 6.266081716652182720e+00 3.526420974497386229e+00 1.109923229204919259e+00 8.371119451868765937e-01
4.769074294075873688e+00 3.445576095024696972e+00 3.779661816695422338e+00 3.036284088159239225e+00 5.461668185826519917e+00 2.721725787659785012e-01 1.667999278809589203e+00 5.200025604654329392e+00 2.959540622499939655e+00 2.114310688022406737e+00 3.492939028456058526e-01 2.205011095993302528e-01 3.900604556770811193e+00 4.197609091526429026e+00 4.686645041578739956e+00 2.023318972952900641e+00
5.477763515142288320e+00 1.429704640779538405e+00 1.282340177145859572e+00 3.707765440492186038e+00 6.065175918486291451e+00 5.274049494618057388e+00 6.099234179709903669e-01 1.521572283176763518e+00 4.873319351425575263e+00 8.858150302311679214e-01 3.588101842645071482e+00 5.753215115544088931e+00 2.470728709209025542e+00 5.841589111212278418e+00 1.698173289513593920e+00 7.905844593375458418e-01
3.186394869086607518e+00 8.070609822849488246e-01 4.989873093077361155e+00 4.107684660008249722e+00 2.378177494036239015e+00 4.174519705494831534e+00 4.552275943880085052e+00 5.911998305573893830e+00 5.072934221766469243e+00 5.484495998127154159e+00 2.657481469765122228e-01 1.710060110637200648e+00 3.567411813758221140e+00 5.275497892587272197e+00 5.405801770081823499e+00 5.363148588756526003e+00
3.452402000472560406e+00 1.880481978633234519e+00 2.557727139277269579e+00 2.291484052663797399e+00 1.941057626451663243e+00 2.530617767789143269e+00 6.205119937412089115e+00 2.713991568299281898e+00 3.710435396713974932e+00 9.735702971169492015e-01 3.307790386000342142e+00 2.523411943051484752e+00 5.832798864752111734e-02 2.782036288184660311e+00 5.026747397805260142e+00 2.529362539935566367e+00
1.164051360219727771e-01 3.844456106997970579e+00 6.097482733883412553e-01 5.110532986494718877e+00 2.110444823804043857e+00 5.645838121699032541e+00 4.647042005979201917e+00 5.020087300902357441e+00 8.988864127807684179e-01 4.282303016921049199e+00 3.449531423114467810e+00 1.211826515510192159e+00 2.832129294367435879e+00 5.076483673047629708e+00 6.099960789097986336e+00 2.258065536496773440e+00
1.341491390858697841e+00 1.136799110044626471e-01 5.409277147260184826e+00 9.471532319192182969e-01 5.299479341928061693e-01 5.201031477954907167e+00 2.288753557853178577e+00 3.888602246612670399e+00 2.189880039337562145e+00 5.130874035399885180e+00 2.142634366233095111e+00 4.820947983053730290e+00 5.520474145710003278e+00 3.972212940668093495e+00 6.013543307038706764e+00 1.085267311828939540e+00
5.906557413270994594e+00 6.134492617913241297e+00 1.805083305087588963e+00 4.522386089896600403e+00 5.316732909664092510e+00 3.087535169499818988e+00 2.976084992457490142e+00 5.741115423948522256e+00 1.578376126415395486e+00 1.863910142779930057e+00 4.847572432096782791e+00 5.385938131212160140e-01 6.090504778626374183e+00 4.430560069623802555e+00 3.749461973311296603e+00 5.819851499350001234e+00
3.694866040899484450e+00 5.814754454679157192e+00 4.507797843044936692e-01 6.076379636342656987e+00 2.514335925544688877e+00 3.194576096586093428e+00 6.194359129787567753e+00 1.428645954370647786e+00 3.902777449439868818e+00 3.644901350394992967e+00 1.841400739880276971e+00 3.693706723620375776e+00 3.960592808339785886e+00 3.387146096186689270e+00 1.505380425219237317e+00 2.331616318630177265e+00
3.887315171623340504e+00 4.869260638587993739e+00 3.610404163627033203e+00 1.736599027355094194e+00 4.319845402659654887e+00 4.722968764907863104e+00 1.866520243406309676e-01 4.209793090153215456e-01 3.595611004548975309e-01 2.575914555142554629e+00 5.574201853649212168e+00 5.384582427413881156e+00 1.625842850201493661e+00 6.053395156630127616e+00 2.167433853438826663e+00 8.822831548653030653e-01
2.191767740153647726e+00 9.658243664018710817e-01 5.320488600259773548e+00 2.792423498364914325e-01 7.177395321638764258e-01 5.224443076578167977e-01 5.483284562382818805e+00 2.397909213886720625e+00 2.129459471915224444e+00 1.407391991860864167e+00 3.738226589988379311e-01 4.841093569884716175e+00 3.131619875814604992e+00 4.966221133773413010e-01 5.677890689854331541e+00 5.621483584410697176e+00
5.800418146635912819e+00 2.798283554597832179e+00 3.344959309189429852e+00 2.826274708062724628e+00 1.301858174989451999e+00 2.876929744033262182e+00 3.011508550813860374e+00 4.340159470636221428e+00 1.521193162601924609e+00 1.371785662418050222e+00 4.230820280199765193e+00 1.258821250185407470e+00 1.452967127472303055e+00 4.642517639163377119e-01 5.219753530617576409e+00 3.924779870663883230e+00
4.417287132541864558e+00 1.119455281953237596e-01 3.975497083172492285e+00 2.246885530181483404e+00 5.729376918501393412e+00 4.141823942405079784e+00 5.261739213790323610e+00 1.258022658418241901e+00 2.878767155160516511e-01 8.850622367663764367e-02 6.360526856143023933e-01 4.903727052350024707e+00 1.641688320409137258e+00 6.066238044509569605e+00 4.552469230373620057e+00 4.681174002719858812e-02
2.406577923516596051e+00 4.953328556949421646e+00 3.810494627961835246e+00 5.085833675086764316e+00 3.779461530757094678e+00 1.086863487336506839e+00 5.302290210515296920e+00 4.581524873398290509e+00 1.983695864691250144e+00 2.538202566935105486e-01 6.023240975574420730e+00 1.337133153687475318e-01 5.970239812934512447e-01 3.544133553299553707e+00 6.170852983641018419e+00 3.498939196719120126e+00
1.701371980812653950e+00 4.155972601381831555e-01 3.255363384888031231e+00 5.132274939574817951e-01 4.847839506538825560e+00 3.670418987209962403e+00 3.208761942782038634e+00 3.768362062480560493e+00 2.364294209516964340e+00 1.453290588252053039e-01 2.166289515298543827e-02 1.923598772012439229e+00 5.438920421192414700e-01 3.314285823717956880e+00 2.599724126064872465e+00 4.402418486588324242e-01
6.034496724755842756e+00 3.137166004158141952e+00 8.310418894874242735e-02 1.635071380171299493e+00 5.661414837144645773e+00 7.716475542707461333e-02 4.694205235857030090e+00 1.754809771273065033e+00 4.964099831133348850e+00 4.847184581089118538e+00 7.206822363802312115e-02 5.017475228346055083e+00 7.282659613684283606e-01 2.125693469746942288e+00 2.765455965500767554e+00 5.699866660906052651e+00
2.785889750992867064e+00 3.347439831735558702e+00 4.962787135668420113e+00 5.086191574929670445e+00 2.196993483378516743e+00 5.077929178628001416e+00 2.401159473364929742e+00 4.037172565003186442e+00 1.435982910002806257e-01 3.739566284436258936e+00 4.734523628246334326e+00 2.472032196473981980e+00 3.609503120747310501e+00 5.365427309544999801e+00 3.570942765625006121e+00 8.179450235161982441e-01
4.466589809153491686e+00 1.333491493088178048e+00 6.241988776282307860e+00 5.430155695100628677e+00 1.726257440203612159e+00 4.482391245129410784e+00 3.919313298265012513e+00 3.231883033087060153e-01 4.618425622657393426e+00 2.773147325064744262e+00 3.283536061782269755e+00 2.001271666231655644e+00 3.813856888244107513e+00 1.685044354034616942e+00 7.761111651135020884e-01 1.139958604042307977e+00
4.069187358645283581e+00 2.437442265495593841e+00 8.654813116146468088e-01 2.623665353283149315e+00 6.445117073910799910e-01 3.618471609795567367e+00 4.398929238120158125e+00 4.354147792452438104e+00 3.578991313180375222e+00 4.259148326645584959e+00 5.255052213741749689e+00 2.840680865599441329e+00 5.864774238397354900e+00 5.888593185639821037e+00 5.064304621380704141e+00 3.934495783129088320e+00
1.328758924399562780e+00 4.562631414398124474e-01 3.720122054471535655e+00 1.207262831715922635e+00 5.283775940038238694e+00 4.286214521880037154e+00 3.610292938865936385e+00 1.952793627423893952e+00 3.953845275386624003e+00 4.707399080696760052e+00 3.991395445453121277e-02 1.987293909418322624e+00 2.874524939231709375e+00 1.796530531875546233e+00 1.266464857939612720e+00 3.029428862337602002e+00
6.150642447165107107e+00 2.865370060378472639e-01 4.595052880917876337e+00 5.105793471122493266e+00 1.423258268986150821e+00 6.218842627106166532e+00 5.092558921415232476e+00 5.365910205304740721e+00 4.739755590416499409e+00 3.775829020941866787e+00 1.642282865996142815e+00 2.749863344023753431e+00 5.174113905573429761e+00 4.997602543406842734e+00 1.213238786399856384e+00 3.045413764125820322e+00
1.830174769288159586e+00 3.894841831310848157e+00 4.035486098822596901e+00 5.665458319282760336e+00 7.145400200287823633e-01 2.730861290136113340e+00 6.194398786860545236e+00 3.353753648253076758e+00 4.179579184434192740e+00 5.386111223295467987e+00 6.068844341316323110e+00 6.416422719573637856e-01 4.922812987931859396e+00 2.512159308335544239e+00 5.259850223262132474e+00 3.286554675435672035e+00
