5.920633978611482995e+00 1.803628441085407319e+00 8.740913577201123164e-02 3.051344452412668051e+00 4.213502622466359648e-01 2.152634396377150205e-01 2.644724759462370844e+00 5.412387923282907742e+00 2.844035352393242455e+00 8.559966710341114782e-01 3.900493727467753580e+00 3.950700471169090733e+00 5.550526791304549512e+00 1.625204049687408281e+00 3.619509458790455714e+00 1.162789374820842880e+00 1.915894330998301864e+00 9.379234967590614758e-02 6.021924193659624613e+00 2.037261642128938899e+00
3.460216578287118150e+00 3.299689346407014501e+00 4.538077789520394312e+00 4.291294004566791997e+00 3.464190010416329013e+00 1.311144659440522497e+00 2.672720578169549555e+00 6.035438318827878845e+00 4.781194475213450978e+00 1.940857192815110155e+00 2.646869619779387062e+00 2.546989128762493060e+00 3.754277548587126478e+00 1.381403796213947599e+00 5.743644848625832466e+00 4.304653612217014036e+00 5.598509324007287624e+00 5.616238664646718171e+00 6.128272127646865464e+00 5.047842790406567026e+00
6.125614756174825537e+00 3.443729021356464415e+00 4.780907229727787033e+00 5.993525477829393822e+00 4.836765798895611645e+00 3.250152282603420151e+00 1.791880335601050422e-01 4.234817577982988190e+00 5.565226257942149424e+00 5.688583856208786482e-01 5.560453631723874857e+00 6.201746326779082885e+00 4.308709894871532775e+00 6.021417030915793056e+00 2.866653709618247614e+00 1.119424236009902263e+00 4.331792667221802340e+00 5.163109051276953965e-01 1.852017813946774671e+00 8.524759961612283776e-01
9.558451324901974244e-01 6.199879637409090094e+00 2.962462076048201887e+00 2.568681000105724754e-01 4.480705148887493827e+00 4.892116937476911787e+00 3.143733870077466630e+00 6.256475711926372085e+00 1.683616412378469818e+00 3.319132743749226844e+00 9.996427847519728793e-01 5.222171688624703378e+00 1.111844395791653284e+00 3.693065697863111563e+00 5.417974747763082632e+00 5.801704557457445510e+00 6.224030520316358839e+00 4.740079826261380802e+00 2.703495162315834310e+00 4.120178600738078067e+00
5.256800162610051785e+00 6.028151654710658391e+00 3.542813349152167390e+00 3.314059494078720469e+00 4.690969230309996796e+00 3.866382343619526818e+00 2.655842583226710740e+00 4.256050404989013103e+00 3.283332359235449083e+00 5.298222695273762106e+00 4.715151097928337087e+00 5.193720761564135202e+00 2.981039413402909233e+00 4.714019491714862120e+00 3.326704552713520613e+00 2.832268560574656480e+00 8.422227215580339044e-01 3.230535936888777382e+00 4.664862673318483921e+00 9.978322292524901549e-01
4.678503493847087746e+00 1.987961157315711658e+00 2.575312077243531172e-01 5.552312912671150125e-01 2.039824900479309644e+00 7.204760994620740266e-01 4.218540882747245035e+00 3.975085346405719200e+00 3.584446851970891634e-01 3.664548809836368104e+00 4.982045650815357440e+00 3.519254597036160170e+00 5.408709697037964226e+00 3.658696959821722494e+00 1.780949492120948108e+00 6.995317555111663088e-01 1.364319728111362817e-01 1.578380999404237928e+00 1.692322907527318065e+00 4.963241322094206431e+00
9.910406684650610587e-03 2.217824350370701580e+00 3.544166066337782528e+00 5.517394773851820311e+00 3.470948224392133241e+00 5.812028277343040950e-01 1.992509932412442897e+00 2.237441875077641917e+00 4.514551160450391620e+00 1.669421115881033924e+00 6.176643449880187653e+00 1.215954708705146547e+00 2.174695517127621436e+00 5.019526520766362410e+00 6.395730812521209785e-01 4.412759709954523046e+00 3.755424911732825333e+00 5.835859999168785173e+00 4.275067809566471588e+00 3.667209711509396453e+00
4.210939170946726429e-01 1.632845550032216542e+00 1.336094308895717786e+00 5.687260718554862926e+00 4.877484393920022754e+00 5.121709885432170317e+00 1.040835402459157955e+00 3.990670766324172725e+00 2.396331499153004696e+00 2.145372152630472817e-01 2.535179002201065845e+00 4.409071130485909151e+00 5.504021545544670602e+00 1.475245224567592883e+00 2.559689990601482723e+00 1.513011468180466501e+00 5.609049196527711167e-01 2.002045693919531022e+00 3.984477679777861603e+00 1.367501877808005861e-01
5.143859450600170469e+00 1.339854421131902118e+00 1.600614563331439255e+00 5.589852230884727824e+00 4.695204489920227431e+00 3.209762041915579012e+00 1.419595027479741534e+00 1.271754970119584716e+00 4.777278769258877844e+00 3.444966590977363574e-01 4.369116819952822972e-01 1.644837275453414183e+00 5.312495036739846022e+00 5.364111720691142615e+00 3.248692329750458185e+00 3.080901673944331343e+00 1.730807412756111718e+00 4.554054184222983359e+00 4.090948854563944970e+00 6.278634478036400957e+00
3.120295199169515588e+00 5.643079243333650297e+00 6.227996964228831978e+00 4.164465679928504471e+00 1.303812405661959328e+00 3.112472954702917516e+00 2.749385249113489582e+00 4.902070807679880460e+00 1.036086647459943721e+00 5.745381586027807685e+00 1.540506740833005539e+00 1.004096992178098668e+00 4.512426259830315978e+00 4.833504651766636906e-01 5.035932544080119477e+00 3.628882800908719286e+00 1.886348533826248230e+00 5.621480791488097317e+00 2.045221924256044765e+00 1.442778453010180817e+00
1.224648171718234924e+00 2.735182883872922854e+00 4.854774716695323455e+00 4.191433864368817375e+00 1.499413843321060869e+00 1.774925222602623753e+00 6.118104076140213898e+00 4.169002751868583267e+00 4.000521123796551670e+00 5.510833258317380690e+00 3.446725103947455793e+00 1.643436479809897918e-02 6.155365772287565207e+00 3.805291496555528230e+00 2.263147442251571828e-01 6.071747840854730960e+00 3.012223767069476921e+00 4.716950448295615494e+00 4.037862760328398082e+00 5.544246273911062062e+00
2.272567825946687048e+00 1.220802444477343762e+00 4.387834805151727302e+00 2.206113612496388043e+00 5.106240445364466751e+00 1.225400355180948031e+00 4.600413898025662363e+00 5.454044640904429642e+00 5.996809323414074910e+00 1.656956703898210481e+00 2.390683989571312562e+00 4.199241286892428704e+00 2.061809183052495942e-01 5.051228431684361420e-01 2.514720129590951037e-01 2.163543037927406321e+00 2.684029957112179510e+00 2.238162898496858233e+00 3.290816819800715942e-01 5.131213291194367976e+00
6.114003331729214175e-01 2.302801705343403338e+00 4.119958051165061974e+00 6.518767246870865728e-02 3.736140441470899187e+00 3.644494061597433721e+00 3.464552466422423205e+00 1.617253663120034046e+00 9.317535255789519688e-01 3.162837798378697607e-01 1.939992577332486423e+00 4.263618515145479293e+00 2.774981610103756324e+00 4.278796489440523487e+00 6.005145742159431421e+00 2.486225197807484744e+00 4.947118209281350154e+00 5.180573037767810973e+00 5.010594893156952168e+00 5.301968843517171237e+00
4.552950065337242336e+00 1.966787092919193514e+00 4.639550923439096586e+00 3.185503546891009563e+00 5.862277166124402195e-01 4.917184776077842656e+00 2.348229890742799864e+00 7.319746094488502330e-02 4.382758002850842161e+00 6.010330101044829121e+00 2.025325245743526015e+00 2.309035492057278927e-01 2.841648631631406463e+00 1.250160254368505863e-01 2.854798431601793585e+00 3.450309963545250547e+00 2.344384501766417106e+00 4.253295984639377636e+00 3.539418351226343518e+00 3.079224566247544814e+00
4.701618033785864625e+00 2.726505606022697759e-01 2.331866492755913622e+00 3.197818400735271904e+00 6.084411277297171239e+00 4.040894953920274091e+00 3.499570982775570993e+00 4.384029083728283038e-01 3.812362634457156840e+00 3.270465630126297540e+00 3.420229921536960038e+00 1.536911047465789326e-01 3.187325888659421125e+00 7.398166359135016634e-02 2.412004775493466813e+00 2.344566356330931356e+00 5.831150238420651277e+00 3.620678948043163370e+00 3.654502903613210840e+00 5.635533906860560549e+00
1.329422777268784328e+00 4.896766068538384253e+00 2.926654985287576505e+00 3.650737191030075657e+00 3.322629524276639490e+00 3.146014656073192750e+00 5.237640240903455258e+00 3.753369109124716996e+00 2.079631390233545929e+00 2.660578814703232764e-01 5.675488319169500251e+00 3.499813738254303086e+00 5.724053260406407162e+00 2.876344486311899651e+00 2.716946684083968222e+00 1.242324280686270654e+00 4.070187756507574584e+00 5.499105514025379726e+00 5.089765096448894965e+00 5.350331811065848875e+00
3.355406930807993238e+00 2.153297093763042458e+00 3.412597695519453911e+00 4.063877213182539805e+00 5.580797905714330653e+00 8.385230075563601115e-01 5.362109584208417878e+00 2.361001512022840032e+00 2.282490110020964913e+00 5.338241554711941284e+00 6.378766948597869302e-01 4.532982877034338109e+00 6.036478816352749632e+00 1.030227593306930700e+00 3.045921035456669479e+00 3.691782133398332499e-01 6.261954560783891566e+00 4.665027632437125149e+00 1.249741636784587495e+00 1.251516199789749040e+00
5.047681971204598383e+00 4.965762897389681463e+00 4.638637769627400154e+00 4.754024674723257071e+00 5.246890751108269413e+00 1.563248842288844642e+00 1.580821452652121595e+00 6.168122731597089015e+00 4.722486937031254328e+00 4.100637370671992521e+00 4.417482969380087887e+00 5.071267640365946683e+00 1.561727988756611563e+00 5.198999036314322364e-01 5.426012014963140784e-01 2.259556179637722262e-01 2.746683429697692969e+00 1.869885334794702203e+00 5.527600412818864939e+00 5.958089387851094543e+00
4.599413803168458159e+00 4.536324814930826399e+00 1.694167593748630851e-01 1.772471831153018984e+00 2.506348863889291234e+00 5.209023599360953050e+00 1.011740835891813850e+00 4.603323572212083548e+00 5.806744416634027850e+00 6.058500784100529835e+00 1.357910928062104006e+00 2.006437571953274990e+00 8.731955387919800859e-01 5.696911943795242905e+00 5.986680576772838158e+00 6.178870288013337486e+00 5.117656827766946748e+00 1.090965744398152859e+00 1.036991736244079920e+00 2.821850419236972662e+00
3.303450757893565126e-01 4.422441857201214965e+00 4.838160299024050204e+00 5.481911931359833012e+00 1.972726188442329165e-01 1.303997914480115705e+00 2.632305131881726989e+00 5.028695989835869185e+00 2.197671754004851596e+00 3.416965273115103230e+00 3.864159542375437795e+00 2.181436701896833252e+00 5.163882324099403398e+00 3.771668336623333229e+00 5.672038569858474766e+00 5.921995579351715833e+00 3.226920156087026648e+00 4.227240641628347007e+00 1.471760558876956226e+00 2.765263584915345074e+00
8.619547413123435087e-02 6.053571645289167691e+00 5.978537835492545582e+00 5.547843412264344742e+00 3.822251877764127226e+00 3.636734688664083226e+00 9.185956948499041097e-01 3.132477513272453162e+00 6.359682745070822929e-02 6.588866657876677468e-01 1.115588406675605437e+00 5.161836045165617115e+00 4.884105782043700827e+00 6.168368709750328804e+00 2.606494901619603732e-01 4.625854618280146546e+00 2.120482076553692696e+00 1.231301331314985870e+00 6.237359157996071879e-01 2.895546053910189599e+00
4.961532753964615239e+00 5.827303748014615259e+00 5.055409418509897002e+00 4.176134403453523269e+00 7.625247792459249885e-01 8.598608499543640704e-01 1.311068437737036296e+00 4.837068627723427383e+00 4.287264473285765654e+00 1.537664374758686670e+00 3.386179915860440648e+00 8.788372639527176622e-01 5.795619038246059951e+00 1.632025448763136787e-04 1.190943233955535696e+00 5.448362075981857622e+00 3.017526710331952078e+00 4.809748235462658172e+00 1.954653306645872224e+00 3.945089126215668873e+00
4.440216944153014267e-01 3.753785586002268637e+00 2.136013505971632753e+00 1.023915784308229604e+00 5.940103631011879770e+00 2.119576955345977343e+00 3.604018495164971192e+00 4.158551842432888002e+00 4.961294768331247163e+00 5.498277679987134015e+00 9.069236357600799492e-01 2.390535055467133407e-01 5.769769923806310707e+00 7.394691450513355413e-01 3.114929527609892723e+00 8.647830334590659307e-01 1.997370450184061896e+00 1.520646453570704049e+00 8.744030783310881016e-01 4.077681447623322519e+00
6.113703251312558429e+00 4.686184363622433402e+00 5.968000342121847268e+00 5.026182531548716526e+00 1.457557347202804943e+00 3.301974550756647808e+00 2.791772253305841112e+00 4.255886000329926588e+00 5.016165531025075452e+00 4.521198428660044399e+00 5.908237772994414660e-01 5.483436777186645905e+00 2.546707625041247702e+00 1.851207239138910499e+00 3.453397567786306688e+00 1.799933489804174391e-01 6.086985011021979197e-01 5.195456689741591028e+00 5.890004349847134613e+00 5.717883899164806216e+00
3.451917445139529139e+00 6.750293225062573566e-01 4.770417597388293962e-01 3.541948472358336542e+00 3.674524278819651713e+00 8.717646583512311809e-01 2.940641115138199702e+00 4.787113289989901155e+00 5.816446917814049655e+00 4.722467757105761166e+00 3.412468787595907660e+00 6.128726239429636458e+00 1.272179947736634009e+00 2.850212680123133779e+00 4.149280061957730581e+00 5.521057977460552380e+00 3.737559297664557745e-01 5.337852976551546114e+00 3.078508361101252699e+00 4.694348348191709874e+00
3.433990887202992948e+00 5.123933008197750993e+00 4.726022715775535232e+00 6.681689690882790522e-01 2.234444416662187738e+00 4.141588058388665949e+00 1.027630762090053107e+00 3.044326946851443338e+00 1.488034062296043958e+00 3.090435791416688838e-02 3.083915174868617548e+00 5.098770861386201503e+00 2.984102678746094472e+00 5.709476655661189781e+00 3.932430968288310180e-01 2.563256166499085165e+00 1.797097227730334312e+00 3.704792601208393599e+00 6.280919863739978126e+00 1.973074211226336638e+00
5.861230992746804702e+00 5.849759710263895407e+00 4.217978853266971306e+00 4.336455903225763464e+00 3.784601005333512624e+00 2.608421861812234788e+00 2.962527827784219969e+00 4.679351845922666620e+00 2.335928296151744021e+00 4.339316734566440736e+00 1.424997303139330596e+00 2.036572632498130364e+00 4.736746377550252518e+00 6.243157438066021747e+00 1.693851046500685520e+00 2.134084837419206515e+00 1.061680389132993785e+00 4.575799143302181626e+00 2.264496982789125923e+00 6.082775103408962103e+00
2.052454993150504059e+00 2.669272257887820743e+00 2.210874149386549359e+00 5.435557110144380921e+00 7.133253320547334742e-01 1.553325910907825680e+00 1.189802285591660569e+00 2.443589694549879177e+00 3.258068736383332720e+00 4.749496185355366329e-01 6.016591932617337157e+00 3.788452708498287524e+00 1.422883404149825726e+00 8.713791248277000800e-01 5.631291878147776764e+00 3.967824139290077934e+00 4.428113952883261817e+00 1.314999662076356435e+00 1.977824702439116455e+00 2.772776063600987939e+00
4.827581617310457318e+00 1.770182596083039961e+00 2.557536546429685309e+00 2.073664007394266484e+00 2.427642356960614034e+00 9.342850373005467945e-01 3.551098632704392966e+00 1.971963861558098552e+00 3.123756508498824136e+00 5.267065953351244723e+00 7.201467174443548780e-01 4.610237431687369103e+00 4.231807135134056930e-01 4.414976957868102403e+00 5.278157255291987759e+00 4.682638510151061695e+00 1.926772532784063907e+00 4.412766063495189961e+00 1.684117104937834730e+00 3.636113618245744750e+00
3.983535766844145787e+00 5.529340026550583431e+00 3.551983606966330864e+00 1.895866965137375848e+00 1.525533879586938313e-01 2.037928238569034212e-01 5.906626371357643457e+00 4.110044940427392213e+00 3.493395419601009078e+00 3.749563050721937074e+00 1.808172119519014798e+00 4.375143014522809182e+00 4.831532821913290476e+00 3.080544945079840335e+00 4.804236202602952588e+00 5.044969830937453992e+00 4.698944614664605446e+00 2.674542787208772365e-02 4.434792624398593119e+00 9.626944047762944212e-01
5.906499078098021549e+00 5.024070844929966029e+00 5.483998165281517956e+00 1.497229132202837487e+00 5.899334191597583654e+00 5.827168611556050593e+00 7.617498958465397374e-01 3.848000322884367552e+00 3.327732262192019785e+00 2.683403923525391033e+00 1.828253001958721313e+00 1.879930463763806792e+00 5.766035830732843870e+00 1.114197111782262661e+00 5.481332068075687403e+00 5.639533408825688987e+00 3.945956899677041108e+00 2.413506674700055255e-01 5.781414326770244472e+00 3.152275723257434326e+00
1.216162277183472584e+00 5.609497589273806817e+00 2.655651196509519085e+00 6.258616728614393665e+00 2.148524911918027414e+00 2.785034665376906471e-01 5.920945281810414684e+00 4.210924908682230239e+00 6.190092576338177999e+00 1.276536644337281423e+00 9.366756097969678452e-01 1.495094378539905122e+00 2.338741294026991824e+00 2.927816031513997608e+00 7.668198953825334785e-01 4.951463238161850633e+00 5.370613842478801914e+00 9.082077586240137057e-01 1.381281216894344688e+00 5.102751846006653658e+00
