5.361430246945613654e+00 5.669545811578232453e+00 5.456786323235395919e+00 2.011116525964860902e+00 2.505416652732606497e+00 4.062239013174597346e+00 1.151317318663675149e+00 3.496933034201607615e+00 3.399077616576459793e+00 5.093812802127840378e+00 1.979462209925304084e+00 1.163129985997761601e-01 5.613565829433592391e+00 4.491359048126161824e+00 9.865886814796620552e-02 5.745595646159322278e+00 4.944037479375860578e+00 2.331968568950633924e-01 1.900133376425802378e+00 2.958044651469424302e+00
5.264389940013426639e+00 5.411769320799015404e+00 9.661622827318441242e-01 5.615024099346677566e+00 2.299124432468298007e+00 4.849179473139055396e+00 3.384219966478578812e+00 1.716081884391962742e+00 1.553051177632599700e+00 2.472630615739400461e+00 4.033369768885646245e+00 3.198385196587425483e+00 2.874796792541637336e-01 3.676532474034385434e+00 3.785969833580085098e+00 6.183113870037927562e+00 1.650015502682936619e+00 3.086766939561393919e+00 1.191216252445991941e+00 4.427543597260704011e+00
3.093761166188976119e+00 3.166324999415038199e+00 9.352816724242117852e-01 2.938604511978977651e+00 4.192343006316101017e-01 5.824169700105442438e+00 3.935739841318314447e+00 3.288398147073306355e+00 5.403383429487088607e-01 2.636864212826995679e+00 3.427291913410833057e+00 5.187790975144335626e+00 1.264463860137392537e+00 2.483001996559153657e+00 5.687302061772773421e+00 3.408216571384428129e+00 4.027206542399127009e+00 1.545601036731972133e+00 6.819474224442436672e-01 8.260621731634496534e-01
2.147406534101726994e+00 3.132005418478172931e+00 4.935924189369467641e+00 1.008266998823009603e-01 3.548869464357743198e+00 3.048101060442113486e+00 1.116418619592282724e+00 1.407593860027045007e+00 1.108717031457222557e+00 4.632701037061234928e+00 3.694773498666672484e+00 2.182981190930080473e+00 1.999797888376041888e+00 3.024137852698590478e+00 3.673428697724069547e+00 3.148765555675755667e+00 1.263445747829473165e+00 2.089782063357768394e+00 9.272751517704982405e-01 2.461905440504333686e+00
5.262339618768440808e+00 3.212570025823061393e+00 5.170330743296302600e+00 5.863601688843669280e-01 1.700534041691379894e+00 3.789085279096626735e-01 5.149376402185688484e+00 5.315529958267831034e+00 3.163513949360699518e-01 4.737097289873168471e+00 8.553379821103369585e-01 4.429080577583713207e+00 5.644201359567472487e+00 8.122974395614951382e-01 3.857370137367641671e+00 6.106234755874986320e+00 2.816660196071476108e+00 3.154248356209037762e+00 4.135779502665569929e+00 8.197670789930543433e-01
2.393580994624139979e+00 5.329459766801551091e+00 7.976576471389661416e-01 5.352328346072291687e+00 3.484883721098849807e-01 3.968135130027410362e+00 4.188231058965071085e+00 4.454488886596850605e+00 4.243367624723564546e+00 7.716371924881360034e-01 1.383671942146048162e+00 4.090685670709897082e+00 6.243090665738671774e+00 2.605244588498455638e+00 2.153091176813597851e+00 1.400664789838133917e+00 1.070266607975137285e+00 1.378981987381001195e+00 6.196687186739712416e+00 1.466317132112010535e+00
8.391286781596635214e-01 2.307686268986606670e+00 4.849061018905090337e-01 2.753726884011255649e+00 4.693519159278807251e+00 2.652866997065816523e+00 5.465988567011533128e+00 3.127578496934455998e+00 4.956053635135462265e+00 3.914203222182281117e+00 7.787876268587770046e-01 5.591153903020590121e+00 3.508102660959924041e-02 4.765913854661552485e+00 5.353227613416087216e+00 5.615108255772220502e+00 1.314735944929042333e+00 3.558141583538417585e+00 6.066058688743828142e+00 4.877367782594089540e+00
5.673039710228874988e+00 4.708708897355251111e+00 3.294028881097453620e+00 1.172861907168563089e+00 1.238002251414734856e+00 3.928033401340621289e+00 3.153083464224054389e+00 9.032359936220136776e-01 5.943989158506715498e+00 5.950166444611316052e+00 1.635964112889715327e+00 5.752047607929910988e+00 5.248536467173163800e+00 4.159224382444357104e+00 3.691577962837101268e+00 3.709588800218627913e+00 2.497841739186819510e+00 4.656484214133991273e+00 5.679815993756546000e+00 5.111651801461928990e+00
3.821611548637867450e+00 3.951004400793277638e-01 1.813085992731896967e+00 1.974706144771776639e+00 2.277459543933491037e+00 2.764687292686445197e+00 4.015341120127588148e+00 2.264934441242515639e+00 5.760245974466911889e+00 3.971733692835033747e+00 2.953771939771986155e+00 2.373860310496835879e+00 5.078227879467825723e+00 5.125901312776712793e-01 3.553909328150053337e+00 2.585713763666041221e+00 5.553799970038123313e+00 1.421842795015358998e-02 2.514655184065741178e+00 2.545219265951360388e+00
1.513851299481510315e+00 2.816323746406138806e+00 7.426519348507122364e-01 2.750566605353758742e+00 4.368596465561418007e+00 5.559586773354745048e+00 1.875916373618009336e+00 3.410294008414586298e+00 3.983807325089217422e+00 2.715890141996039897e-02 2.910808462405649610e+00 3.656670422954007460e+00 5.196869536051074157e-01 1.069415735346604057e+00 2.688209521198578589e+00 5.033682230127369372e+00 4.689786641970377090e+00 5.836051017012516162e+00 1.754915056403919538e+00 3.399429409210393604e+00
5.945704611964891306e+00 5.388672954212939681e-01 2.302891917540369260e+00 3.865341130177749052e-01 6.268958944359125374e-01 5.384896871798240170e+00 4.591070608423814647e+00 2.269481842086357837e+00 3.781770142300343807e+00 4.910402493578744920e-01 3.266447310217768241e+00 3.805289018203678708e+00 1.638064193444726646e+00 3.446675633058940313e+00 1.734187891547632310e+00 4.056319476337383989e+00 6.431971729904946145e-01 4.937051204175133989e+00 1.886818419176980122e+00 1.955957936467963787e+00
3.524582908598700826e+00 1.160071963735250566e+00 3.162769603010215036e+00 3.683343044903164110e+00 2.887066753272755193e+00 5.851768496855148882e+00 4.109532104859654922e+00 5.377602907160071943e+00 5.721937230078148140e+00 6.109529607603146673e+00 6.529196868606209660e-03 3.617516598713634401e+00 1.181933841286971099e+00 5.222667811354238410e+00 2.629100365735963951e+00 4.565427248044565900e+00 5.443515932849242844e+00 2.558310066731289467e+00 2.406569594032465176e+00 3.438861615235698999e+00
7.872941739836505359e-01 1.007644764352805034e+00 4.480946733946164606e+00 2.786623276803558369e+00 4.219667318035041248e+00 2.713126400077829903e-01 1.514111439986485230e+00 9.289302188189115794e-01 4.353306172606527191e+00 5.054828591287011674e-01 2.388798429077900742e+00 2.845912816972210546e+00 3.790271154695001421e+00 1.847384767300194186e+00 1.561234666099865498e+00 1.420610128596002886e+00 5.569657160292502240e+00 6.888798832850265841e-01 4.417894235430876115e+00 6.046574674537878558e+00
5.095668500640971210e+00 4.376020264815367433e+00 1.597942000710726784e+00 2.273068775194146407e-01 5.820359031148245599e+00 5.276148850242183386e+00 3.691558024908494051e+00 5.762863484368377920e-01 2.064020989553954077e+00 2.493480202700927961e+00 4.066425433041944260e+00 1.745791603847261175e+00 9.937293373082324299e-01 1.166207494585183690e+00 9.505668342244896207e-01 6.016391038983583961e+00 3.072727685977762135e+00 3.638708512701615216e+00 4.013231210232632407e+00 4.786439348624460521e+00
4.059910711899059166e+00 4.682822446836964581e+00 3.631981883238211140e+00 4.026652111448558280e+00 5.579767397062579626e+00 2.167027763969420651e+00 2.586474466095869840e+00 1.043750195942246828e+00 5.273881985729122590e+00 3.635373796857765516e+00 5.659655486359626231e+00 3.750034262360103288e+00 2.809400730929652923e+00 2.229416512617352186e+00 5.376047956172802955e+00 1.223027480005798751e+00 1.766233149376500666e+00 2.141311135759872641e+00 2.202760700091398682e+00 1.451429054668513130e+00
7.011872120386616336e-01 4.145014880417075886e+00 5.370163660223298052e+00 4.037274492296707429e+00 3.943208923571788205e+00 1.312445629870297337e+00 3.006328948398115930e-01 2.097777598746691119e+00 3.965984616464081292e+00 1.333118691150135371e+00 4.935248742269262578e+00 2.791401030608585909e+00 1.323847321192469506e+00 5.882685077905057014e+00 1.642866890395214163e+00 3.166959054168633880e+00 4.324307049393306457e+00 5.589202049319717425e+00 2.674655035365590461e+00 3.431416980695813024e+00
6.100673990203056896e+00 9.725759078397520074e-01 3.566593525737924875e+00 4.604060309893844405e+00 3.306793518474447691e+00 2.858683246245690146e+00 9.479740742191035130e-01 4.629887631068918985e+00 5.644981427324126777e+00 2.129129497305390917e+00 5.829646785832991007e+00 2.177649140607798905e+00 6.229839995796213614e+00 1.145733006484678906e+00 5.462964656178241896e+00 3.229133070490251889e+00 1.496849439532750070e+00 3.230343823763816236e+00 4.052737692899239796e+00 5.930924587436427586e+00
2.274007930125554022e+00 5.724642170033336974e+00 5.032155843814196672e+00 3.728680898744447969e+00 7.860017785860911044e-01 4.944142856156032551e+00 3.261167975723383350e+00 5.456122739453531656e-01 2.184139513867742188e+00 5.527557699440640571e-01 2.321076189150494518e+00 1.731445248801603665e+00 1.103761597156162171e-02 2.974547762052839328e+00 5.703689364731396871e+00 5.360826591245270833e+00 2.817006755987423006e+00 5.649750502845592770e+00 3.911550987037880400e+00 8.005204984131704116e-01
9.469441212605773650e-01 1.805383096391295128e+00 2.631499981814195088e+00 5.932592013154036614e+00 3.548461212199947479e+00 4.988740309658296290e+00 5.432199984382804381e+00 5.929915981933429059e+00 1.826973005169167052e+00 3.576530581901131711e+00 1.849369999508924112e+00 5.118511844917910114e-01 5.757659339044026048e+00 6.203450852575999264e+00 1.068079707176604831e+00 4.779624982963558644e+00 3.680114747287236643e+00 3.901701547798937852e+00 1.436049566626310892e+00 3.580046654857243493e-01
3.491966110565375203e+00 2.510987276832937765e-01 3.387795366298748334e+00 1.346431851453239847e+00 7.376801687306934197e-01 1.799952725560685751e+00 5.445481784377113499e+00 4.889822301526653980e+00 4.198144693040561926e+00 5.500958828403948786e+00 3.137948960234719475e+00 2.327545172035087262e+00 3.817327663446538288e+00 1.833244672392278174e+00 5.042115420876895904e-01 2.078343914117101843e+00 5.577177583054015564e+00 3.619740829525153636e+00 1.397837721853405268e+00 5.352633693570217233e+00
2.887442022945947873e+00 5.158106199648353041e+00 3.346958959906300990e-01 2.993699491784421962e+00 4.795749691616048693e+00 4.888429363236816427e-01 3.492032246051419708e+00 2.403941740968225105e+00 1.366395802862255815e+00 4.636133474521435538e+00 4.577080978644627152e+00 3.875308526974177159e+00 3.071724038314980643e+00 2.552215094107372975e-03 3.723855999338899547e+00 2.934235471411798191e+00 5.919797841142349526e+00 1.476272322533727643e-01 1.000477642687823021e+00 2.158652765901509785e+00
3.966937378888727661e+00 5.075456293785203243e+00 3.054287142978461045e+00 6.201264549884061950e+00 5.872077175336383625e+00 4.508485836804187130e+00 2.217377552300290322e+00 4.407687463039349218e+00 7.897617058674821777e-01 1.176420809375668952e+00 4.484034943087038982e+00 2.991275313950726655e+00 1.692812757836549498e+00 4.154531423736761653e+00 4.278040259179133109e+00 5.436980728603149515e+00 1.238469933397897016e+00 5.477625463133675154e-01 4.303058943441236295e+00 1.004218260160550713e+00
4.762124309887753593e-01 8.333029382012582253e-01 1.078958842482880653e+00 1.737926746119670796e+00 3.579340737543657447e+00 5.817611567237626069e+00 2.167732664843518564e-01 2.794666747650042193e+00 2.920019709590978785e+00 2.342864575259964166e+00 4.704709846451410327e-01 2.668161457900404265e+00 4.596773594061800416e+00 5.018655775114734041e+00 5.232042920145054232e+00 4.566496380637180330e+00 3.367372061405788042e+00 5.641066562368127535e+00 2.501182163420060167e+00 1.461488616873033886e+00
1.510687812673739971e-01 9.057616004411995769e-01 2.481229588109985063e+00 2.145109484961126523e+00 3.968564022797651525e+00 1.531054922660304518e+00 1.451192994533751168e+00 3.408913470725440042e+00 4.788218030691526295e+00 2.747905151375780619e+00 2.486397679192569599e-01 5.368937721260499174e+00 1.290466595774930836e+00 5.240053589849907212e+00 2.164487140087048456e+00 4.425387256435722172e+00 6.282126645715409907e+00 4.192677608732260808e+00 5.306676632094370349e-01 3.638085464062917218e+00
2.441190408675910639e+00 3.664354425086066236e+00 2.045149062870687651e+00 3.290605689526021838e+00 2.900326115655722070e+00 4.842859460281777828e+00 2.198451728725984822e+00 2.962374018599060577e+00 2.733129850642309844e+00 4.144533761366816726e+00 3.360975951420396513e+00 4.869369294008386362e+00 5.577917125429870282e+00 3.179029753040115924e+00 1.084984200989713155e-01 4.018508987880255567e+00 5.074928163861771147e+00 1.012799249122414841e-01 3.558670881733091651e+00 4.740866568108434986e-01
3.603174954625557591e-01 2.442879717484485624e+00 4.997059584699185208e+00 2.792639486606184551e+00 3.617647745625739653e+00 5.605000857645761947e+00 5.863027848874216019e+00 5.298422039245321180e+00 5.688767439416246852e+00 2.542396357464100198e+00 3.154690483085949460e+00 1.886604055132197200e+00 6.110494290217850732e+00 3.874144845893813027e+00 6.131254296808505977e+00 3.657913462768524582e+00 2.167900515076571999e+00 5.067624309459811016e+00 4.807749362689646588e+00 3.132623756693470263e+00
3.173362332359175753e+00 3.249905773522161923e+00 1.833787308099130042e+00 3.615214623195926791e+00 5.761110905542282445e+00 2.876516898339556594e+00 9.265727790278686093e-01 4.865333783037282700e+00 5.519935091108009395e+00 3.827767577094451923e+00 5.012887050809306189e+00 1.615507135639645542e+00 8.451417413481929763e-01 1.395882046360538177e-02 5.747505567931570525e+00 3.953832111557963103e+00 4.391802305200880774e+00 3.723748757519618646e+00 5.605774733136397181e+00 1.069911774201350418e+00
6.085652160502184049e-01 5.551052415076152435e+00 3.339200162612264933e+00 4.210607874106731430e+00 5.786379702033850769e+00 4.269388289594722607e+00 1.519935739258639673e+00 2.372098181511331116e+00 4.507281893406791973e+00 2.375147448165414232e+00 5.887174114501361188e+00 5.986065921021488379e+00 2.961609198118499542e+00 2.421430764700272409e+00 1.703270103326911755e+00 6.244177733943658382e+00 2.378622729922872825e+00 2.010057977799824425e+00 1.402774710166571071e-01 2.069816050771506877e+00
2.805759390343564696e+00 5.740509727773276616e+00 3.394446356837034884e+00 5.407174748312816526e+00 4.267351995820470201e+00 2.246824200357464996e+00 3.414899186731418901e+00 2.918954887662129849e+00 2.130940838809407545e-01 4.514220431832198233e-01 6.705175444032284160e-01 2.999995858864255904e+00 4.371410345246685480e+00 1.770209959812780065e+00 5.271440651869166771e+00 2.632157457800873068e+00 5.637055893522569860e+00 4.770589020575779493e+00 8.248296194292227268e-01 2.682296020287321614e+00
4.399289081652823508e-01 5.880229769578296795e-01 1.893340543280819466e+00 1.421754125390649826e+00 4.403725209260747953e+00 5.647562536288905477e+00 2.727332369900917541e+00 6.722015163428382012e-01 5.767081896056588164e+00 2.678143712221626949e+00 4.439842753111335583e+00 4.868649327264036764e+00 4.905906072236346560e+00 2.934299633614660952e+00 4.870784854636184491e+00 4.805871218887038054e+00 4.898131590186761919e+00 4.940239459812608702e-01 5.800261572977728264e+00 3.241789508216755156e+00
1.143116899119912100e+00 5.848595679826792626e+00 5.697881556294681182e+00 4.893634204457760539e+00 3.669790137380458450e+00 2.275844601857094585e+00 2.137346394245471792e+00 2.603586357078612856e+00 1.279588196357013541e-01 5.112985761998156242e+00 4.594591243962493188e+00 7.278627442303216011e-01 3.610100067318472217e+00 2.874876386279118012e+00 4.837545941161837781e+00 2.821214155583639194e+00 6.225905101359889393e+00 6.210664577457332136e+00 8.096149191024183400e-01 5.783731078640556689e+00
2.873361737773117763e+00 5.869566912237234035e+00 4.876411591295241266e+00 1.860680760437922965e+00 2.272386205224105726e+00 1.277555471643713858e+00 5.985789124798816196e+00 1.065332900229661650e+00 8.374810275374110491e-01 9.309786111289589661e-01 3.410098889110448450e+00 5.009219246183540086e+00 3.073188525145073235e+00 3.177044089800540760e+00 9.601384438759673623e-01 7.871667246933058415e-01 6.016899442701395095e+00 2.267065869048238813e+00 4.360653724412900445e+00 6.177058111124029693e+00
