5.265116841489299482e+00 3.121749693679654047e+00 5.399346685388536571e+00 5.891013984106287182e+00 4.239673824143442182e+00 2.923133393800430913e+00 4.255875209077321308e+00 4.889568562710776334e+00 7.598449572633639848e-01 1.549542885729054964e+00 6.166033197908170393e+00 2.631306456573208052e+00 5.922180670670512903e+00 5.975126306384077601e+00 6.073170224379572879e+00 4.843796896004856301e+00
4.063304480585039791e+00 2.395750861283861166e+00 1.475197797359921514e+00 1.072624161752827598e+00 5.704729283606142509e+00 1.746858972006533728e+00 5.713461839189860392e+00 6.403400322649500653e-01 5.880804615752981412e+00 1.019124773308035081e+00 4.936681298700590581e+00 4.868672230527621991e+00 3.613658793709631389e+00 3.048261052641230595e+00 1.954670259017490697e+00 4.490236219226846792e+00
4.076518359921482926e+00 5.877170690528281227e+00 3.006881889288966381e+00 2.528128488700670751e+00 1.014330726504971025e+00 1.189508805753102694e+00 4.135215470955923678e+00 6.002131735690030112e+00 3.474737018690305490e+00 2.692755839380326588e+00 4.737307356343912979e+00 1.054185391132834049e+00 2.701416720119353077e+00 9.193814162796793976e-01 2.336147508955640273e+00 2.732041591261725078e+00
4.270540475219206655e-01 2.725084330402359090e+00 5.725108487914266853e+00 3.843758866807800878e+00 4.270262355197555593e+00 5.507808401100810158e+00 3.900516439815310932e+00 2.125512502932250594e-02 3.584043391666142053e+00 5.466843874791208258e+00 2.759379028116839994e+00 2.350236912931733979e+00 2.354291789351793618e+00 3.797256823590846597e+00 5.686746125508305383e+00 2.367132903509387098e+00
7.324718065974791803e-02 4.611512385908691058e+00 3.794258980986724872e+00 4.546549049629854622e+00 2.768192285489549764e+00 5.564825125576664533e-01 2.157184280978442781e-01 5.376208267706536148e+00 1.124741078028829833e+00 5.279118444502278074e+00 3.550338379796216248e-01 4.076699431717677236e+00 4.393242034574798005e+00 3.061203278716629672e+00 7.193352679638376213e-01 3.848744241340760652e+00
3.316014576810779602e+00 5.076383434832107966e+00 5.909481916283844782e+00 2.588834730369856188e-02 5.447646795604550007e+00 5.141698621938717295e+00 4.448870510564003844e+00 1.895133326987584743e+00 6.070340971863221746e+00 2.340395980146209531e+00 4.597358014511555152e-02 4.191316299050304117e+00 5.955581677885247061e+00 6.178392575772233997e+00 1.280647933045435893e+00 4.933093191583416193e+00
2.667333250539390299e+00 5.482007654165681920e+00 3.844116696709187764e-01 2.463871416125318348e+00 2.467281292370080870e+00 2.602033108873840206e+00 1.843669648504515646e+00 4.792575276664506667e+00 5.308133880008532479e+00 4.784760335449853130e+00 2.528450686527765168e+00 3.110264675249621025e-01 4.629315870250923837e+00 2.514315346712248989e+00 5.613333144256756668e+00 1.315798906208446750e+00
1.165556343340171885e+00 4.901036254704339790e+00 5.819278709839282193e+00 3.345009612409483246e+00 6.805132698217181142e-01 3.778205764929532862e+00 2.802343169924659705e+00 5.434657244562890455e+00 2.182562417923810949e-01 5.024095305355626984e+00 2.132078905851967909e-01 6.410594771425076610e-01 3.053617782139021575e+00 5.474914771409489234e-02 7.750296567181616525e-02 1.598232371406202779e+00
7.743280616776572201e-01 1.585894915099853725e-02 1.534030972205699950e+00 3.141267609230217861e+00 4.548213573683249855e+00 3.083069784924852730e+00 3.591034553406351915e+00 2.134511229468856630e+00 3.730995351836829066e+00 1.862258982171733468e+00 3.127693091517349533e+00 2.331554993294543188e+00 8.316346739126190268e-01 1.632202807727809679e+00 1.715840184182089612e+00 3.680842354873496092e+00
5.873599322254768218e+00 3.524497558849765788e+00 2.670307030896285627e-01 3.370712670590881643e+00 3.216779150741789994e+00 3.345396649877042439e+00 3.462694903406836611e-01 3.887081603135061680e+00 8.672895853757998097e-01 1.770715370974586422e+00 2.611610823299967077e+00 3.599410983200183711e+00 2.174754986167215076e+00 5.952314354179075728e+00 3.449362440638891858e+00 1.872917612848231939e-01
2.791988020026372475e-01 5.843527633367739504e+00 6.145199554733522085e+00 2.749249027064812445e+00 2.611320086657991535e+00 3.974018057165222828e+00 4.917080191323024152e-02 2.311784572423541295e+00 2.774767503295779036e+00 5.941562448459123402e+00 3.716383240045399550e+00 1.438248251547771694e+00 3.420351214388477890e-01 4.331637543847100424e+00 4.117075584023659474e+00 2.231289819011066378e+00
5.409802779652066185e-02 4.542175667915529402e+00 1.497136229849909128e+00 4.856069494138864684e+00 1.641819076069218619e+00 3.111278750932425563e+00 2.966904707691993437e+00 4.139676248577689677e+00 3.586815381914548073e+00 3.966988204686267228e+00 5.017438629012773710e+00 1.041425019589869772e+00 4.671092495089808061e+00 1.759566246611012241e+00 5.675032559829392476e+00 2.511659737410192772e+00
3.201737209374937443e+00 3.541885189920482180e+00 2.416408481350532433e+00 1.636640369725663513e+00 2.233734443442534801e+00 9.435368667424686162e-01 3.834352639341862545e+00 3.728770327501631371e-02 5.617165429191937953e+00 3.579750888271478804e+00 3.152298579553223234e+00 6.376187520562547340e-01 5.474132374767061826e+00 2.488793655164850627e+00 3.866823294994440552e+00 2.836233241872767041e-01
2.165986897815470158e+00 3.097387965878568128e+00 4.067103695878954817e+00 6.099032711996591694e+00 4.494540488242313003e+00 1.984279717408809818e+00 4.600995286878926116e+00 1.161962674764386028e-01 7.886182491901149172e-01 1.637745215808353638e+00 4.312859400619359462e+00 3.903806523118343641e+00 2.930230288617351242e+00 9.455076970391749214e-01 2.911806392726804749e+00 1.864245798206437266e-01
2.493951556042370288e-01 5.917782248758664210e+00 2.051535177287334921e+00 5.958851666809906966e+00 4.328162657645678202e+00 2.662794422875371936e+00 7.349357102069196124e-01 5.033454223056287091e+00 2.966223855058821579e-01 2.973353229174712897e+00 3.849647032944941039e+00 9.718235737027149934e-01 8.608160770712047771e-01 1.651717233523853023e+00 3.283597879713921142e+00 3.228527762600422957e+00
3.826604238186870344e+00 5.663016081969994175e+00 1.850487818475824664e+00 3.036961823088907941e+00 1.472624642335571332e+00 5.798723804934559745e+00 3.077612417729571170e+00 4.083857043025712619e-02 2.793351568360209480e+00 1.165912872342395268e+00 2.894737329403260784e+00 5.559164613807607402e+00 4.100657685030625110e+00 1.995057509626758208e+00 1.772203187153573167e-01 2.937971681014967640e+00
5.431620749487998445e+00 3.596987352829912776e+00 5.442448264191573237e+00 4.136510450424862206e+00 2.787401528425940800e+00 3.055176686421239740e+00 3.630714300593436583e+00 5.483138156061844626e+00 6.317913916381305839e-01 3.308202511647011956e+00 3.543690218232572464e-01 7.361732117775576789e-01 2.888883336827587467e+00 2.046525944310879572e-02 5.559353705621892239e+00 5.221855708213802433e-02
1.059739612459637215e+00 5.325464908438759970e+00 5.560186165991884089e+00 5.768114973066285067e+00 8.387602996779408224e-03 3.959424938334167532e+00 2.119693579199080524e+00 1.909995519181236334e+00 5.794864601563162188e-01 1.879889621103873476e-01 3.284539228705493308e+00 3.155573313097794319e+00 4.724305115238617958e+00 2.978615486526388967e+00 3.707242540880057557e+00 1.686968606092829503e+00
9.230453895044535284e-02 3.428838919928439477e+00 5.207278051907001881e+00 3.641714872723813001e-01 4.512776081688530283e+00 9.649159236982811638e-01 3.687899662290279323e+00 6.075966962656732306e+00 4.900740086590577249e+00 4.885939605799620722e+00 2.630358849269228472e+00 5.854261132313033578e+00 1.026109351219717025e+00 1.678556157066806609e+00 8.031956461736611264e-01 2.949335024653550352e+00
7.720273883101033130e-01 5.208618095952736837e+00 4.196323563667812451e+00 3.547655619984195763e+00 6.182698621562066954e+00 1.283408850336804852e+00 5.095389184199793142e+00 3.713762705889074756e+00 6.546410815047244425e-01 6.111482967548341527e+00 4.438981481817439345e+00 3.276571296081041140e+00 5.816751205013587445e+00 9.457294774313103058e-01 4.494904280070826985e+00 5.578592905373414013e+00
2.110202448550431598e+00 5.733647765209743952e+00 4.792486747016477366e+00 5.833252215059081536e-01 1.834554163193130361e+00 5.608584551571047072e+00 1.199817764700835010e+00 1.343175562211239349e+00 5.307683318935048078e+00 5.081121558743888933e+00 2.459122523826280382e+00 4.195404970827659952e+00 4.606542488055933582e+00 2.414938664443552430e+00 3.957963882143977763e+00 5.211371949958118144e+00
4.442988971124380626e+00 2.362681172161442689e+00 1.131929820804284503e+00 4.401703045210229703e+00 4.011396576004543135e+00 4.817651453252497773e-01 1.576655774319345893e+00 4.408522610127860730e+00 1.248330290561042499e+00 3.773206467757998173e+00 6.762023254467327549e-01 1.830502148528788009e+00 4.144698566168303344e+00 5.091633893967790314e+00 1.120066012867223515e+00 2.340021627310543195e+00
6.007674340314403949e+00 1.475239937489089881e+00 4.979606117882524607e+00 9.434529478767450517e-01 5.100088244802609694e+00 4.010430214128985149e+00 6.980232637860083189e-01 3.496012693129950222e+00 4.537323263579108534e+00 1.242293247106545984e+00 5.546659462391041906e+00 5.361541312756364697e+00 1.883078574416512829e+00 4.956278442924179295e+00 1.809407799489120672e+00 3.008162317047469170e+00
5.992767317113695924e+00 8.223905000219393635e-01 4.770798454492685692e-01 6.182281387325639699e+00 1.118364649114260923e+00 5.330934189571067350e+00 4.695287037759435123e+00 5.318111115405256939e+00 1.424775245143841351e+00 3.678763200016270662e+00 7.125181751247593454e-01 1.237716115248340465e+00 5.188359215048188311e+00 1.881675937812743005e+00 5.081217030295817061e-01 3.982723520154845875e+00
4.823344357345719757e+00 1.880379511572217943e+00 1.709924797371454197e+00 6.252773749581865381e+00 5.900969189612821353e+00 3.181022269087650844e+00 5.405820915558541273e+00 3.728494671285068063e-01 2.745867587947850463e+00 5.907502138943995895e+00 2.746240621408770899e+00 2.519887307643704499e+00 1.506749353423459947e+00 2.986413040570321531e+00 4.446024338069452519e-01 5.833699604655972593e+00
2.447757756677940488e+00 5.605024295933220824e-01 1.825045488643893821e+00 2.574014795216350127e+00 4.274835219792677776e+00 4.434726299774096603e+00 3.548603266730391059e+00 2.181976975851921630e+00 1.230362351924014330e+00 5.554406936307048959e+00 4.006981525596430949e+00 3.655176114294471645e+00 1.276622199219407783e+00 3.194145405454584807e+00 4.751920127196670229e+00 1.684223410010774913e+00
7.090413855841315449e-01 1.491871031975038786e+00 3.499285925594504409e-02 5.461401731592732567e+00 2.313480911572138865e+00 2.719955865475908396e+00 5.549001159546967266e+00 4.398446039692762155e-01 1.016237074514698913e+00 4.134684750817076981e+00 4.946431798714860051e+00 3.155580840832132417e+00 5.956184838553502559e+00 3.733763582872359876e+00 4.052393535255084167e+00 2.059078070794269077e+00
2.476124478912475890e+00 6.011698309048504996e+00 5.127753668362719175e+00 1.830409660644783498e+00 4.437103867030945281e+00 4.577975312295233579e+00 4.965343637344432182e+00 4.876243850046003914e+00 5.936599706810081756e-01 3.103538528481156078e+00 2.843882780667019716e+00 3.076754556776091665e+00 4.360158494342962321e+00 1.142067923871487922e+00 5.917980275379807864e+00 3.369165335863588240e+00
1.022999928167023898e+00 6.201639620050298785e-01 2.431263250533514775e+00 3.804482781070135822e+00 1.457341406007941265e+00 4.455363096320994920e+00 4.351842360552331535e+00 1.541336251198474061e+00 1.281695598725795637e+00 4.557902800687016587e+00 1.332849494217745567e+00 5.528157469441287830e+00 1.626409582732506687e+00 2.638891972950596188e+00 1.570894929640900495e+00 3.279000479916078348e+00
4.684881326393713685e+00 2.234482719195264977e+00 4.554530155152698434e+00 3.131874399832833000e-01 3.116380682948609149e+00 5.204648383321761607e+00 6.137648792150963040e+00 5.114731482502408610e+00 1.626537413854217906e+00 3.995116703906746114e+00 8.157916480483051735e-02 5.092375039868921149e+00 1.681916049212915265e+00 3.642571203337766850e+00 5.426821973274706501e+00 5.897985346057382117e+00
4.336204782336474217e+00 1.019039269984617357e+00 2.125565880102198602e+00 4.958027163222126887e+00 1.219388729882993960e+00 1.804952767502837341e-01 4.483650704584509761e+00 3.139265786091382182e+00 1.096096850440328785e+00 1.456904700279149756e+00 2.318991593699535780e+00 4.740325332187948604e+00 3.630663585578305597e+00 4.236450816248567008e+00 3.557467906467687291e-01 3.565215048599659653e+00
3.011724078558674300e+00 1.604028905247367742e+00 2.905418004719979130e+00 4.445602086193541247e+00 2.731418738993912410e+00 1.015312701786341476e+00 3.349868611862712786e+00 4.210558988043691109e+00 5.645264325332387534e-01 2.363011713767943778e-01 5.247918280647996703e+00 8.094965510804704723e-01 1.855734640586316431e+00 3.763577736425811615e+00 6.472007073414856038e-01 1.505676718833988126e+00
