4.203290511114806449e+00 4.333344449660752495e+00 1.422705769332824000e+00 3.344663056443385685e+00 1.310036584908964352e+00 3.106564671660594357e+00 5.977260285978085896e+00 1.884693431021466248e+00 3.234027106241398553e+00 3.616802158841411430e+00 4.451994892465757303e+00 8.048340478130955322e-01 4.354010247329735961e+00 4.096512724758171409e+00 5.956553895963872414e+00 7.175788547350763213e-01
2.398682087282402620e+00 2.409962345597514766e+00 3.342510045194520441e+00 6.010401836609850612e+00 4.138549864284010837e+00 8.344885715024748241e-02 6.629750470916828675e-01 1.826985928010417037e+00 8.503554783376171544e-01 3.542927358224617906e-01 5.227417747933391645e+00 5.708050343155878004e+00 4.206403309637075871e+00 4.356300010676124934e+00 4.226223384852551668e+00 1.896621705421276394e+00
2.662884169389034383e+00 1.731779802968519189e+00 6.570580272172962255e-01 3.670381054207442428e+00 3.282321963288042932e-01 1.049950567408541646e+00 6.132581676145450800e+00 3.057986934521500721e+00 8.588760598364021392e-01 4.532075607024327324e-01 1.335951566151219572e+00 5.607151277331852146e-01 5.379007458194507763e+00 7.822717812500001866e-02 1.127911457951507046e+00 4.366545835581299606e+00
3.964845882667281440e+00 3.375357751430146380e-01 1.074316477030400119e+00 4.462260697638739337e+00 3.379393203024327441e+00 1.678901966874303042e+00 2.013976146762751496e-01 6.208994185079270700e+00 3.478658680460968267e+00 2.453262287288180854e+00 5.772739935909724229e-01 2.044269156943935073e+00 3.322296358229339663e+00 1.527264794209961307e+00 3.442038687033933897e+00 5.274827075813560029e+00
9.621917341561056145e-03 5.158566277497630637e+00 6.163339135015001524e+00 1.207283723993547886e+00 3.262119244442097443e+00 8.844060114845055109e-02 3.581994450288304765e+00 2.053709045017630519e+00 2.893451219612681147e+00 2.775646343982573150e+00 6.277492021442298009e-01 2.572114186711139894e+00 2.247469777990900863e-01 5.300464516855052821e+00 3.382764402585597630e+00 5.898231136695400778e+00
4.519743550715300096e+00 4.037372697859618498e+00 5.069925105280488786e+00 6.188163999827823503e+00 3.824627272819334678e+00 1.707183660078528620e+00 2.223242770192882745e+00 1.040735215956207771e+00 3.741502220700311909e+00 1.171009619194617546e+00 3.003530934561033483e+00 3.269902831757597550e+00 3.445199174601136338e+00 2.700719957654309944e+00 3.649562785422291622e+00 1.895202119528091700e+00
4.297578645887075943e+00 3.924685045702916319e+00 4.706889281183896045e+00 2.347336600642722981e+00 5.916104296412115104e+00 5.920257587774943708e+00 4.415267883858346565e+00 4.282847564579599364e+00 3.081503130120786804e-01 3.964069197443917503e+00 1.051443023726597703e+00 4.753177913430275403e+00 1.260445521280050496e+00 2.552146954261492073e+00 5.836998828435785214e+00 3.890682097462400124e-01
2.234915756928307129e+00 1.571157433044419349e+00 4.276511069273799537e-01 9.031944261946287522e-01 2.488782149895099938e+00 9.040528868414691166e-01 6.178832720668829381e+00 7.325969327412151788e-01 4.018085489885860007e+00 4.055404402635849337e+00 5.792947021633472637e+00 5.852391425061279406e+00 2.572314630411800085e+00 2.455666915291046415e+00 1.593484531223404943e+00 1.994755017318875945e+00
4.501808553333082052e+00 3.517497080755791927e+00 4.203588560561179577e+00 5.784658095384546783e+00 3.944211060449303030e+00 2.716088351418502356e+00 1.539751895908129331e+00 1.976783059988954927e-01 4.949954248777816090e+00 3.670162480302792574e+00 4.559506575388734717e+00 4.141484668541654202e+00 4.251362338518520190e+00 5.058916630831332029e+00 2.571833246767840198e+00 5.030214397921087155e+00
5.631158152210512746e+00 1.924569824861078748e+00 3.034338899189935379e+00 5.664370766021622927e+00 2.808433384372101216e+00 3.788964694831498115e+00 6.021887092651557971e+00 9.693454867450543855e-01 3.968568089370151597e+00 3.980976209388082054e+00 2.639854361650347148e+00 5.435211627241343102e+00 4.343674006450640945e+00 4.313165714770771153e+00 5.379581007185143093e+00 4.123026375409477140e+00
5.937081710502376986e+00 5.073564634595951972e+00 5.796127394324542825e-01 1.910380204751207511e+00 4.559151802209499671e+00 3.390134801375513263e+00 2.660808924460432046e+00 3.978751921182426265e+00 2.614271540520549220e+00 5.947055739773440486e+00 1.062474748273534164e+00 1.995936251315079679e-01 1.517537880506223180e+00 4.786164026487257139e+00 2.495440559935990343e+00 3.331434362110146985e+00
1.637593303650658250e+00 3.843606654955910251e+00 2.199017434106511182e+00 5.097710625919927629e+00 1.414642865222687451e+00 3.543325822719997742e+00 6.039018375529568022e-02 6.489356066647747889e-01 5.020953588730746375e+00 3.583891963489885146e+00 2.807953067073661657e+00 1.834925723534778008e+00 1.159428447418644925e+00 2.813736979701807472e-01 5.763493362274242138e+00 2.800646956954146116e+00
1.350920470263224926e+00 3.818632053823754369e+00 6.114149617117059954e+00 5.375656553227326384e+00 1.814500043693515252e+00 2.117661679357697668e+00 9.084214057370025852e-01 2.628710536939998121e+00 4.591724963833679674e+00 6.184312795617439296e-01 4.175145485174085458e+00 2.492390186437487110e+00 1.576531314794062943e-01 1.944936752558151349e+00 5.906162000644021859e+00 3.399774822814575437e+00
2.284348964488953193e+00 1.281440939880971186e+00 8.733470559301388381e-01 5.089362936739427745e+00 5.776215744605985858e-01 2.455916436263580138e+00 4.076825385589861739e+00 1.790460985522719095e-01 4.314667672618066163e+00 4.853882102303965773e+00 3.558243255812417516e+00 5.722562042196128296e+00 3.653464980829578046e+00 5.835484607454166195e+00 5.987170281213357370e+00 4.377989840515194686e+00
2.423189894378010578e+00 3.305244627193227203e+00 3.182193655510555441e+00 5.477587789104160443e+00 4.094692887243053470e+00 4.779920886225926147e+00 6.992954850041188664e-01 3.359637317224092090e+00 3.527593506897281017e+00 5.275280789309854335e+00 6.877846129533156105e-01 7.741583292801926808e-01 8.449322383196731234e-01 5.349502596749485583e+00 5.261725403817459679e+00 4.083245870682021383e+00
1.708833765753728917e+00 5.702383190558554027e+00 1.871183198270340187e+00 2.891510617117176274e+00 2.116548645290635022e+00 2.886556864472343609e+00 5.596607386003280560e+00 7.694083078469183823e-01 2.065305731908594122e+00 5.753684329280467580e+00 1.236727089909805954e+00 8.317997318001537632e-01 1.394937432667010535e+00 3.954578235679669707e+00 1.317349735503448693e+00 6.935061639486390650e-01
3.957719979867607929e+00 1.888543394447382173e+00 1.685118379014846512e+00 2.181017451962524945e+00 3.559852939999704535e+00 8.356062774338900434e-01 5.645908299467787828e+00 6.114710990023166204e+00 9.013345345860023228e-01 1.727233683382805252e+00 8.908297240178671972e-01 1.318228977074084485e+00 5.811583335741825174e+00 1.725831822894811740e+00 4.079370212078103908e-01 2.028419086497335933e+00
2.023468174219583415e-01 2.671808150666596937e-01 4.267521886747521975e+00 1.657500500055332449e+00 2.753871819816081645e-01 3.188459544937458201e+00 2.638573073605191333e+00 5.245378075896438563e-01 2.790488248964696716e+00 2.817238494492538603e+00 3.887262380148823748e+00 3.905308497750965557e+00 3.938640352464746197e+00 3.126155010148653268e+00 1.171389871675799110e+00 3.344589382912212638e+00
1.527917451593118869e+00 4.362283865874059252e+00 4.441997293426708460e+00 1.801947078245353273e+00 3.412475056159244291e-01 8.891200791583414587e-01 1.371412639661549360e+00 2.229070239146301313e-01 5.289470675838170877e+00 6.023983202986086916e+00 3.850661647066549786e+00 4.101403812640521451e+00 2.022271204589118909e+00 2.284079835607988773e+00 4.303025344988559375e+00 8.988258070442503023e-01
2.588738384169015028e+00 5.873095567015469420e+00 2.524213252915852301e+00 1.641497948173537447e+00 4.112786231576611051e+00 5.117867022925869591e+00 2.081925247134590151e+00 6.281729244363257081e+00 1.893738120837882288e+00 1.240925519132466182e+00 3.714801384929928396e+00 4.596014436226174560e+00 5.196931076165133057e+00 8.222377025513278870e-01 1.955088415681372815e+00 7.896122787656641162e-02
1.054382807809760125e+00 4.377610786690844691e+00 3.010562094827459401e+00 2.296214585439126488e+00 5.021184295080312054e+00 4.078313414305478446e+00 2.514289567910643175e+00 5.155560185762136927e-01 2.924582319791506624e+00 2.912482101408122137e+00 5.881214617097887398e+00 5.514490473237613877e+00 5.615246778468685473e-01 4.107391539781763967e+00 3.943405134610862728e+00 5.006510603269346049e+00
2.895667650719935704e+00 3.489726091162437815e-01 5.825806194705153374e+00 3.900905903158318644e+00 2.991530351397017062e-01 5.672437905254867907e+00 3.200127977260664558e+00 1.491708011843917214e+00 4.030375515164526412e+00 1.446172678560609492e+00 4.536314620690311550e+00 1.205385425068712157e+00 2.202416820277410814e+00 5.640899424377275650e+00 6.189386671209450297e-01 4.050870472894306573e+00
6.164677956630356448e+00 2.271933885439584078e+00 2.459454132194695664e+00 2.084269246986608426e+00 4.663062309553506424e+00 1.121167208122491932e+00 3.203110254028382009e+00 4.056520798581852105e+00 3.641606287890529980e+00 5.304574138039221509e+00 2.422610953026379743e+00 4.334227001515898792e+00 1.997220366400036307e+00 1.236792705708189777e+00 2.610363187069355995e+00 1.064475937118621207e+00
2.658657343385461225e+00 2.179914162396046073e-01 3.733108449448921284e+00 4.297541649904463412e+00 2.782816479509218954e+00 9.365357800564982904e-01 1.060562395342384660e-02 1.675954746503586446e+00 3.423168703504970711e+00 5.469261720725936193e+00 4.343048659179576387e-01 1.004738982093703159e+00 1.565682337062099583e+00 1.322382918432870369e+00 5.198588803686350346e+00 4.438980149533922059e+00
6.174564890507993731e+00 3.055504075518689078e+00 4.123658006396049736e+00 1.274700393307759194e+00 4.949062546087428238e-01 1.654172989459596677e+00 3.140116287620063229e+00 2.187858163986597049e+00 2.872728953534885665e+00 1.193874830188022207e+00 2.580011946479955132e+00 1.987586129172318472e+00 5.870206746880021420e+00 2.939373855142804803e+00 4.330089759612538169e-01 3.573528999890673852e+00
4.558515966893349258e+00 4.049515845697132299e+00 5.751004950714627917e+00 2.591115803925143624e+00 1.606199426503945205e+00 5.958531672130301438e+00 3.472826611811795416e+00 2.116183545594429560e+00 1.867015230232708101e+00 5.526327026306327994e+00 4.185087211047510358e+00 5.324582392663494090e+00 3.992691228431483275e+00 1.925993355744924473e+00 2.669405979414530283e-01 3.351181484313760173e+00
2.669649629161370274e+00 3.770916645706487436e-01 9.766271235336124734e-01 3.811529761077893097e-01 4.312636187354588202e+00 2.627364110003476139e+00 5.951242785675463054e+00 1.022081178622324060e+00 1.571973814388571533e+00 5.782766751455847398e+00 3.529311984910211919e+00 3.346788492063780485e+00 3.090640620068060951e+00 2.161065326385951835e+00 1.943510972937212422e+00 7.451690682494204188e-01
1.071834572438924660e+00 6.201963070828834468e+00 1.456919384549027807e+00 6.021136897070523020e+00 5.942618847766529377e+00 1.819188758039491427e+00 1.273177158497317274e+00 4.782400705758353965e+00 1.131558845496367649e+00 2.378009956974139971e+00 4.524112190036626124e+00 5.235471364690471141e+00 2.750288691575327515e+00 1.106701352338586686e+00 5.782829676183830259e+00 4.277433718984827493e+00
5.061686908697692111e+00 3.142994339660224234e+00 1.143275776677640909e+00 6.555585011129436701e-01 5.442358249484373189e+00 3.450105554712322053e+00 7.500577846613767363e-01 4.099411148342356981e+00 4.238422137979048543e+00 3.861496508351899060e+00 4.934727405360315622e+00 2.788204836405534071e+00 3.898958586782458102e+00 1.752902611139241840e+00 1.456208992767335397e+00 4.982716407723547292e+00
3.653732641094974198e+00 6.825350111264719133e-02 3.962776748516431358e+00 4.499981038376583697e+00 1.294564460122132887e+00 4.630352446693060564e+00 6.069894700242924657e+00 2.826041730511746675e+00 1.174086909587104127e-02 1.032692951065259157e+00 2.187639000964337388e+00 3.473494724955528135e+00 3.516137443672371354e+00 5.123778124931535949e+00 2.930375982084532982e+00 3.517978428682910330e+00
2.471069793368789735e-01 2.735929337447764009e+00 3.536962348341894380e+00 3.407540848259549726e+00 3.671653899867591608e+00 2.847087815459782956e+00 3.014603016978688377e+00 5.900959277188675856e+00 6.007065722024263366e+00 2.446318891562577758e+00 2.611276455096079196e+00 5.111262359777501096e+00 3.975381380522709840e+00 2.859006182609290292e+00 1.667636358267635011e+00 3.525996006894756452e+00
1.853528377501133084e+00 2.623812702894583460e+00 6.246613842400063454e+00 6.498087689890366114e-01 4.935801693685469616e+00 5.609092310786469859e+00 5.720388284375071741e+00 1.799933253780726217e+00 1.944274794562408371e-01 2.103003616102001594e+00 1.278488936093846506e+00 6.469802816838788884e-01 2.075640732379223086e-01 2.042460594583539013e+00 4.655817563094689859e+00 3.095131344611675495e+00
