5.362802859991082638e-01 6.112240842123745743e+00 4.222964990814588759e+00 1.211553711720388504e+00 4.067522275889567496e+00 1.005389741292375128e+00 4.443944473608019696e-01 3.481975798860005966e+00 6.093584684089677239e+00 4.319069585015961721e+00 4.767150334809042711e+00 1.986893913177935289e+00 4.328576035766952046e+00 5.161648823642026152e+00 3.511062405161670341e+00 5.701269624740282760e-01
2.072431549553340080e+00 2.818985095276854036e+00 5.282130440993300979e+00 1.851150540056051508e+00 6.048724226133872506e+00 1.062246634624835151e+00 4.456302827334318373e+00 1.000488030498231318e+00 6.062704857595934804e+00 8.430292562433049364e-01 2.417527633390728070e+00 3.416724191166024216e+00 6.158197017259952055e+00 2.518984157264171575e+00 5.242847826791111387e+00 5.245217915697926614e+00
3.532465683931101275e+00 1.726075381492707894e+00 2.599695288310158947e+00 5.715322501074191486e-01 5.893401641211343467e+00 6.607564150989215790e-01 2.324853848071619655e+00 4.261307319586964404e+00 1.878422404386511424e+00 4.410304960016359743e+00 2.015675089875563319e+00 5.793646311805693117e+00 8.312023866544014927e-01 7.218622772597069748e-01 2.629102265277713624e+00 4.083559012233814123e+00
4.963242500405627311e+00 3.003747013916639119e+00 3.405078352733009961e+00 5.378942435916268749e+00 4.226891902562366354e+00 9.078172220837316120e-01 7.238545288122471000e-01 2.098370154432239953e+00 2.232848956566360510e+00 6.204070415398023064e-01 2.733724862585792170e+00 1.391659086423694403e+00 5.187738473835672437e+00 3.211507164105955603e+00 2.744708503465461025e+00 2.441425291945526155e+00
3.201202874184713831e+00 4.064579054306078021e+00 3.696938204917281645e+00 4.718482923290463482e+00 2.665577840702975987e+00 5.937861968395256262e+00 1.427849469752528355e+00 5.962531640392847443e+00 1.244376545426693292e+00 4.494326179887688788e+00 5.373097964958301276e+00 3.397836449130914538e+00 2.199986882471681504e+00 3.104681963474545281e+00 1.559193175353010830e+00 6.085403461153743088e+00
1.548327486362262695e+00 1.422602636517165564e+00 4.136660657628245197e+00 4.373626335098740547e+00 5.799244306163033436e+00 2.938739746541150666e+00 6.129734879981298512e+00 6.158346412301410666e+00 5.939285215121737238e+00 5.018807704615124710e-01 2.490559855249556254e+00 2.351026719646846619e+00 6.105681266817843955e+00 5.861779929398460709e+00 4.272528892710618642e+00 1.380755535626919883e+00
2.739212596302094127e+00 5.379183611421059830e+00 3.176268863641309448e+00 1.571415735109470191e+00 4.952903475486310825e+00 5.350054661969348757e+00 5.570049388935283119e+00 1.264749563703666313e+00 1.648576684914546897e+00 3.517199129267500890e+00 2.471816713437947843e+00 2.630036556370234813e+00 4.193379366710423106e+00 2.054626962491159059e+00 4.479061047998948553e+00 3.938538822402527728e+00
5.382664086977388962e+00 4.837033680428603155e+00 6.578874192478739724e-01 3.009854408812467241e+00 6.190712927629868467e+00 1.103250614771900562e+00 3.222155234801484802e+00 5.077655151857205063e+00 2.281513419988046298e-01 4.648555089042524457e+00 5.839888456914552606e+00 6.263503338136182208e+00 5.920197028041497944e+00 2.565957419245298965e+00 4.805426471359471208e+00 2.743598952935954571e+00
5.249603483741699606e+00 4.688504653949918222e+00 5.846991341290978639e+00 2.820361055250665494e+00 3.268914544637367747e+00 2.445248583215585025e+00 4.222303087217221140e+00 1.777803065851928155e+00 3.938116821767520648e+00 4.642587650233748753e-01 1.642611996043003009e+00 3.863494736090906212e+00 5.222655549848647105e+00 1.360886255272493628e+00 3.090163263445584896e+00 2.913496786518191328e+00
5.712066437933814633e+00 1.586057434121590060e+00 2.983248209665260386e+00 1.921017765573343805e+00 1.077115591999982414e+00 4.727264027683292014e+00 1.147872405779474247e+00 5.135067611247073671e+00 6.072709249824140620e+00 4.810175856361441404e+00 1.691347475764509500e+00 3.820301334193638709e+00 4.571774726324205673e+00 1.912441423719717593e+00 4.717125844896748355e+00 2.290141257066253377e+00
3.208611960031666488e+00 6.448854923414042428e-01 9.880722451213913571e-01 4.846042439927762402e+00 4.347516025224277492e+00 1.916575621929820006e+00 4.459342728012321011e+00 9.332040470061743198e-01 2.272208692691739973e+00 2.403629583925452007e+00 4.263856179398922919e+00 5.452723407926131749e+00 3.964800935943569637e+00 2.450976876568124130e+00 3.820146460013698508e+00 4.461429868567303281e+00
2.177555166011554133e-01 5.505972751067474746e+00 4.825495197211678189e+00 2.269588667306689622e+00 4.066706563373605476e+00 3.386587151752170399e+00 2.001265618093560850e+00 1.258673408839431129e+00 4.749113552351353462e+00 2.774950318460894128e+00 1.779176278033156811e+00 3.875393390111988356e+00 2.444717859996836218e+00 3.980349585598458084e+00 3.365202986312169742e+00 2.670008862401755945e+00
5.290226173129976672e+00 4.664700928479716069e+00 3.532989725399207526e+00 2.185103260759575061e+00 5.901405682038339817e-01 4.124003638134152161e-01 5.613765963596138775e+00 2.403730368835064635e+00 6.005303926104117451e+00 2.219767048585572056e+00 2.758254057667760772e+00 1.819229175003546750e+00 4.851780563154520998e+00 2.706976149567624557e+00 3.160893338146862241e+00 6.169807389538810583e+00
2.291406444123305075e+00 4.551269248893147434e+00 5.139817204557052932e+00 4.674518319401777866e+00 5.644371370039504399e+00 6.053565424811905515e+00 2.493105158867871207e+00 7.957774837186676331e-01 2.239917286484751191e+00 4.666444145359901263e+00 4.313275335084939321e+00 5.879515222152853049e+00 3.978089329520976936e+00 4.293734332538947207e+00 1.739886385372930944e+00 2.490322152460648475e+00
1.457515883326244044e+00 5.371074663436671948e+00 3.024151323574097106e+00 6.232369817157926484e+00 6.016210405529247573e+00 3.603469326619795243e+00 4.614808221063454674e+00 4.523259425020583535e+00 3.239847856752356758e+00 3.658271049495710692e+00 3.685713367952776487e+00 6.174370223687775550e+00 1.117812780514781501e+00 4.160061237559881775e+00 3.367810697294923550e+00 5.400391933897360275e+00
3.698271998711152309e-01 4.351157806389619687e+00 5.371927036852470749e+00 4.842629118655381149e+00 1.124060973332693392e+00 2.129248850478681288e+00 3.338433515830286247e+00 2.646185776084020613e+00 1.241206317654536040e+00 2.944722652171656740e+00 5.397452921119178626e+00 4.270924569516981073e+00 2.644558431767874751e+00 7.081837080133650542e-01 9.330462112208843806e-01 4.552469512036035226e+00
5.805352853890105358e+00 5.221029184784800492e+00 3.084415244487157093e+00 4.807131128491970884e+00 3.728330503044472888e+00 5.596315747233331805e+00 1.812897546225780365e+00 3.565389669689419172e+00 1.818856579317281730e+00 4.250765315024392699e+00 4.060536312881332321e+00 1.990683964316347199e+00 5.120053788314737453e+00 3.892312344940026536e-01 1.597241424032449508e+00 1.784105898320097694e+00
1.436095389659733934e+00 4.032450974241364783e+00 3.695679481867172100e+00 1.601381900135069536e+00 8.886692052829334165e-02 4.073616789776003944e-01 1.037754456238645151e+00 1.719903436248864104e+00 5.907674273812522081e+00 4.141580722975205298e+00 5.682744390420285896e+00 5.381391959759635135e+00 1.741477039151501316e+00 4.537990851786286584e+00 5.915308812861232113e+00 3.420836534699113196e-01
5.080100464150063111e+00 3.530848281679023870e+00 5.020314971105587887e+00 2.165037414580243347e+00 2.660287352415254603e+00 2.409873868066152891e+00 5.127043692417685428e+00 4.162741965635091468e+00 3.232059215271891883e+00 4.258734941689944264e+00 2.044647674035217744e+00 1.862083611807642036e+00 2.317185916854497929e+00 3.820407795778367532e+00 2.469859471498312864e+00 5.534616553611670930e+00
4.133142322242330913e+00 3.452047167286751428e+00 5.029425934889123262e+00 1.299275557988253560e+00 4.743779580239041671e+00 1.480505970783583924e+00 5.345266328168829517e+00 3.210897013716976556e+00 4.713336646751184134e+00 3.913488724377891526e-01 1.723703985574605246e+00 4.529252453439266191e+00 3.438472734514451679e-01 3.637110501287798670e+00 1.962381464889858318e+00 4.867998529087176784e+00
3.111488608584327853e+00 1.415225930708140067e+00 5.751384776870513527e+00 5.792192740505433868e+00 4.254015356329529318e+00 5.420721236182754588e+00 1.643900592882638678e+00 5.020896385292623609e-01 6.177588777783177498e+00 3.955425873702934414e+00 5.971489120432657671e+00 5.536048488448440885e+00 2.620871057913998214e+00 1.441937029323558273e+00 5.786443911112499450e+00 5.056916409892751929e+00
1.487034053059934191e+00 1.220033491481105958e+00 1.658847223259522607e+00 4.997942503720498308e+00 4.105785774087741480e+00 1.295674100727336242e+00 4.715110053040003635e+00 2.276481698056570302e+00 4.327563912846037475e+00 1.528231155765394034e+00 3.968905438944361208e+00 5.350588966093133614e+00 4.498225186858835656e+00 3.538313995224472652e+00 1.354637185246261089e+00 4.023192893905925160e+00
3.477982609153316140e+00 1.682986963525539670e+00 4.244680601347870841e+00 2.346249334818629961e+00 5.447698696033763888e+00 2.818815368393176701e+00 2.368266336571895447e+00 3.542833958578997855e+00 4.811396578579975269e+00 4.286930719588973204e+00 5.675614274879505317e+00 7.812527787369540067e-02 6.321285638581680688e-01 5.300330377016967631e+00 2.569629753724886001e+00 2.304889806628619198e+00
9.936764444464777357e-01 8.323787369687490889e-02 2.542327610964683071e+00 8.780237828084552776e-01 4.572456396087666519e+00 1.296636772716976971e+00 3.645489855044088401e+00 1.545579039828189005e+00 3.582792818169294069e+00 3.233164922661415086e-01 6.908401936760671935e-01 5.373871141691241249e+00 3.054674510321120362e+00 1.476061376668707237e-01 3.143427005145189579e+00 4.975734303085994625e+00
3.383679059248851484e+00 2.410321418799084014e+00 2.341209055829351460e+00 2.546417868238954885e+00 2.931977833377061859e+00 1.427055697481961705e+00 2.298108012200584582e+00 2.075458964675342965e+00 4.569587600184610743e+00 5.238832152262035358e+00 4.492592588286481003e+00 1.074670376048207476e+00 2.229455785523267064e+00 5.743605954990234075e+00 2.106090052241327559e-01 4.223308561084394341e+00
2.336853967636772111e+00 6.154672731350086856e+00 2.066276693422436139e+00 1.015500952280763841e-01 2.674281805289069780e+00 8.621534476861435203e-02 2.048827107388774493e+00 2.466733616387962957e+00 5.928022705838632556e-01 4.552686621643290188e+00 2.467404160826714765e+00 6.280153317620870368e+00 3.856528077935350574e+00 4.397607656298383461e+00 3.175813943853858845e+00 5.641673321910085193e+00
3.770834939365451444e+00 2.380768126844483579e+00 1.013328250686961640e+00 4.900182252546343875e+00 1.758665617768419287e-01 6.086234554153994836e+00 6.007332233109179853e+00 4.085302385837224826e+00 6.049559283068777660e+00 3.194501230058913510e+00 1.485142147491999243e+00 1.723741345246521561e+00 1.686160491154853336e+00 1.846374628744951396e+00 1.027809535334480495e+00 5.965941167823198832e+00
4.590821067755606499e+00 1.857586961138852633e-01 8.989344890375813302e-01 4.577248525486283803e+00 4.946183863932994029e+00 1.797086439437224570e+00 6.574756631474627522e-01 1.785689934019895064e+00 4.280614668233754472e+00 4.605814963896203373e+00 1.209701922121471318e+00 1.836976474513662083e+00 3.736211220932416754e+00 4.551793829690184978e+00 5.643601036887051947e+00 6.048691093270837982e+00
5.011204181721507389e+00 3.793152556263888475e-01 5.899056513435778193e+00 5.994318850341983307e+00 2.337113900284642831e+00 8.843625267743723262e-01 4.332722082008726439e+00 5.775397462558619743e+00 4.566653470371047518e+00 2.465358861102874499e+00 2.386218554739253594e+00 2.962996029651931096e+00 5.304596295606899048e+00 3.688942481835763676e+00 3.088854576231391813e-01 7.777487944704560840e-01
5.865190285284312743e+00 2.831754884501231029e+00 4.540652166408034596e+00 1.911964471838533131e+00 1.456019520434263859e+00 2.933895800017006561e+00 6.105724136787078482e-01 4.888375630083004353e+00 3.332971973324324044e-01 3.109083812467598573e+00 1.136938363365543214e+00 5.423663255410471784e+00 2.838561185370942486e+00 1.219588114350188546e+00 2.457481965470605267e+00 2.995786096472268234e+00
6.247675972880163187e+00 3.382674499752650554e+00 2.536535187076135234e+00 5.724815028131371442e+00 9.243462248020501981e-01 3.415799617709592617e+00 5.356716296972310332e+00 1.330515689486819086e+00 5.547472537723225017e+00 6.241705979339756460e+00 8.017468449701088407e-01 1.557389971390007899e+00 3.525827477875930427e+00 5.235682467338040325e-02 2.546550380367289979e+00 8.539288570951394375e-01
8.553535520708575035e-01 2.060719397453742108e+00 2.896367569776205020e+00 9.347654344806360927e-01 5.037896529492145170e-01 4.382670675950973482e+00 1.522154806673328586e+00 2.700470732033628529e-01 1.093618138045797883e+00 2.605929864217156666e+00 4.402118284005967830e+00 1.376449973469498822e+00 3.118149144738521696e-03 5.105849058686125375e+00 1.727199639158154332e+00 9.940221525494085109e-01
