3.621633079358674845e+00 3.435383567632136259e+00 6.184918623562064788e+00 6.918579908151674118e-01 1.116457905388359650e+00 2.335676776627321871e+00 2.144226559808456223e+00 3.350389944518517460e+00 2.182431617700508308e+00 8.977929571845683077e-01 5.847006463948539512e+00 1.864066762727870641e+00 2.269814510414344677e-01 4.266408256572762348e+00 4.159133543159813762e+00 4.374906912377471535e+00
3.431525260492782170e+00 1.122180762646591612e+00 2.998253776418544625e-01 2.735575417645217181e-02 1.438308741378781175e+00 9.125518542268464817e-01 6.993527554970866422e-01 1.592899292414427403e+00 5.425474449927242482e+00 3.724922347862006600e+00 4.472001780208120003e+00 2.770267148385270328e+00 4.771555333472210059e+00 4.204873392629223439e+00 5.091615242328682456e+00 2.469801619247021573e+00
3.261031539922565337e+00 1.445592239627364606e+00 3.265097537383538917e+00 5.219847333192314531e-01 1.679972808435799214e+00 1.282917218691362438e+00 1.365940918263600423e+00 5.573115776817721967e-01 8.392075382512802495e-01 5.794197129611151631e+00 9.115496816359223153e-01 4.267641036273625232e+00 5.032545044494628250e+00 5.232953512942466467e+00 1.215729203662727853e+00 6.129743221114422269e+00
8.549464423916181000e-01 1.533411620064257130e+00 1.070391289477513164e+00 5.852593961630248920e+00 6.246390882399230016e+00 5.191615279177406173e+00 3.742787838906943332e+00 1.696812069605385664e+00 3.824072512219662823e+00 6.052644276221647246e+00 4.039269649601020973e+00 5.282132201748892530e-01 5.442351154755859177e+00 4.717024819026118365e+00 4.221081991893744778e+00 1.009713632129152217e+00
1.352207685202577725e+00 5.828864479201186555e+00 4.877332075990213234e+00 3.995961272145882148e+00 2.659014657456785891e+00 3.194587029634053277e+00 5.729127274221336386e+00 8.839956784947271551e-01 5.127799674264216456e+00 2.589498361574390728e+00 1.052062298892239900e+00 5.518475479072495027e+00 1.719016285409243006e+00 4.277400836763392888e+00 5.928337114430615173e+00 5.695339209312951567e+00
6.134978433223716721e+00 4.526774553732392015e+00 1.603578124545348871e+00 4.055846905514401080e+00 3.351552107871783370e+00 4.537223866019040486e+00 1.765479152282058095e+00 4.477305428302329027e+00 3.915316834235264221e+00 4.977064035781314288e+00 3.178156089571158471e+00 4.883571480397580267e+00 5.999592686926911611e+00 5.655563287294874009e+00 4.585160633595821267e+00 5.883170874010676954e+00
3.650980991543963938e+00 6.500307520269644757e-01 2.738435787195038884e+00 2.690043476668884548e+00 3.014607574627885533e+00 4.300475865081834215e+00 2.129998558627710814e+00 3.092441013551443518e+00 2.621606058680852946e+00 1.843095508514753345e+00 3.997349075125131268e+00 1.195236862492014884e+00 2.412571554645952521e+00 6.266753541597333665e+00 4.260609382110171595e+00 2.369829274379603223e+00
5.487731260951949075e+00 5.788117349781964904e+00 5.790223416547925162e+00 5.362086482811662336e+00 3.256660840939996415e+00 4.510393819541323346e+00 3.946572791844966122e-01 3.354664915886018228e+00 4.922651921665430308e+00 4.639537259214466580e+00 3.150589891930466457e+00 5.996314048576167899e+00 2.512522775871931291e+00 5.680465252713483792e+00 4.547586825294816393e+00 5.824368446722427706e+00
3.898686683504651196e+00 4.434777567029103196e+00 5.213458045498430060e+00 2.970751643897818983e+00 4.470440741178749455e+00 3.080209923857295529e+00 4.384816421305971268e+00 3.989345866022021792e+00 2.359599770140748676e-01 1.918608957709514451e+00 8.795753109629036448e-01 3.516140596798453366e+00 3.778647586917989187e+00 4.663954092072214230e+00 5.515284547972526319e+00 3.203307937393929383e-01
2.778625483569130417e+00 6.253974319211946131e+00 2.032880418856242599e+00 6.193184704424960607e+00 5.437363989731062830e+00 5.426752363607674212e+00 4.727285863728273974e+00 3.670577752181959585e+00 4.033025336962761109e+00 1.064320165152251585e+00 4.424928301453919133e+00 5.872703897521986960e+00 9.514227293968184895e-01 1.387616384739895681e+00 8.428509614120092142e-01 5.369679918953949027e+00
1.960269746007275771e+00 1.297991866983714049e+00 2.377127233579469756e+00 5.101167578862095375e+00 2.669783064134395811e+00 5.395546543992975064e-01 1.322655798627757860e-02 3.602704266864436455e+00 5.858687953115293112e+00 3.831716085544770500e+00 4.815870778315477274e+00 1.138505455676567024e+00 2.117202491032264433e+00 1.656175925920690517e+00 2.969396733672861277e+00 4.344439791532765049e+00
3.538729559474151909e-01 4.271940396476398005e-02 2.893979031945768554e+00 1.938036319585424661e+00 5.245785813681826504e+00 7.231465267089440818e-01 4.957427437274988691e+00 7.080419757624247801e-01 5.913075835905322597e-01 1.070872021029180443e+00 5.506219958114807689e+00 6.749600123416263919e-01 2.333235834765507999e+00 3.090448393758080670e+00 4.165618925266729278e+00 4.768299681561671832e+00
2.753978684171472402e+00 5.242411634359913641e+00 3.558245915577564311e+00 5.535104587526569198e+00 3.216427049862364385e+00 4.151822897355444297e+00 2.294910426903000733e+00 2.090272741845800031e+00 5.925423109219199347e+00 2.515041922672225816e+00 6.160348613175345101e+00 2.925641958507265272e+00 5.697548053072551077e+00 1.666662744893105286e+00 6.198767374695692389e+00 2.798540086333471510e+00
1.062762198910657263e+00 4.276861308912456749e+00 2.321367405110532189e+00 1.670356004900841018e+00 2.096801312089686231e+00 6.625749602916751746e-01 3.440605447108846526e+00 1.089721918028946357e+00 1.810595999289741354e+00 5.549496794500960561e+00 4.951073012656586059e+00 3.505572222619038225e+00 1.909413998210956143e+00 3.304122447204023150e+00 3.014079153376218567e+00 5.735310983936278362e+00
5.448829207336006064e+00 8.879510604777948179e-01 5.130851062651188066e+00 2.956945677566010566e+00 3.662279014997297466e+00 4.320618079363162778e+00 2.568121262275969929e+00 5.177594763060731908e-02 2.843264051694583294e+00 5.011130586491908900e+00 4.576353025478747227e+00 2.610813564378633989e-01 3.080846361773219577e+00 5.284762441975477287e+00 3.238702925633870855e+00 9.590655797196500076e-01
9.344032627777723032e-01 3.773826139638383204e+00 4.174053042884668940e+00 1.063285517259693856e-02 5.750473758311652972e+00 5.595485744362103553e+00 5.488867076121211497e+00 1.552423558095456402e+00 1.763201928412113872e+00 8.895308432570454560e-01 3.511672491802054097e+00 1.454974993379080317e+00 4.904022900485973224e+00 3.371331037750158188e+00 3.707581854764431473e+00 4.111476907553745619e+00
2.854314520951056533e+00 4.175424344016616551e+00 1.463592137177482044e+00 2.304615198130141263e+00 4.475849613808125405e+00 2.344934661993157921e+00 4.969846325235870665e+00 5.254527543036324744e+00 3.778188232073418362e+00 5.765111602180843953e+00 5.921218489643615968e+00 2.761259784704900078e+00 3.702059218622107295e+00 3.609880874509394655e-01 4.365277860165631907e+00 6.067612032880616013e+00
4.277948130033982110e+00 5.712012689973646751e+00 1.761824590764419773e-01 8.369118944685545181e-01 3.469372251174489108e+00 1.543502576457306263e+00 1.899477957633146419e+00 6.883952395220337139e-02 4.963406754581669134e+00 2.037832137765261731e+00 4.099169702474132926e+00 4.243122152163635086e+00 3.915743972283562524e+00 4.950623236382650560e+00 1.318960666415970095e+00 2.632682288559467398e+00
5.034045117367463185e+00 6.207193204787633256e+00 1.060040705876322376e+00 1.425137607529520789e+00 3.601032008513715077e+00 2.588381746559911267e+00 5.174307264131178918e+00 9.206351085648332155e-01 4.998783739329564213e+00 5.768252456146903739e+00 3.392734072857202410e+00 5.169055196288283582e+00 3.012541281440096252e+00 5.849236266016741403e+00 3.441536175410532472e+00 4.270566146308273581e+00
3.305335052898538795e+00 2.527551044182467788e-01 2.923910078288403103e+00 1.020498966077405256e-01 3.457238946210264174e+00 1.832804054373881497e+00 1.298572958371459141e+00 1.321815939266368423e+00 3.620244817165947371e+00 2.279065487336882079e+00 1.448484543642508449e+00 5.576470734331712364e+00 2.428540447765363819e+00 1.613913710355968423e+00 2.055627808453849514e+00 4.057805855220552260e+00
5.959247373391381331e+00 6.032317575872454540e+00 3.190165880662964248e+00 4.297354956327749775e+00 3.177942207485468185e+00 8.895616987990980773e-01 8.084914671236863581e-01 5.535104551072977941e+00 4.252288635173020026e+00 9.272316468176147186e-01 4.738982119389341996e+00 6.195841241007452815e+00 2.129233164876553897e+00 4.155532713757828844e+00 3.836150493544757456e+00 1.247667663475884758e+00
5.296732683021531329e+00 6.008303584281614818e+00 2.822531424242177955e+00 5.445880019290800789e+00 4.906461156315043759e+00 4.198051708893107303e+00 4.134789348873062487e+00 2.822649541380346516e+00 5.023310666822457943e-03 4.956975721912468380e+00 1.628422561708285699e+00 3.559233185546535783e+00 2.191215423067977675e+00 1.791125550256297716e+00 5.462383138005600935e-01 5.010442398867073877e+00
4.225069765737396565e+00 4.533615975065973913e+00 1.663414873671065441e+00 4.222891602435284497e+00 3.063735765070586536e-01 6.266691150942796718e+00 4.089812338635694822e+00 6.247812973919635304e+00 3.392589956745799551e+00 4.426811628579842228e+00 3.411997568049748519e+00 2.549351985830701217e-01 3.906932950625535916e+00 3.009846602279319328e+00 1.527917351929866552e+00 4.325318746519634772e+00
2.930755512586924905e+00 1.255678769971066977e-01 1.744281931437601463e+00 4.271990323986889493e+00 2.254528193187959939e+00 4.729774056453168729e-01 1.379060652146596677e+00 5.901260389324207267e+00 3.386066434653296930e+00 5.497394846676372460e+00 2.347771570467972690e+00 4.025929832555045884e+00 5.919736630625826557e+00 2.282945056178764087e+00 2.933805201888938785e-01 3.149937097405751008e+00
2.236171883548384032e-01 5.138936338240514878e+00 1.355483862088756153e+00 5.928641703042722533e+00 4.274690413232741015e+00 2.390981868308404146e-01 4.628299877895807879e-01 9.265180983541451143e-01 4.631753858586849404e+00 3.371579020356789247e+00 3.772972420117103542e+00 5.014567621852182633e+00 2.219393945604051718e-02 7.081951931135282985e-02 4.073786908415677921e+00 5.398847573461244664e+00
5.867671917750805211e-01 3.345133311452767710e+00 3.676287508272365834e+00 3.487318798088264948e+00 5.491695745039303078e-02 6.234370381983613818e+00 5.319852712002870909e+00 2.976481246456357699e+00 5.546104961352627427e+00 2.276488189683831376e+00 3.238113331826458552e+00 5.075023027491296634e-01 5.741158538836865333e+00 2.869489054546830342e+00 4.383448511968424555e+00 4.293068425317616565e+00
5.862872207202179275e+00 2.246169010992389303e+00 4.225598249258425199e+00 6.010187276852587246e+00 4.759142020061717382e+00 2.857169755969452218e+00 9.081613381833513188e-01 3.962663772780502747e+00 1.965413284614511591e+00 2.177754437226774975e+00 5.612590418321293129e+00 3.956463743961173396e+00 3.531911415499244811e+00 1.911634396176081552e+00 8.227501615848865635e-01 4.416276975198409005e+00
2.091990925336669971e+00 5.915289521742834289e+00 1.592861977411166530e+00 4.259462833662184700e+00 1.277835091960053626e+00 1.504614103665434577e+00 5.247601888038179396e+00 3.035089359144446330e+00 2.352696933450462602e+00 2.116220800150034886e+00 3.959144522823572210e+00 6.253684553582432137e+00 3.347958196322927460e+00 4.444221565276595953e+00 2.177735957924950005e-01 2.056094737471449441e-01
1.001409108845146445e+00 7.204875085041060334e-01 2.521736296875614514e+00 9.909708204153527822e-01 1.915921411847464784e+00 1.541646133015222686e+00 2.985849116460579822e+00 4.368408932536922973e-01 1.461032851086089490e+00 3.908880843582333231e+00 3.597404775797377052e-01 2.695892578020662178e+00 5.463587400989298182e-01 3.997840420839687603e+00 4.176149413910882124e+00 8.528451575511118987e-01
5.244303705907347180e+00 5.761785205176869873e+00 5.132334528954199726e+00 3.061118085509201059e+00 2.967421336962054568e+00 6.275676959530017029e+00 1.636427685369649554e+00 4.508169706352847861e+00 1.768899535691953462e+00 3.182506529020574515e+00 5.503515801100181015e+00 2.111974559538043472e+00 1.602531917409932172e+00 3.671357159192375264e+00 4.352805942090930635e+00 1.363965727986889975e+00
7.028894120234425724e-01 2.092850616702104372e+00 3.066550401149228833e+00 2.496391248180020117e+00 3.920551983591786804e+00 3.435398314590119018e-01 5.287235083340383390e+00 3.866271651445650992e+00 1.126271618831155008e+00 3.863091836237992460e+00 3.131401881775316198e+00 2.192383948652996128e+00 3.195585976415899587e+00 6.588800187947349007e-01 8.823181911347789674e-02 5.606853527407842819e+00
3.597168480371425670e+00 7.633823291024940394e-01 7.429640440544983404e-01 2.086998795173191645e+00 5.368976975144808428e+00 4.080170813138400021e+00 6.120104571804521498e+00 4.420725525329474159e+00 3.668908931183838540e+00 7.708787126810049406e-01 5.718380231581428497e+00 6.140532366490121241e-01 4.644034099535169879e+00 5.818433635472504584e+00 2.904074202653832870e+00 3.950236683960664852e+00
