5.897384717822039768e+00 5.294018633679793417e+00 2.807584770649452999e+00 3.141959380620172659e+00 4.665317219113627623e+00 4.290090579588116348e+00 1.758696983825914550e+00 4.224990461311525891e+00 3.045857232905967216e+00 5.478926715256894120e+00 1.427401920893905274e+00 2.355898554641672415e+00 4.730476517562399508e+00 4.351624168814261395e+00 2.355099074064362252e+00 4.009346356427218261e+00
9.551590087055357448e-02 4.932418256234933907e+00 1.391944900638232063e+00 3.015365268051942937e+00 2.278143012400791978e+00 9.700960173275052778e-01 1.291829706505448483e+00 6.152158439912430943e+00 1.408413444441682705e+00 5.952545969171419316e+00 8.629900768872564298e-02 5.307709068323936741e+00 1.019295624538188783e+00 2.398489388619507778e+00 1.462340018536285591e+00 4.188270130482669273e+00
1.616810553054946364e+00 1.338783430870292390e+00 5.015493241219814990e+00 3.862142431064956583e+00 5.604972256168536227e+00 1.947008473715218679e+00 3.250489199073487434e+00 5.059235491419637576e+00 2.895015062732090971e+00 3.432720608635297488e+00 2.441152441578549936e+00 3.167123454996088938e+00 4.310301556674917656e+00 5.626617701459522003e+00 3.991235223851744784e+00 3.821242594706685813e-01
5.378909017853240826e+00 1.984224425272651304e+00 2.637072076121574682e+00 1.426863375630788022e+00 8.494060016656717060e-01 9.621649512429701900e-01 3.351919025331992597e+00 4.681911539043670523e+00 1.228782444157292542e+00 3.709603355435818095e+00 5.947291155999674395e+00 2.119112439536189552e+00 4.404843228895370721e+00 2.953955514619456046e+00 4.829614384434003149e+00 4.805316867313762508e+00
2.695540334782654313e+00 2.254355913586187921e+00 3.766459283728478713e+00 2.582156207862659425e+00 1.710653090951564259e+00 4.479354111627594115e+00 3.216771770950596077e-01 2.788284647419108975e+00 5.372955572775745203e+00 9.718245536274209284e-01 2.879370701875139549e+00 5.028114353541435655e+00 2.384066938518680345e+00 1.659453945719944201e+00 5.376649017147565601e+00 3.612787029209498790e+00
1.533951339464206809e-01 5.146404835947256728e+00 1.476691225257235951e+00 6.012076064263360387e+00 2.492876254171298545e+00 2.330834975016360833e+00 2.322178651749482903e+00 3.057824232432515998e+00 8.361845026590244423e-01 3.331408090204868611e+00 2.149560933189033296e+00 1.667838816076876451e+00 3.404297516412047919e+00 1.495919720073096482e+00 1.614799393368421709e+00 4.082715318673765914e+00
5.341478065458794333e+00 3.403028276412737974e+00 1.701761406189173265e+00 2.309067614388347955e+00 4.534700193372671606e+00 5.014951891570860631e+00 4.559009259059489061e+00 4.879553047003885702e+00 6.125908388741484245e+00 4.720683812818064762e-02 2.889928142661059685e+00 3.219451113545254817e+00 5.415757184228352727e+00 2.914371303628603194e+00 3.913425198253145942e-01 4.156405436143785437e+00
4.251481202456765196e+00 2.345135273569644241e+00 1.818616909962630368e+00 5.956257204151055973e+00 4.483417288602319140e+00 1.801782321604683768e+00 4.181784324858530688e+00 6.152874995425297477e+00 1.564530000269410248e+00 2.492278341121390461e+00 4.680625340016883129e+00 5.432184341595919008e+00 4.140822365489003509e+00 3.171075368674833417e+00 7.601239560386814295e-03 3.210973141213561810e+00
4.418055946672710732e+00 1.324933620973739457e+00 3.318421617250701949e+00 2.236422570925778786e+00 2.804274964799994940e+00 4.744245751817826928e+00 6.469581634118233282e-01 1.106847623520874180e+00 2.634727098182600535e+00 2.004131123732305397e+00 1.476555017682883442e+00 3.383910657159525215e+00 3.427564788409362073e+00 4.017187157873540748e+00 7.498489168609043720e-04 5.618347089382540460e+00
3.147584339297452516e+00 4.544759812109631092e+00 3.626619182624001514e+00 8.952525511681432846e-01 3.887275133111089076e+00 3.246975382836360335e+00 4.155353693081217159e+00 3.127844294374956924e+00 4.530952547637038919e+00 5.181346682633220624e+00 3.879517240170134329e+00 1.401994097607405454e+00 4.194032853175811759e+00 5.143090221562228948e+00 2.453051849826191511e+00 7.879238527106983137e-01
7.760997286492213876e-01 2.985364537477713576e+00 3.985735850773062250e+00 2.552047627149358178e+00 6.271455615093780800e+00 1.596699615958616092e-01 1.450251226200521382e+00 2.269678698918294213e+00 5.067903221382437096e+00 3.274989676719918474e+00 5.069035966763958179e+00 3.879828075012119903e+00 2.917480389213116254e+00 2.663610858860527841e+00 3.550824288736850853e+00 5.953495679312698741e+00
5.267435614185906445e+00 9.899256131112948998e-01 6.133882855211288287e+00 2.776704511931321395e+00 3.905107947309245375e-01 5.818750707098153896e+00 2.745111469254682302e+00 1.734585606834378790e+00 1.690590720361464738e+00 5.169539733323463615e+00 8.577838588250261131e-02 2.708981067743632121e-01 2.270049199117738059e+00 1.902132000652445143e+00 5.272489292596308275e+00 1.875865194496279531e-01
2.877668710994797596e+00 1.553421088078955181e+00 2.661502331605921867e+00 1.943600120925440267e-01 4.732611603633368524e+00 2.797837439637040013e+00 5.631954994808784143e+00 1.044518734494333939e-01 1.376302056344448799e+00 6.087627978219855684e+00 4.339336389220940227e+00 1.644719693222818080e+00 5.364238605277034999e+00 4.771914686601660627e+00 5.139951932559801762e+00 2.014622127354492420e+00
3.494642655940971121e+00 6.053049558894675997e+00 2.217565387482483885e+00 6.251238608664808183e+00 1.914647288297883776e+00 1.834382399146540443e+00 1.619818829761574541e+00 1.589624100999328382e+00 1.405753611473247622e+00 4.619912274458516599e+00 5.964942847716113050e+00 3.353729425811598386e+00 6.122043571467497003e+00 2.485656343063179285e+00 5.293416752240680978e+00 5.182083469676248555e+00
3.174879409534141494e+00 2.404402360096016711e+00 5.192789733112136652e+00 2.174216108712114792e+00 3.904989299048187590e+00 5.876460480919287743e-01 1.001554433983944392e-01 4.456189871725219631e-01 8.185017264955973815e-01 7.365245335868811916e-01 4.799312418415399684e+00 2.923460679065654211e-01 1.808541813240839291e+00 1.961858389598710284e+00 6.199665340659633594e-01 4.958498290060616931e+00
3.881137701574421506e+00 1.106727722854850438e+00 1.034488195218014717e+00 2.112687099936516155e+00 3.695421699964473561e+00 3.008757270094969627e+00 2.691031946841637268e+00 5.258820730766893270e+00 4.635231915044583317e+00 4.395544710662222521e+00 5.050779749978437927e+00 6.113457447172371495e+00 4.317810297252042240e+00 5.671329184597115436e+00 3.134170872616930836e+00 1.973110935022508228e+00
1.283392781459261611e+00 4.009109316532007306e+00 1.793231519232679316e+00 3.546200494651262414e+00 5.788047708271296665e-01 4.856784427275219862e+00 5.600069787439797331e+00 2.546565281724743279e+00 2.911380565020277089e+00 1.040041865206004223e-01 5.597168430360571767e-01 5.201058147973303569e+00 2.776091551909865451e+00 4.643474106838728410e+00 3.770529255431267934e+00 4.745294810457481915e+00
4.533885024586918000e+00 4.855866691597862328e+00 5.571164086324580822e+00 6.253615425871481115e+00 3.263259353933340989e+00 5.222359047988412994e-01 5.750194975483228887e+00 4.813214633856231828e+00 2.515309779016382308e+00 1.851122748502199489e+00 4.310561218215951840e+00 4.105583649778005828e+00 3.679935050515325656e+00 8.200794049320772605e-02 3.709442176533877866e+00 4.245947323969180509e+00
2.131704512951700270e+00 6.016005067445948207e+00 5.250009996561968428e+00 6.270270213029343065e-01 3.141517657357543847e+00 4.732406124923167035e+00 2.914465855212923895e+00 2.664487536092423170e+00 3.785717221801549570e+00 5.855595900369853446e+00 6.120264117122140135e+00 4.822502469051798357e+00 2.555806745521267409e+00 4.813769319321808737e+00 8.749774647261175931e-01 8.221269529452199798e-01
2.432052294585186125e+00 4.729401244541756810e+00 3.373258897400300160e+00 3.677819733508456146e+00 1.308412919233763239e+00 2.773384566755728642e+00 5.846859337391985711e+00 1.700145289906653812e+00 3.791991114995107104e+00 4.036418502944761677e+00 5.594335547078637561e+00 3.739112425060946987e-01 2.703493476449720490e+00 7.925314251815593902e-01 3.900668587870038451e+00 5.622580727517815902e+00
2.665793456439013109e+00 1.192575389329848079e+00 4.856200330359741635e+00 5.465703881274466269e+00 1.209066626124274846e+00 5.743438186566792725e-01 5.971421232585707450e+00 1.179305596078342289e+00 4.332966137511482074e+00 5.936186369884208780e+00 2.916563964045041146e+00 5.509395823655164115e+00 6.820797717534001769e-01 2.934710281251336372e+00 1.557721207021308896e+00 5.152489082367137208e+00
3.215215379124950701e+00 2.512625530621470205e+00 5.852488511137677207e+00 4.121366996463423860e+00 1.936757406153046590e+00 5.907838366207142755e+00 1.724685750964445541e+00 4.856050924683080972e+00 4.642990800340320412e+00 2.291839289502633825e+00 3.358235304323471393e+00 2.456874698516041011e+00 4.110050092985862769e+00 3.960759390387559975e+00 3.308522574495249002e-01 4.581135055683514534e-01
8.106021076401425107e-01 5.124374742999131982e+00 3.089738584904032415e+00 4.880191189369510241e+00 1.652306500148965407e+00 3.751418158357160415e+00 5.199209957241319735e+00 3.819669758751006228e+00 6.193803405682150043e+00 1.622926390812825970e+00 2.412876305376899122e+00 3.621912369097806672e-01 4.497743318142600089e+00 3.204085664519969789e+00 3.062902925813891120e+00 4.830631790380851776e+00
3.896255620487084403e+00 2.967523905971971576e+00 4.032311649036531165e+00 1.305627203191709107e+00 1.290665085827894742e+00 4.329317241861899923e+00 4.840589374170501280e+00 3.260106156086847173e-01 4.150971729701053548e+00 1.032602803506358580e+00 3.835677793541018232e+00 6.502445805888122932e-01 4.912190573944074101e-01 2.400957978377552815e-01 3.101286883310550468e+00 4.282820649881950104e+00
1.153558696868566269e+00 4.515940219346977536e+00 2.320162805657813632e+00 4.297847811555503661e+00 2.262782548135916283e+00 2.108162726944728060e+00 1.437160045521483909e+00 5.773859026338531208e+00 1.813156927493682069e+00 3.597970959495936150e+00 3.044861723245721574e+00 3.000417545079427040e+00 2.192297515640846850e+00 4.879281282460040003e+00 5.213288771627503593e+00 3.838927593281798334e+00
1.021595899316473766e+00 5.115448239387019314e+00 3.586081119348537793e+00 3.199317154600210600e+00 2.708439765417632317e-01 2.805684767197095808e-01 5.628111032661679225e+00 1.979335466293843826e+00 1.283558264579003905e-01 2.637600182409228555e+00 1.401214701768519477e+00 3.024631159135025893e+00 3.390188173193253718e+00 6.119428501738862103e+00 7.460402026034412826e-01 3.726462280790491466e+00
5.793684056216377165e+00 1.813887496271325561e-01 3.643305223092839551e+00 2.908258207576148724e+00 5.767088109037122656e+00 1.283403283883675916e-01 5.320329651441409347e+00 5.221522189185803242e+00 6.227345157332127457e+00 3.513862650934676424e+00 3.137607408154338362e+00 4.257396861451026915e+00 6.115448820040099598e+00 7.382766116579753124e-01 3.102116809371132877e+00 2.383018815719636141e+00
5.713017953396510862e+00 4.350355197891143000e+00 3.026913839633597281e+00 1.880760874010368067e+00 3.141396909849453856e+00 3.132955929787910154e+00 5.857091367854200037e+00 3.495774435183363060e-01 4.381404949139589888e+00 2.098032187584000674e+00 3.502983297299074650e+00 4.645580765910890975e+00 3.577114795123266244e+00 3.319715252492902557e+00 2.178157887714057495e+00 4.270361383285807833e+00
4.035929080822211468e+00 2.887383105606401212e+00 3.229111509405241165e+00 2.664152458932089740e+00 4.415692127947894008e+00 5.443118872495644744e+00 4.315510544395441350e+00 1.481436154882205036e+00 6.235112269947109986e+00 4.738394613397487021e+00 5.933566353431417362e+00 5.628053241786099559e-01 3.930106141828844546e+00 4.902381408519637773e+00 1.531023078084817080e+00 1.327224693825981738e+00
3.903013516614961542e+00 4.575663563044184201e+00 6.241157721105115158e-02 3.038868179818299708e+00 1.959274877948886662e+00 5.667395192429692585e+00 4.364872340769222703e+00 4.807910095511771509e+00 3.304266024089228537e+00 1.095584867153447828e+00 5.091353220598217710e+00 3.039103464593042148e+00 2.986783982729676268e+00 4.371346300258952766e+00 2.545090424429919729e+00 1.671529564184277561e+00
4.361708727253939877e+00 1.786421226845471999e+00 5.657718602964098009e-01 2.162651116772451587e+00 2.504855125507047475e+00 4.364795855510066325e+00 8.794565552433668554e-01 4.567742073839108130e+00 2.361371660159523156e+00 1.865053624051455694e+00 2.236494468838829963e-01 2.384247764961918925e+00 5.031360182996718500e+00 4.224882938118279974e+00 4.669053938304695173e+00 2.011746000237343512e+00
1.538039279785409219e+00 1.201899250195285873e+00 5.142749803162058875e+00 3.417482160765981991e+00 3.815655351795137928e+00 3.196090201729393954e+00 1.372755573172291355e+00 4.678291761530664949e+00 1.821291629597734163e+00 3.590837723845248242e+00 1.994152272798194847e+00 1.503529371202639631e+00 6.232816171075691081e+00 4.645246248175318726e+00 4.130704173983903438e+00 3.456999588097699583e+00
