1.882753546305389269e+00 2.621003312771583715e+00 7.200989631314955730e-01 4.779613899240583441e-01 4.524725184581845028e+00 1.705332022201260456e+00 1.914799578301443539e+00 3.118762389684092362e+00 1.559714730848933639e+00 1.337980920168742927e+00 1.236024041200709744e+00 2.064614783071897719e+00 5.127827433570268489e+00 5.077326800787749228e+00 6.281748173773363142e+00 1.584818911519010554e+00
5.345761770549221303e+00 1.905102244425515901e+00 5.065021322986686059e+00 9.167404505869285458e-01 6.233685025094317211e+00 5.128238438082410866e+00 1.601217605714303271e+00 3.272080852115693439e+00 5.214704279493279415e+00 4.588100184250457403e+00 2.149313616899338530e+00 1.016392558979068328e+00 3.252280745910758775e+00 4.911599153591770239e+00 3.008413728680798815e+00 3.978806663370204166e+00
4.156775060728123528e+00 5.503138622772658639e-01 2.646318225011442760e+00 6.144949504187068534e+00 5.585703365603721160e+00 9.846155972025673053e-01 5.383262418585809783e+00 5.152979867533440839e+00 2.835677289274500801e+00 2.572767838562196818e+00 3.203383765746708356e+00 2.615448162114760500e+00 2.375856296107432264e-01 2.841431995778642250e+00 1.065224832824004514e-01 6.587263778269313308e-01
3.159937895681508735e+00 3.025149905118913018e+00 2.997167982921934981e-01 5.488315526715298098e+00 5.183913415268717628e+00 2.949305407877522156e-01 5.489096754438168801e+00 4.932696745766286028e+00 2.745637325830509123e+00 5.156115359570506484e+00 5.855488375876780616e-01 4.096928281054603715e+00 2.477664884646820997e+00 4.373722984810207493e+00 5.893380024424118346e+00 3.571051278070445090e+00
5.649708180855175677e+00 2.599330222111312150e+00 4.136049053343155535e+00 5.981698232449434549e+00 4.400236474878207460e-01 1.192228536588184618e+00 3.677552030054236809e+00 2.461648621990671248e+00 4.199780244267653728e+00 2.954844081153422675e+00 5.737972088501096302e+00 2.362350992443696285e+00 1.160316861445756631e+00 6.281918049992677666e+00 4.748676158885590803e-01 4.527285849799634221e+00
6.049824126258421586e+00 3.513331659732582324e+00 3.219753914738403555e+00 3.625345221954377362e+00 1.707451243387602402e-01 2.377754248316411800e+00 3.110650198427317381e+00 1.485466442084088623e+00 7.863624854988501278e-01 5.327586928632922714e+00 1.562512725350474030e+00 2.049704954935478440e+00 5.222053333786755402e+00 4.855839292057908096e+00 5.202477069435081702e+00 2.657724123450907250e+00
6.020321001021869733e+00 2.413644343971705020e+00 2.200947068409981888e+00 2.704448081140923055e+00 2.207660029503889731e+00 4.035945248890732806e+00 4.811196827155005629e+00 4.256684127941151807e+00 3.691954688902524317e+00 4.605643749391268749e+00 5.319250860623061961e+00 2.923469480189166081e+00 2.496509026949493837e+00 3.573910458740887197e+00 4.852813004041410139e+00 2.789655851056455305e+00
5.143511176276371444e+00 3.469305243532845306e+00 4.157380901025346631e+00 4.842665509603881091e+00 5.048891700709317476e+00 9.548137154695265916e-02 1.333479544777010695e+00 2.715155531510480280e+00 2.846425317923005627e-02 8.311982699001522201e-01 3.659292517656709265e+00 2.335491056725621239e-01 5.878051512035710857e+00 7.656601840646778401e-01 4.415035060765689856e+00 8.892194438773910470e-01
1.819976373983575701e+00 4.129885424847751452e+00 2.268804548147147493e+00 3.982426330515662638e+00 5.349503500863327154e+00 4.092249611140584165e+00 4.549972262227684361e+00 2.646059875091431479e+00 2.986827632077664330e+00 6.111675914589459246e+00 3.308304526291198755e+00 2.305004767306864100e+00 6.006853272924840503e+00 2.852813867837082906e+00 6.035508429480562320e+00 7.003390607228010545e-01
4.209064617222171734e+00 4.302537408000357111e+00 5.110638326942157583e+00 4.299412217716251927e-01 9.645526776569411931e-01 4.621664489549585642e-01 6.924029757274755559e-01 2.761487272427834316e+00 4.479348357427989313e+00 4.433867961322216722e+00 8.679014794804688071e-01 4.851655361465849303e+00 1.485482388361564432e+00 2.387617982662836869e-01 3.051336569896593520e+00 1.995176208472654977e+00
3.607599291368644767e+00 1.611572292273076412e+00 6.236397231447392109e+00 1.741920954840991964e+00 1.812516787422378650e+00 1.675710782834871404e+00 3.013084162140109434e+00 4.854450341795565116e+00 6.534077373278136536e-01 2.182847303661085814e+00 2.236213370415301771e+00 5.596416106903892462e+00 4.263566885674557660e+00 4.590719776850642475e+00 3.239756308506097637e-01 2.402786456350743727e+00
5.332800119710386255e+00 4.952618094030040830e+00 4.069476057134124858e+00 5.005068264889708018e+00 1.114921752164526492e+00 8.357274624291143317e-01 2.359177305896435595e+00 3.197025544950327536e+00 9.118493497794382119e-01 4.120810341719936432e+00 3.186845386748018427e+00 1.514537379155296071e+00 2.700077791545171468e+00 4.923934848676643661e+00 4.414504200164613756e+00 4.040049477520240906e+00
3.640187268154755795e+00 4.287070289312492122e+00 2.522702574030572187e+00 3.697248896197415924e+00 2.417175819110147561e+00 4.207112759640479815e+00 4.148032950701399102e+00 4.090785137006076155e+00 1.726543607236979971e-01 6.063463244646420947e+00 1.160452152594013020e+00 2.815071818640744183e+00 4.176730328849169283e+00 2.244263016031688096e+00 4.312099116068403681e+00 2.467371874618112582e+00
7.095154475082985357e-01 1.691366858290769493e+00 9.874794248088634152e-01 4.238014996692985648e+00 4.531830357702537171e+00 2.746721665742814622e+00 2.431804656420584188e+00 5.814583778841936557e+00 6.115055291629645673e+00 3.794446049743384730e+00 6.059986517170014020e-01 1.325115522920589317e+00 1.929854539567758209e+00 1.344354211306863611e+00 1.258711953539201733e+00 2.533142260811023505e-02
3.268744400105863424e+00 5.363309452693461488e+00 2.601307089598393851e+00 9.447089184816269691e-01 3.692662940993762799e+00 6.022626588863786878e+00 1.860412247922488493e+00 4.424675159181493456e+00 3.524535451904672101e+00 2.507693851306791899e+00 2.983206393099072429e+00 3.684338903304805957e+00 6.261707049883883158e+00 2.714793739957611640e-01 3.442610880554187514e+00 1.440409715754529696e+00
2.660630258198550369e+00 3.534096764938599478e+00 4.176272832532511359e+00 5.999249626249840261e+00 2.242991814580841847e+00 4.845757960174100987e+00 6.017308114807730313e+00 4.207203551522160190e+00 2.902142381339636756e+00 2.391673946349545776e+00 4.997805963728288448e-02 1.101391731461061285e+00 2.780462211745618362e+00 6.165175882190131240e+00 9.772370873638229760e-01 5.566992628554853217e-01
1.636847454040398497e-01 3.356826790491755030e+00 5.354879606175422246e-01 2.084181632241064452e+00 4.700847223531950725e+00 4.934833406082053564e+00 6.241690407595949175e+00 2.573853724475569038e+00 1.239230487592783758e+00 1.639733431358421090e+00 4.989544412534276496e+00 7.628658525845952720e-01 4.288279474006022607e-01 1.529164673909568339e+00 1.872947042781639482e+00 4.221604222317223432e+00
3.812768800626253451e+00 4.392985760415042407e+00 7.466887445926355671e-01 5.181516560088820000e+00 1.646954015890858214e+00 4.729803988432539796e+00 3.077364886949337297e+00 2.269016697140478822e+00 5.066904101925738146e+00 5.064944310531778626e+00 3.206216753154945920e+00 2.826177611167915771e+00 4.278587374151780587e+00 1.196022956055822650e+00 8.929315764656352572e-01 5.411057049581740053e+00
3.443885548672692920e+00 7.076911426563295970e-01 5.672920805699809499e+00 2.908759330471403892e+00 6.137067285094127911e+00 5.127751680332921502e+00 5.923884304549030588e+00 2.313608705395799880e+00 2.854451697061554771e+00 2.582471355518273448e+00 4.081651087433859182e+00 6.091890265190728293e+00 4.347987859966766067e+00 4.650526706013686784e+00 1.479677671249121307e+00 2.967827871739476375e+00
6.208569907037532865e+00 1.535896165137552227e+00 2.132233173945633720e+00 5.376389544414681865e+00 5.982866327062835943e+00 7.205625245530632439e-01 4.385594037501819642e+00 3.155201063179087217e+00 2.818103706473527037e+00 5.550997986125386419e+00 5.683388822324995537e+00 3.933319067888950027e+00 1.147710471577462199e+00 3.881834422881400570e+00 3.327134736617619826e+00 2.758474494871840044e+00
3.590567737874567733e+00 4.145442401452046788e+00 3.605685247153028516e+00 3.102031681876929792e+00 1.415532387575516804e+00 5.837137151541885949e+00 5.914462071364453344e+00 4.660771044179130129e+00 2.186517574313578294e+00 8.377582506874133028e-02 3.732032389020030760e-01 1.373514015230560714e+00 1.969531237171866067e+00 3.278126514936379188e+00 4.397476170437767173e+00 3.337981452955740114e+00
6.144260600370784253e+00 2.198262708730564174e+00 3.030182208979231184e+00 1.283676598638333166e+00 2.287753766771748687e+00 5.515468355627409558e+00 6.210318303894232450e+00 2.554078020056615106e+00 6.208481163451905482e-01 5.459847909139644351e+00 3.420761410008107184e+00 4.081052673680374276e+00 7.002395885470021897e-01 5.550658190862971075e+00 9.741990821379813426e-01 2.715452896220196255e+00
1.460251292141262258e+00 4.085695844445552005e+00 2.548583464536282595e+00 1.369235722944808442e+00 4.425857219193634617e-01 3.182362070244643348e+00 4.560247331056284992e+00 2.287665943539881397e+00 3.849115208258163445e+00 3.628399500167545533e+00 1.968498322411854407e+00 4.741658671362122490e+00 1.679392296684149466e+00 2.266112566391527583e+00 3.150856356126512825e+00 5.405810833104572666e+00
5.688291304367963264e+00 9.442638297220274923e-01 5.199352900447006931e+00 8.012146664755516179e-01 5.216411102798002020e+00 4.722166640220240907e+00 1.461521624110221795e+00 2.774974121581369690e+00 5.306406564980869156e+00 5.950263697874636826e+00 2.887518274483698022e+00 5.080159481761724827e+00 1.213774716092306472e+00 5.838196861701488771e+00 1.154271249456469750e+00 3.684988452775413315e+00
1.402596735870355493e+00 1.457973461858400821e+00 5.190089420321681857e+00 5.154455274693388489e+00 5.965141691739960450e+00 4.292563672260611973e+00 5.116276801951296527e+00 5.239612391185445084e+00 4.017888217534345330e+00 3.240406764669713890e+00 7.338135761455004680e-01 3.909888827165921121e+00 6.672825221139680636e-03 4.567629388766857979e+00 9.716317503156755020e-01 5.040471107451157451e+00
5.977792997846012035e+00 3.040209119705067575e+00 2.883087914834842280e+00 1.117436331829565033e+00 1.627686618478519476e+00 5.976017122587721886e+00 4.411896594150523931e+00 3.091517983277867199e+00 3.817027948290249384e+00 1.347924954141221932e+00 3.513652681293795599e+00 5.936736073699636407e+00 4.213245638090789669e+00 3.656587950529727848e+00 4.930906850621549431e+00 6.882508074567973422e-01
4.659289906462447561e+00 3.118747134169768120e-01 2.158597721207275999e+00 4.324122850380093475e+00 4.387156662497119441e+00 4.828664255174821562e+00 3.621017842515057983e-01 2.686931168231644573e+00 4.446202906115726883e+00 3.699879888922812832e+00 1.083393100575852641e-01 2.185010219945525023e+00 3.008740887262031372e+00 7.620922459878352873e-02 5.236291869662965226e+00 4.059181523216574661e+00
5.322352673750848417e+00 3.737888907746876210e+00 7.270705094371237021e-01 2.705976004586009065e+00 1.324636860252302428e+00 1.507822609466377139e+00 6.109201133943865436e+00 3.793495838325897651e+00 2.697493742853762200e+00 1.416772262016493533e+00 8.661696496434583281e-01 4.928518791900834195e+00 1.965878563705716564e+00 6.625439812582425980e-02 3.246488426241052050e+00 6.108116924712166940e-01
5.488643818493128546e-01 4.877463380950906924e+00 1.873755122736867396e+00 5.243643343121122236e+00 2.129021606187731841e+00 9.597206298851075346e-01 5.317528239861563755e+00 3.565507704128333621e+00 1.002789034962221049e+00 1.805592998845700681e+00 3.092487743338342643e+00 3.584748400892041165e+00 3.928149415594426874e-01 1.042544345484857526e+00 3.556280887290407478e+00 5.592749256967199045e+00
2.894960381083841572e+00 4.606530422520493495e+00 1.385620021311377181e+00 1.204842372200870759e+00 2.829203495640587374e+00 9.605013729684962198e-02 2.593449490303737726e+00 6.099789708869296945e+00 5.472189541749973074e+00 5.088600403993855714e+00 3.977046439589015492e+00 5.492890491517263385e+00 3.111391960826833891e+00 2.336364925556295269e+00 3.423330711049514807e-01 3.267285238090324562e+00
2.408074202050235701e+00 6.860103902812357823e-01 3.192587512579633913e+00 2.060275347294858950e+00 5.424793547471407962e+00 5.921357633977457624e+00 2.057296069417535289e+00 3.398421875797249747e+00 4.309618162512854234e+00 8.531039857949497263e-01 6.250393433530482490e+00 1.794672383518437497e+00 4.340444770107142247e+00 3.018903374375494941e+00 4.859939103938905269e+00 4.009425364534000558e+00
3.268404868132297469e+00 3.042557548622544683e+00 2.813639771098880971e+00 2.508449837164976159e+00 6.504965475509872919e-01 1.470183565556006267e+00 3.327531600289919123e-01 1.052342904530232603e+00 3.747318222047578029e+00 1.158109348160764496e+00 2.776127439341806724e+00 1.615358089540578357e+00 3.507177764861456382e+00 3.219399548778550724e+00 1.445624361263068147e+00 2.346612773669763730e+00
