1.124779979867198021e+00 5.191133052248707358e+00 5.515175357392150701e+00 4.469555631119659922e-01 3.674844727260570210e+00 2.584800729201605751e+00 4.060383992546412024e+00 4.445402120893124476e+00 6.149698908643822293e+00 2.726454793067388582e+00 4.113595686773010129e+00 1.529961380888364308e+00 3.565788718462824747e+00 4.288488679389483860e-01 1.582026613029883372e-02 3.004613873099859056e+00
4.219030611786100948e+00 3.757771832587898597e+00 2.550604983875965834e-02 3.261606901932410985e+00 2.459375531074251775e+00 6.177438354397259523e+00 3.138863393450100236e+00 4.272245393531028945e-01 3.204825830981415713e+00 3.174343179950268379e+00 4.170449620588793316e+00 1.853320111006104387e+00 3.162928143050145469e+00 5.981943870376454697e+00 4.050725116542812643e+00 5.084341496475452971e-01
6.112833029840475163e+00 5.855439951752785532e+00 1.336664004209789702e+00 5.715710402774787369e-01 1.159054223695463293e+00 5.455882863103021840e+00 5.240550795869460821e-01 5.989864488129891917e+00 5.245433389161090254e+00 1.457878465051973160e+00 3.854228422934776965e+00 4.915719187189377060e+00 5.419429539367533799e+00 2.683201332930968547e-02 6.010598264696210835e-01 5.168940144152641913e+00
1.728914833981282317e+00 5.370615403538674393e+00 4.415720253137246587e+00 3.460242793112760396e+00 2.969205235335246607e-01 5.566227722026573232e+00 5.294689747043305417e+00 3.048880523472861648e-01 2.640950585226014891e+00 4.401642848373831463e+00 2.697670092562303168e+00 3.358235016068541690e+00 4.920966627544487437e+00 3.553512322362701870e+00 9.203688152643169085e-01 2.798393472457363362e+00
4.143094438727924711e+00 1.057424461162997487e+00 4.083630564887854142e+00 4.592895363778769280e+00 2.965924618073360719e+00 4.632089947335953362e+00 6.039948798810956809e+00 4.004337921773661435e+00 5.948116366436075886e+00 2.036271223711143996e+00 2.735204087064512901e+00 5.002187728276558332e+00 4.123143405192084110e+00 4.041642064507950494e+00 2.757833334951397042e+00 9.699207137320809968e-01
3.162938587562723836e+00 5.401098994916286422e+00 3.888722640764378014e+00 2.629036441224096965e+00 2.464805511132705185e+00 3.269021524591576799e+00 4.275173312017757965e+00 3.957321815800398657e+00 5.902868138161050382e+00 2.291699673901982592e+00 2.233493989103124466e+00 5.972084847146611253e+00 5.140411044106256711e+00 2.800584008874933417e+00 2.967646870124639236e+00 3.637203064346361980e+00
3.300412122075966903e-01 5.364963688340855796e+00 6.629931696108575245e-01 3.992587094309659079e+00 5.323955054501907647e+00 3.505850322793822027e+00 2.521254065960628843e+00 5.656249178427421143e+00 5.710890502777372646e+00 4.758610624635392305e+00 4.947187972638956488e+00 2.665554909217680901e+00 4.940851342680347535e+00 2.465981430087345938e+00 6.134981982406251255e+00 3.888905311307675472e+00
8.026214052875811911e-01 5.884441858258274038e+00 3.978553361434105096e+00 4.189379042683084364e+00 1.323446455804015542e+00 1.357253702562181141e+00 5.638004335159332747e+00 2.270324002939826613e+00 1.560199518610713376e+00 5.985004338102615229e+00 4.873929830528014762e+00 4.605382924305528647e+00 3.851583343130873249e+00 4.551249052831004782e+00 7.525544981659436639e-01 5.066159518707428866e+00
1.498231840940896342e+00 3.967665656113128492e+00 1.653254886041188421e+00 6.189182933279708365e+00 4.999193690174418059e+00 5.884053942703249440e+00 5.534948192548795332e-01 3.619982588309469396e+00 5.416123739129746539e+00 1.924604388879320949e+00 5.585737840390919473e+00 5.965368042155922090e+00 4.619573495003043817e+00 4.672967524374638693e+00 9.846718614743460440e-01 1.372755846546195979e+00
3.937521657680422393e+00 2.341906281145594626e+00 3.993695597224193872e+00 2.887962312898387562e+00 5.246008921796300406e+00 1.967902688534161282e+00 1.392852093917283485e+00 3.202099652270093411e-01 5.254130169010121421e+00 4.708231148924109988e+00 1.697177667183702887e+00 2.506804593595355346e+00 4.557505144013195952e+00 2.589164821170341302e+00 5.384712527707021579e+00 2.599956034839224550e+00
4.630863885654983747e+00 3.576733927373528577e+00 1.825860211319944248e+00 5.989861887997454559e+00 5.391233098846916150e+00 3.650460107414716493e+00 8.399100718488006212e-01 3.898480730107185988e+00 1.316874647582279290e-01 3.701428425033065572e+00 5.330798188778281821e-01 4.709501399035257663e+00 3.207488193839769242e-01 1.682909812662922722e+00 3.892230389161951187e+00 1.433298209468953477e+00
2.380738133906926901e+00 3.921472359132553542e+00 3.409650701749734392e+00 2.260002572853700542e+00 4.365459232649264720e+00 1.753922781504468897e+00 4.753868542457265534e+00 1.046832591625737718e+00 4.697853472352078619e+00 5.427526244258827681e+00 4.702093150226995810e+00 4.730532006569685977e-01 2.620925355298080461e+00 2.607845540640484128e+00 4.575393387376958110e+00 3.065876277215318524e+00
2.314616312509327756e+00 5.268806188311391248e-01 4.485662880443461731e+00 1.289490450600342619e+00 6.180180850075167598e+00 3.956136107279768499e+00 3.664721478791477693e+00 1.065388379912912242e+00 4.083295012027502224e+00 2.532487191563276063e+00 3.134819931381159108e+00 3.691110145651866237e+00 3.972252031869042188e+00 3.147322637406922752e+00 2.686979032911238185e+00 2.199234758706924531e+00
2.272968248508414391e+00 5.718375044498030135e+00 7.869029362315604903e-01 2.213338110174733586e+00 5.378596077557936894e+00 5.612894183599648201e+00 1.601033676554923790e+00 4.625266946597967888e+00 3.097740121515525580e+00 4.872052346038802995e+00 1.898824376442825645e+00 3.116603794267261307e+00 1.007014564989592520e+00 5.354725991309644328e+00 7.564664442076408923e-02 3.498945889603008119e+00
5.571456309343315816e+00 2.619477388313856014e+00 2.156019704003127480e+00 2.479417842138009753e+00 6.050077354423641918e-01 3.458772028074801330e+00 3.254605525915484687e+00 5.250366193124623493e+00 4.313817428854735958e+00 3.636884820786281391e+00 2.872865394490622837e+00 2.819335047082247137e+00 4.827307303598708188e+00 1.278605743866059630e+00 2.990963840216774638e+00 5.355317215334922665e+00
3.515168841337411365e+00 1.373898950755034543e+00 5.351153591721462988e+00 3.381835806405233846e+00 4.598624349096845698e+00 8.082057138795391282e-02 3.031644437164849659e+00 5.635902274270658374e+00 8.215025822583826853e-01 2.193579268570981178e+00 5.966306235786467127e+00 4.163134975816938699e+00 2.627727593842579701e+00 2.842117575123540796e+00 2.008966280127591819e+00 2.375809900806015840e+00
1.513185263078385967e+00 4.624193169881171350e+00 5.150483766833922950e+00 3.172278534309130205e+00 3.922951572620361205e+00 1.592068440261082740e+00 2.638586152559054376e+00 6.224923423295390279e+00 4.220920258054473351e+00 4.114720755691481990e+00 6.114822190236809618e+00 4.233249337973324700e+00 1.477001742036290644e+00 2.792523904364141885e+00 5.901693527838027364e+00 5.520453765768171372e+00
8.176139731733881311e-01 5.721972826709838422e+00 4.533621931161640362e+00 2.326624803431624589e+00 2.888480518261012708e+00 6.062575831067209542e+00 1.935895530645270757e+00 1.280032726164073154e+00 1.317157190080128215e+00 2.232891216575821236e+00 2.474839098408613935e+00 5.166067511158251691e+00 1.990749629191864489e+00 7.251269234027418742e-01 1.738164167676810479e+00 5.379508612760152353e+00
1.678866384888438645e+00 2.100562340102401226e-01 4.613863346174345459e+00 3.015383347446394691e+00 3.339461569570524091e+00 2.064256018018373773e+00 1.559871661396330378e+00 4.446517123768422231e+00 4.013648114595789629e+00 3.062755108350338151e+00 3.169763759906710221e-01 2.029062459751853620e+00 8.631291690358707802e-01 1.187123694684573794e+00 1.871850484703713402e+00 2.739997528000233995e+00
5.601716109992954662e-01 2.495531242225559776e+00 3.114365620114812661e+00 2.698878783932820102e+00 4.104398288512790316e+00 2.745327975660616371e+00 3.082760321662839642e-01 5.775805797891127469e+00 4.986154746753682865e+00 2.791164835737754313e+00 2.515021344223327571e+00 1.284795258258507822e+00 5.998087114569898848e-01 1.446427704687146543e+00 3.119592005621218078e+00 1.641769326825626374e+00
1.971138712073173371e+00 3.295188959774969728e+00 4.689888784364613095e+00 5.962465653235629048e+00 4.252228907106557543e+00 2.631857843594266111e+00 2.013505474643721094e+00 2.374815373583463174e+00 2.744414081550276552e-01 1.542928895380236476e+00 3.219286021629401251e+00 5.669738658293954181e+00 1.092810153567187470e+00 4.242190589821538960e-01 6.173706260190400030e+00 1.686787946957424733e+00
6.734237482878961956e-01 3.735239218651377424e+00 1.440738822596041135e+00 4.495004538059567345e+00 1.575375076211508851e+00 4.984325432064087735e+00 2.774918730716366078e+00 6.142874732687428896e+00 3.097174846793484093e+00 3.257118386611444372e+00 3.567987268756931396e+00 4.917444859985534045e+00 3.988673604705423315e-01 4.431745047600209375e+00 3.077184598595202658e+00 5.823350961509540014e+00
4.487684521065902210e+00 4.196418191316536372e+00 4.062199139884848265e+00 3.197282792751054536e+00 4.239764828945856046e+00 5.770871932414222139e-01 6.723769403450267079e-01 1.808715797293116490e+00 5.799703306431132077e+00 4.375456748274461738e+00 3.118378276801115234e+00 5.099216446715034934e+00 3.350750804579887276e+00 6.146994653377005235e+00 4.750576099666814933e+00 8.776929747099967982e-03
5.188552047256242972e-01 5.135779055624600353e+00 4.597017138416750193e+00 5.791412944925469208e-01 3.178020380087401175e+00 4.242983365703760334e+00 2.793921492180770905e+00 2.320200583884013401e+00 3.002864673871912693e+00 6.225200009926952660e+00 4.805824082032342126e+00 4.091372962153643655e+00 6.272302000663593446e+00 5.837045597230460459e+00 6.716222297164406996e-01 1.055348076193011408e+00
1.485523499673554459e+00 4.343949860005167807e+00 2.552713166907211395e+00 3.841944421269306797e+00 2.447434341926524759e+00 3.215994232116042628e+00 5.746008678624504817e+00 3.483043711778400109e+00 4.696733627597695637e+00 3.545375029829230584e+00 6.039380545090464736e+00 1.215045200429869521e+00 2.683657164659758454e+00 3.185885361901727553e+00 1.754239968151078299e+00 9.941489322408928464e-01
3.626032503685200359e-01 3.534259812138234591e-01 4.357673739423664649e+00 5.425753153096761316e+00 1.973967512041603811e+00 4.459908767693782750e+00 5.822732824597436796e+00 5.866224064959210338e+00 1.691606003351994181e-01 2.211990194900327111e+00 1.177527633904446036e+00 6.000724236337420109e-02 1.767141450262542879e+00 7.453318638333928936e-01 2.365685038167800069e+00 5.266205118734896828e+00
3.932819009917175590e-01 1.370622487847934057e+00 3.408543785113884006e+00 1.769879298632355491e+00 5.278125583954855760e-01 1.892641410595560014e+00 8.790393731018451007e-01 2.916785566945853336e+00 3.427396267925451934e+00 3.665566322430686697e-01 4.957086245441805872e+00 5.509402398226203701e+00 2.521587249390669250e+00 4.330931902681326662e+00 5.327909828737693587e+00 2.440604145997375074e+00
5.527250029364320305e+00 1.630312059423838278e+00 4.459546585391325202e+00 4.340146923387705691e+00 1.423413683061841128e+00 1.318807972839132203e+00 6.058854789139036079e+00 3.170181123031404091e+00 6.015569900466906539e+00 1.136663249645120999e+00 5.994270398830108704e+00 2.511176580622371812e+00 1.748769365308280532e+00 4.987224472957466403e+00 3.211470796075869494e+00 2.015512153494637193e+00
2.559140869986233469e+00 4.775170534304725045e+00 4.354631686383160449e+00 5.104738736767062690e+00 3.134152106939627647e+00 7.512513467772052866e-01 4.588444180591424448e+00 2.204955453702376111e+00 5.386398415093132996e+00 1.810743768251837693e+00 5.819554496857539228e+00 5.014679164350955176e+00 4.276809884218555347e-01 3.357395072641783162e+00 6.240924441603343809e+00 5.399208172481589685e+00
2.364194959541380925e+00 2.045200279557652490e+00 5.727904952673730676e+00 1.753637614462553174e+00 9.208761716628149907e-01 1.575062630308258216e-01 3.564322682993477098e+00 6.007804656988165348e+00 4.500655746587046480e+00 1.003719851498760862e+00 5.117645932233909623e-01 5.250348231091672702e+00 2.806642315491333139e+00 4.627527863141494890e+00 4.075403221323227854e+00 4.499667138796342725e-01
4.659208590796123595e+00 5.569992948862404702e+00 4.466697683364416527e+00 4.643536053594808699e+00 2.599421231008353761e+00 2.106452154249674802e+00 5.009618032364465456e+00 5.857999260041303558e+00 2.138909607935393087e+00 6.170372678830733371e+00 3.432324055228764603e+00 1.225814440836140218e+00 3.321053375521310969e+00 3.966558077573483665e+00 7.225609175554442709e-01 8.209223932915468147e-01
4.657492255682549320e+00 3.362701010801536938e+00 3.148595397362422332e+00 2.021519932846985501e+00 9.839971516100696203e-01 2.023438792329391500e+00 2.414575069094077264e+00 5.914078638085658035e+00 1.096182507239306547e+00 7.504034709473155207e-01 1.977185316587105168e+00 5.301881279439155659e-01 2.608480033435135681e+00 2.587148645151961190e+00 5.179400025186053469e+00 6.102471368491755754e+00
