1.263945560150446790e+00 2.978984462039074188e+00 5.605399431284322276e+00 2.444339309002418581e+00 5.474571355332042977e+00 3.334855019598879089e+00 6.425702611094700201e-01 7.561661248471037711e-01 5.891318546226842479e+00 3.170517989433804029e+00 6.104417894889759388e+00 3.747372590527429104e+00 6.025054173379416511e+00 2.450321392150699218e+00 2.504394731731994117e+00 9.494548544756191422e-02
2.843544937728650801e+00 5.059016277763134006e+00 3.205555499813701914e+00 4.571150098854321442e+00 4.267789496884856426e+00 5.147308229766627719e+00 1.032665211778686976e+00 8.895256082552581711e-01 2.640058540223813477e+00 3.768998518460690672e+00 3.981099297891203204e+00 8.303752502403580760e-01 4.237688175044952210e+00 3.164367427277923639e+00 7.948193662174211915e-02 1.414662911708379323e+00
1.059162070409184642e+00 1.155433088156424093e+00 3.201612810424337763e+00 3.700896037873870004e+00 6.733995040375382324e-01 2.562165289532896573e+00 6.123456323172611349e+00 1.484210160151342661e+00 1.809634633526860381e-01 3.514410987957642174e+00 3.356414032094910294e+00 4.256921772006648119e+00 2.473756806666119190e-01 2.204685171394570986e+00 3.580226162183605787e+00 3.810015040214876497e-02
5.883304932629882522e+00 5.305499657575733607e+00 5.826920311879590919e+00 2.563818738018554200e+00 5.014359803996857323e+00 3.598668503701025756e+00 1.146651338856742974e+00 5.496966037647392334e+00 1.346974323966885656e+00 4.330412705292718378e+00 3.487950920642360675e+00 7.153193251786152951e-01 4.967949993143194298e+00 2.048992239350802880e+00 5.673331959210888620e+00 2.886459525633068512e+00
2.405841017127417381e+00 2.009387319930660887e+00 3.115080841081571794e+00 3.351991131319427719e+00 5.286946853378896805e+00 2.500077776239579760e-02 2.053750600328356324e+00 1.451578773727934049e-02 4.232967868101964903e+00 1.116731955876242743e+00 5.916986953247707071e+00 5.647334603260447672e+00 4.141280271221088882e-01 4.468490936344712061e+00 2.908751788222510459e+00 2.112758002680603209e+00
2.964479863799211135e+00 6.034659548941027296e+00 5.085090788458059841e-01 5.343667913082707166e+00 3.857737067073269355e+00 3.449245552481647881e+00 1.687967373773019197e+00 9.671212072220333189e-01 5.555117911214211723e+00 3.200563538494860971e+00 3.999060392549532494e+00 5.050483011821094159e+00 8.697221802835877202e-01 4.365401439598902700e-01 2.551925153249706479e+00 5.642439763404657249e+00
2.446647616357351396e+00 8.706918997840413718e-03 5.542806798861064088e+00 4.392474811605021068e-01 2.903900675879589333e+00 1.830319561132561779e+00 4.406896920181539556e+00 2.377773602012227094e+00 7.901697165084836660e-01 2.124316135148921703e+00 6.127049326079456293e+00 5.632918652566430318e+00 2.563100302171890998e+00 1.287440375483404731e+00 7.129411592551726518e-01 4.056467040864008666e+00
3.414641054025562283e-01 2.703811117292770572e+00 1.144774085488595716e+00 5.632383352997765158e+00 1.968337208186296872e+00 5.994336346258593018e+00 1.072993367460450154e+00 1.868431231874760456e+00 2.875537506086960349e+00 4.834010741292393276e-01 1.778896612738546379e+00 3.071421082012763537e-01 2.258102333059973099e-01 3.009757894551170043e+00 1.618785351998460964e+00 2.591058326697794900e+00
2.855597852316639429e+00 5.959996877766706724e+00 3.445879261836506391e+00 4.924553649275874356e+00 2.638050910091609413e+00 1.771265660038938705e+00 3.021401362936265045e+00 4.765898899106324471e+00 2.305062120297283190e+00 3.876385460760576773e+00 1.673437721212883700e+00 5.548561354591799777e+00 5.354526987769396840e+00 3.021741151377186352e+00 2.808876448380066115e+00 2.137017354108190936e+00
1.301234933684704220e+00 1.289807280529347677e+00 3.102312748440694712e+00 8.062070913584939991e-01 5.903604688815053514e+00 5.479891132418616140e-01 3.031003565368111108e+00 6.246272760572313842e+00 2.598359542557910906e+00 1.759451372155601767e+00 5.797038488465673822e+00 1.823246831580429106e+00 1.391484175802319090e+00 5.394125425372673366e-01 8.641789167124015458e-01 4.613690333385386810e-01
4.672133803122317630e+00 2.396640212651758028e-01 3.451507862549104466e+00 4.191530258295817823e+00 4.125479549523322298e+00 1.205817083926147060e+00 2.713029477022939506e+00 4.040202371811219884e+00 1.784834604597173469e+00 6.080202066613011880e+00 1.432424124979683855e+00 5.749063908415026347e+00 4.917985635926121202e-02 4.824374242486905828e+00 5.817927721332582180e+00 3.549923659992629599e+00
1.782938464100628784e-01 1.446950884839210305e+00 6.267097750793356070e+00 4.186195997791004042e-01 5.870910776594852720e+00 2.328367817405586848e+00 1.348291899530115190e+00 2.203006859949237395e+00 5.364720366396423579e+00 1.733783219154859889e+00 5.627774317597221021e+00 5.601905126104436583e+00 5.202851416531027340e+00 4.400866654672541678e+00 3.352822229925429998e+00 4.927859154659423702e+00
6.216072069939663436e+00 4.132518965647963505e+00 2.802917701076906631e+00 5.663045037877289190e+00 5.707563596643800530e+00 4.660725136463958584e+00 4.841525134020823629e+00 3.761642204730087258e+00 1.793191148182188277e+00 2.851250547747269160e+00 5.680783821842664949e+00 1.413353375563049852e+00 3.261023570408344785e+00 2.430150535613510243e+00 7.004523479042673584e-01 2.363912949062743962e+00
6.073803343303800339e+00 3.759672051748382593e+00 2.712315087746433040e+00 3.043238738019499401e+00 5.291638386541620775e+00 3.822053135406140001e+00 2.773454003369817400e+00 3.221266220866420671e+00 4.254444122372517789e+00 5.225061664696299069e+00 3.813215621889676665e+00 2.249502127171193244e+00 1.606353735549564510e+00 3.327309863999809103e+00 2.407946540621339615e+00 3.775673689532804911e+00
4.774940363628964457e-01 9.181555641335122919e-01 4.381136130806978279e+00 3.195112036370423514e+00 6.025788343019580218e+00 1.890820365036658846e+00 5.244227848943472381e+00 5.825954933411434666e+00 3.371297993812356619e+00 3.225284362903466207e+00 5.710459239875183002e+00 1.487207151274227979e+00 2.053059551669845550e+00 2.579452873031094384e+00 2.088610292547387726e+00 4.240864269334339021e+00
1.389696210355540806e+00 7.811180291608643689e-01 1.387252794554889035e-01 6.148086673212833198e+00 1.684150127977735931e-02 2.321556186664953447e+00 1.517594267578368239e+00 1.540667617847975013e+00 6.081297852212832034e+00 2.237199566421788424e-02 3.893257607525119068e-01 1.127207383677751418e+00 5.391792189322560880e+00 4.876782540092617246e+00 2.027834290946433971e+00 2.804247779090201509e-01
5.291339385766586467e+00 1.953285635953406318e+00 1.646143980285553532e+00 3.473144505957354244e+00 2.690647401477041178e+00 3.395319421417545058e+00 1.937893780771494878e+00 3.430086380306242244e+00 5.361180392460792588e-01 5.205623313567946830e+00 1.003076588333742025e+00 3.991885932221350242e+00 2.243193962518843065e+00 4.430169770886318581e+00 3.501767720000119155e+00 1.739334886980521855e+00
4.762725147585251229e+00 4.923307002804118149e+00 2.987082527625195993e+00 7.099701767216031190e-01 2.695959563574769069e-01 5.314808847220963806e+00 4.588465269724507856e+00 4.708310171705469394e+00 1.537097706865122593e+00 5.326365056344684490e+00 2.859234465292190830e-01 3.621516899370021303e+00 4.962128257823933630e+00 5.938087777368424192e+00 4.672685809751909169e-01 5.620807416179984806e+00
3.070967260565692580e+00 2.161274041720473882e+00 6.253169194651761131e+00 3.290620842440648897e+00 3.818673177673691743e+00 3.398923705783531535e+00 4.327377868499651115e+00 8.078798568873839514e-01 4.824999243244075586e+00 2.676078683290383786e+00 2.983103930555467187e+00 4.276476768781053428e-01 1.735347863908970778e+00 4.939200158001922358e-01 3.207626584666256608e+00 3.744469023928233220e+00
2.683362630907275115e+00 4.919317209668224500e+00 4.654072388928596204e+00 1.664159345669268708e+00 3.647112596908000715e+00 2.875839339397333383e+00 2.945563166875949879e+00 1.911379597490499238e+00 5.740503859720496038e+00 8.646656251787420144e-01 3.224395850653158035e+00 1.185974395946101101e-01 1.267552082796843171e+00 5.663686304750633838e+00 3.521290423909030132e+00 5.090524851587863164e-01
3.584210049334624948e+00 2.892665449239603337e+00 5.471877065296237852e+00 2.018471536001459565e+00 2.155096387760887744e+00 1.996238646694176833e+00 5.970640883097095397e+00 5.147225051678826269e+00 5.061779773802151938e-01 2.201813881133313888e+00 2.661504154252749110e+00 6.269683153990271762e+00 4.381072955961459847e+00 5.052975290236564332e-01 3.477580528511461821e+00 1.496967964514964944e+00
5.091187157011596298e+00 1.173758893345820953e+00 6.154315412369978366e-01 3.430330158290725073e+00 4.438239820193754959e+00 5.615633455635321347e+00 2.795151135733028536e+00 1.107085013339473623e+00 2.004184094827555107e+00 2.151720442288761692e+00 2.208018524082503653e+00 5.160160175282835660e+00 7.187329391896057906e-01 4.020918820235968916e+00 2.342166610447584674e+00 3.297497720214114025e+00
8.615145261259370413e-01 3.415388400747499276e+00 3.964432570356104968e+00 5.132840613004932884e+00 1.411513529224661445e+00 2.065050223025518328e+00 5.278592121921057867e+00 3.649128062278744533e+00 1.103905320758020281e+00 3.576159276900074513e+00 4.186296805858820136e+00 4.014924524987712573e+00 3.035790686743187194e+00 5.255497621307918088e+00 1.818215299523489314e-01 5.606211550469864413e+00
5.507373568977789624e+00 3.579556918769294604e+00 1.763685635385990880e+00 2.379955075185890667e+00 3.826451902528350324e+00 1.366787673320766894e+00 1.391044088979850324e+00 6.138994441985848205e+00 3.468842816698235687e+00 3.923939062830758662e+00 5.712564594753338554e+00 1.137467836226801365e+00 3.978708105999008815e+00 4.065142159845393621e+00 4.881029642794100454e+00 5.598123023410681576e+00
3.913601865890949938e+00 2.324279285181142019e+00 2.458244616797128135e+00 2.867302455170465780e+00 1.029286450240398887e+00 9.923286313811128245e-01 3.174278601774993991e+00 1.971947017448316131e-01 3.547600003025459525e+00 1.160091980874305762e+00 2.373801464432817365e+00 2.210904737588879065e+00 4.414390838974301623e+00 1.173493435890789194e-01 5.167367667903775441e+00 5.089310392015486073e+00
5.448048420872622088e-01 4.055505477846374163e+00 1.142524504976944355e+00 1.625163984685235263e+00 1.371976183551872230e+00 3.026760965557504512e+00 4.056344428898976395e-01 3.908597349846986369e+00 5.676103690451796524e+00 3.396305635492431474e+00 3.433232403752668915e+00 3.632406034557232211e+00 3.489780467967117161e+00 4.778092729779960024e+00 1.604198114439381984e+00 2.618589546243856425e+00
3.371444113842249068e-01 6.211847950374936644e+00 6.046050856862862588e+00 9.969332510166404315e-01 3.039581122797069490e+00 4.903372894110053615e+00 4.524551141013650302e+00 2.529146097974891205e+00 1.148033864355372025e+00 4.962261556217182346e+00 3.608959645662986215e+00 4.224588466452530611e+00 1.715534415393669132e+00 3.457379627826239199e-01 5.439197601699373052e+00 9.061690514818421249e-01
4.718898207239150544e+00 3.402121730252117171e+00 6.333543088358881690e-01 6.178432550406232071e-01 1.469426840461230288e+00 2.281203119203974783e+00 4.464361444249330901e+00 5.528582671864727516e+00 1.824039199919502918e+00 6.825196033521657712e-01 1.781932503061331330e+00 2.812751995785556680e+00 2.158047207233680653e-01 2.277642694095738385e+00 2.530455746084804947e+00 9.156085175227957063e-01
2.743002136023075188e+00 5.307598928230195412e+00 1.876415993238987223e+00 1.020108523909518894e+00 6.852558565746663666e-01 6.190977914607069366e+00 4.963833940904678776e+00 1.895515128096177393e-01 6.212412193653761072e+00 3.601305890915997399e+00 1.836934228452251183e+00 5.891099788949607508e+00 5.043573357714103977e-01 2.634464358984127230e+00 1.514958231776539099e+00 5.201310577438935212e+00
4.250290687119094635e+00 3.382728101382645569e+00 5.017360506482957838e+00 6.239623874797713299e+00 3.295975343255021617e+00 4.778406419584057652e+00 3.945012594365605807e+00 2.260995486447867187e+00 3.428538219962013578e+00 2.898196648623337257e+00 3.136358361347298285e+00 2.144055711894211347e-01 6.431626231222641321e-01 4.013549618260725538e+00 3.957700152599425980e+00 2.229913136229849879e+00
6.079193711056418259e+00 9.284950283959751693e-02 1.771410146721594581e+00 7.247177813483854925e-01 4.860127656654053219e+00 9.891788703389708948e-01 4.096117521587290256e+00 5.532533947431955035e+00 2.644780159956779286e+00 4.905634784926504288e+00 2.891703302110383220e-02 2.515700632390313052e-01 1.008400630282518140e+00 4.479340486401520494e+00 2.483028511118905435e+00 3.032943052785022964e+00
2.434854228452397518e+00 3.053018024683070042e+00 1.373094443090758787e+00 1.155969079397213939e+00 2.632220544714501287e+00 6.043199185433968168e+00 2.621943535510316003e-01 3.451508988900608532e+00 2.708039507128976009e+00 1.747953571705895381e+00 7.555059917114009815e-01 2.233002597428089153e+00 4.137205459794687457e+00 2.102644450010588972e-01 1.959190822811213151e+00 3.498555350421843624e+00
