4.532083150800960247e+00 7.351625739059004516e-01 6.113005161326130477e+00 4.271889890867644368e+00 2.022746646397752368e+00 2.003239394347386515e+00 1.695742591101866203e+00 3.369850927251763384e+00 1.024428843527140032e+00 5.886378580661493665e+00 4.131982832101156689e+00 5.380550568195022976e+00 4.152154012183210341e+00 3.077785481683247948e+00 1.951487429245216454e+00 2.839748778370567717e+00 5.890882038005620380e+00 5.726920364366144156e+00 4.162346172113958964e+00 1.081718541429319558e+00
4.107691702214472107e-02 5.056811400789024136e-01 1.912199160758883520e+00 1.702247024084000193e+00 6.251440988540178267e+00 3.437901415942084427e+00 5.677456492470842164e+00 2.172961542833092619e+00 2.790899407688126832e+00 4.188990122570834251e-01 2.063325812532370573e+00 1.203058027758007187e+00 3.539082068734001219e+00 2.842169961405447420e-01 6.201968684510383412e+00 2.886153886592695006e+00 5.297553999092296628e+00 4.463934378334389663e+00 1.155850066802021070e+00 5.220053758006175215e+00
3.057227792772731156e+00 4.835535471182479839e+00 5.974085236284680356e+00 5.454339869120144790e+00 1.898135031517311333e+00 1.034105756820887789e+00 1.741624343972467459e+00 4.996701817629122466e+00 3.090450298003033502e+00 5.524588357392460125e+00 6.026633346399813185e+00 3.422222468155438957e+00 3.669544296588546750e+00 4.174069969707993266e+00 7.324849166986923121e-01 4.930404339535331637e+00 4.292722099793593871e-01 6.828296440463951233e-01 4.278021269486243838e+00 3.313635599657960285e+00
2.383884971302310252e+00 2.481448525217582635e+00 3.268377649214595948e+00 6.075769775009447926e+00 6.575190511987796249e-01 7.923146598760101300e-01 4.195706938836934796e+00 4.439560145228435672e+00 4.266417674382763536e+00 2.160895891237796018e+00 4.496760774751531464e+00 4.978169545904227000e+00 1.918603025482160884e+00 1.481019772361578557e+00 5.361781705491501349e+00 1.182646083510241919e+00 3.099151254065408700e+00 5.950630465077407116e+00 3.259262862295375207e+00 2.121021089848915686e+00
5.100047509440114091e+00 4.742175330733217287e+00 1.918418644812853957e+00 2.711343626429952636e+00 5.539973851651970982e+00 3.534625480217332250e+00 3.842557421912147220e+00 2.205110506515791435e+00 3.637675805093017356e+00 4.361953371476977814e+00 5.706174432334484514e+00 5.716665157794723839e+00 1.071086946062248302e+00 3.122429797316298661e+00 8.637708877402242580e-01 1.363294662556703951e+00 3.851901202931105939e+00 5.633422618072524202e+00 5.519617718078164259e+00 6.135896116172991910e+00
3.761843746010554490e+00 2.607574461215254935e+00 4.342040927062117639e+00 4.610251232014181078e+00 1.374532644582533880e+00 3.177695252908522505e+00 5.073626479213089624e+00 4.664774784427261900e-01 9.916501374275035197e-01 2.551979625052517076e+00 3.180446516128161871e+00 3.636684814076749817e+00 2.477093020532715517e+00 4.556845147694232878e+00 5.822673220863447519e+00 1.423126534611926619e+00 2.672648275417256247e+00 3.876699620854462847e+00 2.402907979661647264e+00 1.499633037131951729e+00
5.868528532677295129e-01 4.254919996203561539e+00 2.549194147250404274e+00 5.883277478218961853e+00 2.453068843682038924e+00 1.120860223999745386e+00 6.108779380023169558e+00 2.823104084920665890e+00 3.378186296376777809e-01 5.031349901745238995e+00 5.460162958896119356e+00 2.179107404742125276e+00 4.286761172371511108e+00 1.197429369726599413e+00 3.377948617958432820e+00 1.571392213960123851e-01 1.307174414016009312e+00 1.369596334119296044e+00 2.465533779212743859e+00 2.694436182984995209e+00
1.244683551616990513e+00 6.208210016456873426e+00 3.114001343831550805e+00 5.434271878808627498e+00 7.520707383650874212e-01 1.747484704127103772e+00 1.238557763902274012e+00 2.127562379129799286e+00 4.813719875143736004e+00 3.257406351130272437e+00 7.762783465972923347e-01 8.921716069966764140e-01 2.540303042472022432e-01 4.811714190918482403e-01 8.172704334465022979e-01 3.918785680504339286e+00 4.406916069455180107e+00 5.120381914851762417e+00 5.799147793536953976e+00 5.341855378654896569e+00
1.856110185172624993e-01 2.468877809707600957e+00 5.335552594593790943e+00 2.775054707253071129e+00 3.901391723524198163e+00 3.959860246505031878e+00 4.575162286689849367e+00 2.450876381724892972e-01 5.537195363872921661e+00 2.464672487815098290e+00 2.913663502632041435e+00 3.837084012340643557e+00 2.147167392724795398e+00 6.084494138894457116e+00 5.625862737979685058e+00 1.707006551772199066e+00 1.272923572154861960e+00 2.188751786917556341e+00 3.140059023891474510e+00 1.868412944143693633e+00
5.612722773589361225e+00 4.375906707074020408e-01 4.525506055590663296e-02 2.782006523593810510e+00 5.828064057395315523e+00 3.549433759648832787e+00 4.942040445639579893e+00 1.361290763489349631e+00 2.615502907606843230e+00 6.161497103284609977e+00 5.698842618860123110e+00 3.938589989361488186e+00 2.453230043570080010e+00 1.357150462832787507e+00 1.661296518030333180e+00 1.914658555488020775e-01 2.207999200971157983e+00 4.774047144657790120e+00 5.152476460268458069e+00 6.077796367768209862e+00
5.136091255869320804e+00 4.104789109562453353e-01 2.256554077214438514e-01 7.013971378381572697e-02 5.963779477838575538e+00 2.378247969006143769e+00 8.291622335153074896e-01 3.124031625563943870e-01 1.480991425570536979e+00 7.890326813477459567e-01 4.344347854049423141e+00 1.099976192422870147e+00 5.224830538798523882e+00 2.882509008333113520e+00 1.906981761079256099e+00 3.765198539542717437e+00 4.479256906276824490e-01 4.454761472217231955e+00 4.961712821575700261e+00 6.153437116182853828e+00
5.133721633940020457e-01 2.643884589581313449e+00 6.056420022231257860e+00 3.972339955605053707e-01 4.101929956133623989e+00 9.782659437286037596e-01 3.871653295461814359e+00 5.468328000767440855e+00 4.105886413282218150e-01 2.566485272487686320e+00 5.684980613826773777e+00 5.355148006573239527e+00 2.782325269127490230e-01 3.628312390291488665e+00 3.678576636138567224e+00 6.048856819144459607e+00 2.467150439459824707e+00 4.549439834463734122e+00 1.967843817198269729e+00 4.136987786234590736e+00
2.241389537853068603e+00 5.266225204717916775e+00 6.089283154732637371e+00 4.690045452540578808e+00 6.059894579595100694e+00 3.786007345160728121e+00 2.293451000828149233e+00 1.726750615939292299e-01 3.212004141606222607e+00 5.418602704651840796e+00 2.914877850736746101e+00 2.102591397308697818e+00 2.450854011457620274e+00 1.410497559500067721e+00 3.274305531818132220e+00 5.696834661153285850e+00 6.279472430196540778e+00 2.144864094602171978e+00 5.379282659872359318e+00 4.341434742330531726e+00
2.472784385898542325e+00 3.520194460002253667e+00 3.110332516099142186e+00 4.163581886923998887e+00 2.259612793232213424e+00 3.204651340025485684e+00 3.613022936842318789e+00 4.682220436094028493e+00 7.339802919762071776e-01 2.074328662502275655e+00 4.068607467697770375e+00 2.987792351346089781e+00 1.406981122592743993e+00 1.941422388819675104e+00 2.348321352333162082e+00 2.426782669618820165e+00 1.990108768985912713e+00 2.910312449334920171e+00 3.851727783969207231e+00 5.377872493079158822e+00
4.217313033097551234e+00 6.243071546998946175e+00 6.989989179183898893e-02 6.053707465086758388e-01 1.649903046004262963e+00 6.062928314455886536e-01 3.679808049692517846e-01 1.534378734135399602e+00 1.583306848241824882e+00 8.786616117129585346e-01 1.403963119510823310e+00 4.373852158886942121e+00 2.817508481685565336e+00 7.921798551619527728e-01 1.480526469894482000e+00 1.749316845422794753e-01 2.924269240862400920e+00 2.416847995266405480e+00 1.734111677544809993e+00 5.590885104813645867e+00
3.113334643331291396e+00 2.302433155341944371e+00 3.719373619233895756e+00 2.260412732051666929e+00 4.621261424259031969e+00 4.727521409793556728e+00 4.814305109819659201e+00 4.287492213737532865e+00 2.095671540371386143e+00 3.289977000248092587e+00 7.499104350583499778e-01 6.814227185426299238e-01 1.577509134651675082e-02 3.503918001439815022e+00 1.856882206786667044e+00 3.778715295066466862e+00 4.197073279922775235e+00 1.840975149866853067e-01 3.633565760055712079e+00 4.038768569958454790e+00
5.914372443454059436e+00 4.675279213373668696e+00 1.239522593657019500e-01 7.773074033661288018e-01 1.867489419073072643e+00 2.771557793879864118e-02 2.561132543797600469e+00 4.077627031434858829e+00 5.019787524397252287e-01 9.429137173256979532e-01 4.572421639193413156e+00 4.655691352785816806e-01 1.061650220650083964e+00 5.780244728947773858e+00 3.855287462329273218e+00 4.338237548266252297e+00 2.209292123438896915e+00 4.812785306843253785e+00 3.898626552505819465e+00 4.297231158151893382e+00
1.494826522001740265e+00 4.508274394908442062e+00 2.697062050912249376e+00 1.200216291021726223e+00 4.094093000955143502e+00 3.833324365806234368e+00 5.888653099972823490e+00 4.047471611169358496e+00 5.364883883425684452e+00 5.874628150446784325e+00 5.324132771127193520e-01 5.791630324104391825e+00 1.585657026442544693e+00 2.958955909651626026e+00 5.383015341521221409e+00 4.279859329950599367e+00 2.827817455846712846e+00 2.731908051263008730e+00 2.143524436760760654e+00 2.581362336450983452e+00
4.107318317862254653e-01 1.745094178984258004e+00 2.483793259877649540e+00 3.394870228569871529e+00 6.130075670733617699e+00 3.638807242370367234e+00 5.233770604961183182e+00 1.708828247236094056e+00 4.724422539361078144e+00 9.836634038856665319e-01 2.819073058672883825e+00 4.329631972447026023e+00 3.829705466038574535e+00 3.939393053837592973e+00 4.495582134201272506e-01 4.662352921916124160e+00 8.954233116081620203e-01 5.805592827071262008e+00 3.264972277468645601e+00 2.283182504031309179e+00
4.982636070488578817e+00 6.088156176290115962e-01 5.002299361250543974e+00 3.179146663908596349e+00 1.643091293242768369e+00 2.000117721768345458e+00 6.832987800823163704e-01 1.996596887295455591e+00 3.265391476416465544e+00 1.062597840323443954e+00 1.197081887589220628e+00 9.567597591470087259e-01 9.271054944791532471e-01 2.386339259536874313e-01 6.263944136859343814e+00 5.044070799727832899e+00 1.641184190191294912e+00 5.871274385770397508e-01 4.932891181050312213e+00 2.546819492352547787e+00
4.950418388443750928e+00 5.735878472395188332e-01 2.804282211045864504e+00 5.188918385496666730e+00 2.128955514401927651e+00 3.361544399045416132e+00 6.132474232780812606e+00 3.609203793701285079e+00 4.592827597639849380e+00 1.547952743946984233e+00 9.240959057542630362e-01 3.437545874127114764e+00 5.352212809701651253e+00 4.960497771960079127e+00 4.915102646338632475e+00 3.459066451532467834e+00 4.225176134262983219e+00 1.124256779656640642e-01 1.334837344105181511e+00 6.100994365476878123e+00
3.590996720224390315e-01 3.370477196669597220e+00 1.694673271650725788e+00 2.000593235495597533e+00 2.335303198764259847e+00 4.304751746868388018e+00 3.942817891002416975e+00 4.542399505503200707e+00 6.054631051010297860e+00 5.344298919236665668e+00 2.335564696782959526e+00 6.250007960453963562e+00 3.023102469137647130e+00 4.724404193850426203e+00 5.914985596827519565e+00 3.272269090197678754e+00 4.271144488148273410e+00 2.435285324222848491e+00 2.748180054315441545e+00 1.766424567576054372e+00
6.069706545989302704e+00 4.664137586739572683e+00 2.874171521448539712e-01 3.060200450448424370e+00 8.620034080249496800e-01 4.326545835571982579e+00 4.970561492935481052e-02 3.010136300382667329e+00 6.066207787326712619e+00 3.258350492050115399e+00 4.463275778604243627e+00 6.268535554398542153e+00 1.480932892490843145e+00 4.003326216400767024e+00 2.628870515243359574e+00 3.044623805288987572e+00 1.726687127836045610e+00 6.133133098088715762e+00 1.878352929651637471e+00 1.962194175751158953e+00
2.559529232925207065e+00 1.349683363928275037e+00 3.822993774310649684e+00 5.991612127779192498e+00 4.867944619828077357e+00 1.760107661155871084e-01 2.859022979901972406e+00 3.541813759975751541e+00 4.934072594609925311e+00 2.986669410539245728e+00 3.444780448246477222e-01 2.886248240249818853e+00 2.656950042399500056e+00 2.404912582652512398e+00 2.200843824022614470e+00 3.480334021172247549e+00 5.446731337743545787e+00 3.229475587669965453e+00 4.682186718943821546e+00 2.942028858275712366e+00
4.903186246750841804e+00 9.003804704868309527e-02 4.609286865628074104e+00 4.514059969430574526e+00 3.739695311033005787e+00 1.403884742296030552e+00 9.600858105277541021e-01 4.737992298770798527e+00 1.279745045450630281e+00 4.209580317855695419e+00 2.672122212231077043e+00 3.007975882515038446e+00 3.518322874635206432e+00 2.578636518854694248e+00 3.025036513665921856e+00 3.302828750743760367e+00 5.125173640909897799e+00 2.239854881213698690e+00 1.391295678596970786e+00 1.698283989595018362e+00
1.091634600054091964e+00 3.976344317627197866e-01 7.450213193438905979e-01 4.787267222297443503e+00 4.207352727545036863e+00 5.376933960685721381e-01 2.961036277161660735e+00 2.011383139352445504e+00 7.481479881808320576e-01 1.016662749070943228e+00 6.045549734905033112e+00 3.586465460005408001e+00 3.001777903351181109e+00 1.886848204849826960e+00 1.507587474131108607e+00 4.610721293118205111e+00 3.847657313063131301e+00 3.269847932843764848e+00 1.289530946460110350e+00 1.093156517761435520e+00
1.426643340440506780e+00 3.245584558016289645e+00 4.661557068189510211e-01 1.502218818895020513e+00 1.133198414866304488e-01 5.983547335142003654e+00 7.415583004019178637e-02 4.952775780048159326e+00 5.955536504539296061e+00 1.395738250238592437e+00 8.607980956081728863e-01 5.165495517489294919e+00 4.980123339007922034e+00 3.254736241622764759e+00 2.771731522340395992e-01 1.495177721176336405e+00 1.320304071528482837e+00 3.448854148966065569e+00 8.315880467371511431e-01 2.894632425043381474e+00
4.181445047966751538e+00 2.375429996151398715e+00 3.147015612291360842e+00 4.886710256194096935e+00 2.832310940665565546e+00 5.263077487044815150e+00 8.819491569056002456e-02 5.587065518607601255e-01 3.401058774270838470e+00 4.284214604965154827e+00 4.828680514794781331e+00 6.241133646210307306e-01 1.283226320969517165e+00 1.858820592509916395e-02 5.249035148416965946e+00 5.378009967023926308e+00 9.685339141502551374e-01 5.178576326848775224e+00 5.413080329190666617e+00 3.739130802993563485e+00
2.025464611830243289e+00 3.380110776612328394e+00 3.444349797167289839e+00 3.356795643198543289e+00 4.605228357850817744e+00 4.583877870581690495e+00 4.471470196493164018e+00 4.937227790374850933e+00 4.665850441815014626e+00 4.713570192670514025e+00 4.873861156862133726e-01 5.295108937445769826e+00 4.290095442676005177e+00 5.862004287587494922e+00 4.681782151321693064e+00 5.140103829261342128e+00 4.031309883053256549e+00 4.576281911470224451e+00 5.188684071844789081e+00 7.061786994197093437e-01
1.656309596023483488e+00 3.591735021034510478e+00 2.333173712035565117e+00 2.189910495186047079e-01 1.976323847813454604e+00 5.104816724386427307e-01 3.465707696148555783e+00 4.365509291461557417e+00 1.246886680131723102e+00 5.790388583673954592e+00 9.799205125768802871e-01 6.116219053156005003e+00 3.973516949344980898e+00 5.098217185038902421e+00 2.460856923184805645e+00 3.901080354765468883e+00 4.045675158856555598e+00 1.271972544166146690e+00 3.454221510657732974e+00 6.644365340152819099e-01
5.017043873062253745e+00 2.184269137070149913e+00 6.080283211911332586e+00 4.208487016722785690e+00 5.268475682662242754e+00 1.289722835828859715e+00 3.634469122705128896e+00 1.727388589966545984e+00 5.847764700962749806e+00 2.506946594503761006e+00 3.612020103423480677e+00 3.053032639443012286e+00 2.574122813261604747e+00 4.972552921915053936e+00 5.509251542675265512e+00 3.000136156576831414e+00 2.731126000754729333e+00 3.809368359408010996e+00 5.321102233273624638e-01 3.923213063432888337e+00
3.093418191796604155e+00 1.130491040523564639e+00 2.947865297115589200e+00 3.181931789418802836e+00 4.759638936387777797e+00 5.601798948326783822e-01 2.941678342458274642e+00 4.369778634486032765e+00 4.173039695867882592e+00 2.284646361690497951e+00 4.428566292627461820e+00 5.139932215415265127e+00 4.601556135817972404e-01 5.765232386721661051e+00 4.485965732028095232e+00 4.651016783859038384e+00 1.581692814034171946e+00 1.755364261411743509e+00 1.862242062041591817e+00 2.725087935099882230e+00
