1.811601816561298151e+00 4.551605981368327947e-01 4.377489861149557626e+00 3.718874241349004350e+00 4.143668167448404382e+00 5.356878295677556245e+00 4.095228207897102735e+00 1.956984314847039830e+00 2.718802656137731422e+00 5.981470238438173936e+00 3.320315902883095305e-01 2.674426741781994465e+00 4.538828041031067961e+00 4.489208646121782387e+00 4.593426961977606915e+00 4.637849180338915467e+00
2.641997628019129962e+00 1.822717593304858053e+00 4.641510168557556604e+00 4.991338337231288058e+00 6.044659415712970052e+00 2.480182700835128706e+00 4.588423020176783496e+00 3.903665723981810665e+00 4.545080967985588138e+00 4.778138091423000944e+00 2.625670761344444326e+00 4.865560484480466741e+00 2.988505591253238336e+00 5.146736726777970894e+00 2.774064993864001405e+00 4.058269539189680586e+00
5.906637073156694839e+00 1.721307502364754827e+00 1.331082413570364498e+00 3.039391614693328414e+00 3.216607942132263531e+00 2.551924175065195755e+00 5.790964515514887001e-01 1.075284996938818960e+00 3.437231717442446488e+00 2.439731049004580044e+00 3.248599477057338425e-01 2.851762266927162948e+00 5.409682032178818600e-01 4.094541447098107412e+00 3.661387021717960710e+00 5.658197686781013758e+00
1.396716975667821048e+00 4.520453233485684841e+00 1.022392511714310004e+00 4.618012078982193458e+00 4.989321693589287676e+00 4.924820789678885369e+00 6.031142535849547848e+00 2.022003503416897274e+00 3.373821920468526248e+00 4.411472476234099993e+00 3.049632866382913310e+00 1.754304792174370853e+00 2.129687952478144464e+00 1.871618389703237684e+00 4.618772112323457080e-01 4.739380324295343061e-01
4.435199301524347604e+00 2.541129016246822303e+00 3.533746588398206434e+00 7.649061085517713243e-01 3.797732397077467681e+00 4.097140223683174654e+00 6.921685506706529711e-01 2.994686232902555201e+00 1.813039878907945379e+00 1.922819859655148012e+00 4.532016197603985219e+00 5.183720947806262913e+00 3.581046929592526240e+00 5.742372569288045625e+00 6.121999291591801118e+00 2.545831741659052128e+00
2.524531820982879093e+00 5.174823942454716885e+00 4.017224203801432303e+00 7.501502955550382046e-01 4.164094727635029081e+00 3.537585849127470983e+00 5.743969494729329384e+00 3.034710018032946266e+00 1.624524498100989423e+00 5.449856050473698144e-01 5.705960684558217366e+00 2.989356118961516540e+00 4.531408589621499949e+00 5.446565768800344820e+00 4.307195818287869571e+00 8.818224843965464244e-01
2.023537391709552047e+00 2.509349998845777363e-01 6.454118820859898742e-01 4.586529529149546036e+00 4.398496189189326167e+00 5.268780088585151233e+00 2.135382857316420857e+00 5.885899778629621437e+00 4.501502782975563832e+00 3.821173151660205214e+00 4.521547229498841247e+00 2.073757149197048122e+00 4.792796820944594138e+00 1.209577237797312188e+00 1.695447170750753019e+00 2.514218626482632502e+00
1.255394995057216301e+00 4.117350877550538968e+00 4.853579832037572039e+00 1.216616869126351475e+00 2.161699768544077305e+00 2.597027109753947460e+00 4.857918606949431783e+00 6.027774146644439668e+00 4.398220066743843581e+00 2.524605686510759561e+00 5.569130495984381923e+00 2.813540546500301165e+00 2.136223258430570926e+00 2.943616458610357256e+00 4.062587460596361333e-01 4.904816270256714184e+00
3.663843706379545484e+00 2.644797965591468181e+00 5.981525551752173264e+00 1.781216510578693901e+00 3.592690398661876117e+00 6.141012708395702013e+00 3.974061510643105866e+00 4.198648392769322335e+00 4.674738606675203023e+00 5.423479897151989304e-01 4.493032948796978232e+00 1.863425712548551383e+00 3.227387707982217968e+00 5.337743410843701852e+00 2.940257312035160275e+00 5.371162944748053114e+00
6.115288127178982513e+00 6.076082727951019891e+00 1.817113373919781560e+00 4.523143145446551827e+00 5.055148236618627777e+00 1.996188869908661845e+00 3.856475607091549573e+00 3.786858891014592832e+00 2.963142978163847641e+00 1.981562228266837700e-01 3.504890859361650346e+00 4.284022532742310929e+00 1.046299280042918944e+00 5.720047083281569300e+00 4.093552949470375957e+00 4.599557577682594989e+00
5.911513186334054204e+00 2.699277665473351462e+00 2.887230157641068828e+00 4.500952104897216977e+00 3.907054374191584856e+00 4.609140485661336051e+00 1.024939573854638519e+00 1.666824888537557170e+00 3.945344885028270743e-01 6.116364535768470390e-01 7.447067325785537983e-01 4.736084097361911383e+00 3.478187594709148733e+00 1.776974094767624690e+00 1.470149413519057147e+00 4.773181938186632500e-01
3.952176121271832598e-01 1.428327106634489363e+00 4.202228252988313706e+00 1.124960456105089153e-04 2.918418914457550084e+00 4.407850190925813649e+00 6.028045048446355025e+00 1.886219266751066437e+00 1.520836183031920363e+00 4.775241824975976712e+00 5.830395937204576384e+00 3.044170412567059891e+00 1.591666809282883177e+00 3.250344519671040544e+00 4.153143066695581531e+00 2.567719449880172977e+00
5.850165624392350550e-01 3.134027478850412440e-01 3.089696509241904643e+00 6.219115706371558083e+00 6.130035143936828135e+00 5.055856481315482043e+00 4.131210879756522125e+00 6.203311988227828699e+00 3.797054460119011488e+00 4.879372038879168372e-01 8.395194415744285932e-01 1.579843706519821644e+00 5.282556128633853376e+00 3.823032077668093165e-01 2.096866181022952524e+00 1.637251609512822226e+00
5.664312015077024753e+00 2.712068737756388792e+00 6.825916922784417418e-01 4.600194597085073056e+00 6.111459872082439126e+00 9.810832335320323061e-01 2.466698658876722572e+00 5.180740633261812889e+00 1.887869772533932400e+00 9.758330775451808936e-01 3.829136893843137490e-01 7.556208114951536159e-02 2.764320201537934452e+00 5.411865403788722162e+00 6.009866664752100185e+00 4.631421666499311862e-01
3.672063428075776237e+00 2.015348852401923629e+00 1.962971786965081122e+00 3.032383529672077582e+00 3.501200864912885624e+00 1.505113701756523481e+00 1.483816460044207197e+00 3.539003848388269091e+00 2.943410826295777660e+00 1.204208749767861075e+00 1.514744703292867145e+00 9.073467423103309670e-01 3.740250018873726656e+00 4.223170092255440267e+00 1.746486376184829048e+00 6.148273969072495237e-01
2.799226797477373019e+00 1.986549697644669044e+00 2.885937822348987325e+00 6.176421687800493387e+00 4.761237824868358892e+00 4.760309378150972215e+00 4.565762211420120842e+00 4.931976130905100675e+00 3.408164589738912564e+00 5.416882208869682636e+00 5.676876040729503359e+00 2.348370064062891061e+00 3.733810729481290558e+00 3.934219955220649378e+00 2.970552458310291133e+00 6.187289067940965559e+00
5.672094927688235089e+00 2.360261441068838728e+00 4.381906872863241986e+00 8.399978000036324444e-01 1.410922596087660130e+00 3.280695993257027432e+00 4.260808132335987430e+00 3.864158647268552738e+00 4.276796129044897476e+00 4.332470221396041765e+00 4.356148227127539130e+00 5.613604302732339235e+00 2.911815457510572358e+00 4.138114279346797098e+00 5.545119775936639961e+00 5.087291303644978946e+00
3.077956670819123719e+00 4.462934524749202048e+00 4.712641738526289759e-01 5.301006534178519303e+00 6.109706798682090323e+00 3.058278917064416014e+00 9.572804497909574994e-01 4.070260143345183934e+00 5.823135407891224524e+00 7.992037423033573340e-01 5.713610383703975337e-01 4.458708278812404946e-01 5.731136419730058940e+00 3.567266864099900570e+00 1.577737917775277054e+00 1.312769827352158858e+00
3.792209110560001317e+00 2.054594612805623388e+00 1.246033398145064419e+00 4.468776667815864911e+00 4.178328936284415818e+00 9.507529382210384572e-01 2.342970457063695111e+00 2.591893499146132207e+00 1.628080332136979669e+00 1.221512523653092153e+00 1.054421734312634529e+00 5.007500703623274596e+00 6.057505921358631973e+00 5.046867259408126749e+00 5.638063788543594690e-01 2.559460281035771612e+00
4.686202058839848306e+00 4.306822412530602939e+00 6.066531572743334877e+00 6.112878331461740977e+00 4.282679151671615614e+00 1.849867320291094908e+00 2.562248821972297197e+00 5.354379050766274517e+00 2.580416322432554921e+00 2.729209285329042278e-01 8.724654191173056850e-01 1.079763428362515931e+00 4.543719009335187131e+00 5.748046712248123802e-01 6.137155353209349684e+00 5.198771641321775938e+00
5.645856086386560335e+00 4.126683202773375747e+00 1.281157983521870269e+00 5.559060173622561329e+00 1.319522931189499046e-03 4.557434799374260770e+00 4.924877360705314899e+00 3.609233045121950756e+00 2.354438627781613835e+00 5.129662038525727219e+00 2.375226517180186736e+00 5.512772769447166432e+00 2.533153397080299740e+00 9.287943589977567527e-01 1.171473031356305095e+00 2.983601236487848585e+00
1.376115356044780969e+00 4.857566921385052083e+00 3.076447380683663413e-01 2.449310610638845365e+00 2.604431367895770899e-01 5.531870305919053821e-02 1.640329144073397138e+00 4.075226695798354726e+00 2.055529982123598831e+00 2.797065802892785502e+00 1.409394978980763158e+00 2.502887901190066877e+00 1.985187258598757110e+00 4.918336253889562748e+00 6.119416222992891008e+00 4.302517513109870073e+00
3.100269800764179351e+00 5.169074306200037050e+00 1.719807984778537469e+00 3.098721748799059483e+00 5.019634161460053257e+00 5.700049882146236868e+00 3.379082876512982558e+00 5.636915356162218060e+00 8.050447941497301807e-01 5.794038173846295159e+00 3.811164510193519206e+00 4.420427838870382153e+00 2.607679603205573571e+00 4.229137615499449332e+00 3.392328078863300900e-01 5.430182281594234439e+00
2.201571454331395561e+00 5.562338502602717227e+00 1.042423760361738116e+00 1.099266438603583529e+00 3.873266778003997768e+00 4.782131608551595470e+00 2.184791056963913736e+00 3.005257250162316041e+00 5.158831624657199910e+00 4.065233466655471695e+00 4.585501623119886405e-01 2.699004804483591258e+00 3.881978335833479843e+00 5.537574369597797919e+00 2.262265796777081839e+00 8.149730293230705858e-02
6.100762960411407754e-01 1.768430521545837353e+00 7.018568425827590440e-01 5.895782090924446273e+00 4.982841748244321245e+00 9.831994407011863668e-01 2.877024244377237139e+00 1.691187103646537793e+00 1.193938169489484835e+00 6.217179158398153049e+00 3.931251592555568664e+00 2.186427192556261279e+00 4.432695733525446435e+00 5.470001665357681730e+00 1.607829054160432536e+00 4.257146340815745056e+00
4.028315768447760625e+00 1.618457931160053598e-01 5.088137341345788656e-01 3.546336068298709954e+00 9.721671179090153325e-01 3.257093476406854649e+00 3.890798601222524855e-01 3.621189532465196592e-01 2.059178008687087669e+00 2.629519308195372052e+00 4.861793091224003049e+00 4.547565976488494144e+00 4.184703608092238625e+00 2.008401046995950401e-01 2.645234287893186931e+00 2.817994664603374222e+00
6.134015757155371062e+00 4.917190527896667440e+00 2.481776702511796273e+00 1.455015887026400501e+00 5.682799148729916539e+00 5.007044739668393696e+00 3.748648099716718196e+00 5.423860347857801578e+00 1.021517438675145328e+00 4.994659544448422750e+00 5.397630154558886728e-01 1.804926369056946145e+00 5.332994949990831124e+00 4.328184445804629910e+00 4.138906288689623736e+00 4.202719198627615782e+00
3.488344964153522021e+00 5.795587923572075972e+00 3.692661345161332154e+00 1.582566403194276888e-03 4.861145273151315394e+00 2.937988432937040706e+00 2.058510375682729432e+00 3.208912806663330564e+00 1.046173758706020251e+00 5.731850053795321642e+00 1.216516971776719913e+00 8.271616073239139721e-01 1.681689204986931641e+00 5.943478975743454740e+00 1.393986232345983733e+00 2.179993091748216594e-01
1.063869617353834229e+00 3.538725956714374732e+00 8.358875689234833706e-01 3.023568373482613314e+00 4.904870622014522397e+00 6.048539164209699948e+00 2.875349856936127324e+00 1.814068600231707240e+00 4.249439043409258154e+00 4.657307336719790136e+00 4.543958082143462640e+00 4.531372935973378979e+00 5.595454774552515609e+00 3.130495139327162057e+00 2.009991753908641154e+00 8.280718138563232245e-01
5.543130932406920230e+00 5.283713844747646604e+00 6.058859909391798304e+00 1.719272988286409065e+00 5.399136630386961677e+00 4.293072662115055671e+00 2.425065853343769007e+00 5.860112485904131141e+00 4.193804308484683219e+00 5.192772525867804134e+00 2.995061852883308395e-01 2.867450881000598528e+00 3.424383362021580446e+00 1.654110709551236624e+00 5.262896609657119917e+00 1.071642811248164628e+00
2.095311359097338677e+00 5.313178942096943302e+00 3.016297543612688203e-01 2.213585650141805417e+00 5.467688927236455498e+00 2.501589276425610020e+00 5.042141528708699028e+00 5.124246432166310150e+00 4.976730837658574380e+00 2.668344408888093877e+00 4.567922222368827612e+00 1.726798162056274455e+00 4.064529884113736280e+00 4.546956171927322821e+00 2.509853761669091465e+00 4.306185627618807743e+00
6.230201726411576324e+00 3.062603155007066036e+00 4.062531133225251168e+00 1.594402716356403404e+00 1.699193605503676707e+00 3.515599499548564655e+00 4.422091339628710038e+00 2.679828227468993074e+00 5.672374597694273213e+00 1.987455046460839814e+00 4.048191105041580862e+00 1.390321890780511715e+00 5.759138396614475575e+00 1.822020680010553728e-01 4.660405115050250124e+00 3.150617429684193560e+00
