6.228939073408406024e-01 3.173690023450593145e+00 5.058781000889862600e-01 1.503450707814231846e+00 4.343338910970673261e+00 4.698694361990957802e+00 1.542574075003477541e+00 4.064142827449916950e+00 4.520392999262851319e+00 1.145803697740116922e+00 2.411963228540499937e+00 1.073398692784670594e+00 4.758622026690905171e-01 4.653929989371338394e+00 5.472123811329596244e+00 1.892575229716629170e+00
2.830981498614591363e+00 3.990019710555361421e+00 2.650997959245481983e+00 6.129421172515537641e+00 3.216671542537212325e+00 4.888444692139189307e+00 5.113100441313754851e-01 3.897163924199861018e+00 3.639353814832809508e+00 4.608695725879694116e+00 3.417972579017363177e+00 1.878063952259183989e+00 1.934907314620734065e+00 5.467270813917101124e-01 1.503885980953148627e+00 2.223691896421380321e+00
3.745277161391981746e+00 7.327687947356972265e-01 4.771776462741083691e+00 8.703241709189475372e-01 4.516206940945775905e+00 2.367386546964044047e+00 5.396701114576685221e-01 1.300001081569211125e+00 4.004780232488243996e+00 2.992621929851444484e+00 4.860038807104009706e+00 4.888807819111764097e+00 6.121532643930313711e+00 1.712336189969199562e+00 2.590510094422618370e-01 3.624418989849479189e+00
5.924627166426625458e+00 5.947695878032426720e+00 1.412181250187455772e+00 3.776503879691136545e-01 2.823825645461074618e+00 5.321740098374320382e+00 6.082613705272274629e+00 2.934279325184335985e+00 2.642614778171886947e+00 2.375941960731477121e+00 3.620308403686177456e+00 2.108536469850908368e+00 4.743157015241756369e+00 5.739048740740872567e+00 5.165620728850620402e+00 7.657820318581535224e-01
5.517955535407463863e-01 8.282692983613731963e-01 5.811329766880310999e+00 6.274266692156249547e+00 1.244417905969363414e+00 1.953071082471860009e+00 1.573726143461658955e+00 8.077225569312487252e-01 3.442042620795168872e+00 3.798032204235554321e+00 5.766136196919364743e+00 3.377706752932084999e+00 4.165855779734458642e-01 5.128146564607193092e+00 4.569882009982790372e+00 3.406169689671881606e+00
1.430638569244365277e+00 5.994812656745230228e+00 2.365812823595185410e+00 1.043013498944478090e-01 1.867498298701238069e+00 9.781654189405364352e-01 3.398608637858660853e+00 3.945254486381558401e+00 4.026805542495068835e+00 3.835798272625694061e+00 3.528093827168433450e+00 3.790033688735041206e+00 3.104990238387463464e+00 6.269990031010864051e+00 4.164975105154935520e+00 5.058857748369088192e+00
4.583473327580366075e+00 1.275166695121093152e+00 1.288894079619610222e+00 4.060168714323639350e+00 1.706660737143843365e+00 5.865648901710363461e+00 5.234075988508193333e+00 5.903269848652666241e+00 1.639680020152010309e+00 3.569055999567464887e+00 3.274099904604047762e+00 3.394666269527324420e+00 3.496836456645845637e+00 1.290521401453929684e+00 5.446089590236322664e+00 8.579038863874118848e-01
2.366850530297904598e+00 3.633583585167003083e+00 4.639110382103446284e+00 4.522269941938255933e+00 9.427721612901690529e-01 2.640401121703463971e-01 5.490062409654610676e+00 4.801720023006147642e+00 4.499788367813843948e+00 2.495216736139883817e+00 3.399347075523066475e-01 5.103418849468122964e+00 3.449011599865130950e+00 2.521408920339551329e+00 3.883895268153502833e+00 7.684902431633610087e-01
3.713632642548783114e+00 1.356236241912611939e+00 2.062719817324910387e+00 6.901730436130729673e-01 5.722908575740323300e+00 5.332838142036333551e+00 2.101057576775566815e+00 6.089381779797879979e+00 6.238916407319889501e+00 4.215034996268959055e+00 1.643771692543141816e+00 5.148393983472394630e+00 2.034472293967615752e-01 4.671985306050991937e+00 4.407203520136050656e+00 5.041663059427488047e-01
2.960303774386771725e+00 2.427830497476796356e+00 1.133470164276548564e+00 3.638061611962721376e+00 5.417167187876988921e-01 1.124666542229629362e+00 2.638164617524563216e-01 3.319117325507258798e+00 2.094693735173293714e+00 7.831276727241497371e-01 1.734914653452405142e+00 4.726220911592424301e+00 2.995853437867658453e+00 1.554249818682537088e+00 4.525821206912688410e+00 3.868766530959292016e+00
2.594846074788436763e+00 3.111483873120062249e+00 4.806154494236823282e+00 2.029521473555996991e+00 2.780914514352699651e+00 3.338252736445135316e+00 4.239025681405198753e+00 1.463650385927417474e+00 3.740127872688565613e+00 6.135824945191393986e+00 3.604478659192265511e+00 1.020905201892052139e+00 2.292926176279849404e+00 4.832767631698755117e+00 4.832670690364668786e+00 3.533101545341707173e+00
2.249806567451440475e+00 4.657934957495766248e+00 5.079947524021496186e+00 2.966036031460387079e+00 1.110354827552181511e+00 1.341754361274190677e+00 3.118284107600932664e+00 5.174105007510238607e+00 4.572333655372204042e+00 1.256913981534102942e-01 6.798788344034548681e-01 6.154121308930237788e+00 6.148108375190540764e-01 5.427975389397573736e+00 1.919462846242033116e+00 2.005758135945442611e+00
4.539486960950776862e+00 1.171207153192935113e+00 3.132867891178923170e+00 2.154851742529931613e+00 5.919334479300991880e+00 4.077605464317313633e+00 4.009461137450887058e+00 8.104762641038945059e-01 5.973455306136494780e-01 5.410334402414034294e+00 2.274284022666058114e+00 2.953461942256509154e+00 5.815884917536804366e+00 1.985527067566609682e+00 5.947206134729462690e+00 3.061363888405299161e+00
2.856357240986869162e+00 2.925375063278614185e+00 4.501955368027187987e+00 1.137617858815296756e+00 2.747680247290623656e-02 2.746454197072950798e+00 1.080652099034532521e+00 5.514329166684901473e+00 1.069866573040285207e+00 5.609172769556388438e+00 3.541103910357079609e+00 4.670502599850973269e+00 3.071823378634347623e+00 3.710770786568761803e+00 4.756258758729884129e+00 5.312057959842137578e+00
1.788195054922226690e-01 6.141229753335649022e+00 4.180138747117765341e+00 5.932513016643590653e+00 4.025788343873882624e+00 1.863125664112464053e+00 1.716060078435763581e+00 2.934288061428701244e+00 6.229631877494238523e+00 5.842692055828006659e+00 2.454465433182576595e-01 3.627619398333707945e+00 4.585728120049974876e+00 2.600713828739134592e-01 5.823768054297173258e+00 2.718511253952485163e+00
5.787745644612430906e-01 3.516172216121296934e+00 3.374932322869788615e-01 3.275401356545597054e+00 4.401848910100079060e+00 2.560218815005065984e+00 4.100862123634403389e+00 1.911401876739408090e+00 2.966748722618139933e-01 3.711148572080027908e+00 3.604351514002500423e+00 5.345791831436712549e+00 5.843813528619278941e+00 6.067745013589779468e+00 3.910872074313572089e+00 3.046907854247229430e-01
1.779938529919837586e+00 3.111217357881542966e+00 4.672279999129475669e+00 4.064840902439876835e+00 3.653202877165048879e+00 1.853831313063306618e+00 2.602540832432779894e+00 5.470638994989499793e+00 4.899471657969665550e+00 2.697782709826000769e+00 1.870174799891114237e+00 1.368095769428117725e+00 1.529786377954801324e+00 4.301189921689903967e-02 3.548423356182450750e+00 1.581867818782337620e+00
1.207246621093092998e+00 1.856763498229535125e+00 3.656779952707288839e+00 4.164141920344415659e+00 1.823930360737174627e+00 2.809335988031121278e+00 4.432289518458234490e-01 2.273919973104100656e+00 2.768893584932361929e+00 3.526700767389382207e+00 2.110539731761641669e+00 1.088102052073998571e+00 5.496978435190994716e+00 9.869757441435768053e-01 5.156965920945003390e+00 4.855956606066120784e+00
1.123719138211486168e+00 3.368177104373359487e+00 6.940033681682007405e-01 4.779034210334939026e+00 4.148416101491103625e+00 4.056419810604959153e+00 3.960638131870625855e+00 3.892369152037733926e+00 5.520159134993315453e-01 5.669876616719959017e+00 1.266956489052087909e+00 2.824909869863300393e+00 9.309663151171281292e-01 5.775811764974302376e-01 3.505936474018770177e+00 4.587809038933143846e+00
4.532505254059802091e+00 3.304851663208100199e+00 2.130868346946154901e+00 6.086448470523228238e+00 6.606228896676791251e-01 4.351259153649542633e+00 1.793348985773751680e+00 2.375729096311706368e+00 1.092906648235608680e+00 4.688904105182305493e+00 6.347313208343920155e-02 5.821776553734797410e+00 6.083729105809163151e+00 3.985838459861512195e+00 3.692728157480633655e+00 4.292580651972112804e+00
4.568160600427456863e+00 3.628499493394938824e+00 1.574581008726391396e+00 3.645237936329078110e+00 6.169928505983797606e+00 2.589100041886900794e+00 1.086371936846594721e+00 4.331440419915921325e+00 6.093791005130358762e+00 2.548615964999667138e+00 1.839438446823090656e+00 5.969282879444334888e+00 6.136308330614504314e+00 2.732894078807579952e+00 4.298618071146707464e+00 2.673563949320645783e+00
1.352922656067681029e-01 3.974575415926639543e+00 3.114926618635023736e+00 4.755400378905046743e+00 2.244211639930370428e+00 6.035689409517219772e-01 1.236275869724293708e+00 5.198856815533194897e+00 5.516372385065920092e+00 3.964670616366043898e+00 4.420112965495489377e+00 1.229731874309789807e+00 6.274143321563996345e+00 4.429189914411018059e+00 3.932822196052535357e+00 2.370777252393799994e+00
4.997945300645572964e+00 4.355948982541641534e+00 2.039781106147776413e+00 2.965018962431652749e+00 3.282711031866834883e+00 5.382251999200390102e+00 4.446213925736371309e+00 1.772402764594148472e+00 5.494964755255907995e+00 5.503046818141637431e+00 3.804228189633327872e+00 2.136564794200344508e+00 5.132848808337875823e+00 4.792864460855264852e+00 5.682440295498262905e+00 2.990639436286896213e+00
1.420945301424340279e+00 4.575001654465696177e+00 1.660514357139191599e+00 4.129198989989421698e+00 5.940532302179742707e+00 5.790454640412555420e+00 5.898282476567649368e+00 4.677566837441527459e-01 5.609662070626186825e+00 6.109039524347988248e+00 2.032800319422251256e+00 4.394258108433461096e+00 5.846808482476355096e+00 3.698135153702676980e+00 5.429034612118056602e-01 3.166491436015342220e+00
2.994805383876642524e-01 4.463119431365152323e+00 7.432282002857111269e-01 5.571575065362626589e+00 6.181614827387777567e+00 3.594420075258672576e+00 4.239137913387376777e+00 3.706909676421063615e+00 3.479986401064134593e-01 4.601425652871520278e+00 4.213171926765502673e-01 3.786655182089507132e+00 7.006794565285897614e-01 2.271652840750292945e+00 3.128109021354368302e+00 9.269995145970172379e-01
3.710140497484673006e+00 5.762242017708959496e-01 2.186515002287634957e+00 2.765090487037862754e+00 2.442122378806196981e+00 5.837019000747586617e+00 9.640070630918800010e-01 1.023392697940306073e+00 1.620058291974794118e+00 5.957000182761089668e+00 1.791080420236539794e+00 2.564262016062844651e+00 5.015851766978147719e-01 4.020477815259781984e+00 1.601760016816673043e-02 7.519129395167427621e-01
3.584775784225959328e+00 3.916945600206275913e+00 3.503533902070790074e+00 3.461931812846960721e+00 7.283301285095662714e-02 3.773292472013785481e+00 1.422353499632444951e+00 1.023540684231102116e+00 5.063798361226219846e+00 3.836637052180686958e+00 4.961205877066673153e+00 5.526901642282819438e+00 2.023904781765715200e+00 4.340980949484388951e+00 2.551217471155559746e+00 1.501108051210730654e+00
3.291268111822147624e+00 7.072708034632453344e-01 2.890492348145206059e+00 7.736224494922506745e-01 5.247789058281656871e+00 4.883860393462798655e+00 2.969735282223338491e+00 2.269393207024760439e+00 4.939515083622181280e+00 3.876793761633449686e-01 3.267616919582668977e+00 3.347195361614418108e+00 5.907474804762066434e+00 6.122520165224864641e+00 5.602204861427569682e+00 4.866923862567376524e+00
4.672887047641142821e+00 7.433197688571397954e-01 1.236999436104851968e+00 4.415041162802408437e+00 5.705339485058879667e+00 4.884131881016218202e+00 5.719385790385262069e+00 4.380565942737834062e-01 9.296338250884478294e-01 3.096244275805359880e+00 4.493832293245627052e-01 1.912686681266488886e+00 6.264769732048782735e+00 3.428777788275972682e+00 1.200439101469476799e-01 4.260845738596706234e+00
1.175664200945215843e+00 2.799090110696217160e+00 5.082917446160069908e+00 3.832131940748184640e+00 1.308625463179579285e+00 3.718299602753736721e+00 4.369929708904428667e-01 2.808631388268529872e+00 5.814647068680840469e+00 6.265380666593195258e+00 1.828490107073714510e+00 2.945366731489610590e+00 3.169844741000529709e+00 2.324361272015035507e+00 6.224139180727974896e+00 2.673122195950826896e+00
5.673311252757562428e+00 4.263404684092565233e+00 1.261607825715875819e+00 4.456740201766450582e+00 4.312156303812562541e+00 1.358051265072915070e+00 5.038323573031308733e+00 6.128844276971189053e+00 1.626725849290829196e+00 2.634421048852705116e+00 4.756479227724613956e+00 2.578802511093028826e+00 6.200104408113984888e+00 1.921535619916103776e+00 6.073366758860387016e+00 1.656827612954303586e+00
4.114073960066420454e+00 3.404494173031184179e+00 5.610017890926654260e+00 4.002124539712621498e+00 8.232241207025949858e-01 5.214263054060654490e+00 1.723155067614831504e+00 4.199884984935288834e+00 5.164884267885343050e+00 5.349754638827477038e+00 3.388400261436320005e+00 4.564954027789482893e+00 5.587520320750916092e+00 3.856050137276434864e+00 6.065998164759649036e+00 4.065290954418701475e+00
