1.076348206158147525e+00 1.788189936310119466e+00 5.251017460042721297e+00 5.449864552340607737e+00 5.044908813355182708e+00 1.252613719038597528e+00 3.899642979342174076e+00 5.247182581130288348e+00 3.755979571588643928e+00 9.351670075078852840e-01 2.142776334187578707e-02 1.770706770777269012e+00 1.493704195514636179e+00 9.433778252346997073e-02 2.056225450241870867e+00 4.005651131853239733e+00 1.466575454995770356e+00 4.392660266223962218e+00 3.452765360520052784e+00 2.412747669080217872e+00
4.555048334565924506e+00 2.269845633982856548e+00 4.568438449875767304e+00 6.881892085804031112e-01 3.230400470242807742e+00 2.751587880248691942e+00 2.814422803932841610e+00 9.113614584284812636e-01 1.549111103660345989e+00 2.514852896195664655e+00 4.814313899336594815e+00 5.193028702999131774e+00 4.722364049669422137e+00 4.276124407394693350e+00 1.685057576439524363e+00 4.075382763215314341e+00 4.682356084223041393e+00 3.538828727865254375e+00 5.102723356973718261e+00 1.169282079386482431e+00
1.434925732751839433e+00 6.093172578705917886e+00 6.986902105163281806e-01 1.145026733940968544e+00 5.997628567236605868e+00 4.938734456243218496e+00 4.639537972486524886e+00 5.183021094544635332e+00 2.004060176801131465e+00 5.601914843842486391e+00 3.086670544258945714e+00 4.801731672867814993e+00 6.085782009038818607e+00 1.339853271574340088e+00 3.985856394757609777e+00 5.986863284455373524e+00 5.438130623390825313e+00 2.120329450396725157e-01 5.333127332964157752e+00 6.057664111534968754e+00
2.230313879422816115e+00 4.716053602119145260e+00 1.455612389280370955e+00 5.239361012679518481e+00 1.199797664434748778e+00 1.665930091581345307e+00 2.344950393007479317e+00 4.033821009249935585e+00 7.777514879054400199e-01 2.088740680007273642e+00 8.067078114347109308e-02 5.360807028030981414e+00 5.941981653130509855e+00 6.063498059777697513e+00 4.894801846423576741e+00 4.729292853984241596e+00 2.067482697397865499e-01 6.121416914916633978e+00 3.467933712597782048e+00 1.725846610857378005e+00
4.579928424483568961e+00 3.504517062418049278e+00 6.769515123376937948e-01 2.453279085629560097e+00 1.651606137350672521e+00 5.902989952042236865e+00 3.697346074918514525e+00 1.912605684844546738e+00 1.973002029816778996e-02 4.156051951878950490e+00 4.177157019017492701e+00 4.489597788531712652e+00 3.910446963671144971e+00 2.779113659479387266e+00 2.390698296345948215e+00 4.911451317370217673e+00 1.332732418940623553e+00 1.317684065496798729e+00 2.629283484056098796e+00 1.143558987921076797e+00
4.136828847496459183e+00 2.300374072821312232e+00 4.882687528523708131e+00 4.823474748056033157e+00 7.838177446838945350e-01 4.767381568989301321e+00 3.129975303502587458e+00 2.200412177968739669e-01 5.323185320908764062e+00 2.226964459988730383e+00 1.598476521839588438e+00 6.117569037741746873e-01 2.138129087164351905e+00 5.745057505673471177e+00 3.628051947549710832e+00 2.227347076380188362e-01 2.956600350538833855e+00 6.267016426011804420e+00 4.509389277810119445e+00 4.523902628385134128e-01
4.940050406876085098e+00 4.245337439736795559e+00 7.868906377998254875e-01 2.884742901349845567e+00 3.132815672228791648e+00 2.539013134739917632e+00 4.908104454941244477e+00 2.817827275103276907e+00 3.383134598670523019e-01 4.379964575929366610e+00 5.951630775342219515e+00 5.074245343945448461e+00 2.225149865862002141e+00 1.476813657140636948e+00 1.146302626681388936e+00 2.693339187380346278e+00 4.917967296702183688e+00 1.629761579968980856e+00 2.884929709341618409e+00 5.507940622342519355e+00
2.669981582420053456e+00 5.376393020166644554e+00 9.566767162871394614e-01 4.885402875088725949e+00 6.207761133267132081e+00 6.259603989769169097e-01 5.770073426101895997e+00 3.141447961196606631e+00 4.307376779956206825e+00 3.888682540003206345e+00 5.140784126240704133e+00 2.312550213190801340e+00 1.866764388368988392e+00 1.654833111935457346e+00 4.420623998162370505e+00 4.036820934987472853e+00 2.770559599327545364e+00 1.961555968761072907e-04 4.021626805220597234e+00 2.564500601802242929e+00
5.034885474360256019e+00 4.860979973460432646e+00 9.332266597672216335e-01 1.353454309063247596e+00 3.851384134986119423e-01 9.244402646645457633e-01 2.395769474380837760e+00 5.852195876209535186e+00 3.152019911792479423e+00 3.430698108235300747e+00 5.214402567980497949e+00 1.361974800338867198e+00 5.078099049587763147e+00 4.860613217704218059e+00 2.375565483968116176e+00 4.963388210684960278e+00 4.421669115712075215e-01 2.847823794678299159e+00 4.325873473328226027e+00 5.834912407782730348e+00
2.858435147674136534e+00 1.006061004155817784e+00 2.174660798956173924e+00 3.623710788094233415e+00 2.210301969877411121e+00 4.357341138448528994e+00 3.642084631924320526e+00 5.935125329684765028e+00 5.526278341888867018e+00 4.567510665130336989e+00 4.395061404918554904e-01 4.592375102494262507e+00 5.431398713707189962e+00 1.542525790365042448e+00 1.458890293368094504e+00 2.589003555783136346e+00 3.801132926163042214e+00 4.234525352726503655e+00 5.436295734833056059e+00 4.377746982760654326e+00
6.844123051576512795e-01 6.196709066157388257e+00 8.747240161515480450e-01 3.216801197132841850e+00 1.583036115856700787e+00 3.965950020771431550e+00 2.004198982273274421e+00 5.859500639604421579e+00 1.323083710356771636e+00 5.982357385101416902e+00 6.121238065274241080e+00 2.075292574463178941e+00 5.826512499611020246e+00 1.157163560414155246e+00 2.795668088665526962e+00 2.570804741494037149e+00 1.987171889330387797e+00 1.839561373845396697e-01 4.281465250851244631e-01 5.860299971475702030e+00
2.552937702334592274e+00 5.889379950561925092e+00 4.151486734125380273e+00 5.085254055880147561e+00 2.077686495548196621e+00 3.551071647797657604e+00 1.157698217565940046e+00 4.217165886358444915e+00 4.148962175526011542e+00 3.665182397405897796e-01 1.228210345587373187e+00 3.678203765153695404e+00 4.774183842440216097e-01 9.569159303918874926e-01 5.341184893526316202e+00 4.138944406135274257e+00 6.373367579998876487e-01 4.601416723106475537e+00 1.600636930942254788e+00 3.492070034494343833e+00
5.551959857228331074e+00 1.086572182233905171e+00 1.351705808343399484e+00 1.923957423433860336e+00 4.744478567321507967e+00 1.627866091428418205e+00 9.898936605979846703e-01 6.118884922963232498e+00 2.935777915625479739e+00 9.414220232138698075e-01 3.031668619074723736e+00 1.255056327275646533e+00 1.246553920378942415e+00 6.180258716852657486e+00 3.863806602861128425e+00 5.213284800615677561e+00 5.792180517721004840e+00 4.442916847542428549e+00 1.941632310073063472e+00 6.054216206946913204e+00
2.295026359193772958e+00 1.431117730368147045e+00 5.371800649243055226e+00 3.404342482086823996e+00 2.541081102034089323e+00 1.589806842988729541e+00 2.792860842700210178e+00 2.777538319444531556e+00 9.378384407689017710e-01 5.441043139025322439e+00 6.369668835588558897e-01 3.691698300267677535e+00 4.170535828432422321e+00 4.739847190719462589e+00 1.947320992346266877e+00 1.963484315787525469e+00 2.486709656278933700e+00 3.775607353123724419e+00 4.396896455104648105e+00 5.667477450755812995e+00
2.709199586209362298e+00 1.783069188245254066e+00 3.102733761973618609e+00 2.703774559087924523e+00 9.994824720736688040e-01 4.854348482010208410e-01 1.906722711261442216e+00 1.631775984679245894e+00 2.381937895618721157e+00 3.373950016788295425e+00 4.203232629157089839e+00 4.145184272132651060e+00 3.008629573388499345e+00 5.038802490075450891e+00 3.463353571415602072e+00 3.422325102058129787e+00 5.016535032619255929e+00 1.765920694025895910e-01 3.680756086675944783e+00 2.700141151578710486e-01
5.635786931125997157e+00 3.558725599571338716e+00 3.907407099859543820e+00 3.386941995692002827e+00 1.849673665892815011e+00 4.054530002062356253e+00 8.938016269166960681e-01 8.609396075955946248e-01 4.294267189578491184e+00 2.084946865779372605e+00 5.594832479295099859e-01 5.414831885170396042e+00 4.263091133601395022e+00 5.388968962348540614e+00 1.789951290743478918e+00 5.318174231969194032e+00 9.257030567485975414e-01 5.910526389332241948e+00 5.399034084446307169e+00 2.506273324355221988e+00
6.032417757205429609e+00 5.689468886449950524e+00 3.891249591517343287e+00 4.620850017242092100e+00 3.499132129286859794e+00 2.663809727569756536e+00 5.839119738864566589e-01 4.470015813600934251e+00 4.305643990620144912e+00 2.829065635588106531e+00 1.735932345797620791e+00 3.559167275856926160e+00 1.023590311964908350e+00 1.973526720139907153e+00 4.452026493024751730e+00 6.194980978742129274e+00 2.113014811752501387e+00 3.692767424282482391e+00 1.061703993002119650e-01 4.262620233734876862e+00
2.257216514344462244e-01 2.829048847396922639e+00 3.377114762238769163e+00 4.809162196605570649e+00 4.625930145524741910e+00 7.236748776645133274e-01 2.062074819783637825e+00 1.436338951577388334e+00 1.267603569716019563e-01 4.766675691429846928e+00 2.432144929380428700e+00 5.949823184153963940e-01 3.575269246409379598e+00 5.877099023766811037e+00 6.030210266090713311e+00 5.723063896380102378e+00 5.310593091096017515e-01 1.045004566384823530e+00 7.058914729631540763e-02 5.962753824397180047e+00
3.598562878142070431e+00 3.051691904697240165e+00 2.933270782358059936e+00 4.752908752784840374e+00 2.835306120720438638e+00 2.525728776723361158e+00 1.104773897926889736e+00 4.051427057715110358e+00 1.205957408706645584e+00 1.446636816481906340e+00 1.298939615780413837e+00 5.499022722498537519e+00 9.826497004851687811e-02 1.898637754794042787e-01 3.077237960640001102e+00 3.926509622603792771e+00 3.835648858585803289e+00 4.989885250460642574e+00 4.887682333406041302e+00 1.603596629250328698e-01
2.279198373487732798e+00 5.222183856691691162e+00 3.296421082435706529e-01 5.050254206463288931e+00 5.168441092758459199e+00 2.605302582687657242e+00 1.388738280049811591e+00 5.057890745478222705e+00 3.316922908530732350e+00 1.089138193860157866e+00 2.629780927942507063e+00 4.600281035966927945e+00 5.402887173383936315e+00 5.680579722291264844e+00 3.233444392791281263e+00 4.051930814859453500e-01 2.027309937064721623e+00 4.772831481026756917e-01 2.417110664973288081e+00 9.888590024422105884e-01
6.060662851528351602e+00 1.887748975397030682e+00 1.463907143168652336e+00 9.028359027168983975e-01 1.014561836624522373e+00 1.401695676004216962e+00 5.114322469569254181e+00 3.096747146395441685e+00 4.260963172897011653e+00 5.479976665341238729e+00 2.089442898977673657e+00 4.490687833947633933e+00 1.821134094447552088e-01 7.319540140357670976e-01 1.816744197510170800e+00 3.461100772414863691e+00 5.166621101708323671e+00 6.228192148141203255e+00 1.508789556706757073e+00 2.788135118365576481e+00
6.248160539974597499e-02 4.425713977368780583e+00 2.480586800633406419e+00 2.184808183360094080e+00 1.483826197088879750e+00 5.074153385428977536e+00 7.700301507007610846e-01 7.725929262691086929e-01 3.386396401829472325e-02 6.272656503230112257e+00 4.200099144247133154e+00 2.921938165483296324e+00 2.791591698218536255e-01 2.579514248535221821e+00 4.021327819517145130e+00 1.665468565970268600e+00 5.594140380315531402e+00 4.550595978091391380e+00 1.000101332389289555e+00 1.682819747701979729e+00
3.475774301486320272e+00 1.115020387452402062e+00 3.918448898936166103e+00 6.086426546162622131e+00 2.729044871304699083e+00 5.739275445801541586e+00 2.934707900320669527e+00 4.985640200673850053e+00 1.110988519054820545e+00 4.398184181503242307e+00 8.959239957823714740e-01 5.911540249038397477e+00 5.518061468380141221e+00 1.659397188578274562e+00 4.796432610050853640e+00 2.992160386967124275e+00 5.941668994538460424e+00 5.765813575217505260e+00 4.432875746268653216e+00 3.168106833365460506e+00
5.908174660660120203e+00 4.504883504895254909e+00 5.066744234684968928e-01 5.063479567139135273e-01 3.941021929258019085e+00 1.802930449765803411e+00 2.981681370381923379e+00 6.232488292208784308e+00 1.004741280600776276e+00 3.734740602142234689e+00 5.052134255807459340e+00 6.262665995623640569e+00 6.093743572282134480e+00 2.510980148937688394e+00 3.697479864592339016e+00 1.420683940591802141e+00 2.517500907167519397e+00 6.776425841472922817e-01 1.947126149584595955e+00 1.738676488633676742e+00
3.388311665536559047e+00 5.162111558301350378e+00 1.121271063958223957e+00 5.538688213016650153e+00 4.017814230796569852e+00 4.412176789786031783e+00 1.448517759675745697e+00 4.945502799829144536e+00 1.722863420014665303e+00 9.276231013820813720e-01 4.738869317465475461e+00 3.151874736946196354e+00 4.044842953865005697e+00 3.136156138363852541e+00 1.595526855144315803e+00 4.269356575545339538e+00 2.536166611963755479e-01 6.025973366089358851e-01 2.854051261603257061e-01 4.304687501182768550e+00
5.237540889501354435e+00 3.084451203294952037e+00 5.029288218998929916e-02 3.254919225831807594e+00 1.945269949264179621e+00 2.301144882275357073e+00 3.288984390678039826e+00 1.202465736663005158e+00 7.977583403614028901e-02 2.605600742836600592e+00 5.396087072712321131e+00 8.848209933834541019e-01 4.408329273467451737e-01 2.987026309463612250e+00 3.353972664607511422e+00 6.011264135218323368e+00 5.682737234939576609e+00 2.052877362443137343e+00 5.191567106175277502e+00 3.504978255321197445e+00
2.180824539181365207e+00 5.553296122532590751e+00 3.513637728140300620e+00 6.106438985261158692e+00 7.357009218155195762e-02 2.801599702888495802e+00 1.717105872380487952e+00 8.301146471512648173e-01 2.926431753481680609e+00 6.697011368361884820e-01 1.926922185875818538e+00 4.120155959273283930e-01 5.194224865935610502e+00 4.632519263427976597e-01 2.185138854106707829e+00 5.533321804809644640e+00 2.413704325035404885e+00 5.130072806689682352e+00 4.263846522334854283e-01 5.293574902527675263e+00
5.930253064420338838e+00 2.392960936011154227e-01 2.719766950762640523e+00 1.055821807958977177e+00 3.265823831120690635e+00 5.793245869562571926e+00 1.315316389668088337e-01 6.112444463138464457e+00 3.176896549629306676e+00 3.480634699801945509e+00 5.935929657157943851e+00 1.655113221953488978e+00 4.213083346343752922e+00 6.153230598433492737e+00 5.278185291749760033e+00 5.979729049649568751e+00 3.188426264639025121e+00 4.329941573881462835e-01 3.778393136706638789e+00 1.068559515182319286e+00
5.274662766813938974e-01 1.742818405466306064e+00 1.335283019568343388e+00 3.927650706146742721e+00 3.744276518836942014e+00 6.194445708722965627e+00 1.815389049419331879e+00 2.566461727673753579e+00 2.428290937065253452e+00 5.221295286614932252e+00 7.343189982072991784e-01 3.610081745858729096e+00 1.378047621425074309e+00 8.252620288040579677e-02 4.662043861084220531e+00 1.767349704518453413e+00 2.970927547594636398e+00 2.776345570830735188e+00 4.443811135836198467e+00 9.984292745259091273e-01
3.985851345243055732e+00 3.125350444125994720e+00 5.789999763613532302e+00 5.566204173867853378e+00 7.028376727545233849e-02 5.629566720715052597e+00 1.954656715060155925e+00 1.621898167069457664e+00 5.559756613299715156e+00 4.547852987181843609e+00 5.023903786885468570e+00 3.442726860789034227e+00 5.099871570611992588e+00 6.740047156075058554e-01 2.595324227711538700e+00 3.455480734303266299e+00 4.918677079901380367e+00 1.774915735831732011e+00 5.812134135870659080e-01 3.351475096185640101e+00
3.324953234551765391e+00 3.244317277670218491e+00 1.701011537391242223e+00 3.516131432626186104e+00 4.306533989146142716e+00 2.935398325229587435e+00 4.137312717762803516e+00 5.920040121718686876e+00 5.778958170134973926e+00 3.172998495514525175e+00 5.498354696233859862e+00 6.146973532249295324e+00 9.083449483139571790e-01 5.508364940658141418e-01 2.112484723302052281e+00 4.473236318568217129e+00 5.698270123152743949e+00 5.570139927317566908e+00 1.172841433185793925e+00 4.517910548334205245e+00
4.423221463434163780e-01 2.550075154340074146e+00 3.748839205030791266e+00 3.791186541763195361e+00 4.992847885025493149e+00 1.792085501060199704e+00 6.106161646011246447e+00 3.370980446505074113e+00 5.009934641121784438e+00 3.609986601076153878e+00 1.246734865372084444e+00 5.200473420543378467e+00 6.268693088864199403e+00 1.772361172529699935e+00 4.627099602199437611e-01 3.773866061303789099e+00 4.204382206815001410e+00 5.532520696501357360e-01 3.055638472981907938e+00 3.579259206314899355e+00
