6.094551106034264087e+00 3.490946565680832503e+00 5.880538650347169494e+00 5.607369123435037572e+00 4.293670301668976563e+00 3.376686017318180966e+00 4.478890430453509985e+00 2.852516572916036885e+00 4.012113996384841785e-01 5.352709040901459936e+00 2.783574937634476054e+00 4.505210967524461374e+00 4.183719058651737654e+00 5.967047341356404466e+00 3.169620032696498502e+00 2.762700911710149310e+00
5.113871373612171034e+00 5.279604447308859250e+00 5.051095967528499431e-01 1.036766442944863087e+00 8.631593549789745579e-01 3.162631479627457942e+00 5.262918867128803413e+00 5.772781791058055667e+00 7.897183046415595653e-01 1.419978465975399340e+00 1.920829673345684885e+00 5.754308381528042027e+00 4.814990384837026127e+00 4.969676250149319685e+00 5.520768131044833993e+00 5.390930510112082352e+00
7.433246073165241663e-01 1.469512078834318336e+00 2.268414687692014375e+00 4.782184797761529715e+00 5.144375654572290735e-01 1.862319742592570604e+00 5.498844762890840343e+00 1.339148456795136832e+00 3.659394149131541596e+00 4.465555078780565346e+00 3.133368765373754972e+00 2.119921207798150797e-01 9.503885825524784892e-01 3.172087969514525874e+00 6.122247638498974354e+00 3.247997370882987234e+00
8.281782511082611542e-01 2.726475417613512420e+00 4.191440957082227747e+00 4.470378241039196787e+00 2.540694490808495409e+00 9.429716500911173860e-01 2.007336624149019588e+00 4.554044278378255761e+00 3.079619386537689074e+00 2.792545279261864799e+00 6.218984487164203045e+00 4.671502767184587235e+00 2.802727961498066911e+00 5.547967595975232591e+00 6.912636129486329217e-01 4.831710163517909606e+00
5.800599736324915767e+00 1.705025241809170033e+00 8.650901141595386534e-02 4.689843250368440408e+00 5.777370157738495049e-01 3.595449275013048229e+00 3.566729608178528910e+00 2.672643089162709540e+00 1.931636986566535263e+00 3.537434012157420149e+00 4.387855705404400730e+00 2.076951593119519490e+00 3.263134473697581583e+00 5.822189813113284984e+00 3.445941051012110901e+00 5.936747685722948198e+00
5.813128506514195770e+00 4.379335099634393380e+00 3.924811106930119919e+00 4.201212691782484576e+00 2.070675625037115442e+00 7.615634627671140633e-01 3.658499134177246148e+00 2.286132418221721530e+00 2.705470333765638280e-01 5.148053030273525010e+00 7.409870183277771361e-01 1.950323582159211311e+00 1.573154052528356717e+00 3.507390556120311698e-01 1.139510147723309386e+00 6.249379054680065160e+00
5.315385190941007032e+00 5.433014854679435679e+00 4.122937877754852209e+00 6.156362666962912122e+00 3.078569959420826230e+00 5.198312348970038244e+00 3.524335216476137234e+00 2.314725414648368229e+00 2.139705239595531161e+00 5.088568580733200619e+00 3.371407582634827538e+00 3.925428051764995541e+00 3.177987296043030541e-01 3.540564394069327214e+00 2.255320560859593204e+00 1.436102099034959778e+00
3.088695464600625940e+00 5.735524945465307667e+00 6.007616028279098686e+00 4.714183014501291069e+00 6.799825190504238392e-01 4.142882259692420632e+00 4.454962658618469185e+00 5.548208599839632882e+00 3.130666685712624187e+00 1.827040884562151357e-01 1.298775430304768719e+00 5.739990648029531961e+00 2.101323740717953026e+00 4.992972110505015770e+00 7.065690033203024800e-01 5.598047477024169494e-01
1.726310073137023782e+00 1.458137344303397365e+00 2.015676142855562070e+00 1.636448788061674708e+00 5.584462927506678165e-01 5.361451946625956033e+00 4.634551486095764616e+00 4.438313979089433814e-01 2.614666189888462000e+00 5.883814322790539841e-02 4.023653460370133494e+00 2.783860333408378018e+00 2.761473927365021286e+00 1.342090917412652740e+00 4.042231007608952709e+00 2.221983082124319164e+00
4.717086253816757946e+00 2.795803643455106791e+00 3.145699106471089745e+00 2.195117433407134833e+00 2.701194684165157955e+00 5.158203494211138107e+00 5.763516084249955540e-01 5.021750752831032116e+00 2.378022251529464004e+00 3.403435704218370716e+00 3.132608033595883246e+00 4.942622912166280358e+00 3.005314530257368055e+00 8.674006566681972119e-01 5.404084519439561696e+00 4.398746853683848990e+00
2.543910158885229755e+00 3.897901984849359014e+00 3.512851091239647339e+00 1.082743121789343510e-01 4.433879701250188710e+00 5.678002425055908020e+00 2.505036366417930260e+00 3.663407579657186997e+00 2.231450397342274794e+00 2.711477770863757741e-01 8.131531389988634340e-01 1.892304499469304790e+00 2.201642024296433853e+00 8.560051798504330067e-01 1.928004542072772276e+00 3.857071859780274004e+00
1.390309529232137464e+00 2.722750842809591898e+00 1.671388776719762603e+00 2.925259645298396549e+00 4.509895773771439131e+00 1.818120870407374134e+00 3.784000488068957946e+00 4.115615117412960267e+00 4.750405479014014887e+00 1.567689823083923684e-01 1.967490405195617464e+00 1.659910402606616708e+00 8.202028161177510324e-01 6.182310182840813795e+00 7.480339289014095172e-01 5.930651921976314078e+00
6.203334495044955377e-01 6.083339167531228497e+00 5.496987795934947130e+00 5.929011314451670955e+00 5.462221400674808436e+00 3.382808413800980851e+00 5.449413711686037942e+00 3.464093450419248210e+00 5.925379473334531077e+00 1.987588245174230606e+00 1.405399572775679395e+00 2.047847284279200597e+00 5.805243747582506941e+00 2.831665902070988228e+00 6.128086754384002077e+00 4.668148277565733473e+00
3.593222938015855572e+00 3.033213931905982985e+00 5.662494125248549004e+00 3.426948131498183781e+00 4.448410072560910145e+00 2.314009907797129451e+00 4.809323989579525005e+00 3.168585984974672698e+00 1.971333584304542086e+00 2.107845433485515230e+00 2.451230669453248634e+00 1.747253598566255173e+00 5.497076037633314094e+00 3.943545502768842859e+00 1.657779095506572986e-01 5.778824636188367059e+00
1.158617442874312564e+00 1.879857180780391213e+00 5.461969576679885030e+00 2.461280231142952246e+00 5.167006772935623715e+00 1.363217854755172986e+00 3.625197180629183169e+00 4.547111997838281461e+00 4.516224802660102067e-01 3.911837186444272696e+00 2.757313301038134767e+00 4.676162104721718116e+00 4.338903227349978131e+00 2.939514478137656983e+00 1.453322743216492130e+00 1.292348027234211161e+00
3.822921722164988712e+00 4.522718022228440660e+00 4.230316808962093056e+00 3.308770212862243376e+00 1.413835118535263335e+00 3.206196496526623196e+00 4.108064581487838596e-01 2.424016874381957010e+00 1.823684990421580165e+00 2.059443187542940645e+00 5.556418855361443754e+00 5.044704620698417408e+00 2.620285738233406381e+00 1.421232968230912830e+00 5.911477593072956616e+00 3.354685104588297495e+00
1.250548047067359392e-01 5.758326042881427576e+00 5.459879271939244161e-01 1.401930545930772043e+00 1.760498470101928836e+00 5.752091453357471629e+00 1.549254624370949518e+00 2.211301225072606902e-01 4.047891949975975123e+00 3.793603278499575016e+00 1.262093503064247280e+00 4.040964132095711925e+00 4.520365998808848484e-01 5.592134896879342065e+00 3.330370785376191467e+00 2.541014942192984183e+00
1.360621027743829092e+00 2.298120844634770066e+00 1.756069766066501003e+00 8.895522967971879469e-01 1.483925301392301055e+00 2.880016214739112845e-01 5.639791442993377757e+00 1.036889817450062923e+00 3.484523658434869997e+00 3.256551907979749583e+00 4.170663661514073084e+00 6.030696061929654128e+00 6.174621078782226213e+00 5.879433640205563583e-01 3.330778791289561003e+00 5.094342786046849980e+00
6.189006036585835702e+00 3.740230051208030648e+00 2.913472500340283933e+00 2.607698908474364696e+00 2.035674575902076011e+00 4.118443588737555672e+00 1.480075902161374524e+00 1.546535103828315716e+00 1.922623256447385076e+00 3.146925801342806750e+00 5.925018754832708900e+00 4.590703678872666060e+00 4.873291955470210546e+00 2.349916393973194406e+00 3.505379518428782593e+00 1.380635470562312228e-02
2.710986845095289866e+00 4.229111319465623353e+00 2.828004872252836144e+00 4.380511413344340133e-01 4.048733303387059834e+00 1.704723711462645119e-01 1.902502713202988582e+00 9.873323441195798189e-01 5.795590265418019804e+00 3.863263753448785476e+00 4.808156680881565670e+00 1.671518091617650636e+00 4.708229889714171890e+00 2.629227625141538738e+00 2.554234581597892184e+00 2.639214302774698595e+00
5.261580100880989264e+00 1.058131704352105684e+00 1.350384963456487397e-01 4.287867015231251244e+00 6.015352318315245306e+00 7.485000151861054274e-01 4.880049708785439755e+00 2.989931132225843502e+00 5.010896921554870431e+00 8.288936717899506590e-01 2.389093631096446679e-01 5.969694380439139608e-02 4.634674250788788363e+00 4.530342299653275617e+00 3.857044954070803833e+00 4.804649927737759008e+00
6.069631078407564218e+00 2.016309470380584390e+00 4.785380092930232365e+00 1.804840895607335627e+00 4.757850513306564055e-01 4.974509544850100440e+00 3.554895317222642515e+00 3.892583196471738116e+00 1.906656315369060328e+00 5.925787731272389891e+00 1.384994703681942552e+00 2.786860214483486420e+00 6.980262925841592692e-01 5.301723864872534442e+00 3.184459480632425787e+00 2.131987001055609898e+00
2.183689728901714311e+00 5.828726480294626811e+00 8.204391009451675876e-01 6.039941441562195479e+00 4.690275053488559998e+00 2.155750301170756611e+00 1.309222056626517583e+00 1.482753167418736417e+00 3.571130380581208907e+00 4.796015599988600719e+00 3.134242903249182088e+00 1.880638853810926880e+00 3.798202572925784004e+00 4.227683132066736960e+00 3.180199680067761214e+00 5.497764042766821291e+00
5.397580321746052512e+00 2.090542443488948798e+00 1.792904119145846353e+00 3.068402554505298863e+00 2.741562755600867707e+00 4.303030942216497401e+00 5.594524083597050002e+00 5.824428063865837224e+00 4.028212187888557949e+00 2.391733257714572236e+00 2.925505563542606158e+00 5.953747858306448926e+00 4.738668880184635945e+00 1.501030606495347364e+00 5.176772293456129326e+00 5.750606624740862927e+00
1.407675893842714743e+00 2.393102000139513574e+00 5.390102596476720187e+00 4.993200636460182196e+00 4.522277904326680975e+00 3.334907083420212692e-01 2.664061342955681866e+00 2.801991365732026562e+00 1.123681263154607368e+00 1.979608746517764528e+00 5.430878318907451430e+00 1.336950998859228301e+00 2.385052598309868710e+00 4.401965295764648900e+00 5.361707715132026486e+00 5.491072598397592763e+00
1.422563893201160612e+00 6.201416313858910456e+00 1.483528217529963555e+00 7.810653325850270834e-01 1.450882673574483972e+00 2.143502426674977812e+00 5.531513089293578211e+00 1.317164891248697289e+00 2.414315351627644990e+00 3.901168767660661008e+00 3.677668994419935000e+00 5.801417337934795526e+00 2.088612467728874655e+00 5.680209515276141374e+00 4.463618124408870180e+00 5.175165216380012367e+00
3.223813087201242045e+00 5.562352550399850770e+00 1.896463990427502910e+00 2.969004451164208636e+00 2.103880796662981112e+00 7.357902703302334757e-01 4.711916837544922743e+00 5.715815701335914767e+00 6.195478562265412492e+00 1.680521973319804241e+00 3.746908666769833141e-01 1.677494644343375585e+00 6.165874511510883060e+00 2.643912200037501048e+00 1.007295771358569958e+00 6.111002546703998561e+00
5.049486276829025400e+00 5.997932816468577677e+00 1.129172190834642597e+00 5.251145652108341721e+00 9.556746372601404582e-01 3.248952997443187662e+00 3.655742358061342845e+00 4.330527916132011157e+00 5.200669435481017011e+00 5.209805697117499967e+00 3.535143085480293212e+00 1.559932357336146325e+00 5.886490535095957988e+00 4.063260820992044664e+00 2.536446069554486815e+00 6.957874913910745696e-02
3.192942058406013750e+00 4.098384280465579010e+00 3.840048277034884272e+00 5.771216623322962924e+00 5.036886359683126813e+00 1.829015831819986282e+00 3.946360750627510239e+00 1.902428079883265344e+00 3.346381900992047242e+00 6.533053547571419095e-01 2.543472071630611619e+00 4.966589039782453696e+00 5.266092346219980236e+00 4.752476603288641854e+00 3.518468232120967709e+00 6.137700218405448105e+00
3.123129485753521006e+00 5.263665322521131174e+00 1.339342974536771758e+00 2.247138139441568150e+00 4.020626929612280520e+00 5.491830707674215439e+00 3.428357593843555318e+00 3.668365561197232783e+00 8.186126841904302065e-01 2.862049759782674840e+00 4.394108721215005176e+00 1.135977699341782055e+00 1.098959391085220672e+00 2.117772257047807472e+00 1.686038056267299634e+00 1.163816618157563321e+00
6.834646599265679079e-01 2.093513199029041871e+00 4.845496550746009490e+00 1.546817052536965997e+00 5.908618442983218699e+00 4.870972404058260707e+00 3.480847489499895531e+00 1.709368834147109828e+00 4.209722901714048504e+00 3.631423481845537093e-01 2.009355091007172689e+00 3.671269498927240971e+00 2.336902007013861748e+00 3.968414126931150587e+00 2.307211321901289747e+00 2.101751215846507037e+00
2.995362403097415749e-01 1.106343205727595924e+00 1.756484961667405864e+00 4.716088406530381860e+00 2.288746367005669580e+00 2.728131751509062397e+00 2.889671834276662743e+00 3.759999744821805212e+00 4.632025728339054460e+00 3.193549575578891631e+00 6.007674864280075688e+00 4.296989767895387224e+00 4.320668856637190025e+00 6.384243971587135746e-01 1.550975987813707269e+00 1.449681855696068000e+00
