6.066201576916890659e+00 1.103724229545836266e+00 5.435988955575024484e+00 9.225949171830498674e-01 5.838160770114239284e+00 7.300857596358258927e-01 2.414456212622413389e+00 6.210613428299890160e+00 5.542024312078357440e+00 1.822222965135688044e+00 4.899743231669981824e+00 6.129034851274652418e+00 5.991971404849140370e+00 3.955435297035049480e+00 4.421360517036952764e+00 2.914784130859782163e+00 5.529365127617217546e+00 6.503327065606563373e-01 1.351866329602430694e+00 3.234813169635052166e+00
6.158431280540797914e+00 4.997965044155598058e+00 4.790617748017852229e+00 1.936328363477493042e+00 2.112961847817190542e+00 5.484917698291551957e+00 6.139567693433795048e-01 4.957251971095985255e+00 5.902603109829025918e+00 4.567274181494630270e+00 6.127001910476958635e+00 3.555431904245543340e+00 2.743113976510854535e+00 2.213127123711279953e+00 5.086898553251953947e-01 1.249095082835933873e-01 3.826660349549485751e+00 4.041703653573009980e+00 2.229555203032603572e+00 3.354291628240912981e+00
8.279147795311549984e-01 1.988098492533642014e-01 4.176371000870275907e+00 5.654861092902140562e+00 1.468339531935960229e+00 3.405434183088277056e+00 1.348713720452160647e+00 8.197565868187844940e-01 1.602233340066924194e-01 2.550864778689270196e+00 2.157881196521008960e+00 4.134185671123542072e+00 2.313409610067777233e+00 5.313027961052632087e+00 4.568226288729898776e+00 6.481143796659725176e-01 2.504690533740569158e+00 2.764112350548242780e+00 1.718033754195241514e+00 1.676827531097916602e+00
6.002811786398223326e+00 1.083705543530105508e+00 2.685028840167741571e+00 8.827881534345272119e-01 6.073061952782881967e+00 4.621871858304531955e+00 4.244781256407872405e+00 2.090985293865259109e+00 9.810708015529557846e-01 4.247568857252026930e+00 6.148410166059539605e+00 2.207746079739843381e+00 5.401974017583821563e+00 7.445163978275118888e-01 3.427305654577996297e+00 3.891756191674085930e+00 2.435438161067326746e-01 3.662014846522055472e-02 5.957159248972869747e+00 5.927673498697346055e+00
2.759893794135338752e+00 3.542596928396283928e+00 7.898448170597498486e-01 6.182694070863747449e+00 4.446045168263808023e+00 1.316683166111635384e+00 1.754396974235815199e+00 3.432706896501478977e-01 1.271067820418746219e+00 3.321976257177626124e+00 4.908082886098595887e-01 2.243599022180327918e+00 2.101386364788366379e+00 1.330858054374479460e+00 9.382337735863801598e-01 3.326585733577316795e+00 5.180715535227307100e+00 4.796851939417260624e+00 3.419684311786302722e+00 4.839446977799624960e+00
1.110329320826806132e-01 5.501308865177852780e+00 1.159009074396611938e+00 2.257947123091290642e-01 4.818535311479524297e-01 2.157200672428488453e+00 4.102624105462399307e+00 3.256175054031773097e+00 5.676811824760887859e+00 4.944644568116039807e+00 1.676546398124103110e+00 2.435307574146526655e+00 1.639561831965701488e+00 3.391509355683077320e+00 1.300783290894903521e-01 6.073228985883714515e+00 3.431956363179560210e-01 5.886888739941528392e+00 4.330702735773012790e+00 5.213899870763781585e+00
4.941772818858384042e+00 3.310374232969168773e+00 5.326090485417411813e+00 1.840455149330990151e-02 1.016742346828512611e+00 5.488309616231609178e-01 3.350031251730734017e+00 6.270430754062857659e+00 1.015809114488777976e+00 3.370216749673320855e+00 5.881215843465074089e-01 4.029450564203444607e+00 1.786503492410933314e+00 8.058776590079500535e-01 3.825655390031766689e+00 1.813668383641919624e+00 3.390709192080191503e+00 5.297399291928706511e+00 4.938512667017896263e+00 5.688947092851579512e+00
1.505715814721980905e+00 1.012116013935415060e+00 4.094963838862638816e+00 3.190564199255631728e+00 4.741538466627847725e+00 5.607983859528511417e+00 5.138242532809958796e+00 5.095218775798209698e+00 7.288896030528050352e-01 3.795470276040835866e+00 6.047443710081552126e+00 7.764490056451056610e-02 1.794918406166074343e+00 4.634715320381490145e+00 4.156344213331891524e+00 4.334087380908748344e+00 4.504257559852042014e+00 1.256380506255641016e+00 8.586956738442343973e-01 4.789491125600817828e-03
4.760890219636118026e+00 4.766878237508084482e+00 3.099253850924060583e+00 4.536986563541584694e+00 6.277113628002128465e+00 4.450557591529709534e+00 3.843241231835631044e+00 9.771487214404676047e-01 3.339529695580636393e+00 2.196707540497857547e+00 4.461838338069950893e+00 5.892117241118201676e+00 4.904401030562258512e+00 4.028223322507065718e-02 3.264489536405919434e+00 1.544607098028938585e+00 4.876515441435398834e+00 4.871112886865944347e+00 4.147970933301107443e+00 1.473747881982961028e+00
1.552254123623891591e+00 2.111033205291316328e+00 4.240515853637620403e+00 3.892598680162647984e+00 7.010399146645445168e-01 1.450261167359369274e+00 8.154147201583482607e-01 1.004925913297703755e+00 1.719537269010043667e+00 7.393412067353921646e-01 6.919887666887274413e-01 4.506063438844173930e-01 4.174862882202196701e+00 3.593536600278880222e+00 3.594374085956891562e+00 5.093901253509325322e-01 9.064985303333945588e-01 4.597962041127326316e+00 4.672692456114092785e+00 5.268780647195193900e+00
3.187099101238144883e+00 3.842910878379075967e+00 5.314888513651983004e+00 6.091624252455071442e+00 3.143665061161990959e+00 2.984094092629651307e+00 1.901757061074109689e+00 4.217804477052526479e+00 3.682972890953929213e+00 1.479607498133090004e+00 5.588608408598613408e+00 4.390375081743385977e+00 1.976770308917133123e+00 3.169825448046578398e+00 5.949729612821052172e+00 2.002100077813377510e+00 5.744004597060187400e+00 2.584642773437518137e+00 3.543263549375206711e+00 2.630085399273408786e+00
1.810557288278815458e+00 6.573259857873897660e-01 5.168264705192664010e+00 3.032785467271319924e+00 5.670840287215113129e+00 4.991481382816425061e+00 4.845009047510242972e+00 1.674058325648456913e+00 1.387085573637360181e+00 4.899372055441804541e+00 7.110250989520236486e-02 5.755883938242814857e+00 4.600004426837771554e+00 5.855043366747507694e-01 3.117577901648602268e+00 1.601877517319939326e+00 4.473099918296897570e+00 2.731270349872646275e+00 5.625855746985270578e+00 3.664439479395120713e+00
2.964788578383336315e+00 5.221883055966610065e+00 4.329626656691487163e+00 5.954923330526156633e+00 3.400373642429348475e+00 3.205665403132730074e+00 6.057704641915479193e+00 4.730189192625180006e+00 2.030551245792310500e+00 8.038436832548246924e-01 5.694121987156198550e+00 4.065775349267403804e+00 1.890736360347931022e+00 5.609145911290505104e+00 5.616638586010338052e+00 3.225626625161103878e+00 8.243715188053976073e-01 3.467953812657401880e+00 2.434245384251103150e+00 3.396865718090465780e+00
3.656879994445461968e+00 6.176004563973299888e+00 4.597575363841728269e+00 2.318048998253215143e-01 1.422120415314361563e-01 1.971452244316590496e+00 5.381667135764794940e-01 1.677006495198215749e-02 6.165971888677002966e+00 3.890242085038677189e+00 1.278339080669809169e-01 2.181577049597207996e+00 2.086090096778759673e+00 1.509282184188434517e+00 4.264428162462600369e+00 1.737114739180211309e+00 6.271282310223790901e+00 2.448788184768612375e+00 1.390411354811634137e+00 1.274154788104114644e+00
2.945808721402839225e+00 2.972600611932539660e+00 6.173735539210170487e+00 5.258312324877002730e+00 5.873956297218348332e+00 4.563006646962756818e+00 1.145191873691048912e+00 3.174469355731023956e+00 6.599354421279920446e-01 1.705372435827419986e-01 1.879827339408227882e+00 3.211790415820058531e+00 9.559660120451375365e-01 1.612054432148412264e+00 6.104661636160421345e+00 2.087719505899950256e+00 7.846021023692333340e-01 3.604926042496893857e+00 2.061718761512882636e-01 3.143110255337556502e+00
4.124340252545902530e+00 2.577184193669535883e+00 1.282961158334682272e+00 6.148249203245885752e+00 2.890570713181126905e+00 4.376486536304330599e+00 2.938770026498927823e+00 5.160760928127023028e+00 7.134471072686575654e-01 2.018172312891584497e+00 3.683815498041673298e+00 1.790110581701637726e-01 1.528072459730832333e-01 1.689027458929527548e+00 1.256744044734871668e+00 2.941675368036990701e+00 5.094667972272159950e-01 2.638027219225405950e+00 4.448087719495644521e+00 5.974761936925474082e+00
4.015540828569869269e+00 4.491248949770157317e+00 5.824853064351542820e+00 1.131675055622799908e+00 4.843907173607269634e+00 9.189259379296025321e-01 4.529819371135156980e-01 5.887044195190297202e+00 3.571110316579084287e+00 4.896365776957196658e+00 3.014707444748272902e+00 5.705399111719529515e+00 5.775490204031922481e+00 5.474732535544531764e+00 3.248390158166366781e+00 1.767360007938626243e+00 4.822402792322762366e+00 2.243365561043337397e+00 1.373937276582954503e+00 1.249171972279916831e+00
2.498810190157454869e+00 6.083212670603501238e+00 2.915578764378993437e+00 5.812663394504345327e+00 8.363549054544304751e-01 2.069822748847633120e-01 9.679094984770901799e-01 3.502857028515257820e+00 1.420649188067353963e+00 5.946394153984326358e+00 8.607870422277043021e-01 2.702447232964235724e+00 5.931735449546054362e+00 4.688989752254900445e+00 4.657589870904060625e+00 1.588989443465588902e+00 9.679465814528066536e-01 3.523629896331784472e+00 1.923375149782296178e+00 1.367102286433900415e+00
2.320339958330193131e+00 5.687998760352172001e-01 5.114858479898362731e+00 1.176135700683552526e-01 5.182530943018656799e+00 4.119983762428074847e+00 2.058918140586482703e+00 3.401251126623406229e+00 1.830475786948726036e+00 5.092283383734717006e+00 4.934137458161275802e+00 5.381075227553646201e+00 3.064837213481027334e+00 5.215409415590826825e+00 1.484391504284308771e+00 2.566051288222042093e+00 3.085886761646537746e+00 6.206368693495312172e+00 2.663972585782178548e+00 4.167744176509913245e+00
3.026810233864568378e+00 5.610776078968020109e+00 3.388608673687996120e+00 8.299156124847129057e-01 3.241333191886414333e+00 1.547533237351978785e+00 1.434092706980129917e+00 2.872971718168094934e+00 4.974061860241004496e+00 1.172736029648873135e+00 3.018559889699912180e+00 1.490222283988376972e+00 2.159194436571224340e+00 2.260366645068224045e+00 5.217093201761845656e+00 4.120242027414337649e+00 1.128079959338515348e+00 2.247772907725062996e+00 1.085370765079556765e+00 1.502373780188259178e-01
1.511120327504446026e+00 2.707360734693738280e+00 2.139316924380380847e-01 3.724638725266523398e+00 5.337442020374868257e+00 4.362464606841743198e+00 8.007485610637768980e-01 1.182634035865064215e+00 2.949443651254355370e+00 2.454008967571908340e+00 2.482277696876880491e+00 3.963278857644509934e+00 2.767876538619930216e+00 5.662271696960277545e+00 5.076370952141402881e+00 1.267744923483968611e+00 4.677522144413595484e+00 4.360095681708584969e+00 2.544143803520823699e+00 4.351893031291978464e-01
1.003185573038169132e+00 2.845296027926701221e+00 4.280218576673632036e+00 2.194867566458508890e+00 5.539247731423356136e+00 1.329578330745819326e+00 3.829600851467774181e+00 2.878916158035504491e+00 4.413324352156161590e-01 1.285302983073508543e+00 2.306713901996263749e-01 5.347476230468963809e-01 9.515917505421208622e-01 3.130446718046548948e+00 1.797158930352373396e+00 1.910046239632906095e+00 2.913469466186633827e+00 1.863123704056052210e+00 4.420974808183313343e+00 4.327421060483448656e+00
4.434343485787024974e+00 5.067116293844403430e+00 1.895258004893668247e+00 5.210047069025723232e+00 9.672381167421991721e-01 3.989009469496759497e+00 2.148249664604298670e-01 4.881577909515915970e+00 2.871941939225449048e+00 2.506534795962394480e+00 5.811059369682347153e+00 3.254047723927794067e+00 1.999683771601484583e+00 5.270862934068140326e+00 4.551799249660227531e+00 4.851609784244722334e+00 6.153842325714974137e+00 2.745158297598118136e+00 1.376608168747499583e+00 5.247117267276820485e+00
5.434208106135790750e+00 3.557968684723610053e+00 2.351347267022065424e+00 5.499747644066999896e+00 1.808120667088523315e-01 3.237865924478541491e+00 3.742626548065099978e+00 1.103422596159897129e+00 1.476069431365383933e+00 5.104586684042700107e+00 1.914207980906715845e+00 2.820374335478446959e+00 1.079410095740816589e+00 4.835220819013759552e+00 1.872614977003250525e+00 4.574136597360670686e-01 4.006969494868320325e+00 4.162034614699701152e+00 3.230894410389316462e+00 1.687646990018945470e+00
3.164403501985328937e+00 1.358473861007773120e+00 5.432958917743938798e+00 8.709827026298222474e-01 1.363904129356201977e+00 5.348393527972091555e+00 5.924950363511562124e+00 5.740112674159170147e+00 6.160560845250869555e+00 1.726505303985862438e+00 3.077905855584362471e-01 2.112031680306452941e+00 4.905508249055929859e+00 2.912598994560444243e+00 7.207383006484954224e-01 1.012978225101715535e-01 3.800479477513886817e+00 5.155556515743764834e+00 4.557726343424758908e-01 3.264379857437494259e+00
4.162519701355502200e+00 2.761373417318798484e+00 9.948533041589927572e-01 4.152686804115242936e+00 2.014304113040474853e+00 4.439952557373612940e+00 1.812815776245640720e+00 1.894469228442010822e+00 1.444482319700415018e-01 5.509748895129614077e+00 3.201571904602221963e+00 2.540674593937206183e+00 4.321921418278041216e+00 4.013960628680041332e+00 5.509201111511116800e+00 6.273870676336533059e+00 1.813245889317330661e+00 1.812751962006504458e+00 2.316300997122491268e+00 1.067262096304446573e+00
1.870278279825390522e+00 5.831636141250563732e+00 5.230371786269762957e+00 3.566963664151880486e+00 9.567094243265534814e-01 4.804367166015859780e+00 1.021747458682357612e+00 6.026609316608759315e+00 1.878995288345303161e+00 6.178261796726695287e+00 2.101277285335182210e+00 4.570977253941466145e+00 2.100727365278365788e+00 2.658004369893869900e-01 5.375188259701774385e+00 1.774824028768018813e+00 7.487820968299693236e-01 3.360362372584641211e+00 1.094921319191118458e+00 4.374420055354740100e+00
2.244691586542284512e+00 1.321936586404649783e-01 2.592756566411668073e-01 9.645770099758022020e-01 4.758671192933619842e+00 1.044585399147697435e+00 1.061403020278776504e-01 2.919720599936920902e+00 5.200438161054106168e+00 3.043362259489789334e+00 9.828660065718268779e-01 2.823646307909564612e+00 2.522051222816239058e+00 4.425053677514596551e+00 5.981680401461424879e+00 4.245682394090271039e+00 5.326165426558676641e-01 3.518482145666917971e-01 5.483482775700280420e+00 5.138866784317678515e+00
2.206142385789502391e+00 1.819946645818655728e+00 5.878901644663447890e-01 6.251686149007682936e+00 3.177790002138189518e+00 5.923980290248065828e+00 2.202955055455368072e+00 6.187059061834961682e+00 1.565589721547938407e+00 5.342194716426805989e+00 6.155399969259031323e+00 1.219008859185856997e+00 5.713055431789252125e+00 3.336344888814527287e+00 5.494532216822750392e+00 6.179742704150123167e+00 5.617809824307923527e+00 8.035406264304307822e-01 4.956789493509076827e+00 3.133823728904301831e+00
1.106766841023406611e+00 3.135403297938810674e+00 2.529329162613860316e+00 5.332145157077341935e+00 3.808487606385575486e+00 4.924010585566647724e-01 3.257843901683285637e+00 4.563372550065301958e+00 8.204366754003790119e-01 3.732763199205635374e+00 1.461096649759702215e+00 1.639497947854141602e+00 1.220534436518268429e+00 1.491749699489479442e+00 4.692075231073686403e+00 3.899884475552589880e+00 5.607387412722225406e+00 3.000551358903625232e+00 3.224568220222091774e+00 2.279947086794171351e+00
3.171715589576431071e+00 5.303892427707140200e+00 4.886718945016701454e+00 7.334242630913795358e-01 4.277195686128883456e-01 7.357698185444332406e-01 2.667836801548471914e+00 1.272803204291081680e-01 4.381816516601281464e+00 5.803589697899596445e+00 1.646311478197161726e+00 2.035411505598662352e+00 4.548044074819330262e+00 2.525756482186768626e+00 2.849724497654385846e+00 6.259186299954788701e+00 4.781989122837360107e+00 5.231418763407126526e+00 6.361551154862636892e-01 3.514084135932964426e-01
6.198733037094517506e+00 5.730134892904252375e+00 1.404204499052722710e+00 1.117544494479493666e+00 4.247583662293997087e+00 3.213151126594864682e+00 2.770566139127347061e+00 5.927277056416951240e+00 2.895279786300520186e+00 1.899960321837349309e+00 6.127621333967468331e+00 3.464550479307579867e+00 4.206412704013060555e+00 4.974935981477702995e+00 5.279207686640793540e+00 3.543881582585982404e+00 3.998030192153113838e+00 3.510671705458119796e+00 2.808678027481194217e+00 5.022999591284031951e+00
