4.390380091146667496e+00 4.945028469140329896e+00 1.896477351757764884e+00 1.112759600500377699e+00 1.235666969512785318e+00 1.510887761563532772e+00 1.662119733607998695e+00 5.412166871458054196e+00 5.563624505573795176e+00 1.778666984476949597e+00 2.752237194776181450e+00 4.249389818910131567e+00 1.681427559392445481e+00 6.313917758343147169e-01 5.210807754160160066e+00 2.340560374776933017e+00 5.359435700925252455e+00 2.954277045116799894e+00 4.463318676810746344e-01 9.427121513049179224e-01
2.386302815211577943e+00 3.629055685614331672e+00 6.074180608917559177e+00 6.235240561492242151e+00 5.774910380798139897e+00 3.036826958562223844e+00 1.845978721191836369e+00 5.611198665665948049e+00 2.301249948457392502e+00 3.874183811903086916e+00 6.162185338492915498e+00 3.127820663585290095e-01 2.640410648170471664e+00 4.930645095420235435e+00 1.085238708554389975e+00 5.598578226929961099e-01 3.585498926365962014e+00 1.269542246527811891e+00 6.150080439801606680e+00 3.301124435248113720e+00
2.903344565800652255e+00 2.081615198369769715e+00 1.645176710170112855e-01 1.578049055688224733e+00 1.996375609063941514e+00 3.882341647470071710e-01 6.355892196083861023e-01 6.668822604306015589e-02 1.597216637244443849e+00 2.276514232840723295e+00 2.143438831167741476e+00 8.675387507431229217e-01 2.462538593500724016e+00 1.284198508561563701e+00 5.556527791371903113e+00 3.129928582303467266e+00 5.012529694796724833e+00 4.776976940745871758e-01 6.121941033688423239e+00 4.469591068756932906e+00
2.553663437624877020e+00 5.077278244805777163e+00 4.512273831026295312e+00 5.707170630031582093e+00 1.428013894154968488e+00 5.442989778497998365e+00 1.101427291692060884e+00 3.351963172168150429e+00 4.549449804956507748e+00 3.988510976355705395e+00 1.999207194270521404e+00 6.019504255827472505e+00 2.064373630996156894e+00 4.200995594677273459e+00 7.025098773742528557e-01 4.596980385399300317e+00 1.060608929001545020e+00 6.190827973388854488e+00 4.726712191749588676e+00 4.090211634877530145e+00
1.859240752010190789e+00 1.975173895148528036e+00 5.229142358516099875e+00 3.714780050804500799e+00 3.863173495251289502e+00 1.948779305621050950e+00 6.108467498043875565e+00 3.064824724183052407e+00 3.807044980328497807e+00 2.611116985069575680e+00 1.064429664779136031e+00 2.022105828286500095e+00 3.540960310692409685e+00 5.420437847576274670e+00 1.735074657805996956e-01 1.581255819684483921e-01 9.501643930602581278e-01 5.040180250680508678e+00 5.827160705628544157e+00 2.620915395439359585e+00
1.848129503060687850e-01 9.700969866738694547e-01 6.171015398742449420e+00 2.740639607454741444e+00 9.981380829187443959e-01 3.529200203102230926e+00 2.065018237451881511e+00 5.385146042894136897e+00 5.686399863297240564e+00 1.618210852607122607e+00 5.393536242941015857e+00 1.604336290347159188e-01 1.401498441053154353e+00 5.852825754058572194e+00 9.482815312440665556e-01 2.515047710185894569e+00 4.641818955929361223e+00 6.251259581635574492e+00 3.596307532598222334e+00 1.109989201077185017e-01
2.417818633370374837e+00 3.497637117289480457e+00 4.028450662795589388e+00 2.549846654837388815e+00 2.904170213252017962e+00 1.320220282016127955e+00 3.186050574030641069e+00 6.194919956020737750e+00 5.800979349584011402e+00 3.813904362515920798e-01 6.169767428354338001e+00 4.582239860361264405e+00 4.983095984964353242e+00 2.842955852864010424e+00 6.220504213846470343e+00 9.184533465773442318e-01 5.805143941273783526e+00 4.421451023958112292e-01 3.224305700368796046e+00 1.103221456835292713e+00
3.305785588931624552e+00 5.798332477039841670e+00 1.777449791364883902e+00 5.794441944114756993e+00 2.778199000833258658e+00 2.742125231925983453e+00 1.840302286174071211e+00 3.546883109934769518e+00 4.818620502209784995e-01 2.212729319985805798e+00 1.877621137641556359e+00 6.246819461914207672e+00 4.651363244069491643e+00 2.743687445414986215e+00 1.205732089052522271e+00 5.939253761798392262e+00 4.105410538885732485e+00 1.286542439779698732e+00 4.035800752460765750e+00 1.878452708730163456e+00
4.982650518173443288e+00 1.247150756319084092e-01 2.491464229407781339e+00 4.969140215782079650e+00 1.243635143527439979e+00 3.102196943886244895e+00 1.430351034404960364e+00 1.519121378911296505e+00 1.664490078403662032e+00 5.465695518160263333e+00 3.670622860816603605e+00 2.387634346467211621e+00 4.423839858738971564e+00 5.010596297248078201e+00 1.091687052392856350e+00 5.223208494289383275e+00 3.821961832583827157e+00 6.154662946567550641e+00 3.223791922495886197e+00 2.298908245592113264e+00
4.003332521626938423e+00 4.263370828977891769e+00 2.128625090670734910e+00 1.832240856519424588e+00 3.963833313795336988e+00 5.018704563190642176e+00 3.441918037763470384e+00 2.294876105519843890e+00 1.566769424358618990e+00 4.693814309187729350e+00 4.313093656384136665e+00 2.560115829782322106e+00 8.345136942519704171e-01 1.011174431385990502e+00 1.358172559425562809e-01 1.973523318680212801e+00 6.253825057491895656e+00 4.161430966582767788e+00 5.636312026770928796e+00 5.302414009264518668e+00
9.169931920518181734e-01 3.831238176831103459e+00 3.757547289794223477e+00 3.157877851841857542e+00 2.194986012783253670e+00 1.116799266301945259e+00 1.752987563375902225e+00 7.677061223125274392e-01 8.022338123929502185e-01 1.584908631926482458e+00 3.290456783245438999e+00 1.757786680740020424e+00 2.807805224213200557e+00 3.806063236300144315e+00 1.381863837489517799e+00 1.865288175658351477e+00 1.674042292430419909e+00 3.272721546535998449e+00 4.936276952777418181e+00 4.882238730039191732e-01
3.881367947759707948e-01 1.707600624181062399e+00 5.492051616544591397e+00 7.004567688636915701e-01 2.744268735251141678e+00 5.124424117577278892e+00 5.846845000526895042e+00 4.345912404662511719e+00 1.529373135779065418e+00 9.330080497295639708e-01 5.559598643250698302e+00 3.495217442479225500e+00 2.196176172303945240e+00 7.502865998067568265e-01 6.211153642728033830e+00 4.883290754311967241e+00 2.426117143220792638e+00 5.408585387536299471e+00 9.935917837314860446e-01 5.143883280414623727e+00
5.745921982710454401e+00 1.813258422647194834e-01 4.744381716080906308e+00 4.358327789756545556e+00 5.917715002994567541e+00 2.117136535553595600e+00 1.603678279050434474e+00 4.617856955063360580e+00 1.950076216130741447e+00 2.973606245027127226e+00 5.360672525218634910e+00 8.741902445043684411e-01 3.562797080198075728e-01 5.943444910603273179e+00 4.199500080632410537e+00 2.796832568185029011e+00 2.366320761193159983e-01 5.540599186580937641e+00 4.557418128677761082e+00 2.002398983535257582e+00
4.951015989172022458e+00 2.977485650028491193e+00 3.517568926969534715e+00 2.219675230946815958e+00 2.757454146593941502e+00 5.501350063294483839e+00 2.983315533527312269e+00 5.638751129705677378e+00 4.237143686546143151e+00 5.087325227477355938e+00 5.306957772444434340e+00 3.004554949935787977e+00 5.624855334048393551e+00 9.690744789008411963e-01 1.833892662758260128e+00 2.033204571431442620e+00 1.106422145718895411e+00 4.223856626892842137e+00 5.469700927293652981e+00 6.052715998632223204e+00
3.838690009632734323e+00 5.607701669576111714e-01 4.901663306021017519e+00 3.239559294834901682e+00 5.131013341071518852e+00 5.775262497978983944e+00 6.260631295674180308e+00 7.379093149803082063e-01 5.026836096051803260e+00 1.674594041456325400e-01 3.815389182292149961e+00 5.454864929652505801e+00 2.971040781472086056e+00 2.287908631707221474e+00 4.296959312428633382e+00 4.812487158705972767e+00 5.119895753633613822e+00 3.925895699260724125e+00 5.316779115866958172e+00 4.155141235868579308e+00
2.702463550816426974e+00 4.571824711002324904e+00 7.236980384676410250e-01 3.171174950495842637e+00 1.233451691667020844e+00 2.389352351929241003e+00 1.037292937460267961e+00 1.418710397800185596e+00 7.394831379903081814e-01 3.956717022434472764e+00 4.355137757343833904e+00 5.082296896215528825e+00 5.600565576118776256e+00 3.912229991379011729e+00 2.830883303930564310e+00 1.315541573103524042e+00 7.514901355580231312e-01 4.542567356055667638e+00 3.974355651648937560e+00 3.310613290397550923e+00
3.484276096544821399e+00 1.436411923951386838e+00 2.966603680964608358e+00 4.414184786473940747e+00 4.344815704780348398e+00 2.622636616059339509e-01 5.187315854044842744e+00 5.651696325210448180e+00 6.205895724701489868e+00 1.579078964514201155e+00 6.567445543829761867e-01 1.192536473411519138e+00 7.288275226727491951e-01 3.740551195582912491e+00 3.503010660011289801e+00 5.653197001159569801e+00 7.481576035322972107e-01 4.135082108364253328e-02 4.191585472303348325e+00 2.757590546066316595e+00
8.675105391866542170e-01 5.855073315274554879e+00 1.699586542006192413e+00 3.453043828693689310e+00 3.399964298869730062e+00 1.295940803742376080e+00 1.188971576983021583e+00 3.853601642165421115e+00 3.111276491226743435e+00 7.370384216825769386e-01 1.862342647780976579e+00 9.681328629997993929e-01 2.400685462476249921e+00 2.669694039549710851e+00 2.049188655578654927e+00 3.775491497590617751e+00 4.838042022874954995e+00 3.304484214242229712e+00 1.010844118674881553e+00 1.705091401468018963e+00
4.314836054416674171e-01 1.378668220201788586e+00 3.477457271949314421e+00 2.308983695587798479e+00 5.560936092688931076e+00 5.051679087040799487e+00 1.657918003028350032e-02 4.557968463213586396e+00 5.953413290640575006e+00 3.098843963776974686e+00 4.507772199814508163e+00 4.303825062496144938e+00 1.639850277827266556e+00 4.487260547618451056e+00 6.095353379337687727e+00 5.099449495953543021e+00 4.704860988384346854e+00 2.549006400165428232e+00 4.753987246188670746e+00 4.274949699533545644e-01
5.914605750533783457e+00 2.448342487691486991e+00 5.346548491613727805e+00 5.962817742395205123e+00 3.643311724572923183e+00 2.943123291929233609e+00 5.849364763816171653e+00 4.726042117847523372e+00 5.014992022880480071e-01 4.526020633786108860e+00 1.954489458628162923e+00 1.562807857592931615e+00 5.905752193794466365e+00 1.407387432411693950e+00 3.932085191264286461e+00 5.406827560545138134e+00 3.507695025479323103e+00 5.700714710073835789e+00 1.879895517564128316e+00 2.661579462289320741e+00
2.759751562222193755e+00 5.993791665227361065e+00 5.185842288038887027e+00 2.959233606539078743e+00 1.671717717382290136e+00 5.835374485047039705e+00 5.817549647119287570e+00 3.770033099127548581e+00 6.420700690341651917e-01 4.208419659125449463e+00 4.835007945707702426e+00 3.722690761414168659e+00 3.143660694633380270e+00 4.606500219273028662e+00 3.025144379474424827e+00 3.038763200644576789e-03 3.619590395373870617e+00 2.967821514403782057e+00 1.891396639260674917e+00 2.494500424108951453e+00
1.353312916850468950e+00 5.394852588154728679e+00 3.595923785896450564e+00 3.785703196038077145e+00 2.581144002723896325e+00 3.244941200703994610e+00 1.346650496237665084e+00 5.237516584895849370e+00 1.595509337145742501e+00 2.601341769825812555e+00 4.491330700202276205e+00 5.933742628452991497e+00 2.887034198022484954e+00 5.323785330609204003e+00 5.461507243251007893e+00 1.924330242141055081e+00 5.852345164618065532e+00 5.091410364439719949e+00 4.240442579514181354e+00 5.581001020089977338e+00
5.631248219379719977e+00 1.464891297695121386e+00 5.882286874230206131e+00 2.656754663357563939e-01 5.211991661778015761e+00 2.462580389300392358e+00 5.850619122119196103e-01 9.644621393989175617e-01 5.686516478374245009e-01 3.832989114168320111e+00 5.947641210168592707e+00 5.816088095464490237e+00 4.813644089074401222e+00 2.979130937286945890e+00 2.042643496073288656e+00 4.126507162685732588e+00 1.484183807585681691e+00 5.101292678297070005e+00 3.999876203877660075e+00 5.194930531813975350e+00
2.523288675143911419e+00 3.181096368908422622e+00 6.168246761759002439e+00 2.199647455590555190e+00 2.361411976366788679e+00 4.747185646337123366e+00 5.944044777397217594e+00 5.271626539259477440e+00 6.039910973428778362e+00 3.408100306361733889e+00 3.639250593946263379e+00 2.669985597775188513e+00 1.958046444105366435e+00 4.562790669313341319e+00 2.383818762431794358e+00 5.211329797906743000e-01 1.785519898192303945e+00 2.594303940161054367e+00 4.395433362880831751e+00 3.634080941102842743e+00
5.238813611482206589e+00 5.905732712027418785e+00 1.100672490156298311e+00 4.378591472374675497e+00 4.293240212542579926e+00 4.978582461215853350e+00 2.082116112212959447e+00 5.286309771208814290e+00 1.920894833777053945e+00 3.319912793030001197e+00 1.829831090283987827e+00 3.758733977276825122e+00 1.841759985090472007e+00 1.688244028572918998e+00 6.161676927469270204e+00 2.396753582515045888e+00 4.779240537380193388e+00 7.816518535452789962e-01 5.981509083908264301e+00 4.068580814796745493e+00
6.800170095001761839e-01 4.808553155283293301e-01 4.550940041980936712e+00 4.876417405935215554e-01 4.470085316890937577e+00 3.973663562374218916e-01 9.080240512365490568e-01 3.201291788968128049e+00 5.807146846991302347e+00 3.965985095405443417e+00 3.422358236441276347e+00 5.134469993633189233e+00 4.165213961437817525e-01 3.367616713695931185e+00 4.718430883531827824e+00 2.707020958559444246e+00 5.089608176511693394e+00 4.288910138307375775e+00 4.771383365509257679e+00 1.867263697557197233e+00
4.457545726160693000e+00 5.875802278210717766e+00 2.298296102812345421e+00 1.577261860753846667e+00 3.038983241410819769e+00 2.011092747020076565e+00 6.175229082339380504e+00 3.700955353308104656e-01 1.956233081186812939e+00 3.172960603515801559e+00 5.552714868293454842e+00 3.516918776249940759e+00 4.842656849569352495e+00 2.715756900898361081e+00 4.776989413243893701e+00 5.637681704982214770e-01 3.978756896286934186e+00 1.411796228727855151e+00 5.125550024421873907e+00 4.195313817906884957e+00
4.896554032733480888e+00 1.475540446832548924e-01 4.085756749638767893e+00 4.053195232827997430e-01 5.612095179907804265e+00 1.958444996639514102e+00 3.696822300662204075e+00 4.104812406276286296e+00 3.234343406699160983e+00 2.226943583728498988e-01 5.846725750356289275e+00 2.177305428752680960e+00 4.614578387346721655e+00 7.917222380070969567e-01 1.466561928541341812e-02 8.193553661649038977e-01 2.141222593364220828e+00 3.273893271443204078e+00 5.760616746380058828e+00 6.115324243462372245e+00
1.159957864390719129e+00 3.129190158587618065e+00 4.611775902263003601e+00 1.984073865005489212e+00 2.002333650913240337e+00 2.609947512683341131e+00 4.804503693378581741e-01 4.564961900295641861e+00 9.732615303727143452e-01 4.512354696575567203e+00 3.279356301333773427e+00 5.952626850513413004e+00 1.546301579091252432e+00 2.584630546904765680e+00 5.303886739290913255e+00 5.339845768864667441e+00 5.411357223103893332e+00 5.929912691154924254e+00 5.403037386753222648e+00 6.980785100234300211e-01
4.503589490016561836e-01 4.683367545654553155e+00 5.857317441702735827e+00 1.960167690522939044e+00 2.982441586534299471e+00 4.439526939446655440e+00 2.490335141065672442e+00 4.314262020853327328e+00 3.282148958222022017e+00 6.768156054121646781e-01 8.814331487063626902e-01 3.707399254266223299e+00 9.167496673524573314e-01 5.087040301888969829e+00 5.587264839376528514e+00 3.528993466706607851e+00 3.262594248072813841e+00 2.192268589754121422e+00 5.362998013207026737e+00 6.245705320619584278e+00
2.793929901878725364e+00 4.812096673381138778e+00 5.701807556632996210e+00 5.505367678296376965e+00 5.587231576359136476e+00 2.139421306699731129e-01 1.719144854898071006e+00 1.882087206240281585e+00 5.640866690432932984e+00 7.128359504960624093e-01 2.479277989120753090e-01 3.655107400759875613e+00 3.976979736995576165e+00 5.203864327399183587e+00 5.196105894409731363e+00 5.358964478641415674e+00 1.671002646501752675e+00 1.341961143882136165e+00 2.084416966557494977e+00 4.045933554143885114e-01
8.344857791960440530e-01 3.953930527406898321e+00 3.796430917713768061e+00 6.215292661459895562e+00 2.595814081514215221e+00 1.061130551961313007e+00 5.597617700059808854e+00 3.563070126463252052e+00 4.765601910695541399e+00 4.309491721660018371e+00 5.046738861210631200e+00 1.593649660957533021e+00 5.531485387783558139e+00 5.371364044216363709e+00 1.238072904985432876e+00 4.388874409562270706e+00 2.047639373920576933e+00 2.425334645281846502e+00 3.206661538920366983e+00 3.396612514275037409e+00
