4.373408634272727968e-01 6.955280673459132146e-01 5.341603745101526357e+00 3.261955751473625487e+00 4.735931630992340047e+00 2.102230108488022164e+00 5.906563219774701778e+00 2.674792465212125769e+00 5.719703932733207985e+00 1.452639278832957404e+00 3.347112268951291547e+00 4.444414646979506500e+00 1.225726683404948725e+00 4.435706517728730702e+00 3.742253353260590831e+00 4.572633077412082692e-01
5.103051019650479248e+00 4.203918042590500725e+00 5.558595499134806772e+00 5.925237981976641422e+00 8.115991888215505767e-01 7.965635179586741943e-01 1.027987629753267296e+00 4.956583774521299279e-01 3.057961321846811575e+00 5.095625402644523128e+00 3.796590145513167869e+00 4.178251635246293283e+00 2.305624513261076203e+00 3.238148110845818550e+00 3.628592822428136078e+00 1.168976563295954563e+00
1.505021879566822207e+00 4.963308679469860429e+00 6.273922255150987226e+00 4.781202350667412837e+00 3.138868625865797179e-01 5.794241568847376955e-01 4.708409698144918054e-01 2.206147551156391273e+00 3.147284745041746934e+00 1.772560595228354519e+00 2.364615068188179237e+00 4.159548796575442409e-01 5.608524554961755726e-01 3.856802286732546658e+00 3.262370315576803570e+00 4.569219662034265994e+00
5.646655686442723976e+00 1.311369342759846068e+00 5.555314322933355697e+00 2.623024868869049175e+00 4.005873521405511894e+00 2.218885538197816309e+00 4.541655726779498359e+00 3.904331379936766488e+00 5.351591690768112919e+00 1.449171696587218949e-01 4.717731229904715384e+00 2.080608705836754613e+00 1.818257915986006390e+00 4.902112340910324662e+00 2.918513647613012907e+00 1.094816102488656240e+00
6.116598983827317149e+00 2.693994319183764752e+00 5.663705370390298199e+00 2.661647553179355530e+00 1.451998402978879943e+00 5.319541546581771918e-01 5.140808177325647321e+00 4.596107679625598408e+00 1.691668197774548688e+00 1.043200642699413649e-01 5.441500098773084382e+00 3.919613412264538521e+00 6.174255116724576276e+00 4.955170734759206219e+00 2.390128850285097251e+00 3.730821481448781451e+00
5.083893050665110991e+00 1.797727023230165200e+00 2.066104779753914489e+00 5.745050433925264599e+00 2.114460863710852401e+00 2.196984109642714067e+00 1.488209399833707147e+00 2.006346017641338797e+00 5.593020706946895793e+00 6.269613852004165544e+00 4.741661655831741484e+00 2.024126684855774627e+00 6.165299711583250186e+00 5.681154154307427540e+00 2.901312714152393113e+00 4.748510852790047032e+00
4.637078027439480721e+00 2.003611694257957154e+00 3.083080920585933304e-01 5.362509323286785978e+00 8.852854794189960463e-01 2.447914564085216682e+00 4.528638403252716604e-01 3.748342046907076064e+00 1.369240722669763599e+00 1.905031090455296061e+00 5.353431836003043287e+00 6.066479715580299636e-01 1.994800114312277550e+00 5.042228448017280762e+00 4.492404067978751137e+00 4.050266296266952892e+00
2.063261881701813905e-01 5.608469925649566257e+00 9.768219486141381802e-01 8.768498810517730835e-01 3.284030837833797012e+00 2.502425491587068507e+00 2.199470957976306096e+00 5.409208759190176963e+00 1.591163696233635516e+00 5.776158680548549640e+00 1.456479765616359057e+00 2.212780446847023352e+00 3.823064605094239177e+00 2.740536023620613992e+00 6.012432263665855814e+00 3.636478542468412289e+00
5.040455595325956217e+00 2.641893524017659534e+00 2.949756272124525402e+00 4.316110864605962938e+00 3.939273829083575484e-01 5.222640535474567969e+00 5.343148011988191115e+00 5.166111631149219008e+00 6.472360843041699008e-01 2.388183139440214653e+00 1.642896803727265098e-01 4.544502662439971807e+00 5.202416662248920964e+00 5.737264599974333024e+00 4.200499377273451351e+00 3.432532924245239592e+00
3.011838848239562605e+00 6.852835478996341934e-01 3.382742092052211103e+00 4.353842703221503796e-01 5.238180010458414415e+00 1.040458488881129462e+00 8.991245228070445794e-01 3.688035487471094775e+00 5.965957205334572189e-01 1.824568482127632674e+00 3.227078352806994843e+00 4.768153979620548988e+00 4.564794722786897907e+00 5.703150282992753839e-01 3.374500324146004537e+00 1.836852862066572056e+00
4.851633104192956125e+00 2.469862094039056100e+00 2.345054107420673883e+00 6.065270340912547908e+00 1.728774935796904444e+00 4.246040337469246140e+00 4.721195424298781695e+00 3.556988223766513357e+00 2.397740906237914693e+00 6.031224327184359080e-01 3.974495885817144636e+00 4.709761593349350406e+00 4.341297449035587341e+00 5.938833327001538542e+00 4.644008970916828183e+00 9.400466784157016642e-01
8.981770440826059021e-01 6.517691678289827539e-01 1.239332302912201644e+00 2.851386188270024769e-01 7.740270211963438118e-01 4.835530808687840576e+00 2.053460302911940705e+00 3.409025251732960449e+00 6.067047047863568743e+00 3.772634734264728618e+00 1.940823302532084460e+00 4.756389945454278845e+00 2.806948830312939513e+00 5.082753565486184399e+00 2.570142543587944139e+00 2.984489386801470800e+00
3.789828147798107061e+00 7.345897425557068594e-01 3.855539158213377338e+00 5.965048015795860081e+00 1.586918638962186767e+00 3.799065924702138553e-03 1.780232432684027311e+00 3.054936333149524952e+00 2.653187470736790843e-01 8.832754150970404394e-01 4.164894259116451281e+00 3.460795656382698038e-01 2.063461196301604073e+00 8.214101814619412245e-01 5.608283483241896406e+00 2.528670134225691424e+00
4.204573985483960108e+00 7.229713595345692578e-01 3.485791869296388956e+00 5.424964262950343397e+00 2.608900740498507620e-01 1.687750109949298916e-01 1.104433919749841841e+00 5.334028142225024638e+00 2.898624646806282623e+00 4.678181719880205591e+00 3.152557756031697078e+00 1.328454908501045528e+00 4.247440200496619411e+00 2.896008101225692855e+00 2.238358787684178619e+00 4.771930133176661926e+00
6.384334028237763636e-01 5.885458133389959379e+00 5.449703775276608653e+00 3.462879734389779252e+00 4.483852751601855147e+00 2.149277008033143727e-02 4.749069032052911865e+00 3.147133784930957745e+00 1.396114936987724375e+00 5.859145280798046862e+00 4.721536119213245897e+00 3.608597500554864279e-01 3.267608141588755899e+00 2.940093200699756881e+00 1.872221789163344585e+00 3.521898924971029299e+00
3.638831324504822717e+00 3.369099492519712413e+00 5.807045886269715851e+00 2.780112381755492024e+00 5.726442932913298201e+00 2.924212425331062626e+00 3.272542367009366071e+00 5.157271468729641706e-01 6.026612338644158129e+00 1.828164989278066255e+00 5.985316978590534909e+00 5.417274581111723997e+00 3.336204641539560534e+00 1.145047710109581729e+00 4.777635700009915887e+00 3.037387527025981956e-02
3.583442136956636048e+00 9.599637180723412655e-01 5.609167132474523143e+00 2.895453409341355866e-01 2.058234576450270303e+00 4.437342437049443866e+00 2.332948271619422476e-01 2.141550066723480139e+00 2.021383438343939520e+00 3.368919528583528944e+00 3.614421370118705568e-01 5.693140101017864219e-02 3.384915471886414284e+00 5.569399832188276278e+00 1.217461947793570864e+00 2.431004055555425758e+00
5.331018424643870768e-01 4.587111987998689355e-01 1.417312161184446806e+00 5.934779226866821134e+00 3.260970612333641494e+00 3.040855055230188064e+00 4.773473798148528680e-01 4.710752177191729118e+00 2.333036654068379734e-01 2.013756508217681596e+00 1.615603714024236748e+00 5.007125180936483844e+00 5.645647256373718254e-02 1.631906134686491816e+00 5.370496557990720454e+00 3.309843695114485396e+00
4.282344986065820258e+00 2.173357898029202762e+00 1.686045887314260749e+00 5.353933972370309213e+00 4.571592144872375307e+00 3.646567551970181786e-01 5.845102838357194130e+00 3.726821627160207928e+00 3.266720537021887139e-01 1.073258526493056975e+00 5.534360687937307510e+00 4.978670878387856824e+00 3.370567059106664320e+00 2.371698311402537840e+00 9.062187356274339356e-01 3.641100875542226056e+00
6.118563348860711848e+00 4.205867354997587348e+00 2.326376123768740811e+00 9.476440581169344179e-01 7.455648717793832425e-01 6.067285519120332538e+00 1.089325212370576113e+00 3.677573336797308912e+00 1.086213425598455684e+00 1.715992909134075095e+00 5.068556266141705180e+00 4.053873157082581002e+00 1.995476854728188254e+00 5.097652066027629658e+00 7.548866310292892123e-01 5.970222387201106429e+00
4.434988471192575332e+00 2.880158962080069385e-01 2.534971032642512778e+00 3.160156861028698749e+00 1.491945669631940530e-01 1.811986407876380600e-01 4.771858192550696209e+00 4.172199554239305996e+00 3.222386917039358423e+00 5.327953085802414002e+00 1.262644249085712600e+00 2.697554524742197812e-01 5.323560868367878562e+00 6.031646413129750250e+00 5.663817873928820745e+00 3.543942185524133315e+00
4.111233136777656227e+00 3.693253782820541176e+00 2.212428711041453333e+00 5.057647965204426832e+00 2.996375046622414384e+00 4.782278039199971964e+00 3.151588233992425714e+00 5.846418723755249403e+00 5.914933062751264181e+00 3.107814726286370011e+00 2.218911997235171629e+00 3.676982259605507508e+00 3.843157073913480382e+00 8.784710753024690955e-02 5.076527529030570030e+00 2.607120657648441142e+00
3.499559556975529784e+00 2.809096423553130606e+00 5.966045859929945294e+00 3.981313683080964783e+00 1.086665871618875734e+00 5.842154246941952955e+00 1.525874111932853161e+00 1.778822578919048714e-01 4.878448660401413228e+00 3.967686484135311442e+00 2.747360691299877811e+00 2.128242465773044767e+00 2.722705405833798942e+00 5.526058600715680669e+00 5.787148019118094844e+00 2.057448803036228568e+00
3.006100397705913529e+00 3.383942744657239654e+00 2.420090521246244020e+00 1.782658331162640719e+00 3.418846287875789702e+00 5.062239228874847896e+00 5.121544657627334907e-01 6.104070061219930565e-01 4.999314793251790512e+00 6.240819460450825140e+00 2.677053896965159385e+00 4.203120536364355786e+00 4.210649365697998192e+00 6.282602734968195435e+00 1.222896852561593750e+00 3.011087264520192708e+00
3.419071637380003192e+00 4.276142527318762987e+00 2.178586336875592000e+00 4.887146277921606163e+00 4.484854282612750431e+00 4.060254065757343267e-01 4.469456631345608000e-01 5.777173174938572409e+00 5.790474888150893840e+00 3.188609473661615734e+00 2.863088423067434274e+00 3.890012619653772763e+00 5.339614572427126005e-01 6.115088053534551982e-01 4.511351796323334606e-02 5.952336859336760710e+00
5.704853085842596094e+00 2.554336632925357620e+00 2.342875782875439405e+00 5.094858103154485285e+00 6.150745780152510056e-01 4.408725393298044359e+00 3.309565893712040019e+00 6.179075472872188612e+00 5.248848594822104197e+00 2.768715486923608804e+00 4.107650619129627145e+00 2.448443683385890246e-01 1.221736622212159507e-01 4.630061646209663984e+00 3.127858384833250849e+00 5.831632903174891247e+00
4.402422441872176684e+00 6.116050246742455343e+00 5.174381577718861536e+00 2.047990251193664013e-01 4.763130243965264299e+00 1.309726739712158139e+00 4.235670345864894770e+00 2.395640288580507260e+00 2.165276353773476714e+00 1.025961769153517444e+00 2.993885635983722260e+00 1.719675658045868971e+00 6.101939964017343954e+00 5.170963945336111145e+00 3.208117348229776677e+00 4.147448745848555163e+00
5.490299617783648500e+00 1.696356830849238273e+00 6.089351523877840400e+00 5.253495086157728089e+00 1.140741952453471209e+00 5.412827698339608418e+00 5.947956369732800397e+00 5.458961299078037399e+00 1.326489745515397667e+00 2.833561870624850432e+00 5.819153288176207361e+00 4.967119839716663598e+00 4.310405477660097517e+00 1.309979447991627355e+00 5.595866848931910553e+00 5.207786651036561132e+00
3.934117130771753512e+00 1.473125278633534929e+00 4.171294605914931175e+00 1.089819915067526290e+00 7.540006237048063609e-01 5.001102987114833809e+00 3.252187048198083019e+00 1.481932405272337272e+00 3.077755181890220904e+00 9.674600183138219733e-02 8.392181043842612542e-01 3.103770985784167991e+00 2.269134063330618289e+00 2.689329823141576981e+00 5.942598818843307207e+00 3.062753184158452768e+00
5.518546385027311985e+00 6.114298061485174962e+00 1.313110568691762792e+00 6.078168393297825212e+00 3.734774701814556508e+00 2.012249387702478742e+00 2.623641142318073327e-01 5.286147119116336057e+00 4.364038376727426005e+00 8.233208785830719023e-01 3.621229596551254648e+00 5.548238219886529876e+00 3.823504694362830580e+00 2.718261599279349072e-01 3.982725200412856825e+00 3.059626174911015628e+00
1.445897587958895780e+00 5.606379821275439213e+00 2.510374891624229665e+00 2.599394710660273056e+00 3.718515281357622104e+00 1.865427499424048285e+00 4.352679504057544335e+00 6.822530415204570708e-01 4.568104784470317092e+00 2.061080848230885554e+00 6.482712074136828262e-01 2.130073648570325773e+00 5.727736459242969147e+00 1.941415249076148264e+00 4.199305402996841075e+00 5.292909894603226917e+00
2.374227657407767200e+00 4.621405586868946536e+00 3.176382895518442329e+00 1.724855884077993284e+00 4.775229729027050674e+00 3.108611065248404692e+00 1.848018353629665933e+00 5.830227525690719226e+00 1.232126153987744832e-01 5.952769804223621009e+00 3.677567146020239708e+00 3.768254809509349101e+00 5.240028640844746732e+00 2.952298170819186218e+00 2.011307484422188985e+00 2.076935768192547105e+00
