8.832654861251211520e-02 2.339839222076181890e+00 3.317512767230641924e+00 4.522184308007151543e+00 2.769502583780508953e+00 1.248035294778821802e+00 1.737763436061162237e+00 4.830311821412419881e+00 2.318841948662023755e-01 3.433149124008916697e+00 1.633381874050383376e+00 3.846615226443570013e+00 3.708847523146526104e+00 3.483177133157951744e+00 1.823312695439353481e+00 1.814252135030075763e+00
3.987705353453124602e+00 7.421643507431705533e-01 3.328066194725426197e+00 2.334531780207365959e+00 2.079663183934504556e+00 4.902870579961037478e+00 3.339611709136729445e-01 2.615507283296819363e+00 5.206971450533848689e+00 1.373099884697172590e-01 2.682737630097758785e+00 4.318986987435695646e+00 4.068857351056498040e+00 4.422706592480465382e+00 6.519460317212453226e-01 3.107682850177849954e+00
5.217273608868963741e+00 4.712409468449325622e+00 2.815214969335250839e+00 5.421637661502045624e+00 5.300528881262838166e-01 8.342212039854524086e-02 6.026363029560525497e+00 2.861167827035410394e+00 2.170544544139137777e+00 2.287001537256015293e+00 6.165398232673377166e+00 5.905066565130078438e+00 5.472727754947035450e+00 8.936820280935083849e-01 5.291795330910475492e+00 3.245697872570338927e+00
1.154980180395525080e+00 3.641335376223121756e+00 5.280759446810497693e+00 7.485314203807855171e-02 5.621004161493236007e-01 5.065998002935440461e-03 6.270835908939627501e+00 4.357188068772199330e+00 7.221183795177203990e-01 1.048372609465394900e+00 5.050242601093990480e-01 5.898385109271679028e+00 5.627431204538203779e+00 5.161490829079598441e+00 2.351373695367923844e+00 5.712929411645894184e+00
1.658826329540101119e+00 4.927604167386356870e+00 4.685800889407373937e+00 1.076341968270470434e-01 2.558021975456732378e+00 7.326214821870500327e-01 3.443862804460631644e+00 8.766652213860191001e-01 5.024150107136851062e+00 2.797416906946439852e+00 5.589659202814222461e+00 5.121189850534960897e+00 4.327113798935235955e-01 1.226770445933414999e+00 4.856777141171036760e+00 4.959431369490685526e+00
6.089045894478995358e+00 5.386802698115027432e-01 4.483893287289258289e+00 4.239176677471998556e-01 2.584293685329044354e+00 6.029629878933799425e+00 1.514151328966961696e+00 1.826266713563184707e+00 6.839695013448020555e-01 5.581316278218819704e-01 1.025405394630295675e+00 1.945443509184161091e+00 5.212473451410835956e+00 2.903136416064823422e+00 5.371560027439232776e+00 3.617245100082849163e+00
3.173778414710012097e+00 3.190946274059439869e+00 1.255405740181894325e+00 1.857844742162354956e+00 1.476160411957040397e+00 1.710899657790582618e+00 1.279620416399923855e+00 2.562540150191809030e+00 4.023255802280708560e-01 3.417509742974102593e+00 4.370373520680116419e-01 5.247709035150494472e+00 9.781274763537626260e-01 5.898193494931025960e+00 5.584352725843603871e+00 6.082506948217278442e+00
6.225842631174671737e+00 5.345274836254284345e+00 1.791048837861248577e+00 1.392825456449670041e+00 5.838567846876814293e+00 4.902069111493383424e+00 3.874979434649788779e+00 1.829778644738915494e+00 5.734421499396112232e+00 4.144935558278439042e-02 3.967131922418074552e+00 3.542238860232139963e+00 1.559890961886840843e+00 3.566371729963195847e+00 8.740190065984184686e-01 3.622897766691445920e+00
1.881415336168793750e+00 1.196975280219107762e-01 3.940697152042187401e+00 4.714816822899255300e+00 5.183489998156615819e+00 3.688144615377137447e-01 2.368236292211690852e+00 4.825724093041654505e+00 3.887148743027675213e+00 6.283101988539664617e+00 5.225089507315340498e+00 5.158605491079743643e+00 6.063251571592421563e+00 3.275791865675718118e+00 3.490420763416685057e-01 3.662335109396851696e+00
5.491375532250395430e+00 5.635618045581653135e+00 5.370680306436520723e+00 4.519270565168695519e+00 6.569748680524617468e-01 5.459932233602850182e+00 4.351673158605184888e+00 1.470315489581116353e+00 9.437355570800043392e-01 3.239100939877847640e+00 1.093268005306723190e+00 1.300543739894281847e+00 3.866429903817977465e+00 4.241177555408936151e+00 6.203864123923794160e+00 2.783120987990455042e+00
5.983298381410020461e+00 7.419840423710776234e-01 5.149580492946396859e+00 4.046163999148244095e+00 2.248707681780207857e+00 2.014632237800071390e+00 3.681722124090270221e+00 6.279449404025234216e+00 4.371189613013460651e+00 5.593935086100966236e-01 9.277958553572140943e-01 4.054325451038367945e+00 8.016292641987412537e-01 4.740585251014846513e+00 3.606869921827830616e+00 1.811132382448420675e+00
7.394616799186863876e-01 3.022746115875599049e+00 4.320162091098940671e+00 3.870392244896887490e+00 1.945540815188809392e+00 8.386414267635775577e-01 1.343165600851192187e-01 3.866219066055969211e+00 1.078178804603010743e+00 2.752062063099198208e-01 3.960377421633693995e-01 4.983105684114894629e+00 5.143278888513313163e+00 1.129250361642229139e+00 4.697834832303905195e+00 3.011354681860095361e+00
1.430240184355688338e-01 3.446164920948827870e+00 1.335364066016544671e+00 2.907350897936739287e+00 3.855362874595465450e-01 1.833243103854763190e+00 6.133161191956087999e-01 2.564000205020510403e+00 4.297708433604520373e+00 1.254447121611894200e+00 4.977890293980183678e+00 3.705816166997671690e+00 3.187132532655585049e+00 6.046526659830551154e+00 3.126572673251117873e+00 9.679851476551749601e-01
6.217346003819149480e+00 5.367532127434643030e+00 2.871416962407864482e+00 4.949963295083454895e+00 1.687208350985789806e+00 2.289655420024720112e+00 3.003537220567055854e+00 5.426520265627692297e+00 5.909026982667324290e+00 2.831613253605450353e+00 1.646245248857786114e+00 6.125840717198280494e+00 2.199044861524586114e+00 3.173119057345547667e+00 3.406831478985133277e+00 2.051161337725931552e-03
2.501687016260106144e+00 2.149440629834341365e+00 1.496505765141658895e+00 3.228476709398479194e+00 3.095696754737646827e+00 4.287630936722854003e+00 2.345884091319957732e-01 9.841509044875186574e-02 5.750761135544628644e+00 2.992596010743033830e+00 7.359157784635145250e-01 3.035950150347493715e+00 2.548336083601352442e+00 1.164956141322745609e+00 3.026224819707887370e+00 3.516923322532945484e+00
4.683460087999734789e+00 1.760049831507402462e+00 4.392425254907122323e+00 2.610446808393582785e+00 2.106920733918626443e+00 1.024374420971002619e+00 2.150662522413347988e-01 6.054989234772788720e+00 4.082163090634954195e+00 4.959752279182294998e+00 5.542044998608476547e+00 2.001214545682209689e+00 1.718465344270834638e+00 5.207427743720434599e+00 1.440831487170445513e+00 3.110353431331285279e+00
2.121155532894211770e+00 1.795034271474959864e+00 5.723030857791764348e+00 2.797930764132386283e+00 1.136457507266507516e+00 3.598427275487784183e+00 4.911571368482925415e+00 3.010541046022720657e+00 4.365231233192116811e+00 1.934549190453379586e+00 5.229150672083041407e+00 4.786450041808191891e+00 3.143821991294085905e+00 1.281874398946438731e+00 1.594805549712128290e+00 3.199999491680963204e-01
3.333255635650178572e+00 2.192952363496547097e+00 1.600699636875153820e+00 7.411217826830308608e-01 3.781264259573099640e+00 4.014529796364934455e+00 3.322541622074205669e+00 5.078162810334289290e+00 5.398087209115045582e+00 4.989343761481648265e+00 2.235902547728489398e-01 3.480428378838688275e+00 4.664261789014918058e+00 6.059735008567846748e+00 2.548988150031048505e+00 3.632834739807228264e+00
1.187311691608308462e-01 1.738426132420177073e+00 3.576733629178530660e-01 1.380241497326798683e+00 4.364252835336544400e+00 5.488961084954954828e+00 4.818616133686223768e-01 4.403113997294397564e+00 1.933823207546615297e+00 5.815761343816811646e+00 4.220827560013599822e+00 1.865797146556311903e+00 1.677282910446520336e+00 5.208427187510350720e+00 7.415124151248041473e-01 5.557300974135623406e+00
3.137472064253686632e+00 1.825533737222390984e+00 5.253186753123241459e+00 3.180093614205995234e+00 2.120164940560664291e-01 4.530177656625790306e+00 4.411745595191982616e+00 3.993422483134203560e+00 2.889500711341566608e-01 3.615149465788283223e+00 3.427230617496142884e+00 3.519594860321495933e+00 1.182397367727399784e+00 3.221930463436204040e+00 3.010577346930049636e+00 2.546108231238858322e-01
5.070708442726042264e+00 6.269822514417124459e+00 6.014385642142478616e+00 2.863195193953041340e+00 1.871387896191017530e+00 2.395541174201426815e-01 4.197941317964970054e+00 1.930916953556178761e+00 3.188580336109936297e+00 3.941574656101261898e+00 3.630018001658335547e-01 2.887319253226855231e+00 1.670077116557190378e+00 3.332077821297855014e+00 1.286965662969923319e+00 5.254397831380535067e+00
3.058107176612827605e-01 3.641105202484848480e+00 1.521838624099303816e+00 5.657088212643461844e+00 1.840943912926984449e+00 5.680136382806256101e+00 4.846028637173014353e-01 3.403591091174327232e+00 3.026458997864845291e+00 3.273467945161406156e+00 1.575908549242489354e+00 3.774841036223819835e+00 5.770341143571878106e+00 2.529655745356442220e-01 4.810959489975541459e+00 2.771185892500676484e+00
3.093334705204968671e+00 3.252539752167784570e+00 2.375409308748789083e+00 3.299439403747468802e+00 4.059776873542082498e+00 4.800583559821046009e+00 5.003758324686394809e-01 5.580924143001594118e+00 4.003726971917721755e+00 4.831824767179909941e+00 6.202815501772473539e+00 1.600689671090485877e+00 1.308122288623594143e+00 3.716896203527451092e+00 5.923089222985292501e+00 3.738813292331921723e+00
1.006171223708276496e+00 5.250641445529028450e-01 3.159270831075623231e+00 1.721219230221084917e+00 3.094060018881303886e+00 3.487494843350652740e+00 2.615240568474344940e+00 4.193593302900011643e+00 1.604073849724138023e+00 3.371012105692052341e+00 6.352915580832816378e-01 4.050494143117214563e+00 4.715197493892095082e+00 3.349191153821624134e+00 2.348183445716511386e+00 4.040910825398152717e+00
1.910051496128144954e+00 3.120365859395843433e+00 3.074714313890191342e+00 3.263278990807029878e+00 1.107746002856734524e+00 3.297962845315794755e+00 4.159367276086291199e+00 2.917875233945808500e+00 1.857199159845821290e+00 1.708597040320615434e+00 3.680739713203130314e+00 5.257781772865879333e+00 6.894753498808234848e-01 1.384563951588629882e+00 4.068453427192437744e+00 5.111208673826019400e+00
3.114468014319387468e+00 3.221017021472383224e+00 6.192131529717221916e+00 2.148676477838947996e+00 2.939781898921020709e+00 2.388055142502027550e+00 4.711240575120468482e-02 3.580270231779955070e-01 4.103232869645219161e+00 3.526114539849196206e+00 1.744948168032916525e-01 4.662346362032605995e+00 2.356705786029233085e+00 1.291821922954379032e+00 2.693500364582537721e+00 1.219479144147394445e+00
4.890719675910923492e+00 9.603954162930138372e-01 4.376415602282842876e+00 4.787235336131361763e+00 4.396735309728021512e+00 3.696577140699521813e+00 1.664019206738567958e+00 2.094167976206784854e+00 5.363381548150981892e+00 5.975519202599070212e+00 2.788330867805105306e+00 3.021800928007999154e+00 8.418176556426141266e-01 1.468329809901474992e+00 1.407760694253067824e+00 3.877457531849251016e+00
1.633833491894532530e+00 5.865495995057236733e+00 3.654143255484779917e+00 1.597020732475097793e+00 6.074115634644950745e+00 3.956460365386655909e+00 4.149569864941558883e+00 4.585346374787397039e+00 4.475363548451182893e+00 6.179511688112027112e-01 4.369608712207413426e+00 4.272332232060781720e+00 3.383826322204915193e+00 7.393268668194464821e-01 1.297075220739571710e+00 6.100395325884630182e+00
3.250931597332233025e+00 4.988756138455070488e-01 1.946981195193542291e+00 3.272179523132691781e+00 1.289789347037408662e+00 2.556322664703037262e+00 4.742291681733296294e+00 2.378934355523317556e+00 4.276060995941010079e-01 2.124606898137462618e+00 1.974892913387415794e+00 2.891132170006117885e+00 5.096077914196047054e+00 4.598837022218267734e+00 2.333313957629592039e+00 5.323570925032661272e+00
1.737383958679734608e+00 2.586743394856863554e-01 3.303854464061576568e+00 2.669028184694063999e+00 2.487190993719449406e+00 4.585045231919870901e+00 3.603244169612924708e+00 3.204057673287822455e-02 3.032398879755833221e+00 1.822198122251947217e+00 3.469984991689333942e+00 2.759631904386186552e+00 2.804773106178149344e+00 4.089196399787240616e-02 5.653338077862125610e-01 5.676624353836078107e+00
5.783367932140129675e+00 6.722748025433953334e-01 1.908572427757710965e+00 4.227011195247724729e+00 3.874668486903983133e+00 4.184656529729578800e+00 1.468287323431479274e+00 7.886578804054146519e-02 2.782438359211213963e-01 2.683748732868100895e+00 1.570803235199904835e+00 1.588960820293732479e-01 2.560868332718418960e-01 9.014266441276883590e-01 4.540382161277473294e+00 1.656564132421322721e+00
4.238045652505044170e-01 4.705565183163201937e+00 5.205112538762047159e+00 1.640035235021491955e+00 3.818634962032450453e+00 4.065680923470464059e+00 1.216820424051477056e+00 1.827786508472256377e-01 3.990962592846242885e+00 5.245936942206032683e+00 5.289453842678979889e+00 1.343890934475064691e+00 2.005597620827892058e+00 1.793956272000226448e+00 4.610526059843967350e-01 3.284295489332776263e+00
