4.004575792365405285e+00 3.437090883704012612e+00 3.314352033040520062e+00 3.711357660326845220e+00 2.290659885163678577e+00 3.861701761348076190e+00 3.416260085524542411e+00 6.193508439533769838e+00 1.423553189607564828e+00 2.573707242335469658e+00 4.289357081224506096e+00 3.681577274857469106e+00 1.250219562795344741e+00 4.708133087530248062e+00 6.194678112000504555e-01 1.699115976718385213e+00
1.698054107422568793e+00 3.870658489778688871e+00 5.399996737244885381e+00 5.002317497306186134e+00 5.960649145575549035e+00 3.188608983559682475e+00 4.641979090881897640e+00 2.548474534819721082e+00 1.529285299250075170e+00 3.663440213821619884e-01 2.984299920325147681e+00 9.357524673213363231e-01 6.034930063347889728e+00 2.313699842084345537e+00 6.172727073933851338e-01 2.759295784536456075e+00
5.719670348169454854e+00 1.967224671500548139e+00 2.339452642759344059e+00 5.242259188551176230e+00 1.673056568072795347e+00 8.304436059892662536e-01 1.583010239645298745e+00 4.595071165597206075e+00 2.006593638125494294e+00 4.008507505417476580e+00 1.432669590533229620e+00 4.182533062684576919e+00 2.957706163388072351e+00 3.455080047008538102e+00 2.423590238568559041e+00 2.426914164180433264e+00
2.518991185778032715e+00 5.959002771534815501e+00 1.921617755383214110e+00 4.497965284914318573e+00 5.050355561615801570e+00 1.953998325874223285e+00 9.582506188615912135e-02 2.238652479185576638e+00 1.970158292371024134e+00 2.759592599353854148e+00 3.661227569594075248e+00 4.670805407201664927e+00 3.672074531240865358e+00 3.050650650043661205e+00 6.051949937974810290e+00 2.124383634814666966e+00
4.893385018790428198e+00 7.795413713578418502e-01 3.603267777616939505e+00 3.774470703245306868e+00 3.843452100778918190e+00 5.463333158562448943e+00 2.151675287961216654e+00 2.078701215896142873e+00 5.773800058973712623e-01 5.523390898443903296e+00 1.355547198506706463e+00 2.554659279358729496e+00 3.258155541755428430e+00 3.940374050594470656e+00 1.094145219691406767e+00 2.307821439585511225e+00
3.432153424647660156e+00 4.437375013659289102e+00 1.164852413913812557e+00 1.919254870851759165e+00 1.279969027297550355e+00 4.184504307240910492e+00 1.284030324911842547e+00 1.094445976131724452e+00 4.257026068265417074e+00 2.712296790817927850e+00 3.756286863968653078e-01 4.871306143327839067e+00 3.936578619053506589e+00 4.144296295856447543e+00 3.256281953448925570e+00 9.226925398748300200e-01
1.762205464355084850e+00 8.555763139390664129e-01 6.085991192735474620e+00 1.255053781076519437e+00 1.968194310113903445e+00 5.581416580927213822e+00 2.022064796438499457e+00 1.774069147589865780e+00 2.648447418745198956e-01 4.850130696016108911e-01 4.936319138301990428e+00 4.441287335798679514e+00 3.088462401069820729e+00 1.514001537052686253e+00 1.008163625981587819e+00 2.230614518191467610e+00
5.471523550312870299e+00 5.599160373980606176e-01 5.791418819717327082e+00 5.434233642292482180e+00 6.128574605272055997e+00 2.802653949812513812e+00 2.144272553053231944e-01 4.863055981472287570e+00 1.771184006409570522e+00 1.436802759625623871e+00 1.642944935059051481e+00 4.139327060753357657e+00 2.198958718405176871e+00 3.864904874344246011e+00 3.788311571991071602e+00 6.333699772561830477e-01
1.659662292383560001e+00 2.490290401969935008e+00 1.741022069555076435e+00 7.974187674194217479e-01 1.898559056976041770e+00 3.770021093816161795e+00 5.433164193818736720e+00 1.524295439442814315e+00 3.453495071677997519e+00 3.893510914982103444e+00 2.835902700270048538e+00 6.062180404618174201e+00 2.454829597429562249e-01 4.988261384134354159e+00 3.694483841177432115e+00 5.348364518412584090e+00
2.156166545563896975e+00 3.202838186217037197e+00 5.266134620113022358e+00 2.586028113400103412e-01 3.869087294311837955e+00 5.236950138359010687e+00 5.370902497691051991e+00 4.469793586717552003e+00 4.175231670946270235e+00 9.736405174718405497e-01 1.993419431015952092e+00 5.499291384357788637e+00 1.763172441136259705e+00 8.229625330482496226e-01 3.635715497726537127e+00 3.577301134119434955e+00
3.965638771671315510e+00 8.938012499855503279e-01 1.885154412697044757e+00 4.133302378079807937e+00 1.923513653965461145e+00 1.686523149710022151e+00 3.806636233020572302e+00 5.011985592103425091e+00 5.559814332164392248e-01 2.618471940497722805e+00 2.555317494707831205e+00 8.744820472043397797e-02 4.360175842850596339e+00 2.396997827696448979e+00 6.153461321618642010e+00 3.819079675029974918e+00
5.809112182385015366e+00 1.591588189995622349e+00 5.548302108058432047e+00 2.171403581148478312e-01 5.280463448076323729e+00 4.214419542600297497e+00 3.837594853453014210e+00 4.583405918803561185e+00 1.153576793178602983e-01 6.192660183476882407e-01 4.765323253271525950e+00 5.014080966048973131e+00 1.314653488593005681e+00 1.516022933929392025e+00 1.476495724028815237e+00 2.437725606157582714e+00
1.619427701014121146e+00 7.256575560171027450e-02 2.260174832743768736e+00 4.640928613260058455e+00 3.229557029453595796e+00 2.075877243452683540e+00 6.064780668496142502e-01 4.782467672069747877e+00 2.886084301994801482e+00 2.774590458744695898e+00 4.668823866805476008e+00 6.236851482972111782e+00 3.790727422522700785e+00 2.243955945803059571e+00 5.319693920354375827e+00 8.139236795823034942e-01
1.032346617878214246e-01 2.628376495730902374e+00 1.621632556362738287e+00 1.874116516476178385e+00 4.987211485406386480e+00 5.997364256794506243e-01 1.276365230781026094e-01 1.522834024378129980e+00 3.422743420045636142e+00 1.371333577508523582e+00 2.239302502457899635e+00 4.721414803815984662e+00 4.249525067433289394e+00 3.594598369374407465e+00 2.638272842400613438e+00 3.832975527618500244e+00
6.032579619596790899e+00 2.241061827944065499e+00 1.351007503239248342e+00 2.025323006613847510e-01 4.036592396812694439e+00 5.627592457210135457e+00 3.107993909512438702e+00 5.769160934969201904e+00 2.569178346655500711e+00 1.929906937226391950e+00 4.708575325033198311e+00 2.290396389849944203e+00 1.398906590249175963e+00 5.201035757346506472e+00 2.177389148500533889e+00 1.425045047563988421e+00
1.238256144623206545e+00 1.645218749649804968e+00 5.996232099516471514e+00 1.710925485153460546e+00 4.144556855915554117e+00 4.238556254383881061e+00 4.453252450286973918e+00 1.623522713172656839e+00 2.829777476181928098e+00 6.235043595012755624e+00 2.733647251626131425e+00 1.325438564502445349e+00 2.662895842199662688e+00 4.078862018041485626e+00 4.998212171975947582e-01 4.817550935931732781e+00
2.130562073274361090e+00 3.424519488975489967e+00 5.237549865749611122e+00 5.044859097703387363e+00 3.545627636895717139e+00 9.354889541483387694e-01 5.372745755409500390e+00 1.977652630790888821e+00 4.138349026751140691e+00 1.553028648421581837e+00 5.500573253746968483e+00 2.710434345569133541e+00 2.472880695134799023e+00 3.161013161483355649e+00 5.832685533700589176e+00 3.430159761175026745e+00
5.907543549172840081e+00 5.341645531646130873e-01 1.688535854350951881e+00 4.870996192073094200e+00 2.005394511974170957e+00 1.345908772469915915e+00 3.477525756791568501e+00 1.764082501214725429e+00 3.702168977232866282e-02 3.056865471314944571e+00 6.098126876720524336e+00 3.332127166504235127e+00 2.967699694182156733e+00 3.769512703586023417e+00 2.784552182822120692e+00 4.187987848895591725e+00
4.689567836010962720e-01 4.244842813251246127e+00 5.230505509066980530e+00 1.070399606477941690e-01 5.007659984314642543e+00 4.254085107410762845e+00 3.905841664752764952e+00 5.385712067974129935e-01 3.660267576455792593e+00 2.455787779555121730e+00 2.255725089781094539e+00 3.069686730002282538e+00 1.111078134886519519e+00 6.816188725091946177e-01 1.764907001246724505e+00 3.578993325556786509e+00
3.250541432720384982e+00 5.460990021503075553e+00 3.493286306114320006e+00 1.425082610271054762e+00 4.781593329850251095e+00 2.320344172441554109e-01 4.927209906108235060e+00 9.240565294065131718e-01 5.327306977480167127e+00 4.558223863401106857e-01 3.316108197900186738e+00 3.965314791917228465e+00 2.657877745931295888e+00 5.637976173637174959e+00 5.311887939459069008e-01 2.989040669316075149e+00
5.950302886423057380e+00 2.726805052410791852e+00 2.407032477865416631e+00 5.864184812952542458e+00 7.904396578631324166e-01 3.620302413709289180e+00 2.456683536306439652e+00 2.681228016123549995e+00 5.102572661869059223e-01 5.682351673278485116e+00 3.413610433003151368e+00 6.048443205354047336e+00 4.263941810568198321e+00 2.237362776417931354e+00 2.694628744621087701e+00 2.459509260310181133e+00
3.564221382049653220e-01 3.228688193541052076e+00 2.177830285538910005e+00 7.202695110772312503e-01 2.030141524372396145e+00 5.536395795644329709e+00 4.627930302454968725e+00 1.387262114255476853e+00 3.128017492163750024e+00 4.532977348619335878e-01 2.680808280290201615e-02 2.100338931419398480e-01 2.314087451887292257e+00 5.399947416391821520e+00 2.829546932568157924e+00 2.467735197203588804e+00
1.658630670566873855e+00 1.431896685149615545e+00 4.235687965553879053e+00 1.018137978148134226e-01 3.620924856191336971e+00 2.276854252075937168e+00 1.243536523049334486e+00 9.638247784776911020e-01 2.676088383057039444e+00 3.096186469915535699e+00 2.468747347096493350e+00 4.898250327264234372e+00 6.310766280549461316e-01 3.675957619938537313e+00 7.356760735598294465e-01 3.016657896216091483e+00
9.202503103242550830e-01 3.224643509003695119e+00 1.040841848304078443e+00 4.821850785006543738e+00 3.687779426555438445e+00 4.768879572056541782e+00 3.825679107570771009e+00 4.044199490251787488e+00 5.307986699893269211e+00 1.490362782927808105e+00 5.650652994166206255e+00 6.676403775008800112e-01 2.004177846855105027e+00 1.292596983791098886e+00 8.480781291165608859e-01 3.335955335246877151e+00
2.145483431845540245e+00 9.986364673560131910e-01 6.141944973368843819e+00 1.623188867524456569e+00 9.696765032629448555e-01 2.564708023465978926e+00 2.107877657274498606e+00 3.433680274367814089e+00 3.447471376896865669e-01 5.614308354216956509e+00 1.452913915929229915e+00 5.392045390120362214e+00 1.014645902710673786e+00 5.538980527104734541e+00 4.831739185548171278e+00 1.347520281781170004e+00
1.187316437953246373e+00 4.827953107280667844e+00 7.929851364709015193e-01 6.089986237333273600e+00 2.721783232092373606e+00 2.030571437113226185e+00 1.034850197290393403e+00 9.256578597639605333e-01 2.121334946127057197e+00 5.476004732791470708e+00 4.630413271040849210e+00 2.138682695932642375e+00 4.596103270702128540e+00 5.281234413424340524e+00 2.963492251036521807e+00 4.146055488506215525e+00
5.899751298905583141e+00 4.514759095278809475e+00 2.452031434664684983e+00 2.723134569766549884e+00 4.664186686485794375e+00 3.889319050487392460e+00 5.421210731938455929e+00 3.297342015954215722e+00 3.862019692781335056e+00 4.579941763554554512e+00 2.773300642950417672e+00 6.255792696017550725e+00 3.735586932521123504e+00 3.790393627968954071e+00 3.926842304341089385e+00 5.604631665287939768e+00
3.776704269978127027e+00 3.056461384411429005e+00 8.431921153758814569e-01 5.463202169718225365e-01 5.639026149820320910e+00 2.639651609351423733e+00 4.732358717223374533e+00 4.988230666530064639e-01 5.472887642225603422e+00 4.737795235504151492e+00 5.318458929615028197e+00 5.918454090341768170e-01 4.827563989876490602e+00 2.209400225098623050e-01 5.578450297682201686e+00 5.394618894801073150e-01
4.584280116825926399e+00 2.137174127515025113e+00 1.612727152744953818e+00 1.078588307595644391e+00 4.594616458952853755e+00 5.783384139007445413e+00 3.822684646188361235e+00 6.112364641062381088e-01 5.843205926735111078e+00 2.455729054180146420e+00 4.727248011940689665e+00 1.197317659851233396e+00 1.402508849058096807e+00 5.802283853670842539e+00 3.017579361232377355e+00 5.237039407674944691e+00
4.795322924417965815e+00 2.195909562540361293e+00 6.045380886756535510e+00 4.022612333255686679e+00 4.576640035600777701e+00 1.775993466012043109e+00 2.915372330012508062e+00 2.871475469511157286e+00 1.885041248088926258e+00 7.441043585405643368e-01 2.198115217452993597e-01 1.663361230312216721e+00 4.836747486318513367e+00 2.366170535969353839e-01 9.887750356454174661e-01 4.028715422812721769e+00
4.997255576441543390e+00 5.101269610802209087e+00 1.927346111704898002e+00 5.875278077354331607e+00 3.790118037477726354e+00 6.122073287883218917e+00 5.396370699626004352e+00 6.210618973120030972e+00 1.325870777452455407e+00 3.484548092913667183e+00 3.233870909397526638e+00 9.341282527862885265e-01 2.564014480295855880e-01 1.088416433662441341e+00 1.831545625619201756e+00 6.950773503404091835e-01
5.294695385416460454e+00 2.638681049692422231e+00 6.622484080394491768e-01 5.126390129230781412e+00 1.945720414820175881e+00 1.861998593842138838e+00 4.871377501344746008e+00 5.549498621127457731e+00 5.698241587245313156e+00 4.073570736100958989e+00 4.027326215341004989e+00 4.954682265046314704e+00 2.185064976569848216e+00 4.393551262808494506e+00 1.214460273435123971e+00 5.202096243722369451e+00
