1.112016205285124570e+00 4.514832672066372510e+00 2.453833535988363679e-01 4.554882551101697707e+00 5.452399911211532668e+00 5.482932287376199199e+00 5.366755227391540650e+00 5.267788781557294797e+00 9.128909692532044540e-01 5.836705763258400737e+00 5.007219455286205267e+00 2.190111275544901037e+00 2.620141355782169779e+00 5.099397748178351009e+00 6.236706831661290806e+00 4.278885301264025998e+00
3.566861121945992696e+00 1.587064006796763627e+00 5.051881625700834988e+00 1.955909637366582521e+00 4.454326386339573784e-01 4.487721583732190211e+00 1.524992393181864303e+00 2.732047963084903053e+00 8.401348229026209813e-01 1.852770886214417656e+00 3.331628946046796269e+00 5.746014602901952095e+00 1.482534560404731583e-01 3.136026832345478521e+00 8.568163529086939567e-01 4.788910312162440341e+00
4.290277235655387322e+00 1.690979863529379568e+00 6.196849385067303428e-01 4.627354800592278217e+00 1.392911359353117717e+00 3.307346982560782633e-01 5.810949258746750168e+00 2.727368685373774415e+00 3.845791201343242260e+00 2.936343615117978256e+00 1.297700129638519329e+00 2.745499189069617429e+00 3.979387025944535861e+00 3.873320155286605004e+00 4.432028019814171493e+00 5.638027180541754113e+00
4.877284730859252626e+00 4.626788238018436417e+00 1.325372919840341890e+00 1.319717254814710472e+00 6.857400962398587652e-01 4.423213531658743314e+00 5.384047961934373738e+00 4.624987914904457043e+00 5.220025154414282831e+00 1.003524677370247975e+00 2.727084129509063537e+00 3.161719577493681932e+00 3.974784379108261767e+00 5.038395495444640382e+00 2.159246754532862411e+00 5.193541756745599258e+00
2.095154585451230123e+00 2.846858836656678271e+00 6.041329145047748206e+00 1.845580211182741515e+00 3.404230836408393746e+00 4.981246130040201336e+00 6.030667525849129795e+00 3.205618054399633987e+00 5.238333502248971207e+00 3.467644594677232739e+00 5.861199699101917737e+00 2.019185077265832629e+00 5.658712914257206350e+00 3.536601382225488255e+00 5.336500370148305805e+00 3.599699719513568930e+00
3.415385487343411519e+00 1.004689699414861304e+00 1.836597554826077783e+00 3.090479316741225890e+00 3.633112499387341487e-01 4.791848166975598566e+00 2.243489835573094560e+00 5.191166915474266119e+00 2.631905411658518101e+00 4.255094982159993044e+00 2.799277713528324441e+00 4.907540046829376723e-01 3.503754248582781283e+00 2.881681725294790386e+00 9.419925438005652962e-01 2.306736282432017671e+00
4.172661105211068922e+00 5.164897063975812053e+00 1.637922536248132221e+00 1.171786754535006692e+00 4.684863392553078931e+00 3.730025799748642346e+00 5.219125134643615382e+00 1.657136046499172455e+00 2.686659451590349690e+00 1.550763726614412530e+00 3.780686588767989686e+00 2.620333671241302786e-01 4.266596031703604019e+00 4.855500899391801184e+00 1.680401017704885813e+00 1.713802072840549640e+00
2.874110700243699856e+00 9.642064766332529221e-03 1.089589299406164002e+00 4.926926611861958349e+00 3.771703378488342917e+00 5.095514931735159792e+00 4.970418609226930684e+00 6.212694583679197358e+00 4.863983449213405308e+00 4.630945173978753715e+00 3.202533550228092274e+00 2.040019973340990944e+00 6.396131546691640191e-01 4.675139017161958899e-01 2.509743043794911088e+00 1.684706022164593475e-01
5.259519000011777301e+00 2.494703132378535693e-01 5.575490553803761351e+00 7.650004936479699591e-01 1.558823563195799178e+00 5.609989684632793683e+00 3.200258254399874769e+00 1.040102924044400856e+00 7.743401805378274938e-01 5.106926381617182820e+00 3.207365507805980620e+00 2.141630486413715673e+00 6.133394389343886921e+00 4.739934714241694103e+00 4.360060840611396316e+00 3.064091276735349201e+00
3.795476968299738019e+00 1.621586569797200728e+00 6.299478153413212711e-01 2.894707666546106228e+00 4.112546823525968342e+00 3.473997171095574821e+00 6.141599187117456893e+00 5.062978725391703350e+00 2.031760159781155206e-01 1.777571658441825964e+00 2.660923762440954743e+00 1.715861542984844945e+00 2.210440409529519812e+00 5.696635673003877187e+00 1.339408658184662260e+00 5.160307772722606323e+00
4.328992372240341724e-01 1.504254972740274754e+00 5.030709757473989657e-02 6.155414277250403465e+00 2.207632473370014559e+00 4.263474171393991874e+00 2.376775188005935568e+00 2.455395021627758911e+00 5.862802044065224649e+00 4.279783092857662119e+00 2.723496429673343044e+00 1.666896026131832631e+00 3.250097114009186328e+00 4.870693441317368588e+00 1.395867748196509384e+00 2.446712457642574279e+00
3.633462443418304044e+00 9.696373892457823551e-01 8.327492445535958909e-01 4.179088096228445792e+00 1.205430899679735823e+00 3.793297604824444669e+00 9.813507990316365781e-01 3.992613343674821014e+00 2.841876713515845143e+00 3.490434147431264122e+00 8.488303006493261860e-01 1.661725690720702753e+00 9.994121606886373632e-01 1.152466007840200257e+00 5.583357712615137913e+00 5.664981141808484999e+00
4.451027010006684215e+00 4.883005701186685421e+00 5.433278247881024647e+00 3.600613462200776826e+00 5.308315852031670445e+00 1.391861647096390264e+00 2.974114567572381240e+00 4.413491653308506124e-01 2.873344381675733583e+00 3.638079628526806442e+00 4.027724986478911084e-01 4.919712604005720635e+00 4.306003606508975068e+00 6.861087509779085769e-01 2.182055277089063605e-01 3.975206466490746493e+00
4.972251643083252515e-01 1.972757413665768400e+00 4.781072633229046964e+00 6.297583647041382626e-01 5.348666388312578457e-02 6.152187556385586120e+00 4.370005373707708252e+00 4.299642988640029806e+00 4.816437193887573187e+00 1.846384921709339100e+00 5.665922754074182777e+00 4.326949717806131801e+00 4.840865606928891118e+00 5.273789944957573361e+00 1.273780995237934643e+00 3.836116615354328907e+00
5.486532200959298500e+00 1.535976518052945661e+00 5.176503696362566131e+00 5.805426536315032138e+00 2.522975979675214031e+00 2.821450943902373276e-01 5.756694625533468113e+00 4.494222582130679378e+00 9.583892890126117781e-01 3.065284688665287915e-01 4.578570246004396438e+00 2.019339175704570444e+00 2.289097508972767869e+00 2.457028820048168694e+00 6.152470492142055214e+00 1.980452796280607997e+00
5.961922036566442706e+00 2.737553995588721367e+00 3.482700928541624386e+00 1.520150651839269340e+00 5.856498134461528338e+00 2.570520928032763219e+00 4.688553035864662988e+00 1.162726562581524403e+00 2.867478044532953074e+00 1.053147612253825027e+00 2.609353577533280344e+00 3.568967150074763506e+00 1.007976532447249829e+00 1.103654641792416680e+00 2.537170104315536356e+00 2.002180393594350516e+00
9.256221457517623818e-01 5.077253200981306058e+00 1.020345531424309504e+00 4.054384218657379080e+00 3.747988230133510790e+00 2.312861734747252360e-02 4.324398222217372023e+00 6.233646889653605250e+00 1.845458720375930506e+00 5.164016461269762992e+00 5.932887784180354451e+00 2.829028634246298690e+00 3.488204826287133020e+00 1.530849879787296031e+00 1.534732372376643506e+00 5.818771112450519034e+00
3.472851219450925786e+00 5.267256417540697733e+00 6.685360177649030122e-01 2.078357310936611135e+00 1.830720558536649500e+00 5.133370144324569395e-01 2.046780122144786773e+00 1.794249659820797538e+00 5.481512731073995504e+00 1.257358153831356740e+00 3.752328436777402132e+00 6.281321536971394615e+00 5.881673155505872108e-01 7.834151828282344132e-01 2.820101052545918030e-01 2.385140168538177341e-01
5.746284557176468688e+00 1.001670091301402055e+00 2.930298983755183162e+00 5.121493552304861474e+00 5.979436211374284049e+00 2.028460266462126071e+00 4.438129644107145388e+00 4.055488324532213973e+00 3.355396555614555965e+00 4.952713151623511778e-01 5.208459791068446698e+00 1.698186594190707055e+00 4.527440194366486814e+00 1.478225446474989324e+00 1.148531877869138629e-01 2.960723750957792721e-01
3.735462927053046833e+00 3.045878308529288869e+00 2.063302111985579224e+00 3.849002330198346478e+00 3.611975089681482842e+00 1.578571635644340665e+00 1.300563080121181381e+00 2.956974294162213468e+00 2.676682928148649943e+00 1.494983210149610775e-01 5.966063346330789940e+00 2.324851681719423357e+00 5.298483615348263065e+00 4.228095683810676242e+00 5.926482144079653125e+00 4.706172031191201199e+00
1.902987266878536088e-01 1.381274007449774688e+00 3.876223018808855336e-01 4.391405037938682199e+00 6.228303299474968746e+00 2.701280082654696990e+00 2.442024628392119645e+00 9.408571019044796591e-02 4.007445040847557038e+00 2.572989985531525470e+00 3.412240228287108046e+00 5.329821993904381827e+00 4.942433467831918392e+00 4.137581720714746392e-01 2.780976015440118632e-01 5.230646881418330452e+00
5.789801203064215862e+00 2.024863438841835173e+00 1.546803173462240943e+00 5.669916960992595456e+00 5.761872474821667645e+00 5.757102221454106328e+00 2.247652354141202569e+00 4.900367165338251674e+00 5.153019600026064850e+00 4.124672358537377015e+00 3.624253872527290365e+00 5.456181588376582070e+00 4.203190517955502359e-01 2.512965213820614441e+00 4.549430340114970939e+00 6.257752919136884806e+00
5.542108635138846218e+00 4.715649812996065116e+00 7.616329474383638776e-02 2.134333139821449787e+00 5.881544017977254235e+00 4.659213171358183025e+00 1.147358145749123537e+00 2.673807129076652522e+00 1.768209985409984197e+00 6.056545399455058210e+00 2.035552330877502814e-01 5.753710653347615889e+00 2.395235115164018325e+00 4.126653269543912650e+00 5.251382589287259428e+00 4.644341815426734854e+00
3.746543887889977054e-01 4.582198191748208416e+00 2.520949002025861141e+00 1.564058723321367861e+00 6.119907592875119207e+00 3.130772671260094953e+00 4.437025389688055377e+00 4.129571108086931730e+00 7.295567993836375997e-01 8.614749681605983200e-01 4.299274963271178862e+00 5.802922677406020746e+00 6.091786501560479294e+00 2.298965720546635616e+00 4.919162826966804403e+00 4.101578804323011695e+00
1.943043695987767716e+00 1.755819332618823836e+00 5.056928985507920693e+00 5.873472974672798941e+00 2.807660045925414405e+00 3.409515181905466541e+00 4.843685850511869617e+00 3.124294329331987058e-02 1.454165768168640405e+00 3.581946447110427645e+00 2.761469548202191704e-01 1.294364008625568940e-02 2.629873313236123167e+00 5.425909331090437604e+00 2.187571942429156202e+00 2.231936284492539446e+00
5.397033669703874104e+00 4.353702677359898132e+00 4.274711657040838553e+00 4.478671781327108192e+00 1.926668057333439821e+00 5.430812168166397669e+00 1.632530770213908022e+00 8.120770254683788991e-01 2.458754748921835098e+00 1.522156895853135961e+00 5.086516057573520655e+00 5.633257122731336608e-01 4.364933707879941061e+00 2.912545454744114970e+00 3.198949377981271436e+00 5.481874450620560779e+00
2.833812608114512077e+00 2.464334889181023058e+00 4.115287426422202799e+00 3.499190550271912503e+00 5.574814217146459860e+00 4.954855407700303971e+00 1.677938852831389882e+00 5.052095616263708955e+00 4.063055707258915739e+00 5.924732523119462968e+00 5.035884325967760589e+00 1.279609666233093135e+00 5.253689700370753002e+00 2.261068600765479886e+00 4.752311638109508074e+00 2.284921570630837895e+00
5.362811060407170594e+00 2.232944747846655531e+00 3.316527509055904321e+00 5.778602942769225592e+00 3.702051835109920308e+00 2.222517493862569415e-01 3.418249302174902304e+00 1.347693054665623391e+00 5.282780252301969348e+00 4.796392879215281901e+00 1.659868541487008242e+00 6.089960874108620636e+00 4.729104702369457125e-01 3.219869616499428933e+00 4.986995378086427344e+00 5.470931645947091582e+00
1.366224082184182009e+00 1.874811831907791992e+00 5.687038543218744913e+00 2.006318704057929114e+00 3.892938687157516675e+00 3.640186897954573730e+00 1.722022200953804205e+00 3.714309084355075008e+00 4.874469921706742426e+00 2.116775665711075671e+00 5.931970480552580582e+00 4.865541370966439239e+00 4.688754420549806845e+00 1.987468457908300845e+00 3.927026983742195831e+00 4.237388121645657257e+00
2.529241493223140846e+00 3.152848866435251640e+00 2.290923550170343770e+00 6.211266238298613018e+00 5.210283667910455385e+00 3.440662473961596302e+00 2.604111746923792214e+00 4.952450199062063518e+00 5.020331787235396526e+00 4.292944418136297458e+00 3.764073434734557910e+00 4.188696680783575488e+00 3.766175057391652370e+00 5.515404097439938091e+00 5.714522784534890043e+00 6.235922131605741825e+00
1.077394743355621687e+00 5.174258245434415926e+00 1.719090571036544723e+00 6.426969806106276606e-02 3.598252449978676104e+00 3.420420254089481804e-02 5.384381055076847389e+00 6.881640433746983865e-01 6.254307800829012720e+00 1.444480830847353348e+00 5.286225833956460285e+00 2.597818276402998006e+00 3.609333518894158654e+00 1.748456804373321738e+00 2.396551740001236386e+00 1.535989620507427267e+00
4.394454741459778546e+00 3.065710289053004065e-02 5.403998742717045722e+00 2.846622424380108818e+00 4.700793724172340760e+00 2.880659647933239587e+00 2.810743057553686697e+00 4.184364364010452420e+00 1.949384260174549022e+00 5.733314773632734784e+00 5.313650100405283183e+00 3.246973697859401486e+00 5.720687455386620490e-01 4.027955380742481495e+00 1.573588880259620959e+00 5.284009776850384199e+00
