3.270510291486364185e+00 3.408249020051643097e+00 4.431322100412111276e+00 2.619578250940958863e+00 2.350591938350413468e+00 3.998952554088113232e+00 2.386896621838896504e+00 5.620401490513383003e+00 2.911453184108652614e+00 2.561657960931947198e+00 4.869317065009584056e+00 5.804299326177930318e+00 5.085051840678258550e+00 3.719970837344777070e+00 3.935114432870277401e+00 1.220092607634207571e+00
5.746283387342764115e+00 4.353088143518798331e-02 1.949359357040979956e+00 3.517913593458714683e+00 3.019661665321357269e+00 2.986423636084515554e+00 3.421064643821341456e+00 4.877694546246912566e+00 5.119384593794626959e+00 1.763626243803007476e+00 5.630765357209623012e+00 1.956815013025152705e+00 5.432102961721006373e+00 2.036164676527703499e+00 2.814340183822320540e+00 9.020136620881903378e-01
2.691825726784502493e+00 4.618790167267926350e+00 5.778308334507476829e+00 5.065334172830910475e+00 1.459189947906688989e+00 1.040027922786834758e+00 5.780887346952147787e+00 2.717660670802866552e+00 9.575461504545370595e-01 1.000666949747321510e+00 5.707677533514754487e+00 4.475038883174258242e-01 6.315175567588852956e-02 5.545794240182635448e-01 1.673761523549100572e+00 5.490814294528438388e+00
1.540028465092613708e+00 3.777485169434935397e+00 4.335593016118606258e+00 3.972599123888362449e+00 3.466985538290650454e-02 1.389746971257599384e+00 1.291180828775791989e+00 5.118624314509641060e+00 5.107354764284406379e+00 5.648211063956447120e+00 5.178167383091807352e+00 3.112566523183554867e+00 5.276184759313764516e+00 5.803572096237852307e+00 3.803362807076140495e+00 1.909640270380469573e+00
1.311407977029217520e+00 5.554213234205328753e+00 5.384033543383691445e+00 2.847220659833001211e+00 5.620298833930430504e+00 3.553292210890188763e+00 4.273815767251840647e+00 4.246476457158841811e+00 3.918582335853992848e-01 2.152252477162241551e+00 4.430522694505234504e+00 9.346230778601929412e-01 5.118100783598862336e+00 4.950001387012624043e+00 3.209849166271434573e+00 7.608314250820976676e-01
5.012164862701347090e+00 1.741323888722392299e+00 5.225829240062801695e+00 5.233928928074313980e-01 1.077808847592245600e+00 1.908863516646397862e+00 7.545406829974135032e-01 5.384533463047535662e+00 5.491287485589474215e+00 2.016696473745233753e+00 1.196671815227995150e+00 4.326500037891248818e-01 5.613296708735485474e+00 4.688715225751221460e+00 5.547395989795831817e+00 4.278870711277915184e+00
2.167908297128044032e-02 2.665120000587298144e+00 1.792758265435419052e+00 2.532710914936188384e+00 3.919113276179072347e+00 5.049579988183871215e+00 4.323806592216910438e+00 3.506915962844658008e+00 6.046032112634588174e+00 3.741075120345652927e+00 2.754362264920925174e+00 5.912967900411530309e+00 3.390426748036222460e+00 7.946747027770694194e-01 5.623088439665806071e+00 6.497612109750989795e-01
3.819037336712710839e+00 2.486464823680426317e+00 5.741266829967834440e+00 5.111064545549495186e+00 2.611867647629328992e+00 4.447705512223558699e+00 1.645797072998257171e+00 3.353556281382603199e+00 3.382981443762151930e+00 1.137969720976133248e+00 6.091282074418372439e+00 5.037239975208728238e-01 4.645572587377818863e+00 1.632044717186940330e+00 3.066006628382782484e-01 1.571427043181095939e+00
3.524254163161280928e+00 4.445646868737188062e-01 9.709371065112678556e-01 4.477072879449665033e-01 1.506154471335161560e+00 4.575397247516753474e+00 3.247173454619434185e+00 2.818868638231045942e+00 3.817692802920493733e+00 3.080430672290403127e+00 3.680972126109588238e+00 4.143921950565328416e+00 2.799230325733541136e+00 2.324418409828027041e-02 3.626886237312548111e+00 3.125465000542858807e+00
1.126784923222296508e-01 3.524792334325072218e+00 2.351041219848907460e+00 3.325741030786162344e+00 5.088368009325672681e+00 1.969486649500717501e+00 6.180389853413416290e+00 1.233819801223164703e+00 1.822496777064969153e+00 6.209924008448910016e+00 2.408344044868378386e+00 5.578289644191253061e+00 1.032001042496649562e-01 6.070557666092923910e+00 3.814795367323360775e+00 4.447787088459974392e+00
5.871790770880785715e+00 4.272162968050917442e+00 3.211342113329079595e+00 1.983665791192923633e+00 3.985432985340638723e+00 3.820356105586443451e+00 4.547377018266336002e+00 5.769528159583031446e+00 6.645942231733447114e-01 6.123281099035103203e+00 4.007546512350012691e+00 1.389753744934631774e+00 1.718689239509617828e+00 1.126066563345615723e-01 2.680677750237571821e+00 2.404683416437086718e-01
3.493992657177528827e+00 2.084274080998476997e+00 1.118391115422500803e+00 4.966682390201524910e+00 2.478699452539655734e+00 6.380991992297496695e-01 2.869531299159634674e+00 3.864148130790155289e+00 4.858576371827504126e+00 5.498201384226684141e+00 1.380694694013953505e+00 5.082420610221344504e+00 1.295643812421174657e+00 6.405742816328696687e-01 3.649472990469686984e+00 3.474014891448889752e+00
1.307399666233615365e+00 8.995779810120018150e-01 4.294441265819657794e+00 3.859974039547652058e+00 1.752794074260535795e-01 2.747363758499015596e+00 5.110667761247823293e+00 3.779598254784203970e+00 2.255243085765552102e+00 3.651355786655247737e+00 4.730422773987086327e-01 4.210508591406090240e+00 5.469137219799356409e+00 5.010336015013476363e+00 6.208001525884294658e+00 5.762358187435761003e+00
6.739727085750804036e-01 4.299703923261930960e+00 5.412296796865277315e+00 6.211084950868897891e+00 8.501275009585529396e-01 4.320560638415567034e+00 1.211014968207860948e-01 5.362602235744636126e+00 3.149268554961459632e+00 3.023976115662888375e+00 2.385932876674981440e+00 1.588762388717887664e+00 9.514060920377649389e-01 5.451240969814298509e+00 2.176307712986613740e+00 3.767795769909947357e+00
1.778150875630291339e-01 2.539897351776300827e+00 5.084642865869024142e+00 2.682202185919852599e+00 5.110542220914964240e+00 1.670007947776390056e+00 1.703352451010492263e+00 2.855298698802757773e+00 1.601966775848400859e+00 3.608700660594230669e+00 4.342924787840744649e+00 9.616746529757552731e-01 5.276073836340013923e-01 6.016943825427093273e+00 5.180841402353132175e+00 3.904282117894234183e+00
4.314506099720765597e+00 1.054259923863128057e+00 2.731272590632895625e+00 2.315172321894884533e+00 3.756137952447533124e+00 2.305018353044435475e+00 5.012884182405126232e+00 2.448299629397258925e-01 5.651606813184403499e+00 1.874853759292106847e+00 2.017815779437402313e+00 3.917356513284064867e+00 4.053411120536754453e+00 5.176781953148362092e+00 1.255980159527085194e+00 3.490696364940078844e+00
2.696247231505900732e+00 6.379922479112118960e-01 1.617176948034777073e+00 2.280695347553898245e+00 3.188264063395688463e+00 2.512513993038549276e-01 5.741048985443034658e-01 5.556524049711514257e-01 6.191783000820052507e+00 3.268116763381732515e+00 2.186783759679832073e+00 1.247096255988606517e+00 5.353325924865043106e+00 3.403961868065500385e-01 1.699068082037503258e+00 1.088614056459094259e+00
3.693773174219318278e+00 1.815372403120791844e+00 6.057460848932336717e+00 4.092352904882640696e-01 1.442653270084406802e+00 5.836838686680453137e+00 3.329775730214968199e+00 1.148672020996465815e+00 1.245715342399837278e+00 6.431820270330351752e-01 3.461085868854764769e+00 6.187349706159882778e+00 4.032680554403861528e+00 2.800364309468203583e+00 3.934390351572133682e+00 1.024467952302638152e-01
2.305109525116605940e-01 4.459746193974134520e+00 6.251366274220623964e+00 3.098375863672511610e+00 2.140041437642408173e+00 8.376638957160995602e-01 2.667913742916725006e+00 1.356095586592984459e+00 1.269208546648014080e+00 8.935345523499985676e-01 4.767434149019290857e+00 2.874016463209748462e+00 4.786307822733409267e+00 5.780736794279834889e+00 5.487135185401403881e+00 3.311690372062850773e+00
5.861603445067705920e+00 2.802912027398931194e+00 4.895471669456194164e+00 4.391689529239852341e+00 5.958761366213957800e+00 2.626613586943934209e+00 5.363047431037530899e+00 3.631481772183761336e+00 3.754530648703010787e+00 4.902226203952024797e+00 3.201594222133981038e+00 3.302740936617363232e+00 6.132500373055538745e+00 4.730919694691801070e+00 3.672768559051129422e+00 6.134839040109155706e-01
5.728263359598516402e+00 2.937717941532360211e+00 9.349592497991541240e-01 6.614884863761477662e-01 5.952347236071698688e+00 4.910917049915630272e+00 2.375850504055876389e+00 3.907373382444554455e+00 2.351592625013118720e+00 1.079844996409153657e+00 4.086719891463141074e+00 4.575724687706236082e+00 3.125540364116946801e+00 2.856477681547179071e+00 4.362751117907011644e-01 1.058318769074666488e+00
1.461213569864574957e+00 2.409754351895688984e+00 1.229055530612976677e+00 1.215455562549341284e+00 7.960848573317075294e-01 2.016752978929003959e+00 6.632650179835321014e-01 4.666462086450692937e+00 5.781121283899421037e+00 3.733488709292250185e+00 2.953020075775509845e-01 6.028974647718825075e+00 6.706984510801246024e-01 5.188700637284853201e+00 9.956741261650464692e-01 8.242316496552193339e-01
1.762034022355501106e+00 1.185529422615059003e+00 2.538724156286817468e+00 2.903519273565544179e+00 1.076081052016484157e-01 9.664017951596135525e-01 4.591776509674491358e+00 1.837834471420709992e+00 2.178461296706719175e+00 5.751643768167852500e+00 9.614065196616202735e-01 2.665360194473741284e+00 1.070566774964972101e+00 4.257179292695922435e+00 3.058520346103497545e+00 4.867201412537911054e+00
6.226672836081579732e+00 9.299998134971573238e-01 6.853705391390620960e-01 4.684752162242588724e+00 1.609061088250233196e+00 4.556389349395177035e+00 2.493979788833521560e+00 1.468504760124339503e-01 4.538710684860366662e+00 4.268365739359988531e+00 8.146451354311534665e-01 5.922331729528200306e+00 6.120318565967949098e+00 4.890402974801271618e+00 3.338036984640859739e-01 3.988921709760517853e+00
2.773509834867002422e+00 3.281715077940217107e+00 6.233291845949878507e+00 5.639787600932947065e+00 1.430881428274333178e+00 7.667065670819276368e-01 5.217452689998659521e-01 5.689434162016948626e+00 2.560661678627245585e+00 4.371032200305070781e+00 1.748406983998773478e+00 5.859208847018529731e+00 5.353558949437882575e+00 1.318201824641878295e+00 3.855506659005405012e+00 3.951630327867880599e+00
5.052476643955194469e+00 2.019193128934407611e+00 1.141988109790389672e+00 3.005166000942929738e+00 5.693640741536411198e+00 4.420493864951561491e+00 2.284297316062294581e+00 1.407114829973152847e+00 2.456004644067084630e+00 4.733380291389499561e+00 2.138886209082454748e+00 3.566820041236719696e+00 1.750754932230930150e-01 2.578103795133263709e+00 3.802022649036165269e+00 2.267178988469239265e+00
7.210866349615870918e-01 3.495455655076313839e+00 2.525315385727271433e-01 3.920705669608871347e+00 1.429991859191740655e+00 1.079008857144801103e+00 8.652239100141992934e-01 2.251666587554983945e+00 1.277186775544693065e+00 4.221908383728736780e+00 1.935035670198555158e+00 4.416708474013646857e+00 5.415482465776962684e+00 6.222555242036003520e+00 2.921100663875987880e-01 3.435389322814283108e+00
5.450965092323670547e+00 3.892560604679330627e+00 3.993017863743009155e-01 8.921516721359501467e-01 8.842750372331209530e-01 5.374194094284172607e+00 3.900639351652107845e+00 3.375359833948764265e+00 4.036790980175648080e+00 2.799874779223967991e+00 2.379595874438435565e+00 3.096461827739298567e+00 4.531295869547968813e+00 1.074731765746143264e+00 2.193005927136340460e+00 4.830956966788320095e+00
3.481529366587646224e-01 5.072262162969783106e-02 1.717209946912663654e-02 3.675610296142818867e-01 3.293677932769714101e+00 2.106250994099476692e+00 1.416269747652777022e+00 2.108970036503282852e+00 3.362804360617363209e+00 5.733204094462769795e+00 5.434367108237595723e+00 3.429737113619948374e+00 3.231556484161723031e+00 5.052716803724718181e-02 4.044741111549503110e+00 1.577948980703745008e+00
3.892113163306679446e+00 2.640807001750383520e+00 6.051914052750624329e+00 4.274059414189917305e+00 5.597818191780143948e+00 2.336076631237564705e+00 5.055530887294933606e+00 1.737393210806865929e+00 5.721353906002229373e+00 4.114338438458740477e+00 3.232757261741577626e+00 5.631027201508259417e+00 3.550078759528823014e+00 6.089864694140247003e+00 4.767945017430792021e+00 2.753462150231900551e+00
2.824197921411185419e+00 5.166717159764788736e-01 2.716091542151971350e+00 5.398315234688365827e+00 4.596146332118958178e+00 4.455737064506569034e+00 1.949331035687381419e+00 2.156942081554478197e-01 4.647591551195832338e+00 2.724043826611226127e+00 3.258940138825365374e+00 6.711187614823186376e-01 6.206121833304749202e+00 4.560955968525893134e+00 1.664789356521324537e+00 2.480713725482305065e+00
3.174384346174718097e+00 3.616104512664050308e+00 6.975633057926684533e-01 1.146168792507071377e+00 4.873016166467834864e+00 4.604887944826759671e+00 1.308609554092073468e+00 5.324269695483898168e+00 1.591998982764968096e+00 2.140091965369108173e+00 1.889094531524307730e+00 1.883789927677046006e+00 1.684283772856241645e+00 2.964836883392958367e+00 5.163364674510892094e+00 3.548325825771540654e+00
