3.347165559768387144e+00 1.121069054828253586e+00 4.002531195639901007e+00 3.402870435391058823e+00 5.404721740088244353e+00 3.982373227499079960e+00 4.790411368914753720e-01 5.891808645888673368e+00 5.110719321516794811e-02 1.163918484447119983e+00 3.789721771724227750e+00 2.766468860471473779e+00 2.112870945408536372e+00 1.751193333622562687e+00 5.297961291908557246e-01 7.352877839978625429e-01
1.542009449673410248e+00 6.123413270984881862e+00 4.456130159117757117e+00 5.488848323881089897e+00 2.571125844262305282e-01 3.476533734344105508e-01 2.620080455335805247e+00 1.538773292839072049e+00 3.800073510366075435e+00 3.028850946579912495e+00 1.047309182493262325e+00 1.003016594438040920e+00 5.560638789289024331e+00 1.973161115926264086e-02 4.683653952760689521e+00 4.059668831095632591e+00
8.047877046203837370e-01 4.861409405742837642e+00 2.316687701016665102e+00 1.067109005707191471e+00 4.038289749725946010e+00 5.613657844750823411e-01 2.351571780320948601e+00 3.021272180743120650e+00 1.155730471010554927e+00 4.315670789011275765e+00 6.034106904338387700e-01 3.827161475758791287e+00 1.151630207684568363e+00 5.725745788111265000e+00 5.580323917917852095e-01 5.299250608776543636e+00
8.344242867623340165e-02 3.874688424839912937e+00 2.571640812598118053e+00 5.006150123986384592e+00 3.168347402937769175e+00 2.459691230438389553e+00 8.513418758083919347e-01 1.564126200102826436e+00 3.005424447980491021e+00 5.495053304650999060e+00 1.263942828167199828e+00 5.861786451745063076e+00 2.073413678026897689e+00 5.758738358297446958e+00 4.738395993905589521e+00 1.694089681319761009e+00
4.210398602130056567e+00 7.153712669264462587e-01 4.071683123249424163e+00 1.554172524053666571e+00 3.395453651507918558e+00 2.604186152039191793e+00 4.231278116197605854e+00 4.857625362664355073e-01 1.746336462531626665e+00 4.701930027706075599e+00 4.781723536550696707e+00 5.842388022441003415e+00 3.529284361351709975e+00 1.062044565582740269e-01 5.775124125860409130e+00 5.313123316922807149e+00
3.786389981190468657e+00 5.516374580050211751e-01 3.016617370432666534e-01 7.490189763584054194e-01 5.004283254646986201e+00 1.877551911966849563e+00 1.035928826723609308e+00 4.864608681227311493e+00 1.893578743357346994e+00 3.576640709207608015e+00 8.757230794454645695e-01 8.792561459208692032e-01 5.570787504766214759e+00 5.457052621787714664e-01 6.117412908748453226e+00 2.140107239533795447e+00
3.353727582105759719e+00 4.510691486844264020e+00 6.129882093651277231e+00 2.769745020194620544e+00 5.449065727009902993e+00 2.755057245440640568e+00 4.001304216220233356e-01 1.370694690320073850e+00 1.188932755961270127e+00 4.589489918644408029e+00 2.149235064255118566e+00 3.565029180794190289e+00 1.812847694199707371e+00 1.983485220395102555e+00 1.854291522773458878e+00 1.554869595883195510e+00
3.212947485274193937e+00 3.540448560046970616e+00 1.561734846264135612e-01 1.034043275093865955e+00 8.795673578273274229e-01 2.958814153548364523e+00 5.120072387925485025e-01 2.674741474036247624e+00 6.249951852246377726e+00 2.679325401593850298e-02 1.241953907844039806e+00 2.549300562724554978e-02 3.603886990760017284e+00 3.141155457810635099e+00 6.227588592904417908e+00 8.897672262282808608e-01
1.518505895586522270e+00 3.694885449817949752e+00 3.816445530243691930e+00 6.025689442870342027e+00 4.513523143616097744e-01 3.284873080028354764e+00 2.354688490411315449e+00 4.890048142199526993e+00 2.202573274695523775e+00 1.572936412383241889e+00 4.847618368652256038e+00 2.332982298410116506e+00 4.729892785194694582e+00 9.289519007316666688e-01 2.141797012013256118e+00 1.342802212504383030e+00
5.387374735457513886e+00 3.807634851388291164e+00 5.608392166027253545e+00 5.186623167352407471e+00 5.390246679603480473e+00 1.277912831708251984e+00 3.218306007358988641e+00 3.561614166310056895e+00 2.009495048910944881e+00 2.834238801179301603e+00 4.621050894405203557e+00 1.996429899362023086e+00 6.803525596510254791e-01 4.948809018576709740e+00 5.808534383385611122e+00 3.872137933793598830e+00
3.673006786194156215e-01 5.081510429682333019e+00 1.646446704380035486e+00 3.417052219091861520e+00 2.821626440393738111e+00 3.545011694747516540e+00 4.415666534735089854e+00 4.184625544959766685e+00 4.822761189393676595e+00 3.093419158086276877e+00 1.923669317442630478e+00 2.133238358166869908e+00 5.151443777539119750e+00 2.012074793918474658e+00 3.727259363729184649e+00 5.472258662351708658e+00
4.964807617375081250e+00 3.927510909060776711e+00 5.737544291192616663e-01 1.070992998314495681e+00 4.610429348329284416e+00 3.004729721184263624e+00 5.275414248448157650e+00 5.627689842176618384e+00 5.340883688257295425e+00 3.780016328936296688e+00 1.369443352225466093e+00 3.406934740587986621e+00 4.373237799912125467e+00 2.930333321260387258e+00 1.797692056472019573e+00 4.599329974161538992e+00
1.337912048475659255e+00 3.432536710249755707e+00 5.611550820882151847e+00 1.826187422699391050e+00 2.638561990062163076e+00 4.452170865120007370e+00 3.447044566532846410e+00 3.839411116410746949e+00 2.191368613069875071e+00 2.818108062546961445e+00 3.075004518184573765e+00 3.341255884140494015e+00 2.780865718709366163e+00 5.145855865089087322e-01 3.291910518444785883e+00 1.070617885649267853e+00
3.271788178261868740e+00 1.228231087424458856e+00 5.501257585912415315e+00 1.108256643599992319e+00 1.267215183496808839e+00 5.164294185870136999e+00 5.401111749303497689e+00 2.732547588790908311e+00 6.439886571371266077e-01 6.033424069905380271e+00 4.004065721968887992e+00 2.452489469656109478e+00 3.403749889793406536e-01 1.669501793299091874e+00 4.661335164290955291e+00 4.876831259319870604e+00
5.522184836153082976e+00 7.889907870473970020e-01 3.338820234041079971e+00 6.879431141449446896e-01 2.365403351265356502e+00 3.132832779838789161e+00 4.417767595176970374e+00 6.107929510443737442e+00 2.530104512709349773e+00 5.364456485753806625e+00 1.636093662378814706e+00 3.539960514117034052e+00 3.857612469297214020e+00 5.358548972428265778e+00 5.798586581515839278e+00 5.918003576852159497e+00
3.291123440892402385e+00 4.110577642657381681e+00 2.426714288087632176e-01 6.131284342351561278e+00 4.894493358602170829e+00 1.786690499472428195e+00 6.047756551908610057e+00 1.529751120398621822e+00 2.601945345118185315e+00 5.309167129843935129e+00 6.243188454412804234e+00 4.833505549760168662e+00 5.677693758547855296e+00 2.963987295996631577e+00 4.052724303368012926e+00 2.598459135475815085e+00
5.240262318078603876e+00 6.266050086175781075e+00 4.474082871378731951e+00 2.553610269612273775e+00 2.889552332788589251e+00 1.669637514582780868e+00 5.785212283399784994e+00 2.783045569990154178e+00 3.511910901353410441e+00 7.804123095525143938e-01 5.506927051860357025e+00 4.767344422695593664e+00 1.555484569029329744e+00 4.664459726709358378e+00 3.118208840192292219e-02 5.577984931041898520e+00
7.741904898270386692e-02 6.088151553566584440e+00 4.524315266604080343e-01 2.769828381336621792e+00 1.342170912132569782e+00 2.702575037219701048e-01 4.602563170038592943e+00 3.694312107986931437e+00 5.339653361860335679e+00 2.023419172872568783e+00 4.237940941494226510e-01 1.880174787628112743e+00 5.983011628160082473e+00 3.591342004504550989e+00 2.898726719008435815e+00 5.950355961718207354e+00
3.058890876263894665e+00 5.337704615545848519e+00 3.709025988085058678e+00 4.727403670287358750e+00 3.687826337810377275e+00 4.134944977649751330e+00 1.180170818783862652e+00 2.968815407531182338e+00 2.687683271860704437e+00 5.728244304826001887e+00 6.183416306295339560e+00 2.438697136308626945e+00 4.583352205917797129e+00 1.474710319016554250e+00 5.158790974097459348e+00 5.014647077195313329e+00
1.264916701720168124e+00 1.282518620509144336e+00 6.180455718843540502e+00 4.101961833680049629e+00 2.660088817240330528e+00 4.015824994629864975e+00 1.777321647880256927e+00 4.117423117183991899e+00 1.226019129759670978e+00 3.632666479816485605e+00 5.021822913045149939e+00 3.465359079910706352e+00 1.284161369695156374e+00 2.315878876792488050e+00 3.131625878577742661e+00 5.518245872519096373e-01
5.868622626238253481e+00 1.107874122013054602e-01 3.626840683231701501e+00 2.054766170167215300e+00 2.465210845913590187e+00 4.798937594812996643e+00 5.175132461381240390e+00 2.189316402019219954e+00 2.376632137069014661e+00 2.007135288000226225e+00 4.756310697397418075e+00 1.542100724896325152e-02 2.806570351681638154e-01 3.984370272049556405e+00 6.014678435409790858e+00 2.148954646478369757e+00
4.526948315253391364e+00 1.752762661131284316e+00 4.469347541089676135e+00 4.544665445339424181e+00 5.673964005125887944e+00 2.986054089696208891e+00 7.560461871717846227e-01 2.651447664271819882e+00 5.073106207447729332e+00 5.784531233030776320e+00 2.504699018612720263e+00 3.202514140041133661e+00 2.325160258908731237e+00 3.618259939094166988e+00 3.081879144548915206e-01 5.907060205681990084e+00
7.476338441403365120e-01 3.114611445138528278e+00 4.503827719074219971e+00 3.008217672393143083e-01 1.536032574495687975e+00 5.758053482943945589e+00 3.913754558313964904e-01 4.042396636574701496e+00 2.404162494413657036e+00 2.816674392329095333e+00 3.509889969053836989e+00 6.081890072766426236e+00 3.279450541001258213e+00 8.402384856677850289e-01 4.613063873680127713e+00 5.153111171013472713e+00
1.280359034102368510e+00 4.899515862912368291e+00 1.115265429227168426e+00 2.250798490046885370e+00 4.994710304213703544e+00 1.521550462327556419e+00 5.273586968314795342e+00 1.333672986824740447e-01 5.417257650056968465e+00 5.335129254949318778e+00 3.360788639857752447e+00 6.267994986812357006e+00 1.044349779578776838e+00 5.359295151493261855e+00 4.388987096967311707e+00 5.315853190517502824e+00
1.197456496870603182e+00 3.584643554161920598e+00 2.093451094017823255e+00 3.577319598303039250e+00 6.118871812616468731e+00 5.889847149302822160e+00 4.572651163024349152e+00 3.938862257754787599e+00 5.005007338579693155e+00 5.432665870339635106e+00 4.215093177455858431e+00 5.405354898573493383e-01 1.985707498871508214e+00 5.584484952465924579e+00 2.979756496352653716e+00 1.598853682370750873e+00
2.522072177542268978e+00 2.368575545148490780e-01 5.575883804136282373e-01 3.674442893814306110e+00 3.985466699764165899e+00 4.164141315863446047e-01 2.065051477364823640e+00 2.942546805193191783e+00 2.320261241805686991e-01 2.499673770872817169e+00 2.991047266480118427e+00 4.370619747204108840e+00 5.254440135445854310e+00 3.472347137545872542e+00 1.077102798810452677e+00 4.771626076768511915e+00
6.273796789741322710e-01 5.402515458639904899e+00 4.535052933842568912e+00 3.656099302037869148e+00 1.650334888389717036e-01 4.292055458223305919e+00 4.430740188761816967e-01 4.610813279725642033e+00 2.477118864747067661e+00 5.479902166751020154e+00 5.420323607578959368e+00 4.527424273267540933e+00 3.009622984923638001e+00 4.760214467368603763e+00 2.564494738463393819e+00 5.827564045313746277e+00
5.348032413465162449e+00 1.154016406398148842e+00 1.562726943332216845e+00 5.136795255089653622e+00 5.477511413610072211e+00 2.241920546912055556e+00 4.331321659583180050e+00 4.042527700141475555e-01 2.559018678186686380e+00 2.252320150992936032e+00 3.248862920488216233e+00 5.806074203986952398e+00 3.897856285537527832e+00 4.950738225927521219e-01 5.743047401041941669e+00 3.274665950350502452e+00
5.061557210788991235e+00 3.403513315998567546e+00 5.628139096517842610e+00 2.078761083851896618e+00 3.829887301332342009e+00 1.926348228693802289e+00 2.236334784709250734e+00 5.806884981257391054e+00 4.275840707153341747e+00 1.575863054714475409e+00 5.066899043180653095e+00 1.926790112356803641e+00 1.606879370354564740e-01 3.115433910726542077e+00 1.033503033369764096e-01 1.929542837546503353e+00
2.587208323232041529e+00 1.479400263886094136e+00 2.387321774172483480e+00 1.173854653848106722e+00 5.631617798211770776e+00 5.798672115943680483e-01 1.666416215038123871e+00 3.647019103307659993e+00 3.881960560175990338e+00 5.574910177413451962e+00 2.784430692385602146e-01 2.097438524006767668e+00 3.952953327109814285e+00 5.316247228121259383e+00 1.393811480695165583e+00 1.394455351363800721e+00
1.722325971173144676e+00 5.247126756569615580e-01 5.083977797837563983e+00 1.280928194768536699e+00 5.543049131081004610e+00 6.019597811278893928e+00 2.075759508386994856e+00 3.825410028205950219e+00 5.976969035307224232e+00 4.830829629588995644e+00 5.828557829273925073e+00 2.144010053879564781e-01 1.772117852765233703e+00 3.728878247436716808e+00 4.849536969647466833e+00 1.613979879122776184e+00
6.043488265689968664e+00 1.641223294287247558e+00 5.801816404874179156e+00 1.619282528749651284e+00 3.710373513108069510e+00 1.209941700326237601e+00 3.205854544316318222e+00 1.794583007972657684e-01 3.232540733065612848e+00 4.998956536377504811e+00 3.635362873752325363e+00 4.245125834402858622e+00 5.148635114189920259e+00 2.208605700881287603e+00 5.006830501450642679e+00 8.796452973701468503e-01
