3.540773457117172285e+00 2.910648327998157092e-01 5.136862797972918671e+00 6.651989297491033293e-01 4.294102786997015531e-01 2.743852319906527892e+00 3.436434000133104516e-01 1.260222556098065771e+00 6.225849000765297347e+00 2.250659064716134861e+00 5.120643401255787763e-01 2.906042202166748467e+00 4.935089310046786970e+00 1.134277892896387030e+00 5.514602949785452957e+00 2.183355036587669495e+00 4.682045595172241725e+00 2.854030536495646420e+00 5.887231608147332373e+00 2.323315898875099261e+00
3.857792679824916249e+00 3.566461683129353855e+00 5.747237889384495091e+00 5.598485785003786575e+00 3.462669062440787648e+00 4.841497219608924318e+00 2.993357666556953234e+00 3.388271473915336784e+00 3.024283913709084448e+00 7.002739797635683106e-01 3.622768860648694300e+00 5.368440304277685371e+00 1.995100483224580890e+00 1.319767134699267430e+00 2.071325823773431996e+00 2.469129441481589193e+00 1.883691657698772559e+00 1.574696588828554678e+00 1.612045344588511675e+00 4.560214451949380354e+00
3.176454811317472871e+00 1.901124787086962531e+00 5.937856556270885378e+00 2.324656778991525119e-01 4.555454859159874914e+00 8.874067860829278759e-03 6.796888667218595748e-01 2.698870921923460120e+00 1.816330159735522143e+00 6.083778314928411923e+00 3.877668518100588102e+00 3.547149943904849945e+00 8.612732907844384833e-01 5.359653893525268664e+00 1.334466154972200780e+00 2.305442660043979242e+00 4.510131453229197618e+00 2.926786447088924437e+00 4.912842854682722304e+00 2.346187946245904765e+00
5.854556798618888003e+00 4.887146542302797769e+00 4.160533640008727829e+00 2.717851111400502173e+00 2.043154342083338681e-01 1.095468900357787545e+00 1.683484417928610588e+00 5.374887332830345699e+00 2.044938584019575512e+00 1.703518970552464040e+00 2.990577965262068538e+00 2.482300017287275118e+00 5.682717909576005866e+00 2.090556524357213952e+00 4.406333427518753787e+00 1.468833516429638442e+00 5.955380194612627243e+00 2.475922709058832716e+00 1.242297699514791187e+00 2.804897935696796019e+00
5.130176153000521211e+00 4.957327439024261651e+00 1.336675643480006670e+00 2.420699155015521686e+00 4.416833895077630245e+00 6.741143460247022157e-01 2.254939597944090046e+00 4.107286979787438064e+00 5.890129860238978665e+00 4.619287775816722785e-01 5.943371919092252931e+00 3.433179350983267764e+00 1.944009146658237430e+00 5.221154325539417940e+00 2.470884951362469995e+00 1.075222024837506174e+00 4.354797178046022843e+00 1.886817367714373805e+00 4.423998864026789768e+00 3.522263284363558622e+00
4.736753060676408111e+00 6.212336495241684631e+00 7.772989248566067877e-01 6.432209860358256703e-01 2.339421473905996418e+00 2.987691880696805580e+00 1.570332309593091002e+00 2.579998662506224338e+00 4.880987225363706550e+00 5.624852536002503456e+00 5.843892143067333400e+00 2.352095329045839733e+00 5.203287141456199194e+00 5.817358583975551944e+00 1.028977843234360590e+00 3.649861319807995219e+00 3.549867789315243272e+00 1.578455588578212554e+00 1.385441326514782245e+00 1.724374761661175759e+00
2.622247593899561746e+00 5.555480503086691613e+00 5.444921145158275522e+00 4.859355163746618800e+00 3.520136197147480051e+00 6.166130044766639173e+00 7.322650412179800838e-01 1.829427566710231934e-01 4.715094851014304811e-01 5.691388953589577859e+00 1.338608311638133652e-01 1.370862897666282887e+00 5.799777325637713865e+00 4.199617928854570081e+00 6.042708566183761398e+00 5.814675141243142775e+00 1.348668219905182486e+00 3.155189353580102996e+00 3.444956947305386485e+00 4.914416206685818800e+00
4.453535432174136055e+00 4.015238774571335156e+00 3.681718798137904258e+00 3.202073839896904417e+00 8.558211519012129953e-01 2.254028600252180770e+00 1.133630291392232037e+00 9.200133229666266343e-01 2.355969506389520074e+00 2.420202161068380153e+00 1.034181321320445379e-01 4.915217469889297419e+00 4.735653633477664215e+00 2.317011792142043003e+00 3.246090812525449287e+00 4.325507279107417169e+00 2.030161648104519045e+00 3.640878726249479946e+00 4.752489023960576375e+00 4.004467530475292136e+00
3.156526443397182469e+00 5.982816905984614131e+00 2.830271951625392024e+00 4.072324414938006676e+00 4.626060907871428540e+00 1.462397719427055653e+00 1.349386033179547750e+00 4.440036775194704965e+00 2.540452686249555558e+00 1.363866853112138122e-01 3.198261731864112889e+00 4.928710618418584488e+00 4.316413776440554351e+00 5.717544361422672416e+00 4.991471089707161468e+00 5.322589572536919889e+00 3.016527337847129786e+00 2.492253470655322989e+00 4.733178104461052804e+00 5.132884935556962347e+00
4.262510598756257707e+00 2.911967399173384319e+00 4.997702531265175274e+00 5.972386390481394081e+00 1.466865604352904251e+00 3.926901310038033888e+00 1.384603243073554202e+00 2.594751483257018876e+00 3.948506089382889606e+00 1.880182541498906623e+00 4.708462287314138628e+00 2.078543252885282078e-01 4.743015170186755669e-01 6.005198307083411180e+00 5.380156738976574538e+00 6.199057787298317024e+00 3.777356707682818726e+00 1.645683800112193840e+00 2.235703686272580981e+00 2.982524698344419800e+00
1.830443752109439881e+00 5.822341612246542120e+00 4.128234097426959792e+00 5.185219191981295772e+00 3.235699290792066307e+00 6.059536660421276366e+00 4.932006615542284145e+00 3.253493885054962731e-01 3.522198560608449380e+00 1.857530170349687593e+00 4.560051930197586145e+00 1.852191965050313249e-01 5.863348425150250343e+00 6.000457696572874866e+00 2.877387825155000911e+00 3.859749196910783997e+00 5.537080316923382206e+00 1.404033367604842208e+00 1.178215403434957342e-01 2.724350543171467631e+00
4.635332315663371006e+00 3.736089305528359272e+00 3.103528808547145523e+00 5.396702064950690492e+00 1.772064464690589203e+00 5.027978982404953889e+00 4.989743482878188807e+00 5.997765112189585857e+00 3.036305853311057623e-01 1.314958828140882607e+00 3.590167094250444446e+00 3.160212998688829433e+00 2.644885019318062191e+00 2.086307966579511453e-01 6.008065960148231355e+00 3.555116442776081076e+00 2.011041149141033824e+00 2.316965801891914811e+00 4.012648537170300678e+00 3.182889676187272698e+00
3.977967513874836936e+00 4.690534487244279127e+00 1.594522117707390940e+00 3.006861434205814643e+00 2.071232644596195271e+00 4.195080574824460840e+00 5.954743989646732238e+00 1.475988272055911210e+00 2.150112141441847147e+00 3.416198357254243589e+00 4.579990743539672948e+00 5.257646709848337707e+00 5.999822877876733962e+00 2.792673602722257620e+00 2.714365793419331041e+00 5.262803466419025966e+00 2.605125109369155201e+00 5.470024338467288416e+00 3.656695381132779143e+00 2.501696924227588603e+00
4.947851898747852140e+00 5.742471188305867003e+00 3.109230419545841340e+00 2.221452377351065266e+00 3.584836279322954677e+00 2.363423593431177583e+00 5.322626463626530580e+00 6.258073888696037201e+00 1.595115219907586424e+00 3.847559362286203655e+00 2.761715540542775127e+00 9.406777041989649035e-01 2.002715473293017467e+00 1.128874046385037522e+00 2.171955683760608657e+00 4.953759887463071721e+00 4.040143047977021062e+00 4.210296062853177368e+00 5.578621581624043646e-01 2.894468513284054190e+00
2.052875415213634813e+00 4.411669305755275161e+00 5.460419969903286486e+00 2.776275987760266073e+00 4.944103563994164396e+00 3.992446676926436844e+00 3.584681708085630802e+00 3.570230707595183905e-01 1.149568420713138694e+00 4.246022653796324597e+00 2.277352263275107092e+00 4.150647416677500701e+00 2.056964132373699239e-01 1.986040942467405257e+00 4.318239936842525495e+00 4.119077740399653464e+00 5.314539194644074982e+00 4.856028127890715140e+00 2.149932193616662435e+00 5.473542019568304440e+00
4.205467803033598351e+00 4.764834467582174327e+00 4.431109133463588812e+00 6.036891012102750587e+00 1.593154341126651330e+00 1.027384244152222820e-01 1.836870063720184021e+00 2.987040678317185449e+00 3.614619468567845217e+00 3.484576321868620763e+00 9.044841292038167113e-01 2.692763775637370571e+00 1.846767594007341140e+00 7.450712664564048682e-01 5.862692335663195031e+00 1.892299225282644493e+00 2.660748383383838789e+00 3.354449209566062517e+00 1.761714966795678405e+00 5.710800658238392558e+00
4.307596190328365715e+00 4.368442663234977985e+00 2.842494393942841757e+00 2.812144010399936445e+00 5.749397135113158086e+00 4.531039495382234605e+00 1.303275038006994846e+00 5.065113966782733179e+00 1.689441628908174009e-01 2.015825018617578568e+00 4.290269933898806620e+00 5.356769702778004572e+00 2.941476714171532336e+00 4.384712021831283835e+00 2.035769016871114001e+00 3.465444160617916491e+00 5.878431147716987049e+00 4.777034333854998316e+00 3.003874361965906292e+00 4.735960983428977755e+00
3.724585920970206132e+00 2.587244609717042620e-01 1.030650818336176000e+00 6.007857217149231488e+00 4.827700320883508311e+00 5.433250357743188097e+00 9.655304747995174797e-01 2.414708051408678724e+00 3.379291810112034167e+00 2.602415573794467196e+00 7.343793468295345406e-01 3.441841000823947727e+00 5.185312109586326379e+00 2.629013408326896339e+00 2.301962459895339652e+00 5.245228047813434102e+00 1.942402856772514452e+00 3.776458140136694563e+00 9.915049127436445509e-02 7.803206390448517160e-01
2.237256308172844044e+00 8.184855929538531472e-02 3.033623624325386015e+00 1.730578618327460960e+00 3.411762690395562903e+00 1.553381973576796860e+00 2.401209842730289701e+00 3.198736509452607013e+00 3.662905763027832773e+00 2.530644581573621821e+00 3.126026918126570298e+00 5.021133630841847051e+00 4.270393184161437539e+00 2.065116255232709364e+00 1.482955996181987812e+00 2.757739421421969261e+00 4.415723667277386078e+00 4.328803449386430025e+00 4.085075359732180722e+00 5.544321986818616210e+00
2.120179018373876012e+00 4.628581858846710695e+00 6.102446128349744647e+00 5.351811637876555672e+00 3.137475219072978661e+00 1.165745775630480097e+00 5.013511284018121295e+00 6.257777000132318967e+00 4.704318521642125717e+00 5.554448233666186674e+00 1.218774018378889767e+00 6.211299248816913865e-01 1.111669538027917126e+00 4.925950167151630588e+00 1.449778506231746533e+00 5.040791957527575917e+00 4.964895899112019784e+00 2.583799777208718229e+00 1.614494884340738512e+00 5.822584033210519650e+00
4.723449938394897352e+00 3.990353799305830229e+00 7.758389295513568040e-01 1.107126263918811082e+00 3.623062634963945872e+00 2.607677151844239205e+00 1.455996471029728789e-01 5.173832548830187505e+00 6.249813525364626976e+00 1.567798802462935681e+00 2.737007934157789091e+00 3.662366635002370252e+00 4.713085345862825903e+00 4.421115171206068339e+00 1.471304024083937234e+00 3.499565695906226459e+00 3.851132797207519776e+00 4.386197787050775787e+00 6.279909435381760829e+00 4.172187431274459790e+00
4.692054378238738721e+00 3.739735854747302302e+00 2.863558070840789505e+00 6.201916225389989989e+00 2.040172932241924642e+00 5.387277102841631304e+00 1.961224725644598876e-01 3.382347765932895101e+00 3.867162175397597768e+00 5.928151860084558855e+00 3.624706327004193707e+00 3.871303639191378654e+00 1.699844547125918259e+00 5.355391274110472111e+00 4.263733113592481638e-01 5.927433450487670008e+00 2.294852068351201257e+00 5.657445559876397745e+00 2.335687686636979787e+00 5.982640038048319120e+00
1.441260902663383359e+00 5.370984075748660658e+00 6.061695779827472208e+00 3.944151246996485671e+00 2.288322314679365643e+00 1.490343852683415404e+00 4.372193219315717805e+00 9.938105419087008841e-01 4.748788378556694667e+00 6.021569017988027461e+00 5.183678825927722222e+00 2.387509607168169179e+00 5.699868086553198099e-01 5.195898530890907807e+00 3.550827893332813456e+00 5.955520119899976095e+00 5.863025153040763549e+00 6.181105796277547304e-01 2.131082998132498130e+00 3.965484077297482646e+00
1.223685426340359421e-02 5.653007436066453728e+00 5.963529815279939861e+00 3.760040956817096713e+00 8.665000019987443292e-01 4.074967749858546817e+00 3.756926500801059665e-02 3.823787533482665868e+00 6.137196577154439225e+00 2.774254053294061162e+00 5.378732298553378754e+00 1.621883595827841917e+00 4.489048425578998192e+00 2.446572933290268370e+00 6.119600408220097210e-01 3.282317578415915538e+00 5.124365636012560010e+00 3.229409302346847088e+00 3.370729436624256170e+00 1.096834274869648018e-01
4.527447648012384640e+00 1.367228810250588733e+00 4.992970726887191901e+00 3.614217228947660954e-01 8.484933389993397634e-01 1.095319955383577737e+00 2.540436197863837009e+00 5.667194688213213816e+00 2.319059769104156121e+00 2.907969619397845484e+00 5.986582181590204499e+00 6.249650681170833444e+00 4.826605750136605977e+00 5.201781479792531471e+00 6.680496771744601769e-01 1.225163269900159335e+00 2.754422106504524681e+00 5.072503100838630985e+00 2.051695056977726139e+00 2.230071773740166297e+00
3.585340986650200179e+00 2.060324453329350103e+00 7.530931676956365006e-01 3.032545024706247982e+00 5.454213690907694811e+00 1.424672101706736527e-01 3.203721276405317120e+00 3.714382013848188113e-01 1.505364561525628364e+00 1.256130229966134104e+00 5.976530197671759304e+00 5.846820172937368554e+00 8.994337065350931359e-01 4.550422741943275895e+00 1.008845975559199193e+00 9.659670604990856779e-02 5.318036959820066301e+00 3.145308464288238959e-01 9.543490216607450893e-01 2.670797868357616789e+00
1.668447085271478780e+00 1.807646980470404063e+00 2.522693463234944478e+00 2.103579993175727081e-01 5.857979073727060282e+00 5.194566939705517861e+00 2.574717112555296339e+00 4.633264574387637169e-01 1.719625464716467267e+00 5.219293091857186262e+00 6.215694167744530318e+00 2.302717370985787770e+00 1.450351140143387285e+00 6.242660084278504051e+00 1.605526875289669642e+00 3.866864090086915340e+00 4.083509500723313757e+00 2.292696348556904962e+00 3.992790751603747523e+00 1.902514357878914097e+00
2.406407822798832363e+00 2.133886315309303783e-01 1.107130297470546809e+00 1.636288349119334740e+00 5.610395893620290231e+00 3.389186678751640258e+00 4.118315689046220029e+00 1.275457511101045549e+00 3.283502548471862070e+00 3.502349187845290146e+00 1.306938295968030073e-01 2.616916804058829094e+00 6.168457153168115603e+00 6.092136565336531362e+00 4.271982864076846909e+00 2.297112094773918478e-01 4.451647159711703772e+00 2.826062993391714517e+00 1.469850810012819364e+00 5.688001029176348311e+00
4.954075197701868660e+00 5.834748844154828973e+00 6.060039593593820051e-01 3.568072857023479205e+00 3.873573967550884678e+00 3.456206525244232441e+00 5.207263395428327613e+00 3.216086780473034867e+00 3.345878541612551160e+00 1.093186489491981550e-01 1.514534299232009662e+00 3.454349284365521466e+00 1.748879426549535765e+00 4.985499017451469506e+00 5.331136469082838225e+00 2.913506073919139183e+00 2.839125036483059805e+00 5.347923612034226615e+00 5.631425702290349555e+00 7.717682709310200728e-01
3.488888248862501928e+00 2.572197758232879217e+00 4.714789805844843862e+00 2.313521992761120138e+00 6.065103966311780503e+00 2.115827600498040528e+00 4.145062243023942550e+00 3.567037208595743358e+00 7.060460572317921180e-02 4.930119750127938794e+00 5.846962260049797244e+00 2.601512128859685635e+00 4.142013511421256844e+00 2.273311126022425910e+00 8.275997577782041592e-01 7.971996271828566405e-01 1.014241474019370814e+00 5.415867197789846266e+00 2.328297890626886968e+00 5.730081397033152335e+00
2.102833879266712724e+00 6.149286023479546337e+00 3.915697763771595952e+00 3.531198364727553773e+00 3.742087212654559458e+00 5.300541759877757109e-01 1.402779452709338737e-01 7.527269783686423299e-01 2.093874642917811002e+00 4.885630067774298091e+00 5.613787678591035224e+00 2.685522388051666098e+00 1.379699571974987382e+00 1.429072347959032152e+00 5.946116831171671002e+00 1.143897877500869686e+00 2.499599088029833105e+00 4.438470691657951051e+00 6.640077041303321659e-01 1.129177488713640987e+00
2.855366516231896856e+00 2.871210413576960274e+00 5.059131362657052655e+00 6.222956837870384561e+00 6.511699704649090981e-01 3.072738358328770403e+00 3.691557997616074616e+00 5.884439092946868399e+00 4.439722674902455424e+00 1.274451412118262184e+00 1.513420311640674143e+00 2.457771862028867105e+00 5.529971292779005232e+00 3.855270750910529953e-01 3.607640360518904910e+00 5.003895894491908969e+00 1.119788637284201860e+00 3.623280338376435150e+00 5.409872889739414603e+00 5.693438903384580030e+00
