1.996972273780127649e-01 2.423315497252703121e+00 3.673095933547634750e+00 5.167994134420318630e+00 8.911590256125280218e-01 1.852765114471887742e+00 1.092727206039204146e+00 3.806774330976839149e+00 3.006156747153052144e+00 5.799186542268963684e+00 4.188181140416790682e-01 2.540125410004034912e-01 3.870245225405695599e+00 1.070785676752705577e-02 2.700237047966306925e+00 1.951121314824887376e+00 2.675974828131283623e+00 3.754471017480609518e+00 9.321422280500970547e-01 1.862997228998825250e+00
4.045501715987994018e+00 3.968973597393066211e-01 3.468725918508044348e+00 4.831722857532546378e+00 1.704100322353404140e+00 2.532803468481302556e+00 2.359541337069632760e+00 8.035821920285131092e-01 4.853008520323174757e+00 1.669734989349517695e+00 7.360701752625754546e-01 4.191008163325071756e+00 1.845870019793218963e+00 5.288102929957783083e+00 1.613927309709167979e+00 2.550929160596877576e+00 3.833560070568203582e+00 1.679785469115835594e+00 4.915359013902542706e+00 5.357863288185047423e+00
4.789229468843485549e+00 5.936761673884712209e+00 3.611580275759832759e+00 4.126782054523755683e+00 4.532126309354383764e+00 4.431577803068149635e+00 4.113308550368213190e+00 1.827484071851878777e+00 4.617345818306140548e-01 2.192320701247286063e+00 4.489392582830194378e+00 3.515671774895232193e+00 3.193951062658973439e-01 1.309664485400660272e+00 4.771504424898901142e+00 4.400543081105370291e-01 3.877432085757937852e+00 2.393186676935495250e+00 3.639545560653255074e-01 4.181639059361153543e-01
2.826865456740522475e+00 5.435679035613444121e+00 5.493292974107660598e+00 1.559485573803675917e+00 3.457308936276862532e+00 4.862695900773883473e+00 2.576791822120402031e+00 4.288658131066626744e+00 4.491936873182027057e+00 5.747706062994303311e-01 1.944652421246828577e+00 4.705107030852033745e-01 3.057074934315471726e+00 4.137761350862649401e+00 3.513139462160599802e+00 5.986810953491503717e+00 3.004109219133884512e+00 4.025582239453564526e+00 3.875858315792471309e+00 4.372359077023341811e+00
5.074811994145962402e+00 1.978050622049764007e+00 3.667062456854746078e+00 3.535882073357210054e+00 4.453038352863786464e+00 4.075750249769916955e+00 2.390036193574523349e+00 5.279322700209974961e+00 5.396597453184985405e+00 5.437154661223821073e+00 1.808967070198653104e+00 5.172009698006585054e+00 4.451505722107166996e+00 5.717347576078477545e+00 5.036613496996174888e+00 4.219573405039509950e+00 5.020411580470444335e+00 4.126845642863520069e+00 4.994487343606844654e+00 1.740367478969661263e+00
5.672624106944033073e+00 6.285426278307644221e-01 4.032333526314847205e+00 5.476082580248518461e+00 3.314980016943774643e+00 5.469532181353776501e+00 2.545659030822941649e+00 4.825968919598531137e+00 5.879671963842834970e+00 3.617724189828855241e+00 4.663611242300468973e+00 1.351470693755060681e+00 1.645598869142575804e+00 1.726265268785993068e-01 5.695678597382023867e+00 3.842648877013301600e+00 3.139061958287120202e+00 3.413131279610696733e+00 7.984110334706572276e-01 4.489976308356570023e+00
1.213662427761532658e+00 7.045624443419351568e-01 5.557650751427287705e-01 5.689229210602225528e+00 2.847552889898345541e+00 5.524379188893372650e+00 2.387020285513576034e+00 5.846950497968038896e+00 8.388872333224757227e-01 5.123609007016519001e+00 6.601881604756701383e-02 6.102796766368991932e+00 1.145187665495840834e+00 5.675513002799253748e+00 5.360662443012278011e+00 2.047677344602469418e+00 5.954232174534364042e+00 4.087083279533944236e+00 2.378970924499103301e+00 6.144401562144754969e+00
1.158603938113247134e+00 1.077205412012605557e+00 1.784113154811615365e+00 3.887445918797465705e+00 2.750316492831907045e+00 4.894889414172078013e+00 2.861773757194792378e-02 5.102266210386064982e-01 4.835594486381774026e-01 8.058709186079064946e-01 2.783142887930127429e+00 3.089619804190124608e+00 3.850388502998230322e+00 1.024687640228010066e+00 1.779081329683621204e+00 7.525459020884308625e-01 1.149268969813031394e+00 1.963665722264019697e+00 1.871274256990051565e+00 3.546883768230695289e+00
1.744241068220854673e+00 1.204974506983622851e+00 4.702335552957536691e-01 4.901899329043652109e+00 5.861322999196493022e+00 4.532594896760425485e+00 2.958243109827097150e+00 2.495145125138412023e+00 9.438186513562116797e-01 2.072179565114006472e+00 3.296207365997559258e+00 3.862227100080414033e+00 5.723498848780287140e+00 4.071844460348428285e+00 5.233396548527974090e+00 9.476209492390212930e-01 5.016193649394599108e-01 1.026337665380667508e+00 2.813927260627040017e+00 9.374139567823422947e-01
1.957831093377384590e+00 3.849485132461710091e+00 8.894662982221260839e-01 3.477933678267147721e-02 5.473545670287609965e+00 5.382865899695668865e+00 4.135179756411313079e+00 1.523946551627188173e+00 2.972182159965401027e+00 4.473039247360530268e+00 2.198271067786578215e+00 3.306546389801190422e+00 4.773935117823420171e+00 1.990912834737899706e+00 5.554606613515387536e+00 6.896630105507679798e-02 3.796017534408837601e+00 2.945133995428064644e+00 5.279991097974407133e+00 5.918466821994976534e+00
5.474046930123456889e+00 5.632074313122648057e+00 4.113804586969843413e+00 5.018113712144529615e+00 2.712109241622459699e+00 5.569788284716199023e+00 1.539672941724874455e+00 5.873768565972167011e+00 2.855918600297603582e+00 3.152780296416773931e-01 4.882392516485032849e-03 3.859277987106248364e+00 2.014952964618788922e+00 1.096093922022691958e+00 5.806078825653698594e+00 1.554945294141014456e+00 8.338602859330064287e-01 4.614872681015826039e+00 8.239534718708607652e-01 5.472946678681866572e+00
6.724157587838866523e-02 2.657392057194901125e-01 4.852023956697151696e+00 1.647776939068202218e+00 1.216266723641113101e+00 5.608616622274756880e-01 2.517417048180862427e+00 1.064819817788604350e+00 1.118155541458026203e+00 3.125779121782509828e-02 5.012353705585553598e+00 4.466774658707607593e+00 6.040963451977039433e+00 1.519977075938164557e+00 5.191736005162915113e+00 3.341995143869199936e+00 3.072919920871324817e-01 2.524326125526166642e+00 4.387205464475226968e+00 2.200354253321376685e+00
5.104377781033273997e+00 2.712002386295192746e+00 1.513515030500951930e+00 1.399573377275413311e+00 5.988374830559576312e-01 3.982094009526370826e+00 5.736909580712559631e+00 4.094421075954535638e+00 4.858907413648263507e+00 1.120347564480473013e+00 3.374870042298873773e+00 3.238894322239965984e+00 1.908532489750444094e+00 3.635780875117333277e+00 4.394625169183572488e+00 5.771865918409750051e+00 1.164560496477696327e+00 2.121864303169281207e+00 5.616496802389694842e+00 1.057146293198225617e+00
7.385436859857907876e-01 2.011898982499214394e+00 5.292622438950957964e+00 5.408837045660717990e+00 8.905527190544672012e-01 5.349119756265284131e+00 5.122534033705965939e+00 1.800742665906923445e+00 7.265527850551607436e-01 4.820684487625949366e+00 5.927379836424722548e+00 6.056769622427209399e+00 4.935009192570207759e+00 4.707737841755494479e+00 2.999144144317971161e+00 2.503607156705788039e+00 2.263245861390163594e+00 5.021078737348345200e+00 4.907887788878554147e+00 5.835380235749339839e+00
1.818319769076428560e+00 4.500804958532235389e+00 5.467281626951617408e-03 3.812378458789879687e+00 7.802393822360702558e-01 2.682001923323046100e+00 4.120851163995864042e+00 2.739919589987109383e+00 2.283531827659096347e+00 2.473471533790467358e+00 5.852623770574030715e+00 7.203232447855067999e-01 6.190969117031653646e+00 7.637690706959590070e-01 1.449814764842533910e+00 6.022099768120133589e+00 2.893821993560488984e-02 1.893512360976258968e+00 3.134675396642513601e+00 4.993733885558586216e+00
3.761565258067834261e+00 1.958220644816054956e-01 2.804369016426405903e+00 5.893430996304874547e+00 3.227204421570907478e+00 2.075582479109628675e+00 3.823111164719297239e+00 4.195159031985813414e+00 7.741492546167486610e-01 2.571533172861578453e+00 6.104958464313301469e+00 1.380345064033972280e+00 5.167741739279877677e+00 9.777653530914286462e-01 5.404668975404854692e+00 3.968375818732608362e+00 3.276850693308013818e-01 4.858923210487255950e+00 1.518074546345347775e+00 4.407303480968950637e+00
5.318096054945113949e+00 2.430711925400875550e+00 3.314882784570095886e+00 2.303966994788915201e+00 6.112898552298545951e+00 5.818320289451307303e+00 1.727737199646789401e-02 1.396808827233268380e+00 4.830604646472719921e+00 5.724493608930989019e+00 3.914345540998704021e+00 5.612510918100686030e-01 1.892870008015940408e+00 4.307611998878367210e+00 6.051041053466742703e+00 8.103333513198084370e-01 5.997514046381204444e+00 3.528909661376707252e+00 2.592228277339128084e+00 2.865280376052848244e+00
3.950653728255044683e+00 5.255162891316217610e+00 2.042412844599038824e+00 7.242652448670400256e-01 4.591920058392807036e+00 3.255780831147092602e+00 2.533744191748488639e+00 1.531556778540732466e+00 2.082011831334563023e+00 4.447809955822894068e+00 3.716557498746881905e+00 1.700148463927696252e+00 5.239425814179481833e+00 5.809341101831217102e+00 4.419116860401994806e+00 5.780168807028056577e+00 5.013248780892904932e+00 2.968394083352910329e+00 1.703832090553057288e+00 5.399634423605814249e+00
6.075753148774782453e+00 5.955423062548269364e+00 5.226163087646852112e+00 5.124876350670519720e+00 5.172215000063785650e-01 4.369114178592872655e+00 3.190188948863314361e-02 3.121554888699328290e-01 6.220839872378374658e+00 5.040872985336412704e+00 4.809283447129078404e+00 4.943423162890400846e+00 6.020852869210743918e+00 3.895082147601650835e+00 4.191921570046907242e+00 1.004874397172684564e+00 4.804772178778256908e+00 3.263658919435991290e+00 5.855080678868864297e+00 1.393296191459904243e+00
4.052424641733108679e+00 4.254054962830105424e+00 1.613015075278597887e+00 2.749332219125844468e+00 1.255164747187195173e+00 6.167254168748405263e+00 3.173292904679597459e+00 1.097738570047580131e+00 2.213915120431140249e+00 2.302157662047837200e-02 5.519512607811043026e+00 5.563347725526369025e+00 4.098468212753907380e+00 2.377215337196908695e+00 3.615688894081483529e+00 4.304442513264921999e+00 5.451702687352658394e+00 1.818837116990037250e+00 2.374567865159982194e+00 2.553792338586628463e-01
4.371807196012733598e+00 1.128523280633159098e+00 3.012530626404636980e+00 2.237881743299912518e+00 3.923004345598537057e+00 4.826088192325721948e+00 4.208391110269575464e+00 6.106330274098255018e+00 4.544169968042725216e+00 3.890362973273262082e+00 4.495041235439330762e+00 4.413830703568502045e+00 5.365417299026009168e+00 4.902992135672474383e+00 4.874368688361206736e+00 5.403036759793426569e+00 5.241717779550715051e+00 5.654461023281616150e+00 4.082929785629900721e+00 3.579677184399862711e+00
3.698553958990405732e+00 5.552012768851730229e+00 1.710277262197260173e+00 1.866811435901102989e+00 2.553581922439875473e+00 3.341619407147777387e+00 5.547395149240295531e+00 5.229591676678098544e+00 8.942660874538838067e-01 3.775403595312298410e+00 5.734248252589140726e+00 5.274814602106599359e+00 5.782977451151034565e+00 3.813984686729337881e+00 4.183173941957723518e-01 5.339062023788785361e+00 7.811361294631383734e-01 5.233157569357374861e+00 6.218525954882013984e+00 5.634606671389456700e+00
2.763882114170688631e+00 9.870423367557592531e-01 3.987256420976990956e+00 6.158294714267642078e+00 3.254613828995965186e+00 1.631460161705019785e-01 2.284906463158408396e+00 2.302657829734542638e-01 4.885853941440148951e+00 5.368890003270851530e+00 5.256827308830019696e+00 3.975101164843027224e+00 5.888915673058095379e+00 1.184470187928472695e+00 1.002908589096096037e+00 4.225263958766014127e+00 4.313738428697780236e+00 3.196960737954613219e+00 1.688190177307150375e+00 5.208537415742036103e-01
1.725713757202822496e+00 5.128219559864188870e-01 1.688080506499991751e+00 1.645901541734480500e-01 4.987181691243614878e+00 3.128301586362548292e+00 4.137071830555173690e+00 2.551801898332869190e+00 1.674330009376440609e+00 3.708242402031075580e-01 3.593030948056003648e+00 4.420038618832708543e+00 4.016590734607489388e+00 4.996943221185310868e+00 5.530727498077613546e+00 1.769370217318039451e+00 5.486440655678562983e+00 6.201550061166247740e-01 1.606371819197341066e+00 8.782845779393069208e-01
4.809277533171045782e+00 3.874875931484322411e+00 4.922384455789006630e+00 5.044616858451240748e-01 5.486777710804992658e+00 3.021107359166190776e+00 5.431433582850723418e+00 8.372890906508286823e-01 3.865028558173351669e+00 1.889440368278101134e+00 1.116411503379509229e+00 4.314704160038415282e+00 5.980859251881579297e+00 2.679788891084752045e+00 1.153310321179899622e+00 4.022656170328636982e+00 2.992165084398513475e+00 3.184531549160813935e+00 2.494997017667787365e+00 4.482055178049473732e+00
2.281542361425340726e+00 4.984216879198076100e+00 3.726425991215363887e+00 2.982242049956928209e+00 1.905432129407478525e+00 5.904844699974585609e+00 1.974651794401141247e+00 1.956405694334581447e-01 3.642138910982112510e+00 3.703283627212637263e+00 4.975067858374681684e+00 3.368750988927288414e+00 1.130574670146387017e+00 4.378491407334781371e+00 4.989286989987260057e+00 4.797330007999407009e+00 5.968017022991811693e+00 1.034050757664703113e+00 4.728980461545383207e+00 5.538636699493117099e+00
5.423363811517377897e+00 3.426562261856359815e+00 1.932104713887763614e+00 3.338819425879715475e+00 4.672614362150811829e+00 1.175840469714113601e+00 5.914300934459175707e+00 2.561610278890106063e+00 4.761268653826116193e+00 2.013286395772665216e+00 8.678067473140467225e-01 2.971380770186764497e-01 5.315864054843422615e+00 6.086020220628933330e+00 1.871786337521720966e+00 5.003319931860344738e+00 1.186270099692018215e-01 3.901699186517486595e+00 5.348706093633693648e+00 4.750776801327325494e+00
3.124100228601670359e+00 1.953589979874374771e+00 1.526192585017662084e+00 4.509463368336068534e-01 4.172395377324043864e+00 1.963651826805363099e+00 5.420142287600334008e+00 5.144154797252823208e+00 5.597752919453469644e+00 2.426089887457391292e+00 3.491113880537007663e+00 1.721870019619107683e+00 4.477803019866221312e+00 5.522401367145194584e+00 2.644180016261126198e+00 7.342711091043421789e-02 4.220585938051442554e+00 5.920350779330487256e+00 2.613686990173578195e+00 6.142488633919103158e+00
2.992763067820507938e+00 4.033801148787247826e+00 2.314733668029886893e+00 3.235912826515087382e+00 2.869456968680872411e+00 8.368930515700540029e-01 2.684718142514134875e+00 4.888308849022362956e+00 5.604689464420963496e+00 6.177544496872068081e+00 1.257556909257995903e+00 2.296969335122303946e+00 5.772062349881688981e+00 6.104330879537682719e+00 2.074109605443956283e+00 5.900419633497041794e+00 3.673450509761788219e+00 2.963279801868976993e+00 4.932711860719998676e+00 4.813080206279423123e+00
1.013958737987096015e+00 2.846731093729141460e+00 2.219713187151566736e+00 2.370651988111565078e+00 1.149706920389987230e+00 2.315145671779151648e+00 5.277719836003980092e+00 4.240252698152965571e+00 3.790968019142255674e+00 5.873858810697083044e+00 2.348989876785207709e-01 6.263372646863902382e+00 3.140164821232276360e+00 1.515698833185280758e+00 2.006055429589384875e+00 3.552304459004589354e+00 2.174360029644756498e+00 1.029683292554247176e+00 1.088773835466503970e+00 1.484255552648694687e+00
5.709634377384033677e+00 2.850575960430422384e+00 4.869362028226175143e-01 5.899996710214884255e-01 1.696674292491196168e+00 4.284391914255983869e-01 3.735020310190303672e+00 1.388634666769511528e+00 3.954524411516475713e+00 7.386195603970807655e-01 3.520531748486765089e+00 1.157096303312340924e+00 5.578190219151969664e+00 4.481779124559713168e+00 3.391558449564493927e+00 5.843071769116683356e+00 4.911437757665847670e+00 4.441387919724033573e-01 2.607509948330333227e+00 4.930478757836119219e-01
1.599777607547677727e+00 2.430248281394742360e+00 4.212346277635522718e+00 4.677864326839984876e+00 9.229204751337567458e-01 3.353870978758829668e+00 5.601171095135906164e+00 5.679862246761651967e+00 2.904700845431020251e-01 3.348207706367692271e+00 5.489168447916699556e+00 5.409845757883753770e+00 5.866184237963648407e+00 5.461117498670459147e-01 4.652420844709829417e+00 5.546635927947338729e-01 3.896634386823816243e+00 4.989551905599943105e+00 4.431681919284738314e+00 5.110439076968632754e+00
