5.992392406466507948e-01 3.886113987732063180e+00 3.549513022331399981e+00 2.204453394322803295e+00 3.107638125265358653e+00 2.702457386998804889e+00 2.563480446556968939e+00 6.510361475012571564e-01 5.674167616425866534e+00 5.705269273779481232e+00 1.766565209626018262e+00 2.414301128349305436e+00 3.948203317375660770e+00 7.450430029593833048e-01 3.832437521416334647e+00 3.977860991279019043e+00
1.529060220262983716e+00 2.484835752718637547e+00 1.019193630751283886e+00 6.019597229368423896e+00 1.701106730168971959e+00 1.834688562734682282e+00 4.676947203069131476e+00 3.047851347196641303e+00 2.369093432646416808e+00 1.208179066656712042e+00 5.087423010309653826e+00 4.607307237303772673e+00 3.855692296874794200e-01 6.754468339993997539e-01 3.807198503657515332e+00 4.471603986680213971e+00
2.848460672281317496e+00 4.989903628067603236e+00 3.310675793137168199e+00 6.023158251064984370e+00 1.958528892242357378e+00 5.411644178175789577e+00 1.498380159807697343e+00 8.648812086719543935e-01 9.863627817125739661e-01 2.681548572869200786e+00 6.191636195453183333e+00 6.204029689464054087e+00 6.087447899861088807e+00 5.409436955240778389e+00 3.919941970326689340e+00 2.943227393716902007e+00
4.281707251539055292e+00 1.817572888432176459e+00 9.805017412738673555e-01 2.915051743962529862e+00 4.985048099766427931e+00 2.008312486013372311e+00 1.639189698706037701e+00 4.606537819832619007e+00 1.267231027145787392e+00 3.988328778826579768e+00 5.504179409940771706e+00 3.897047170326132015e+00 5.330097703183143132e+00 4.949156204712081286e-01 5.310979403896270767e+00 2.289699518597581918e+00
2.298478658792125540e+00 6.008457290801985984e+00 4.859871903734605425e+00 3.145221580199462963e+00 5.052764205772113826e+00 2.034527253194457153e+00 4.981984190188441630e+00 4.571877430794182295e+00 3.935604960167504274e+00 9.314898801552070617e-01 5.188272174376288071e+00 5.645364766599487716e+00 1.120123853886018761e+00 3.447271711154553664e-01 2.363973086238932098e+00 3.593568215854142434e+00
6.006423692796811764e+00 1.765072274077576386e+00 5.861572342951903103e+00 6.022576404156217755e+00 3.467541713608854326e-01 9.259556067505420041e-01 3.470545152146696122e+00 6.931106928553569801e-01 7.620703671075286234e-01 1.913344482890664944e+00 2.613931690950408449e+00 5.601050739108103471e+00 2.120981708030460933e+00 2.778616572454507772e+00 3.832772490676666699e+00 4.135543080620444734e+00
5.973323665704547203e+00 1.522264030465073081e-01 3.754313392744408784e+00 3.479459314128534597e+00 2.240273470667630384e+00 1.272509032365401138e+00 5.229345262737199462e+00 4.684824394163583428e+00 3.915707129834143374e-01 2.550164795607963719e-01 3.237990207904415940e-01 2.996811107730028567e+00 1.707176330342299875e-01 2.449821107937323550e+00 5.420979390355777916e+00 3.910106308853364965e+00
1.713660751480556188e+00 5.888468870692432411e+00 4.005605131184066359e+00 1.282407660534709670e+00 4.827939806168233261e+00 5.035559070952177585e+00 1.371867117109674572e+00 3.663257246755078356e-01 2.835796917210736456e+00 3.087440843934206924e+00 2.758821970175059590e+00 2.454288281918728831e+00 2.745372914217777405e-01 3.229441948331441381e+00 5.780228882999248974e+00 4.499548873248023773e-01
2.940875792286243851e+00 5.841152599810990331e+00 1.348937375503707070e+00 3.324688613252176683e+00 2.819675613751149168e-01 5.225162323319914037e+00 1.506109731080049308e+00 2.238503307111900931e+00 5.411544806336618052e+00 3.322861108604248326e+00 4.128134919156464022e+00 7.698384563510615175e-01 1.850806418378714069e+00 1.938734896324964263e-01 8.877837422291189329e-01 3.251486162005188696e+00
4.901254393181141644e+00 1.558978076039756022e+00 6.120958906989400816e+00 3.125029634216584640e+00 1.896523132365727227e+00 4.105045418671734225e+00 4.717002362271907501e+00 2.095490409939741561e+00 4.867544788443380455e+00 4.172361152809282436e-01 7.541017075848290840e-01 1.053417318727102314e+00 8.711918066520420167e-02 5.996844083451633445e-01 4.247990831368466225e+00 3.951467067112302001e+00
9.153741478623312888e-01 4.967875279038620029e+00 4.071800652025922673e+00 1.598150359426806721e+00 5.040124170988217855e+00 1.827129613800479113e+00 1.428146712935041363e+00 2.345224709932423046e+00 1.000184652834237076e+00 5.594410686355490547e+00 5.827615777204654179e+00 3.076273243378457423e+00 2.334570091610479015e+00 5.719767106732420281e+00 3.453147894355113490e+00 6.258367988985318320e+00
3.192711107319325503e+00 1.886367886462440691e+00 5.042855659581005234e+00 3.936329328120488746e+00 3.153289021681879856e+00 4.584484377042437053e+00 3.816907241905039161e+00 1.084142746095753562e+00 2.406715574625661533e-02 5.306117338923902693e+00 1.469058836769182141e+00 6.280770276438394362e+00 6.254334885031973990e+00 1.335008664907688436e+00 8.511900192514229024e-01 4.347933858408503660e+00
5.303039915570439966e+00 6.163905993023102603e+00 3.154958784509756420e+00 2.619252502352675371e+00 2.385932604328267370e+00 4.933143878163134488e+00 5.615319878708311840e+00 3.156445948802519275e-01 5.470968621135800625e+00 4.813171323536258761e+00 5.893528429310546102e+00 4.354045309528924435e+00 1.396762068306423854e-01 2.820349943181905239e+00 1.440292429817897846e+00 5.760490591745781597e-02
2.948951186253839563e+00 1.106150073300625092e+00 6.103131547813688940e+00 4.131874001345214431e+00 5.987030389443585676e+00 4.425631622594941916e+00 1.758554790077280661e+00 5.825952672101313290e+00 4.417708063836116139e+00 6.191752248360510080e+00 8.382427756327037738e-01 2.020938210740999441e+00 6.121568176403153316e+00 5.891879320622910754e+00 9.213787793444280227e-01 4.016946901744086418e+00
4.686107316017814384e+00 3.152569793796874187e+00 2.856428733373182371e+00 1.278689367585514658e+00 4.538911080803010201e+00 6.575358491058257322e-03 4.895710218269198610e-01 6.255235330191843524e+00 3.265543649361487777e+00 1.326268828598264893e+00 4.812227533685083714e+00 1.836696663264784313e+00 4.163354087526482949e+00 1.297613390961784630e+00 4.957476295784923437e+00 5.242177233620211929e+00
3.980211966710879956e+00 5.966773781712348068e+00 1.750068072785586071e-01 5.175498735867204658e+00 3.899543071697088692e+00 3.337305722168773414e+00 6.116122600582129643e+00 5.858537293413094815e+00 3.289368074933193942e+00 4.380503767368316481e+00 4.254133211559957495e+00 1.817922008250391963e+00 1.542245699498501210e+00 3.663786219587881199e+00 3.334038906288416371e+00 1.922599930179814232e+00
5.098126331039196657e+00 2.815162285094831240e+00 4.403278290223870961e+00 5.676386208919597998e+00 9.422243362581550485e-01 3.243723684157051590e+00 3.048971408680170025e-01 1.725602811817152693e+00 1.392219867812591882e+00 5.848265424837689075e+00 5.887889187311301953e+00 5.875294680091228905e+00 3.774751588977714789e+00 1.648624881340713166e+00 1.424910402633916551e+00 4.019255597856853157e+00
2.190663453942216954e+00 4.145260511430944206e+00 4.755426100919443178e-01 4.713265864010718786e+00 1.761270780065714858e-01 1.278392649119024727e+00 2.704275390235042487e+00 4.071191273519309206e+00 2.591966240958770484e+00 3.654071489744742163e+00 1.438750714589189239e-01 6.087631324096103747e+00 9.965990501344915709e-01 5.264113901557631259e+00 3.478613539433471347e-02 5.811146199344388030e-01
2.626374483131912907e+00 2.800993184421125548e+00 1.641669078135858717e+00 3.896238012081963742e+00 1.109028972796763490e+00 8.823405908087723626e-01 4.381240055889200069e-01 2.532440920278736574e+00 1.043870345760573339e-02 3.586456011795406962e+00 3.587418452099329524e+00 4.512728600963677117e+00 6.192516989149548401e+00 3.089370071981265564e-01 3.126016672825013831e+00 4.186030493313242395e+00
3.676984282414506922e+00 4.284642487818692835e+00 1.650499326320559845e+00 3.188075484087647737e+00 1.290240920568164751e-01 5.708771908109460114e+00 2.970912154239387259e+00 5.330795538497976160e+00 1.430627759213317418e+00 6.225144415325457592e-01 5.196999546133709735e+00 5.405848312302004466e+00 1.679479701201054276e+00 6.150773464746602803e-01 1.242752740280905766e+00 1.909282945734237957e+00
4.903028174635514880e+00 4.372679700982152085e+00 3.057291565440202863e+00 2.590987422045240240e+00 1.542095399838152803e+00 2.608553617668565305e+00 6.229938800942818489e+00 1.291714410732815788e+00 5.158391575016761932e-01 2.458825299171325529e+00 1.246076820184649936e+00 5.942774262761987281e+00 1.916819686464420247e+00 6.631259234863914331e-01 5.847877684192195336e-01 3.578752043950282680e+00
2.488641342348281160e+00 1.351708958141671468e+00 6.206434236710191676e+00 5.494524251159561778e+00 8.094421471446449079e-01 4.036758098137593898e-01 2.857439415688864504e+00 3.713399684152149050e+00 2.213694227339170872e+00 2.014927555092887734e-01 8.290633693154282335e-01 3.926381724356648117e+00 2.381023610869021923e+00 6.172315838227830920e-01 1.770100435835455510e-01 2.279332004301866110e+00
3.873086792370697307e+00 7.476247022492987782e-01 4.340266338334543006e-01 3.589565371803931648e-01 5.031658178969511397e+00 2.332594662109216177e+00 3.117481834480742564e-01 3.284255879783918086e+00 3.402663406259735179e+00 5.985354807184586790e+00 5.851463441135889454e+00 3.341820438407745009e+00 6.070980676110977470e+00 5.878256674201247201e+00 6.600140217278149812e-01 6.194013046140218748e+00
3.308178686549045899e+00 3.490560415031481512e+00 1.119547459130986633e+00 2.325782656326611519e+00 1.334860926296010941e+00 9.535031142905721069e-01 1.101735302297022656e+00 4.527020015523762986e+00 2.492665755387827087e+00 1.927502949510066843e+00 5.438372292753667736e+00 3.731242292593801579e-01 3.490567587279579165e+00 4.115287767971154587e+00 2.139107891740401335e-01 3.097470632462031581e+00
4.207388638339932818e+00 1.101300831204215180e+00 2.461670980703635769e-01 1.095723138180952905e-01 4.875085709427498415e+00 2.195808036252484996e+00 5.241998049486780609e+00 7.976722384713638148e-01 6.331097561411227481e-01 4.284340915301306119e+00 5.337880182105240179e-01 3.705222326629786789e+00 1.174272152554722615e+00 3.279224515175405585e+00 2.698132940784667699e+00 5.631547966448665399e+00
3.389937103444486954e+00 4.801398422842118596e-01 5.851249514514629269e+00 5.352402518193104086e+00 1.804300433948518023e+00 1.407054929739494753e+00 1.512963145259434539e+00 2.843851805527513932e+00 5.323341484897059495e+00 2.960882075572852656e+00 2.363434503619973537e+00 1.008965360029630220e+00 2.817622572591975239e+00 5.020789145391480801e+00 3.103514870629082267e+00 5.276510965148062837e+00
5.601163983815594882e+00 2.864083028806025943e+00 1.284426420858750584e+00 4.419350695869825429e+00 3.246921213282653707e+00 5.588280730477015901e+00 2.742742155792490255e+00 3.909897531127151993e+00 3.726912651758942929e-01 1.814922811716448203e+00 5.368019631012898252e+00 3.393456579511835880e+00 2.472144951348287378e+00 1.498593769302097867e+00 1.482550981700321069e+00 3.409412173245552680e+00
4.194596872583101765e-01 4.313173559809832525e-01 3.540136549921794273e+00 4.257836083693415929e+00 3.424255790836546964e+00 1.895106981107608890e+00 8.976096226151246693e-01 5.825094630024959308e+00 2.254949856831843569e+00 3.751763035109962008e+00 3.226732894004106011e+00 4.183108879116201884e+00 6.185420460918728658e+00 9.941485532643968837e-01 1.821958890962574351e+00 2.568260683106721842e+00
2.697363469207793241e+00 1.912006838083458060e+00 5.888740077394414296e-01 5.626577027102719342e+00 3.008695491126230692e+00 1.462367389027393605e+00 2.523171972837866317e+00 5.076624508943254455e+00 5.055476677088937443e+00 4.766377774955961599e-01 3.950161653105443538e+00 1.569371871997272960e-01 5.440602146603909617e+00 4.286856263583145754e+00 4.444769549532718855e-01 5.538471454942978767e+00
3.364772527776945577e+00 7.007341432678436677e-01 5.193413899105391529e+00 3.913608730402516223e+00 1.993154345381598525e+00 4.108443080380002499e+00 1.176719444495977429e+00 2.412511691423053495e-01 2.695269375759618669e+00 2.634998028681843518e+00 6.199390333224886085e+00 4.198921751068303898e+00 4.686018162715644308e+00 4.336675199175099138e+00 1.481019025779324538e+00 1.937860435080007271e+00
9.862821949503995933e-01 5.265912647157253268e+00 6.134257241479637912e+00 5.851080220385921571e+00 3.568241534015930583e+00 2.927085197427218288e-01 2.136404890371888410e+00 6.137663302815044908e+00 5.142941695165341720e+00 6.007680469582735938e+00 4.821632958613643716e+00 4.782825733946703295e+00 1.823439375478256297e+00 3.252036769084504897e+00 9.400835257969903935e-01 5.888112046631642116e+00
4.136621313675443723e+00 3.527497947875603002e-01 5.766483065221264859e+00 5.568178131400986608e+00 2.744590072816818438e+00 2.348271889781710087e+00 4.945660831271736946e+00 1.347425704107186206e+00 2.644416855955389778e+00 1.750704998977893112e+00 6.106897911397742185e+00 3.732520100577343403e+00 5.533097898905217082e-01 4.046625279438668343e+00 9.051810659334464937e-01 2.588300580992310973e+00
