5.021218867151027165e-01 3.034811265686070403e+00 1.865312402470617803e+00 2.195564856034549095e+00 4.186473377165036980e-02 5.116506077019108645e+00 3.499314699334493461e+00 1.691109368378375999e+00 1.874724199764683297e+00 4.555403610652132507e+00 3.730776172505959054e-01 4.625562214727066745e+00 6.241291938155740127e+00 2.723239015389167239e+00 3.427935874591245824e-01 3.104600009719335585e+00
2.587468571266766659e+00 2.973305984187152529e+00 4.101285379209162585e+00 5.338074189050882268e+00 4.110789781056829462e+00 3.402435230287909285e+00 3.631660695222656443e+00 1.206285982392106160e+00 3.432582466139121546e+00 5.221432830520758017e+00 4.586212620971968912e-01 5.695533733476274563e+00 3.412650557193798839e+00 3.623065940622125947e+00 6.153912175266524009e+00 1.626759398089835162e+00
1.561190809048580430e+00 5.208783172764935854e-02 5.769115768693243496e+00 3.956607617320735959e-01 1.105614447211554913e-01 1.835066197917155861e+00 3.433847877696536433e+00 4.699239176517796324e+00 4.130118031397699840e-01 2.288949852380863348e+00 1.436286299154268420e+00 6.392255496155792027e-01 3.019877564933710623e+00 5.226125158491096379e+00 4.370829658458432299e+00 1.612372224182793579e+00
4.589049453377245236e+00 3.637389829501553873e+00 5.515978029389256854e+00 2.330798444848130924e+00 4.748158563976003776e+00 2.254972839045960686e+00 7.418643797176062149e-01 1.487784455163507991e+00 2.023947651395993752e+00 2.404698906104691503e+00 5.004374563220962635e+00 2.186621913688040486e+00 4.516902968868709678e+00 1.836672558263435340e+00 5.390425602803348148e+00 2.116276843041758671e+00
1.255478738319934839e+00 2.904724519649262149e+00 4.618641119400955508e-02 3.299970922124069617e+00 1.821815320392164539e+00 2.979766170777316953e-02 1.778624041337675710e+00 5.416247907804390138e+00 2.125732611017982610e+00 1.996723077328661722e+00 4.799681790112020785e+00 2.448825013333225442e+00 3.675882545481741648e+00 1.315384170469286573e+00 2.159921921805693756e+00 5.251764631852882559e+00
5.495875674026309138e-02 2.954253046607040023e+00 3.309590531250776735e-01 2.783573198063729048e+00 5.170497172568294886e+00 3.687912074106346250e+00 3.373208603965294650e+00 1.306711455976436786e+00 1.008236801857179010e+00 1.098473779345975787e+00 8.404616415067243107e-01 1.840371344182332614e+00 4.301965987496930488e+00 2.145896721869185786e+00 5.955423125859111266e+00 9.261046441761354719e-01
3.942357818139320180e+00 5.838321537026416763e+00 4.363050724254720514e+00 4.711966227514879257e+00 1.584406769861471442e+00 5.107152208290483664e+00 8.132306319142795781e-01 1.478108978109585969e+00 1.471218570099325496e-01 3.201878903800762899e+00 2.174367049103188787e+00 1.573173150058718495e+00 5.814735969284144268e+00 4.910730394444393632e+00 2.674872651922333588e+00 1.976125556433109942e+00
6.279252000442223647e+00 1.308927583114486204e+00 1.683086982106883900e+00 5.371356913853070125e+00 4.181174082575314976e+00 1.031778678784960102e+00 2.806685583846841858e+00 6.446619903852151001e-01 1.271433423761093862e-01 2.885616672728940624e-01 1.684990225993845847e+00 3.155670531533991241e+00 2.268871444444134244e+00 2.262342447587951888e+00 5.468968882107971829e-01 5.711085035606504157e+00
3.988646418238183666e-01 5.631122557137031137e+00 1.255470453793094687e-01 3.524090254337582273e+00 4.081838910354385952e+00 4.966259528974553028e+00 2.669287948566403834e+00 3.645457774614291324e+00 5.093860672218816887e+00 7.708812584741157048e-01 4.197946594795708641e+00 6.196549671625958489e+00 3.951774633842158879e-01 1.280741272992801383e+00 4.882886072331479532e+00 1.770108459036490611e+00
3.187639893945210634e+00 4.864367130685297802e+00 6.558234789091892392e-01 9.383750988474490740e-01 5.885859828814277606e+00 5.399867627406647941e+00 2.303449015611092943e+00 5.876940263960178434e+00 4.873287599942939252e+00 1.955203583263832035e-01 2.387209940173490086e+00 6.098165070246571062e+00 3.174622856380937552e+00 3.692957110629067952e+00 1.960574660072093467e+00 5.548565780155366722e-01
5.632338142580742613e+00 2.839627183006883548e+00 1.727662067815196156e+00 1.697594192944026359e+00 1.134356395069612833e-01 3.380972532608829351e+00 3.041430271477841618e+00 4.270651098566618842e+00 6.203062415767837123e-01 9.108297123805922935e-01 5.859719677504259927e+00 1.618775566378347852e+00 5.737929704666654418e-01 2.225869986066745465e+00 2.259499888024335323e+00 4.453163893821282748e+00
5.046820932803838033e+00 1.562277113716096677e+00 2.214234999573482465e+00 5.013742449209871443e-01 1.484770661384551493e+00 6.276515170800049503e+00 2.145477541510284691e+00 3.282337279977273869e+00 1.415616053042624500e+00 5.701419470139568624e+00 2.579846503732312613e+00 3.087896223367941229e+00 1.174481546916384955e+00 5.886323249619142217e+00 1.903692256444599606e-01 4.307108083223265993e+00
5.706693485771769936e+00 5.402572991909885047e+00 4.779399617839651948e-01 5.261129031650519039e+00 4.595877731899317808e+00 2.335779558695232350e+00 3.376062379330559415e-01 2.963265870211618802e-01 4.765958773784388924e+00 2.169221386262119022e+00 5.012566411639625130e+00 6.343381337662034047e-01 2.167424704305820904e-01 2.624514451447054419e+00 4.595740531594856293e+00 4.002228641961413480e+00
4.399101510463166775e+00 3.739871727100687604e+00 1.148979189698692949e+00 2.651860301404187492e+00 3.011608502444018676e-01 5.093549310203903779e+00 5.349288095417469080e+00 4.993874663093638588e+00 2.852946768850276982e+00 5.119849825339524152e+00 2.989246435048420913e+00 2.457167652027588023e+00 6.136354160706666283e-01 5.404940947374748283e+00 4.322773759978994157e+00 2.746294647338690442e+00
5.331290506961648745e+00 2.183053885885655632e+00 1.799432434255838320e+00 5.914326305244727022e-01 7.718225625787156208e-02 3.378843705126745256e+00 4.213371758896937713e+00 4.084029182745671172e+00 1.410524739727952337e+00 5.511431457211493523e+00 5.528954310740450850e+00 1.197799203648824973e+00 4.443994032032723140e+00 5.827166803057594713e+00 2.814797166988163291e-01 4.982711110248907005e+00
1.258867659231432956e+00 2.354523555248243305e+00 5.154790364000316316e+00 2.610404006481065409e+00 1.038358411053057040e+00 2.815802154906842936e-01 6.568328873789395228e-01 3.400614973695617049e+00 3.892249070856500737e+00 1.174441980214741971e-01 2.838460945056062279e+00 1.180648987996588906e+00 5.461441769083952735e+00 2.540595098345740599e+00 5.176520400576880121e+00 1.136833886235171898e+00
2.512554933511218280e+00 5.574633620982826443e+00 5.706953349446376222e+00 2.801798695328714395e+00 6.176245105923480416e+00 2.470657570559446903e+00 3.606292256285052122e+00 5.157883616115154224e-01 5.021461583219692493e+00 8.966325613220763602e-01 3.480791130234322406e+00 3.167895323336761937e+00 1.237276313396848515e+00 5.222851495281922718e-01 6.125259727769076790e+00 5.261762905327942164e-02
3.321119012069440934e+00 2.129352044434135394e+00 4.650487093489681811e+00 2.261350086138314452e+00 9.413230869569314541e-01 3.323117019416629514e+00 9.438990551957504582e-01 5.978606972799979324e+00 1.860495590771052532e+00 4.911427588162386115e+00 2.134103834477724781e+00 3.668760615426631233e+00 3.045380833735821469e+00 3.495963976611534463e+00 1.878970997463403902e+00 1.103924500815529175e+00
4.869688429434603449e+00 1.868061519262140147e+00 3.999299581301577255e+00 5.748778421386488979e+00 5.606095534014875703e+00 1.499342870441757514e+00 1.688299359187684257e+00 2.756997399975236629e+00 4.503903692459659602e+00 1.236097578242530831e-01 1.530965528942316078e+00 3.954025372912369551e+00 2.521795070838696695e+00 6.195868503494815549e+00 4.392036299163610380e+00 3.288955274883916591e+00
1.648345562039048362e+00 1.169959276131479209e+00 5.242305301293837871e+00 4.143331693420325479e+00 2.592281872886767591e+00 5.432794148906798348e+00 5.881661204060031345e+00 4.152579322219470903e+00 2.083958448529860785e+00 5.230297123811441296e+00 3.492683319508371298e+00 5.780597914452591191e+00 5.075137182447782891e+00 1.775797195300494957e+00 8.064852155912594078e-01 6.169428763982425679e+00
1.564383370778912541e+00 1.411104562912608662e+00 2.945319767877431882e+00 2.605108003226324520e+00 4.421585818763132947e-01 3.865312557982141684e+00 5.448243469093150715e+00 2.032208415524693557e+00 4.921482686340633572e-02 2.592494064079896576e-01 3.653771175854484188e+00 5.253984613931442560e+00 4.781746443565856097e+00 5.382005071568826793e+00 4.753662776739214557e+00 4.489054404220800265e+00
4.754797855429598319e-01 1.094315045028786265e-01 5.389635349776741968e+00 3.021804673501375049e+00 4.761241153221701161e+00 5.569883659624692562e+00 1.598998852607397825e-01 9.330072912673265106e-01 1.426560039940427682e+00 6.067298048893905005e+00 6.057982829670336855e+00 1.598765654086370114e-01 1.513155463532129819e+00 1.130523160732519905e+00 5.389982828097680034e+00 2.020622367408476450e+00
3.213241279025982333e+00 2.994276396305064925e+00 9.137974874221850563e-02 1.109949466976296595e+00 6.228917573234794780e+00 1.802795013643434974e+00 3.421314429479072605e-01 5.855263710932067767e+00 3.469722111275465259e+00 6.109755340502863952e+00 2.139191388489919188e+00 7.961713558276796165e-01 3.645120941906487388e+00 4.039009444340276866e-01 3.935654703127686282e+00 1.393293864000934690e+00
5.975939890481193117e+00 3.300519199407933257e+00 2.567383869326518742e+00 2.431425321955219765e+00 1.464548848421907801e+00 3.161352371456370491e+00 2.428688362463814254e+00 2.665614321323670488e+00 5.874324031231284771e+00 2.372916352465190837e+00 2.289816248530832432e+00 5.404293668280488738e+00 1.984645705840216268e+00 4.725123193939179345e+00 1.920055691555338839e+00 2.601219157565007212e+00
3.709168929452668628e+00 1.591853992863237366e+00 4.575125675748331844e+00 1.112671839090711323e+00 3.078006321537409384e+00 4.802267206015457646e+00 9.263767012629628983e-01 3.741862795762723071e+00 1.750343678773599088e+00 3.234516200137371733e+00 5.543515483881149564e+00 4.078412836726285740e+00 3.575381618361137104e+00 4.007731955845576621e+00 4.126095011931219858e+00 5.920483111038612467e-01
1.789042814731484299e+00 1.797087597506726198e+00 3.984392627344038207e+00 9.595003898461672565e-01 4.542546871964576183e-01 6.104191894139957775e+00 2.455052660683024079e+00 5.911635649508256485e+00 2.030460001317356600e+00 5.595400983093179903e+00 4.578711383967969617e+00 2.026267887422648517e+00 1.920711493995200803e+00 2.074964458643446363e+00 2.069056371364023317e+00 2.241456906644870628e+00
6.105909919675800435e-01 1.606623652298034166e+00 6.178499815988980792e+00 2.241927489023076703e+00 5.352808358327268756e+00 1.844255141415948929e+00 4.848062492718081984e+00 1.107074036687139662e+00 2.563600998012365739e+00 8.506956100389443387e-01 3.966049478109055393e+00 5.921681482716868672e+00 5.401683201126696865e+00 4.269417092541672787e+00 3.033811085775069305e+00 3.404280761413780443e+00
1.167678749734546217e+00 3.153621362634148717e+00 5.076840831352303240e+00 3.558613599432665531e+00 5.810054353149537221e+00 3.807402437987636556e+00 6.176607391533992519e+00 2.746451350400819891e+00 3.563212231490137660e-01 2.740829185929321010e+00 5.414686561806843379e+00 4.581076111752114599e+00 1.244458392461054719e-01 3.127395649002018274e-01 5.017607274441216347e+00 4.927730892745655567e+00
2.578774152346624771e+00 6.165614974583890628e+00 4.762872075878690659e+00 4.221236800846792647e+00 1.735435442604084333e+00 1.072024486574546520e+00 5.368398431972732254e+00 2.165823710680154335e+00 1.316526647598880384e+00 4.600494772756461792e+00 2.249918618077509092e-01 6.060311822908243107e-01 3.877011261696560407e+00 2.955689199691451829e+00 3.452200065390050199e+00 1.633095322997194287e+00
1.099972406964263572e+00 5.053787128305559762e+00 1.201404840379715733e+00 2.394393944057725765e+00 3.016751052188861415e+00 3.592227840484051971e+00 4.049935551262219491e+00 1.500813734097217189e+00 1.198095357001009775e+00 9.455478511058887925e-01 3.208592271572933807e+00 6.201911670880540406e+00 9.218390185133170656e-01 1.521850769464755837e+00 1.060587470342670313e+00 4.072470583894039819e+00
1.092719479418852835e+00 2.732004891434037797e-01 2.924544847294562988e+00 7.320175712007066515e-01 5.721509402184373094e+00 4.651614980878115091e+00 3.439439487010369056e+00 3.754390158072288486e+00 1.973101442312263476e+00 3.242405772289660870e+00 5.324728410127917755e+00 3.151138067936959608e+00 2.361802780298800197e+00 3.387081035848436894e+00 3.278853072637101462e+00 4.507565019339568657e+00
3.622214465899995961e+00 4.014192025636456052e+00 2.431005066806509962e+00 4.333501529973968758e+00 3.618225477855466110e+00 2.510836065830252650e+00 2.224613173737580496e+00 1.731649583445083795e+00 6.221325342110411993e-01 5.168212777524601620e+00 1.752267714710596058e+00 6.110136424143523648e+00 2.719959399985644843e+00 4.973095538578874653e+00 1.489730256910699324e-01 6.221067506281849901e+00
