4.498623128594488207e+00 4.092981775559962898e+00 4.185077865321765067e+00 1.770829810087970191e-01 6.462832082248645138e-01 5.954150287176737777e+00 4.480114458154891288e+00 4.675163399316653035e+00 6.206604492000115769e+00 4.196878764776837301e+00 5.784876793212388790e+00 1.530843340944215480e+00 2.775237698616022097e-01 5.918070351531760087e-01 3.343637009256384296e+00 3.462565937038240005e+00
3.625250602638018016e+00 2.830630095400408663e+00 1.421679114500387087e+00 2.966389670807143997e+00 1.317005770467112979e+00 3.018791641996308783e+00 3.666744527053789060e+00 2.439824948463508836e+00 6.856611323929087121e-01 3.512549818815139613e+00 5.358613070124169653e-01 6.808103249985489880e-01 4.110249975044058424e+00 3.156408830424865641e+00 4.659233583329508654e+00 3.957656302847920582e+00
1.802650261702963164e+00 1.175172091691226717e+00 1.907694072549787068e-02 3.318700938662267674e+00 4.118415136152837164e+00 2.670128623920645650e-01 2.852955123705509966e+00 4.192011291257299987e+00 5.694395401549991576e+00 5.350611151801778931e+00 1.948418120366241624e+00 5.668224034043895188e+00 4.859185074310437558e-01 5.127621723029288647e-01 3.033717082704432855e+00 3.230372121591086110e+00
3.364718690994947359e+00 3.697485498266936954e-01 1.451662227329931110e+00 4.032109093729721927e+00 2.926454717897992275e+00 2.635870572147586799e+00 2.489751551611994351e+00 5.228845603497200401e+00 4.432495611542510261e+00 1.028871578940174114e+00 4.942934243934304916e+00 6.204965221460911895e-01 2.216886707991311933e+00 5.457938503895093163e+00 4.850542553318855532e+00 3.342919621534059083e+00
6.394766461458841755e-01 4.129807993013749012e+00 3.508359606826116028e+00 2.663809222364491358e+00 2.729871966198956557e+00 4.713888629050497769e+00 3.612571168618830431e+00 4.372132731651118043e+00 1.863344059598291969e+00 6.216276913846451313e-01 7.472264474498687692e-01 6.614003552867029345e-01 6.210017363253133027e+00 8.259074219936414218e-01 4.282476192585134456e+00 2.941861549736154213e+00
1.152036596351654119e+00 2.375306684569473248e+00 5.899404031422798234e+00 2.420305150089693491e+00 1.571715337249143030e+00 4.333427257840479996e+00 5.215367169850304130e+00 4.163377388554557079e+00 8.753560441443356543e-01 4.629034265152113470e+00 1.484141857312482271e+00 4.508010564415605437e+00 3.787203547262022685e+00 1.229630155635766720e+00 4.843963586213503092e+00 4.801548756594312906e+00
8.657239546633261895e-01 6.251924501391652456e+00 3.726199175461914592e+00 2.577727904141548620e+00 3.990074770091815992e+00 3.031240967055008007e+00 3.306435706477686587e+00 6.187696993377342913e+00 1.047722292720546289e+00 1.192247948805620572e+00 1.913766524357013443e-02 1.899532836405222636e+00 3.305376935471284194e-01 4.382500818687048438e-01 2.405635991049976052e+00 3.022723378198908240e+00
1.019059357954076761e+00 1.381612207064122355e+00 4.337781471216206164e+00 3.868605990172891751e+00 6.887942964520087086e-02 9.118637396011491925e-02 5.823275622397201090e+00 4.033981210259106609e-01 6.212987775513503230e+00 5.604281342832356794e-01 2.532709725836713943e+00 6.017168143392233937e+00 4.037013046276952011e+00 7.313549010236465309e-01 5.523309680524180365e+00 5.554839530549040560e+00
6.108754384192125464e+00 4.503702012506741958e+00 3.880519055386302263e+00 5.639727214858349491e+00 1.196868816488443343e+00 3.580106299741279141e+00 4.243831935337704309e+00 5.697359782859595434e+00 1.522011644936286157e+00 3.101482362411355220e-01 5.026803056773072598e+00 7.882197068235804460e-01 4.889835828239555759e+00 3.323592487384726013e+00 1.668167542980753870e+00 6.119439717875331475e+00
2.199656815917665043e+00 3.576077607489297261e+00 3.224709600236971951e+00 1.354083128526601676e-01 4.016701581781473074e+00 1.713707807880550771e+00 4.017215279272673634e+00 4.608254411763271108e+00 1.166298299254676207e+00 2.646086748534199007e+00 1.699033295955611145e+00 1.073363438080606524e+00 2.677756929974313582e+00 5.273603392349446750e+00 1.447103050342308350e+00 3.191142201231690123e+00
4.800956823810431651e+00 2.073719936454156976e+00 4.548239101828880138e+00 6.048033851502062852e+00 1.163654759008467821e+00 4.092467961909560525e-01 2.615967743491548259e+00 8.694385224519055599e-01 4.060639210543459110e-01 4.690314046992113184e+00 2.293750581120088672e+00 2.977854464066203910e+00 4.201282334850096944e+00 2.058751003820848080e+00 3.917212762981085561e+00 4.143350287962777045e+00
5.571263071032094283e-01 3.782171508812573801e+00 2.068793890089270615e+00 3.698259975733111382e+00 4.354071858854739574e+00 5.588870148875275667e+00 1.774459953891641129e-01 3.423049059074547706e+00 2.233400902906933272e+00 1.712458545413185984e+00 5.649316931974695422e+00 5.949117741701512863e-01 2.316630639336219932e+00 5.616137272569086569e+00 5.492281761365187975e+00 3.065501385359124420e+00
1.367879849333859088e+00 2.920273018122291120e+00 5.143416066710843282e+00 4.040225074996610211e+00 1.097800718756600791e+00 3.500051814138054329e+00 6.261379844681560947e+00 5.310189176540244027e+00 2.707224786291896557e+00 4.359038891893767698e+00 5.755872492388935946e+00 4.260306203975134487e+00 2.063182298595016562e+00 3.068997283086268291e-01 6.925152700115673188e-01 1.096174157419704587e+00
2.283094884287518056e+00 6.104671001177187861e+00 1.242773060884013292e+00 1.477906834318223117e+00 2.212327917723033721e+00 1.520661051359772642e-01 3.122910631627088485e+00 4.942108306620738745e+00 5.003722942495020254e-01 1.667232763011333274e+00 6.745938542603386878e-01 4.044995703422675781e+00 3.019323171832714259e+00 3.294509645569751566e+00 1.433099994173414382e+00 3.602870075705536745e+00
2.780715320744194585e+00 2.593130229222038619e+00 5.303553643874122647e-01 2.141042428650988594e+00 5.895524717286328098e+00 3.602965647223744128e+00 2.279081564755680134e+00 4.442591353893020845e+00 1.050711980080182073e+00 8.838273303467281128e-01 2.479617520548897058e+00 1.458754268967890511e+00 1.909274975472695202e+00 1.874601614415103201e+00 5.324083725723890659e+00 3.639064434030156114e+00
4.848446611528096639e+00 1.096467188346796462e+00 2.883093139841419017e+00 4.658614595771933153e+00 9.266212217367446602e-01 2.752315447072017029e+00 1.263568166659478242e+00 1.344543386083902892e+00 1.642324529577591508e-01 1.010131337391403816e+00 4.473849912886895375e+00 1.487093301111904076e+00 2.261093030781175517e-01 5.917999168063216020e-01 2.200996711750148105e+00 5.433759981631204994e+00
3.898799838086019598e+00 8.867972488973506762e-01 2.658591262471365457e+00 4.332003983994744400e-01 5.548114639108319146e+00 3.160741218098257921e+00 3.656898758080778106e-02 5.150610940363729462e+00 6.074994481737666874e+00 5.472817476738821796e+00 1.107262207862320436e+00 2.634954149467844786e+00 4.648896286711012849e+00 1.297360027850181341e+00 1.641042002430106450e+00 3.132775045806339254e+00
4.243747200006851905e+00 2.728120041387454453e+00 3.347076808916174429e+00 3.486588186949600043e+00 6.235862178912222831e+00 6.036953250247338865e+00 4.356469983866304574e+00 5.521193660481164223e+00 5.511768539120566857e+00 2.712832452476528822e+00 5.258628273231004790e+00 2.197743593603380230e+00 4.329850172069949821e+00 6.400877994004812166e-01 9.226571639441557560e-01 5.954524041531162659e+00
4.681216975993914176e+00 1.158881172766648371e+00 4.211608081165616468e+00 7.920609091616865882e-01 2.445670209088990354e+00 4.136314410301106470e+00 1.569813059338969419e+00 5.131021122016466762e+00 1.618481629928891774e-02 3.086285889579705177e+00 5.117264066366573161e+00 6.227258304972836278e+00 5.478650163865026457e+00 7.743634716803833411e-03 8.855274870990585967e-01 1.798152426085212197e+00
5.302043129627720397e+00 4.203392570779810100e+00 1.315518129835996586e+00 4.568149065916952689e-01 4.891298954794130793e+00 2.340842692937791458e+00 9.645979253752854365e-01 1.519167984367923163e-01 4.607869857941011560e+00 2.869037871748187474e+00 4.077450861506501489e+00 5.603134170261076186e+00 2.954326395730276111e+00 1.791265414694979574e+00 2.817310537514466251e+00 4.156605495047765331e+00
2.791825765545100424e+00 2.052166578748530590e+00 2.230908577703415663e+00 5.515152016657760115e+00 1.822640644917950414e+00 1.527494117081152680e+00 1.703545689722496259e-01 1.297710221236924477e+00 6.043082344938806028e-01 5.848838565308168036e+00 4.060072395099120435e+00 4.715175766695030468e+00 3.454175674885147096e+00 5.118659180347266968e+00 4.941305842623133771e+00 3.792759141362133324e+00
6.197505966219593709e+00 2.078549070365567353e+00 5.245528864854915874e+00 4.680750629398822582e+00 1.437400275483959433e+00 1.809586997930318741e+00 3.873590966043603867e+00 6.102485674326763032e+00 1.815921159832887044e+00 3.662677274873690436e+00 2.955737698036710714e+00 2.600862764864783294e+00 1.420819816103901401e+00 5.807879894445229674e+00 3.612626993161164535e+00 5.813161725837639793e+00
1.997523221700475027e+00 2.079509545968149631e+00 3.966654196547180211e-01 3.651083223569770997e+00 1.430245811228982200e+00 8.367091465680450701e-01 1.013482891319472445e+00 2.310805555461969973e+00 2.179020034617894730e+00 3.424464065564313264e-01 4.908908645084212985e+00 1.492100099576213035e+00 3.833934053466860448e+00 4.870117184216518957e+00 1.042000599265012317e+00 1.108465330668336968e+00
4.707555191624547830e-01 4.336654362799741702e-01 5.023869840494157302e+00 2.534693758379170436e+00 5.073544791679371890e+00 5.255221342425874020e+00 3.443648992452613022e+00 9.044475943977550170e-01 5.392868482665365448e+00 1.121913983742075738e+00 3.736965845585289880e+00 4.452565824389776772e+00 1.275445514891914600e+00 2.184061956067050669e+00 4.764537321851565643e+00 1.332612487411315882e+00
1.919319263176849921e-01 4.921861589079917998e+00 1.166385318953746565e-02 4.712605941350045846e+00 3.533849596510390878e+00 1.624065635741078095e+00 4.317914198469135378e+00 1.779261024674588132e+00 3.503712067044879030e-01 4.899373949438191822e+00 9.025543135444513698e-01 4.859320261815074815e+00 1.803495120628473058e+00 4.623228331856955364e+00 2.476174742847164101e+00 4.138458219919853853e+00
4.804943852292996809e+00 1.831061402191246912e-01 6.213492464128225201e+00 1.374005493365386465e+00 5.440701044906409045e+00 2.126785601100772194e+00 3.159434475511247453e-01 7.698487932389983524e-01 4.703060562207881823e+00 2.320722964829979862e+00 3.991489159299171696e+00 5.848162937177208143e+00 6.077020916800641714e+00 8.698587083749943494e-01 4.449145509410429078e+00 2.054131523703655926e+00
5.916362076307905227e+00 3.859679069396725115e+00 1.082312487123016975e+00 6.000803907482808341e+00 4.540801429690238145e+00 1.682589220675278496e-01 3.207163898211910613e+00 1.425226994571040517e+00 2.406349674187041598e-01 1.889079466201754265e+00 4.107302475335154135e+00 4.895992242671412420e+00 3.771172752920737725e+00 1.111160461596817806e+00 4.793450587308472066e+00 5.466491885689730879e+00
3.741391658841477508e+00 4.998570077009693691e+00 3.367293574030134184e+00 5.806514223671321862e-01 5.860363004125151321e+00 5.112757790742451292e+00 2.373640304962369441e-01 8.458695654023077326e-01 6.175556962029458141e+00 2.217171020033074758e+00 1.493761943361188171e+00 1.813568978936568543e+00 2.976478477891613572e+00 1.533380080913830046e+00 5.348724830732468405e+00 6.248528632640240943e+00
1.931233651050481503e+00 2.112334197058686858e+00 3.091281840220043153e-01 2.924701127798009281e+00 5.908608304545428958e+00 1.486619546100772959e+00 1.829744194036122762e+00 2.661605861984306820e+00 1.516958058823695055e+00 5.378878562353163417e+00 3.687529837717925307e+00 3.513529381040267463e+00 6.346523283553272554e-01 5.594809289831354171e+00 1.037878691992244473e+00 1.146362575061050881e+00
3.435663550919455300e+00 3.081417353176285623e+00 1.236673238750707560e+00 2.602100222263278528e+00 5.366779065147101235e+00 9.540211354717527750e-03 4.757240394552856522e+00 1.045930693043421789e+00 4.394647617334254797e+00 4.103699648047963500e+00 2.471802280052819434e+00 5.205729798959342958e+00 3.099532021993500752e+00 2.900352760840176014e+00 2.077312063600185610e+00 5.584922743325289929e+00
3.737165789445800801e+00 3.827958401074215811e+00 3.050070990236950053e+00 5.337446736641768830e+00 1.735057739501714158e-01 3.903700205557123493e+00 4.387513491959653678e+00 5.472831216188601688e-01 4.911722194465969471e-01 1.767252536479870573e+00 4.256362178566224230e+00 2.048212096766594215e+00 2.990621432079772379e+00 6.094570455085751348e+00 1.503626859629545676e+00 5.023975221481561171e+00
1.074544555356960140e+00 5.889588221099939069e+00 4.850353868981092553e+00 5.360420802039765675e+00 4.480356050373596410e+00 3.505390105615886487e+00 3.492177975900555342e+00 6.201221105232664677e+00 2.627674330688580362e+00 4.509659438620135852e+00 2.423081039399789471e+00 7.761191682562170735e-01 3.962924624994717870e+00 3.890393161452715187e+00 4.550179984623607510e+00 4.854379151182159902e+00
