8.584288469201513117e-01 1.118277231497559754e+00 3.574998803620252019e+00 3.775183530622248540e+00 6.186328466422657435e+00 1.563919074418368860e+00 1.786622797013696751e+00 6.163866636585987102e+00 2.983777076363865799e+00 1.282321793955975453e+00 4.073315471972045465e+00 1.520057878824201181e+00 5.384494147596496916e+00 4.006631759897593348e+00 1.767005854380882424e+00 4.185980233839819320e+00
2.708642519273767868e-01 3.441559068812361399e+00 2.345402576080946599e-01 3.168239152277056103e+00 7.548335939043706588e-01 7.864499391330408429e-01 3.356399925860476419e+00 3.656324475736155488e+00 2.260790766493907533e+00 3.322667700426947146e+00 2.190534282189925630e+00 2.255839886812791129e+00 1.884350303921191072e+00 3.644409173845144512e+00 4.472223383325649060e+00 5.871335240078407125e+00
9.597604913474059307e-01 3.896643980623354153e+00 4.627827865222541526e+00 1.347587263496267784e+00 1.442719309024118823e+00 5.115652101770170823e+00 4.906973634226420522e+00 5.781802623289825860e+00 4.128403443139235129e+00 8.705828195973752681e-01 3.923646697450345666e+00 2.192685120243458741e+00 3.508322261935686637e+00 6.175949838856114482e+00 5.040454834189420197e+00 4.045846507249276414e+00
2.806963169469588237e+00 4.083639545393449172e-02 4.408457696047788588e+00 1.824359765212810514e+00 2.259606435127012869e+00 4.870580736176519210e+00 2.642553459174021846e+00 2.372567079044208160e+00 4.878861431593999320e+00 2.664151539637380051e+00 4.274974577677725485e+00 2.492708377028817868e+00 3.137632729225395156e+00 4.377990762725811891e-01 5.965254245816347556e+00 3.268530902558251849e+00
5.713994320245006087e+00 1.870353346500167380e+00 2.010364507680587887e-01 5.103314205612689669e+00 1.201192589610855066e+00 3.695394498769863034e+00 5.262139108290518230e+00 1.494001322627483086e+00 5.731878482801517904e+00 2.525737487659050817e+00 9.171598251690328274e-01 3.508224253778180035e+00 3.587539875970041425e+00 4.068434973219877016e+00 1.645629545623584544e+00 3.916926265025797438e-01
4.915281885431791231e+00 2.264253221731591825e+00 1.904614218548615012e+00 2.948489860338568302e+00 6.023940067861168757e+00 1.544600102362850835e+00 2.948671793584160650e+00 6.095148694617928520e+00 9.840269689442687762e-01 5.130195117244754854e+00 1.872594942365748194e+00 2.511261787931705403e+00 3.375239000170592529e+00 3.484792378207345553e+00 5.440150904135901300e+00 4.468791316970736283e+00
2.758663993257368108e-02 4.619307430926247626e+00 2.820737525549724012e+00 2.120105434651064158e+00 2.191390425784914164e+00 1.367083073641221502e-01 5.417871109918347194e+00 4.747393957604605141e+00 1.902903920774682289e+00 1.305194649739536583e+00 2.018577798513565114e+00 3.282713222041611978e+00 3.995944542365978958e+00 1.107917025632790820e+00 4.259658786404032504e+00 3.210181805299079372e+00
5.419538902788351820e+00 4.127699500274068178e+00 5.906533688164889995e+00 2.020739383111094245e+00 2.177985650677775276e+00 7.562388618673202001e-02 1.837773250534296077e+00 4.810817552801354147e+00 3.604887039734091303e+00 3.514964722751561688e+00 5.093638109214320586e+00 2.970455388776789274e-01 2.206829243364384907e-01 5.590498782040373982e-01 6.258569495200222654e+00 9.613199099244953416e-01
3.793793296171150242e+00 4.156988559828250551e+00 7.525615911928169588e-01 1.958517918487453713e+00 4.039141274714395990e+00 6.062096847088839446e+00 3.924020479786498594e+00 3.988118593209810658e+00 4.985849233310861273e+00 2.262892949425328482e+00 5.755561541110822077e+00 2.995848776912000133e+00 4.548290625865325509e+00 9.153201958191456988e-01 1.347981361428959302e+00 1.520412077961299735e+00
2.574795361107668157e+00 1.044211770645018245e+00 2.231787067097451560e-01 5.723384465074699889e+00 2.239813319438537231e+00 4.594438471919248812e+00 4.803072438935523714e+00 3.608251156904839441e+00 1.004663849112847007e+00 5.787477754765256499e+00 2.797381482893374072e-01 5.497725691233221745e+00 2.998887954162630987e+00 1.260079271340708074e+00 4.980584151358084632e+00 4.810426671173189672e-01
9.066352978828189357e-01 5.803539687396217062e+00 4.391879952782110408e+00 3.885456607563386733e+00 4.603305414659947914e+00 3.361379056717652136e-01 4.107439881250537717e+00 6.224955659094297822e+00 3.992766399764531293e+00 5.728607885280296408e+00 5.355410180984056190e+00 4.361207990573070514e-01 2.331193202847328561e+00 5.082631745491418052e+00 4.897554338828720155e+00 1.605848622077841403e+00
5.841607903739604701e+00 2.804692492499767376e+00 2.499158070922149033e+00 5.989925942914140045e+00 1.904279994329931780e+00 4.079155960920046731e+00 2.729240466155674061e-01 1.324725745696093915e+00 4.474750160454833647e+00 5.788653059741977636e+00 3.085765847267750939e+00 4.596922874192368447e+00 2.764467231111286338e+00 5.820052699832600318e+00 6.621271718326804390e-01 4.971852181256497971e+00
2.973294035584434170e+00 3.233654974147892158e+00 1.985089016162576714e+00 1.211618494247635569e+00 4.735249084890472915e+00 1.173928531924826713e+00 2.960851694648197974e+00 5.746288927931742840e+00 2.731142308290811727e+00 1.388975946196634448e+00 5.366008792953619988e+00 5.544411140138906013e+00 1.952474320693202259e+00 2.055638600523306714e+00 4.798082978668316123e+00 2.718534918369434727e+00
3.460666736534220522e+00 4.176654406523903518e+00 3.459655652779813018e+00 6.149234892323486967e+00 2.921085481427168951e+00 5.800485072471270875e+00 1.556089497798775145e+00 5.078188549597362211e+00 1.746500591183146156e+00 4.519442032840766288e+00 4.866814379787935962e+00 4.900566109745907895e+00 1.567353792567547088e-01 2.202150953339110817e+00 3.572630695856918503e+00 1.642804622006162063e+00
2.173708660877642806e+00 2.711939940510249003e-01 4.065413459202871671e+00 8.808951113425689261e-01 3.283719284568811236e+00 2.891813006079219650e-01 4.161831179464747343e+00 1.493776224408648767e+00 3.005540206421448701e+00 3.316137798777571533e+00 2.700050645179012943e+00 4.397128947293825973e+00 4.325663324262032816e+00 1.590332321825762119e+00 5.977815026598252146e+00 3.116598682531353415e+00
2.031285674047667023e+00 4.951529917279524184e+00 1.592338333706946774e+00 6.033612432581780816e+00 6.058366240893080068e+00 5.387968433813477453e+00 5.183184076750930735e+00 2.240193315301419297e+00 6.227830034837974260e+00 5.226852531545082670e+00 3.576312577661875380e+00 6.065318592341294668e+00 5.370332827409495025e+00 4.263535846816139951e+00 5.623862734936589725e+00 1.053283238476337091e+00
1.384940549225871731e+00 2.658080150859289503e+00 2.795152262906324125e-01 3.117057330243077296e+00 2.945559849056494706e+00 2.411384134958683756e+00 5.783907189646007474e+00 2.870121767521120582e+00 2.986228897538000027e+00 5.256187374591801742e+00 6.186509705605383047e+00 2.672701577718271382e-02 6.174192095860391305e+00 2.707149279248311391e+00 1.899853416670337580e+00 3.463918589564443096e+00
6.062989978380346479e+00 4.959261850372682190e+00 1.005657253065865397e+00 4.297961125317448783e+00 1.490679250651912202e+00 2.757816430995600587e+00 2.165738829417029443e+00 2.038290691946013755e+00 4.036474095926043226e+00 1.074102526234983257e+00 1.196608055430674611e+00 4.941868299671603459e+00 1.303272404744066026e+00 2.705610088666455249e-01 1.546203029718492328e+00 2.660819441362206383e+00
2.774656064894009511e+00 6.086914912579264758e+00 3.711519983421375013e+00 1.458317109537095035e+00 4.420424402428368538e+00 1.343267503156203357e+00 1.118833766756766712e+00 5.290806326588666231e-01 2.088172564414484178e+00 4.226071091497414223e+00 7.971405935201957282e-01 1.032153091121502664e+00 2.147142562744534633e+00 2.804813472491783699e+00 4.436468019872006785e+00 4.819666936273860003e+00
1.270058151374087840e+00 1.825285668276591444e+00 2.103909269124712988e+00 1.983735705039813280e-01 2.174716494044114601e+00 2.845738139537818068e+00 1.232731165469254542e+00 1.990618483767729874e+00 3.331247873668149673e+00 4.472962120612002046e+00 1.459514012522502791e+00 3.864495490336343764e+00 6.228889605125579543e+00 3.657222641012952469e+00 3.675320883540482253e+00 6.222331091134270409e+00
1.882403780682464361e-02 5.095139397769711032e+00 3.302386026693773680e+00 9.118335845610801016e-01 3.042785614514918802e+00 2.652138535477451153e+00 3.532062248878288457e+00 3.403519369329367716e+00 3.576963094941259413e+00 4.436670450953474898e+00 3.864679026781550952e+00 5.295441114182164455e+00 5.417417641621418589e+00 8.131418921987177972e-01 2.860930796702137791e+00 3.261549415428083964e+00
2.555268049851019629e+00 4.805950686354689694e+00 1.257960467190307075e+00 1.838792864363243407e+00 6.082742547538075861e+00 6.000158732077367496e+00 3.318299913529839884e+00 2.810549635851088190e+00 6.127929911285098896e+00 4.924875898861118984e+00 1.045753372292677286e+00 1.875144729281835065e+00 6.778788669042620230e-01 3.685160248106465808e+00 4.313204125086997465e+00 2.800882302308910887e+00
4.695006337062152646e+00 5.233265172636593299e+00 3.648606127212081218e-02 1.004975450294607553e+00 2.065283469114757020e-01 1.206367420863206252e+00 6.085827485683902083e+00 3.041372437875111245e+00 3.254797548800308249e+00 2.377484587363263291e+00 3.115313636369131167e+00 1.874101460037138178e+00 3.445316712159848915e+00 3.407561822805059482e+00 6.121616642459931867e+00 5.336140237524455543e+00
5.466721482916290675e+00 2.488627353660521901e+00 5.972978553350719366e+00 3.270743256226710027e+00 9.112223361749981210e-02 1.295535674838928175e+00 2.193226459416403706e+00 5.222041894931733985e+00 4.422839647751965586e+00 5.208774614952439208e+00 3.903474964485721177e+00 2.477750096306794436e+00 1.041205734442825909e-01 1.889917649930031585e-01 2.329066822833169237e+00 5.888846639111672054e+00
4.707087247008271191e+00 3.392413905255399875e+00 4.598787948350137711e+00 2.243675985085752389e-01 1.450152679432210601e+00 1.976907430531729126e-01 1.078157315175102271e+00 1.998509354595641385e+00 4.738203054020279303e+00 5.597344776096734975e+00 2.959846667117212338e+00 5.834554911259525189e-01 5.139400779573120914e+00 5.909859673269122204e+00 6.148715598717606312e+00 1.573228644951757182e+00
4.770030038937248307e+00 3.573535391243784165e+00 3.110450150808433012e+00 3.064432067555455053e+00 1.863860212257872240e+00 1.566712426877886824e-02 5.090761329924930578e+00 1.804530077301827462e-01 4.569046842745699166e+00 2.318245963384032216e+00 5.021822466286363529e+00 1.711368573383156289e+00 2.699569670977081337e+00 5.059008390085413254e-01 2.658431542661920499e+00 4.582666626986760861e+00
4.055049770680508203e+00 5.245609570362685048e+00 3.991127501899184971e+00 2.730659093475718557e-01 2.088673077730537564e+00 5.177677181739717582e+00 3.283008147068343874e+00 4.263334577673666637e+00 2.119156053879224455e+00 2.733052051530919235e-01 2.524037816352278973e+00 3.493257456547607998e+00 3.078057737801952687e+00 1.764108631977903352e+00 2.243002215103734098e+00 1.496176047178203072e+00
3.749977976483044539e+00 4.419058292986796310e+00 4.061134355476598401e+00 2.301724699526234819e+00 3.352776520677648531e+00 2.823262507862235982e+00 5.806065324973620712e+00 7.465392062806905926e-01 5.186080532081029482e+00 3.032380401475037512e+00 5.519011539474288242e+00 5.772113190990111775e+00 2.843429178488516396e+00 2.067918213864492483e+00 3.611230212489339397e+00 3.569370211696767381e-01
7.341316895375128715e-02 1.458346621073610905e+00 4.567752715576732570e+00 3.202826737719491668e+00 1.360483633058050978e+00 5.248080743711146745e+00 4.480418266354218915e+00 1.060809788471447579e+00 1.007989039317201962e-01 1.715926943402279914e+00 1.005983408574717464e+00 8.465444984547151330e-01 2.763848206370841609e+00 4.835968230450188865e-01 2.597764603550807919e-02 2.592012744605712626e+00
4.272868064205930239e+00 5.186417779800177819e+00 5.184875873533687951e+00 1.835881496869116170e+00 2.844841625159032716e+00 2.983872732985464737e-01 3.989926694927352191e+00 3.528162846371040384e+00 3.002294391585264566e-01 5.792198456363148118e+00 4.938273601347374253e+00 4.660242912061962173e+00 1.404978221995552667e+00 5.079352871424880789e+00 5.363402647903646070e+00 4.408794248322595699e+00
6.694903437187296191e-01 2.395425599977899278e+00 3.889123768219596156e-01 2.919653838435019577e-01 8.290808766685288100e-01 6.208914650970395854e+00 1.621596483188466165e+00 1.156973055618350232e-01 1.559644044233917004e+00 4.433597496150476047e+00 2.853959471881144516e-01 2.354321249635532576e-01 1.868602931901711672e-01 6.267099622060435138e+00 3.988754610196673767e+00 3.556635868979999948e+00
2.776687954886933429e+00 3.303038676033486776e-01 4.444111911001173532e+00 3.973563110239624940e+00 1.859663559578851544e+00 2.021074268437015597e-01 4.250054340813218978e+00 3.867675925099848810e-01 2.389733071853256785e+00 3.256688731841324902e+00 2.143938413058382064e+00 4.126639423442784782e+00 5.204071777802256271e+00 3.909659085799029654e+00 4.817264373628913354e+00 5.037890737432029198e+00
