2.835128944975444210e+00 1.010077607690911039e+00 2.792558367554861309e+00 6.034159065588086790e+00 3.594833068064480663e+00 3.506301042325903783e+00 9.303695781376968010e-02 4.225875353586911465e-01 5.682055821496829751e+00 5.284488691343707245e+00 6.193400443700826763e+00 4.991294649718628129e+00 2.395390230119652131e+00 1.181872609602872437e+00 4.757161030637693244e+00 5.207789503548331034e+00
1.392458211778336397e+00 9.934889447839855281e-01 1.446388553146449762e+00 4.473885823637034354e-01 4.677796244284820659e+00 2.539053818871402690e+00 4.117087157966241584e+00 1.773453457358052932e+00 2.763042617508895127e+00 4.384780973611484001e+00 2.719546872620655975e+00 2.706194026638708561e+00 8.619503524502901692e-01 1.285560335936869469e+00 4.906598503235081843e+00 3.988534511588649689e+00
5.470727545410280612e+00 2.579449651443265434e+00 5.892720484083351806e+00 1.417356034417745825e+00 1.672360311968072555e+00 3.591408026860621661e+00 6.655513230885723441e-01 4.281004883696414076e+00 5.637512854907663851e+00 2.925164819346548040e+00 4.805349601648584851e-02 6.247690632337769223e+00 2.631955126555437285e+00 5.181480441311482110e+00 6.138358962977241706e-01 6.127687400372103355e+00
1.293480801382472345e+00 5.128178209008487087e-01 3.162835707553950826e+00 3.888628013517438475e+00 2.253871271407184018e+00 4.540441919395036940e+00 5.604037290452908771e+00 1.169578240391369484e+00 3.419740734518441183e+00 1.659102160876874121e+00 4.387693605323776502e+00 1.501283124223329601e-01 6.689540707623513327e-02 1.677199145757074294e+00 1.329969713853838553e-01 4.234688256315225274e+00
4.347935196714340922e-01 3.750077892305925253e+00 1.332883180124588618e+00 2.451916820057431501e-01 3.914161504747506015e+00 2.291490898033336165e+00 1.720728219770503387e+00 3.491796273364746295e+00 3.324110283479703387e+00 8.211963867668172767e-01 3.612846645398948980e-02 5.429570779515163537e+00 4.454085604964769907e+00 5.921508632899198155e+00 1.104320312902800971e+00 2.554417308673118558e+00
5.270752362800262603e+00 3.390882894253370416e+00 1.223788921508750960e+00 1.512276951754267351e+00 3.912997152243746335e+00 6.219498522504668614e+00 3.366284622926918324e+00 4.888032415491788463e+00 2.003463651638260679e+00 4.895740613271857278e+00 7.971854531186323145e-01 5.843149377694031088e+00 2.389773531332458845e+00 2.308143051106156030e+00 6.060737941233539594e+00 3.985856572008396270e+00
2.523049205182153809e+00 3.057460666830083884e+00 6.969058182648494304e-01 2.145207999979879432e+00 2.930387954292968278e+00 4.812772553972894940e-01 5.109032993134277056e+00 1.064893362330359139e+00 3.005608206125101045e-01 2.184665050549789544e+00 2.185268058741453245e+00 1.857265411436388902e+00 2.351743193662331866e+00 3.421225429438150112e+00 3.109354917797358953e-01 5.280556279131474184e+00
7.444254375026483350e-01 3.435398941937248374e+00 5.995675101395761430e+00 1.784865220004496988e+00 9.789355691301683260e-01 1.417949646653025697e+00 1.077870332897824523e+00 2.638421779286485247e+00 1.808332939740513179e-01 3.808789139627326015e-01 6.724579107819236290e-01 6.106867150397332189e+00 2.723255203500190902e+00 5.435470042564723769e+00 6.214886767679062007e-02 4.900297930383469946e+00
2.911148833280848613e+00 4.570491128394398750e+00 5.149815599174565328e+00 1.877113598907730996e+00 3.089784221962694311e+00 2.017004146153747790e+00 5.723372825111893825e+00 3.366204301996498227e+00 1.287271207055848521e+00 5.399554172420751863e-01 5.283416262424306176e+00 4.362092044989553941e+00 1.659989958665552823e-01 6.016810304827783895e+00 9.176720815066491399e-01 4.547708481579594952e+00
1.994764161047005491e+00 1.530075347192291657e+00 3.885432393578189370e+00 1.834358030025190045e+00 2.773916858544581476e+00 3.446963453014832424e-01 3.905651864599977152e+00 4.637091511114131315e+00 5.680583467223079275e+00 5.961875029434769713e-02 3.305637197034924757e+00 2.541605814423727683e+00 1.665696348450314002e+00 5.898188737525444925e-01 3.388261641607049679e+00 2.730526311017057672e+00
6.102704763387921005e+00 2.820181770832776103e+00 4.611452546486459525e+00 4.125771252264722300e+00 1.846975178077740143e+00 4.103114088701413920e+00 6.683924174616677760e-01 4.490511311105739090e+00 5.823437882020936485e+00 1.876812609584538327e+00 2.638362016043023228e+00 1.621357917342683530e+00 4.440947567025987475e+00 4.240825841042895838e+00 3.778846454971551250e+00 1.230842016331531230e+00
2.972973006160349319e-01 4.588548359604480709e+00 5.206016239463872708e+00 4.197782251825490363e+00 5.921859678976986174e+00 8.160893474005113113e-01 3.888242304926117221e+00 4.216342768324054191e+00 2.686203818104619945e+00 4.788783483971129407e+00 4.488604894201742468e+00 5.720016706174000376e+00 1.206884332454451592e+00 2.668723639006255866e+00 5.324168602150036733e+00 5.794881632646368130e-01
6.065319101726466045e+00 4.338982301946034070e+00 5.784013951688232069e+00 5.236804319398937757e+00 3.887233658924833524e+00 5.783341478561268900e+00 1.520254762352023503e+00 4.921758059046732470e+00 4.402133654268025609e+00 6.500773372778365644e-01 3.647694270617516388e+00 5.032561165777631018e+00 5.105991089030982311e-01 1.631503629026453739e+00 4.519888348286580815e+00 3.195434716765473304e+00
3.134843904362934364e+00 4.697362659541568952e+00 5.615337933321414177e+00 5.975163027838019225e+00 2.863932958968396392e+00 4.179420196517322772e-01 5.299491425791711841e+00 5.110256183983183043e+00 1.250588235693507189e+00 8.221976081855222884e-02 4.323344091301840386e+00 1.809117446444136190e+00 2.776102504159556172e+00 3.167274958284716835e+00 2.387181312486856832e+00 3.043397237969462932e+00
6.250749295822639162e+00 1.571161525966605077e-01 1.569789505049270728e+00 4.219190476568822845e+00 5.329550885528814952e+00 4.869248161468897607e+00 2.373399055975898175e+00 1.242451439832797710e+00 2.476958005481051828e+00 6.210594508307422323e+00 2.850536630258733162e+00 6.058530767672819728e+00 5.213103852947366335e+00 4.188652819039912600e+00 6.140516436512668541e+00 8.964440550253952034e-02
3.499610129106608625e+00 2.158324619440934899e+00 6.600068743800433513e-01 2.705308070022545586e+00 1.626993377518073935e-01 5.178331230424495502e+00 7.438686328634139810e-01 1.713583044085217055e-01 2.691030252678864976e+00 4.240138825506573617e-01 4.825700866490660879e+00 3.636995713461432800e+00 2.718749412920172581e+00 1.462502242525524077e+00 1.106449744299071503e+00 3.390647645732316029e+00
2.743886539772094846e+00 2.475139134007633857e+00 4.844296019369388695e+00 5.543485604023736357e+00 4.915307818839680820e+00 5.026990134388372056e+00 1.646653832324969535e+00 9.378523614539020503e-01 2.195435725800587878e+00 1.051747076340743714e+00 2.954781287550775293e+00 1.420085785034546744e+00 1.389880708155809330e+00 2.703917655540942544e+00 5.569959344545047486e+00 5.577306837558901442e+00
8.204436800385635220e-02 1.930045422232125052e-01 1.598016659621178448e+00 5.097177589652326368e+00 2.391041237018414645e+00 1.847748509355664703e+00 5.203812700384804479e+00 5.754601952693195521e+00 7.286469709105704018e-01 4.250361005032426753e+00 3.006487396626358333e+00 3.188213109761357078e+00 6.207062801853005851e+00 5.534590834021600791e+00 4.423792194327795357e+00 1.333120091974214327e+00
4.306858219049229497e+00 3.759591995008867982e-01 3.969006224163395657e+00 1.538899550920497905e+00 6.824228650417994979e-01 4.745523717055541546e+00 2.129017034961639132e-01 5.518497416181678439e+00 4.102670730902819862e+00 1.066525360454527060e+00 4.778739098592232004e+00 2.098495646845537771e-02 8.423921068667110656e-01 6.604401118819579475e-01 5.513879059044627162e+00 2.766987472254872404e+00
6.084668144453941885e-01 3.638100068022079303e-01 1.911983062765816088e+00 2.578130156400443074e+00 7.266249410671858922e-01 5.222815915691954025e+00 3.518503220642582363e+00 1.223218462851664912e+00 4.573794147910670738e+00 3.444763401419342230e+00 5.592550350479331911e+00 4.078564482193503871e+00 4.138997461798174626e+00 4.172104011458481310e+00 2.913764152114176831e+00 2.327598391865885130e+00
2.140249566932466152e+00 2.009853564638272860e-01 2.185309645979577553e+00 3.177930894127094064e+00 2.670395172811556028e-01 2.825568715112142471e+00 4.378900899162442073e+00 1.729735374294964156e+00 5.418736472373225865e+00 3.289286444206467763e+00 3.679342970549422942e-01 3.218340845478304235e+00 6.133498343845201539e+00 3.335610157621272887e+00 6.125402028876322014e+00 4.525072611184461913e+00
2.318039321967430288e-01 4.593509357928815540e-01 8.310939326194798360e-01 6.174522963125385289e+00 3.640097575543675412e-01 2.440909006726246666e+00 5.329857255041098973e+00 2.380234702087058896e+00 5.745588480425106503e+00 5.635299002282414538e-01 5.488347390615890831e+00 4.507959819804884027e+00 7.375085999865018671e-01 5.839814316086615165e+00 3.472120908475437417e+00 3.171702352278076287e-01
2.273760324301834057e+00 3.082682221121909372e+00 2.800571603223176886e+00 3.905620295717471713e+00 2.058287917892522412e+00 4.160879996864213837e+00 1.043203033549908954e+00 2.550555605300239392e+00 4.739887198095551035e+00 5.514012737691634136e+00 3.501508834397651371e-01 2.575777500677030041e+00 1.047585030967654207e+00 3.745978288081004859e+00 4.716051037990774297e+00 3.253822171626756354e+00
4.181262630563295168e+00 4.748377084174506102e+00 3.730530975041614461e+00 2.548730064674715745e+00 5.964125065928999270e+00 9.042372402523833619e-02 3.133264812390543774e+00 1.831086691353221108e+00 3.886754829591005489e+00 3.097934052745269451e+00 5.604735394156816319e+00 5.427676652648234956e+00 5.093666759338686845e+00 9.119796399207342752e-01 5.990161639697967111e+00 2.091644375259984034e+00
6.010507604500457290e+00 3.278766040329856413e+00 4.683515901645595392e+00 6.167634414897864126e+00 5.251471879909288987e+00 3.207434986248278164e-01 3.105035723123180880e+00 3.835590152260408559e+00 3.755574697212197055e+00 2.225790814441257925e+00 2.830498876021172894e+00 4.455474438437968310e+00 3.029903463031932365e+00 5.117554725701171314e+00 6.136215006305361541e+00 4.838823348476662289e+00
8.276904102679802921e-01 4.979426619916173635e+00 5.994047772278400465e+00 1.061779808083258114e+00 4.651868920500593085e-01 4.158691217674380880e+00 3.321025198398939615e+00 2.192958216654653292e+00 1.390079683355910367e-02 5.335289608896141011e+00 2.822523168057459841e+00 2.673342645453758326e+00 1.529580769829573805e+00 4.074207889911744651e+00 4.076222032848127452e-01 3.647468742955159993e-01
5.783762620206458038e+00 1.478776857346826068e+00 3.038787153280289477e+00 4.328999803387883816e+00 7.007152903448037318e-01 8.869838419278787134e-01 1.030024380208557577e+00 5.369241566492266138e+00 3.956809058279594726e+00 1.775641551627513470e+00 2.945503594287062654e+00 3.420490433996242974e+00 3.063282837240124845e+00 2.039762219511142671e+00 5.100828851520012641e+00 2.193956603530346605e+00
4.983229299016592506e+00 4.769297687996457924e+00 2.285443446668407486e+00 1.373446625508967900e+00 5.157556921788708060e+00 6.249332533348737506e+00 4.472779359743250360e+00 4.214171637419559246e+00 6.275112461297820410e+00 6.073840976927255220e+00 2.650113574772543945e+00 1.657707963099294579e+00 5.901430433012396115e+00 5.719567180024747621e+00 1.455016902872164675e+00 4.659739115207933047e+00
2.619586060055373533e+00 2.097507142477471054e-01 2.230418024703671787e+00 5.989720208599192297e+00 4.628617121580015592e+00 5.477590040859293019e+00 2.288585473487697364e+00 1.482332244033045310e+00 4.783441942641366573e+00 3.496662052809604848e+00 4.310826882395384807e+00 5.977064713822383801e+00 1.158537202606369387e+00 2.409189522968289143e+00 5.225716203604950927e+00 6.298491970975652610e-01
5.857679997653353787e+00 2.053023716302646573e-01 1.645735348471190962e+00 3.304256548803007565e+00 4.382245421370276617e+00 4.556435236053311577e+00 1.398302131024879102e+00 2.386802061108593165e+00 5.972440845911402008e+00 3.399150601504405511e+00 2.667612074479489781e+00 1.790891373768167538e+00 1.828923084485215789e+00 2.594229847442745207e+00 3.203849861706802304e+00 3.448728052535053656e+00
1.720390523476106326e+00 3.575857600949986281e+00 5.168849106151998996e+00 1.055666155946499485e+00 1.708636016073669772e+00 2.877314726132277123e+00 3.429716580024551487e+00 1.062534559818697266e+00 2.901372797669700798e+00 3.602180557080857382e-01 2.242402999208507275e+00 4.762490070826911115e+00 5.758944484377012785e+00 1.471377545569659162e+00 8.232985988979361069e-01 1.688051068735022531e+00
1.239159438275916569e+00 1.372021195988282427e+00 4.789653076318082014e+00 5.491389495150743372e+00 2.906819769514448204e+00 5.859030109393239982e+00 3.009302508854129199e-01 2.934259074681242030e+00 3.852361335062617353e+00 1.629883431429733909e+00 4.013285758459814168e-02 4.971872549468094427e+00 6.144710156110353871e+00 4.828344286955416287e+00 2.546925377237328370e+00 2.131281423150297449e-01
