3.174007423928634442e+00 3.736965066203490782e+00 1.286015368011260485e+00 3.977279691185006127e-01 2.252469177272480305e+00 5.316374991748569201e+00 4.398423419953137348e+00 4.305775911584823312e+00 2.230561499561031003e+00 1.065697952863004172e+00 3.468364106331323082e-01 5.303557377410825779e-01 4.971764983101569335e+00 5.961767414661840014e+00 1.791541233202678107e+00 2.044713889012133468e+00
1.287765733788801992e+00 1.292652631007582764e+00 3.156449182003541853e+00 3.998017649980833976e+00 5.399988551164015327e+00 8.631896750672236607e-01 6.103411033936280816e+00 1.419019238208941269e+00 3.127768209322459914e+00 3.598400493637012421e+00 4.110017303044755543e+00 4.714405518511004978e+00 4.503621772612313556e+00 5.249260492880349904e-01 1.231928855842225057e-01 4.929824212477027068e+00
3.675297941276432501e-01 5.060026960767586957e+00 2.637097191795255480e+00 3.541561261876722266e+00 2.343489931190291475e+00 1.305609127968030414e+00 5.857537594599072861e+00 5.793125206664770488e+00 4.991271408197168746e+00 3.385879301478457393e+00 1.321975621710115734e+00 4.628604799845349227e+00 4.068504108061979707e+00 5.020871819099248512e+00 3.684272904240544211e+00 3.876313491147449497e+00
6.136112664545199102e+00 5.132577109857919595e+00 5.768566028501182608e+00 4.120395443708712691e+00 3.981636668262447554e+00 9.670659567601304074e-01 2.373833397317755445e+00 1.008061478606040673e+00 4.880250922058716689e+00 2.284353823998894306e+00 6.072541255006725258e+00 1.796387031294073733e+00 5.516090432779880537e+00 4.269676595412496667e+00 1.027882963714661146e+00 3.534210703415929355e+00
5.467720307377537559e+00 1.452675204313763624e+00 3.501477069296595523e+00 5.939051351254780009e+00 3.403026812754199160e+00 5.416197597620334925e+00 2.769737866207913068e+00 5.985536053982899674e+00 6.040601542266130330e+00 3.514675059705169247e+00 9.661316876913790264e-01 3.394180156280818261e-01 4.090292911716185031e+00 5.997966297638881450e+00 1.486535103082223586e+00 5.333159624162985502e+00
5.557837431388698235e+00 2.729445913834753323e+00 9.516893637900101233e-01 4.985979332744222003e-01 1.254046301230072880e+00 8.178274078397522739e-01 1.037107680401489818e+00 3.903583449751577561e+00 4.759702821188250610e+00 6.259357057927529056e+00 5.888192030840817104e+00 3.773655511102067539e+00 5.397178162336899732e+00 1.549603568754993610e+00 5.039308462364659569e+00 5.704916291682339491e+00
5.702667029423227341e+00 6.139176403070469412e+00 3.259972879180529914e-01 5.440996958714869436e+00 2.568232573365242022e+00 4.180523225922348485e-01 2.552268599821606032e-01 4.072396851073997182e-01 2.483612632788264385e+00 6.155096582001047700e+00 5.097875820339801134e-01 2.744665018440969995e+00 1.831703248292549047e+00 3.229544893790733173e+00 1.269916650227744137e+00 8.690610276321926175e-01
3.372985072283783747e+00 5.001335078470859230e+00 4.141641298564731066e+00 9.075939227427267664e-01 4.832949455585046294e+00 1.865420458261300318e+00 1.193064301138180072e+00 5.876229490933404520e+00 7.868247901218686780e-01 2.340752398555877356e+00 1.118892138521485752e-01 5.520089356282592341e+00 1.411386546369363559e+00 3.247348133418849869e+00 1.475282814600288421e-02 1.390698021148215391e+00
3.521202349993177272e+00 2.675070779946117749e+00 5.744152253700168131e+00 6.073782740366890920e+00 5.609188654224924520e+00 5.050021220114086162e+00 3.402144761012007468e+00 6.227121827736033843e+00 1.618655159551645850e+00 1.418077925548728302e-01 4.344535456896604586e+00 2.132785661969355484e+00 2.570758028213966817e+00 3.328014465378925646e+00 2.935503669274889482e+00 1.860140418938200257e+00
5.263890671624766870e-01 5.291475356777386452e+00 4.632380189234093670e+00 2.786206243426663232e-01 5.365641750755356654e-01 8.270754274599809719e-01 5.483946956117730309e+00 4.003949905295509204e+00 2.825802644554550103e+00 2.883278672078628091e+00 2.284150341111787608e+00 5.550936472623204665e+00 2.294844091444641521e+00 2.634156475467301473e+00 1.039050028097283640e+00 3.972502855541735656e+00
2.480975545492631440e+00 3.980476981636443590e+00 4.078913305612385187e+00 4.396133997410829330e+00 1.417914692793719400e+00 5.334605713966236173e+00 4.349808928014934573e+00 4.331339203291654449e+00 3.834394757240016105e-01 2.968874975373241742e+00 1.141421049963600026e-02 5.700685423621315806e+00 4.408824527681296068e+00 3.087110457104037753e+00 5.654698785592445098e+00 3.860459456227885333e+00
2.585282724447099501e+00 5.766170151171991165e+00 9.766549896329739244e-01 6.552792612150937224e-01 2.389389692106934859e+00 5.856231822892697281e+00 4.034122738448751022e+00 6.110150423262753483e-01 5.981436582940844460e-01 5.141326821233144884e+00 2.754085668624501881e+00 5.181213377296208122e+00 5.187152104845202949e+00 4.929540028225297021e+00 8.195043311109687645e-01 4.985976435287900466e-01
5.399046299339663513e+00 4.677189764249144233e+00 5.017557562388913261e+00 4.255388272946972528e+00 2.716758497602103972e+00 3.155536796279761358e+00 7.955991766384151731e-01 6.167474376163346150e+00 1.999505616361474170e+00 3.803173901590258255e-01 4.405752441341256542e+00 5.214577701543596788e+00 3.958722373998534216e+00 8.929714972178049992e-01 2.689676610635354681e+00 5.611901390580137594e+00
1.165374355508866255e+00 4.702044419038402978e+00 4.720080858923692446e+00 1.844369942736588053e+00 1.645911381675738250e+00 4.551978011200578100e-01 4.641190952554637983e-01 3.355344519736283893e+00 1.953503433917144205e+00 4.984472129224211123e+00 5.561372160654578956e+00 3.475466655219717094e+00 5.099598653177348506e-01 4.291470550956903551e+00 6.210134180653423819e+00 6.148823092529133838e+00
4.926264054671318782e+00 4.386982887694975020e+00 3.344735267480866359e+00 1.147864116511251309e+00 1.894662491856205389e+00 4.292584603218961625e+00 4.395268044337471203e+00 2.060382536720087199e+00 4.411952588806365760e+00 4.597487104240594036e+00 1.038590011831573179e+00 2.494719737397510240e-01 1.098409636498487885e+00 1.697803236867949650e+00 1.213589896905659993e+00 2.196518074626894634e+00
1.107894717976944055e+00 1.496017314265099207e+00 1.569466288750319682e+00 3.416011063371676038e+00 5.456324354907967411e+00 9.798616215292057507e-01 6.924717607923838170e-01 4.176083213591358145e+00 4.609742716115222017e+00 5.166075283354934378e+00 4.686215415950508500e+00 4.759065619125571800e+00 3.205535540203235279e+00 4.135835939081750290e+00 4.330705843417256951e+00 5.082786637921891781e+00
2.900276102825372515e+00 1.159234961341850390e-01 6.243777959648440401e+00 6.127517906193743480e-01 5.993113238869003823e+00 7.617218624814952044e-01 8.874624696552362302e-01 3.040438432119945134e+00 6.170431882831159953e+00 3.937062134106597555e-01 4.961397771450051231e+00 9.806017892212115505e-01 2.535792517729292594e+00 6.127786783880207366e+00 6.446989385124204386e-01 9.171520007706661648e-01
5.949132757026871943e+00 4.669428104252931533e+00 5.157141654677031006e+00 6.144066901473253850e+00 2.437221853166489982e+00 4.121978376670731414e+00 4.802862502459985805e+00 1.052869127579446173e+00 5.933317195834751701e+00 2.709487888237699149e+00 4.188814600489944695e+00 1.831786027630687430e+00 3.452225942826047334e+00 5.101840440988259395e+00 1.111713644991205951e+00 3.595034989782915691e+00
9.798058607271074028e-01 1.611422670236294152e+00 4.787747071216955419e+00 3.666457959717681181e+00 4.794217237177302415e+00 1.711199609420428258e+00 3.456372804554299183e+00 4.820968415828422060e+00 2.155048469165251390e+00 2.444669348122292529e-01 5.487212639751318122e+00 3.991560419624343048e+00 3.017702386634056877e-01 2.682281468680835612e+00 6.138617922877718236e+00 3.850560222284193923e+00
9.068344034837102496e-01 2.555703855139668690e+00 5.962840949940775293e-01 3.940324246224862659e+00 6.123406562547693888e+00 5.115997756566386556e+00 2.573285023453582565e-01 3.537147579194164226e-01 8.129442746163242917e-02 5.656040940974408571e+00 2.293351152599395704e+00 1.723454838322590277e+00 1.862081435090083392e+00 2.217924174736760623e+00 4.974709986901500791e+00 1.790010342475048866e+00
2.776567110908978009e+00 4.476738414698419710e+00 4.940728280541802242e+00 3.226523094233598954e+00 1.622596116598026939e+00 1.757623351467565653e+00 8.403420678917202791e-01 5.203603313968632627e+00 2.954947549302840315e+00 5.393176946258222415e+00 9.137642266017111936e-01 3.546649304705852268e-01 3.425248291641607601e+00 9.109084423916915529e-01 2.237186889633253184e+00 1.422104441239263162e+00
7.729009488923256344e-01 1.802945024825357345e+00 5.026932838425172134e-01 2.004827362086358811e+00 1.985742741854293891e+00 2.995820939111476511e-01 9.511463315378223538e-01 5.958098261631468162e+00 1.679934991769818087e+00 3.036222108206558801e+00 2.884152232374014080e+00 2.234088913852827041e+00 2.918639633043661252e+00 4.378915043317476830e+00 1.097187734838313444e+00 5.065556197099067681e+00
6.653274603474660376e-01 5.872606409228276370e+00 2.169951669937584260e+00 3.328800239818076268e+00 4.198539143912618066e+00 2.771345724326760074e+00 8.183950847562641018e-01 1.601241714213157141e-01 5.798852799154002646e+00 5.603631047109046470e+00 3.669186832711433865e+00 2.912080394450200505e+00 5.911626688805482033e+00 2.048964581787402039e+00 3.669824488110659644e+00 2.625072156296335835e-01
5.132739396550437538e-01 4.684235855930830361e+00 1.101020909163688666e+00 5.350098740813175269e+00 1.780417068342460274e+00 5.637040172779989380e-03 2.192469895254173018e+00 3.833318526467338616e-01 1.810287138903752924e+00 3.368610466392925051e+00 3.923333758975180885e+00 6.933591095690493367e-01 3.261264914812240345e+00 3.916389209143243288e+00 6.904196304459905287e-01 3.724604504457065257e+00
2.766496528575423941e+00 5.597076341649841247e+00 3.515904555232718387e+00 4.128374656397289399e+00 3.158156250520731234e+00 5.829858223086385571e+00 3.804820321270157901e+00 1.237411658291234451e+00 5.630235872654474782e+00 2.133634840640323826e+00 1.909405322715318709e+00 4.743646318313516019e+00 5.320059639450797739e+00 2.296414945698471044e+00 3.187120868850851441e+00 1.199895294655000111e+00
2.674092754987277054e+00 4.065098965578058277e+00 3.226259487378590141e+00 3.715208629038823318e+00 6.178569313630654314e+00 1.612586266370555632e-01 1.386625141002189032e+00 5.610374907972770941e+00 2.125141950274233305e-01 3.629439097856843155e+00 3.755942945390182253e+00 3.680242226273686246e+00 3.761895727697760705e+00 2.470054125740511530e+00 5.902618786635962955e+00 5.220259952204278520e+00
4.954993193946014785e+00 3.461975133685226691e+00 4.236406852254297029e+00 7.266607953527151054e-01 1.392563091731485070e+00 4.760687492509831920e-01 7.493594376245121813e-01 1.501780846421140625e+00 3.538744512452967506e+00 2.946233832334532732e+00 2.987079892475642762e+00 2.563962703751480610e-01 4.697579208626219693e-01 1.696238836586632104e+00 2.755593508867677954e+00 3.982582320271591314e+00
4.299828923326408869e+00 5.583908834241965380e+00 8.932863478007044833e-01 6.065299237378451558e+00 2.039907410400738197e+00 2.120483205869990506e+00 1.187602261153094751e+00 1.750290770311993871e+00 1.392122691128593992e+00 5.049763983704272263e+00 4.514253337167902558e+00 2.090680602029562962e+00 9.556477515771355513e-01 3.185460327819351900e-02 5.464722661170899443e+00 6.255274215879369493e+00
5.820009796862102291e+00 5.539623828689517637e+00 3.883621062928756640e+00 3.816787610208785875e+00 4.107552493096527257e+00 1.109416029458442976e+00 8.147207047015675441e-01 2.148536940907513682e+00 1.454604306931629676e+00 4.880282496073070631e-01 4.294361919140535555e+00 2.808665589742975754e+00 3.777263386782596655e+00 4.042837824425856041e+00 3.778823217674093460e+00 3.189593692604433262e+00
8.204273517413149808e-01 5.056730144269095284e+00 4.602131411420521623e+00 2.938078656560335400e+00 3.734771655338112062e+00 1.547705529207722197e+00 3.959028272741407228e+00 5.764913852014740492e+00 4.735609182841991505e+00 2.602046276321415164e+00 1.412541188026742889e+00 9.325623426444962227e-01 4.764177509792530074e+00 3.237458236231227637e+00 5.175883494756742031e+00 3.917370288832745295e+00
1.328553644370112696e+00 3.542586854242360861e+00 1.466908149553419749e+00 2.074523964221226091e+00 3.870951272844618707e+00 6.968099237373254207e-01 3.637154231388755932e+00 3.453492959078822366e+00 5.073674489553353872e+00 4.117205471402868078e+00 3.519972129085834567e+00 3.967126906513145368e-01 3.806116716275154133e+00 1.779656020844999853e+00 3.947435833977249509e+00 2.924241988267549441e+00
1.449501378221693448e+00 1.521489909889403060e-02 1.301973772711064292e+00 4.164328370349918984e+00 2.309413588135368123e+00 3.455153874332306696e+00 4.830146040622377512e+00 1.714861655024476184e+00 9.062636814248851147e-01 2.052247839288339204e+00 6.021803385132681319e-01 2.348946711213651728e+00 3.451840899211562341e+00 4.000833026488963107e+00 1.538497357110069963e+00 6.086728364211877462e+00
