3.279196531391670444e+00 3.809170608418934290e+00 7.518509112763163138e-01 5.288630784168400822e+00 3.166666341626501069e+00 4.560419437871285453e+00 5.664738177979297795e+00 4.765059970807175915e+00 9.723618477166822149e-01 1.966625412192579470e+00 4.206577684478910228e+00 6.377431719158391070e-03 3.686803043417880676e+00 3.263765724720905315e+00 3.834726137709718152e+00 5.240543015537870275e+00 4.980624221551351205e+00 2.008047259520612915e+00 3.101610862022652348e+00 3.935705581423457833e+00
5.138778866778062060e+00 6.061972330493477834e+00 4.663099685208400125e+00 4.643878522807316500e+00 1.662745112839602690e+00 4.011639723812113978e+00 5.434433037947005829e+00 9.525189236291591033e-02 2.646716366851383118e+00 1.204095215140023267e+00 5.769135250518745650e+00 9.213445131330346705e-01 5.055054600204748283e+00 4.545793848636956902e+00 4.247861538253044245e+00 1.901791762567615063e+00 4.145050397139381282e+00 5.467814904834772172e+00 5.160652492596997654e+00 4.348214421116693096e+00
4.435258775560241951e+00 2.416028581066636427e+00 2.293519231965758021e+00 3.277304353317459729e+00 2.976817221206846664e-01 5.959428207068012462e+00 4.171599642248978057e+00 5.090803664613249846e-02 1.961915748098641998e+00 5.805160421422987937e+00 3.789423652084152216e+00 3.204166385018267338e+00 8.467273300478402875e-01 1.663869766721451260e+00 2.931299488895557026e+00 6.279984996872983061e+00 5.941191534729989066e+00 7.900650960236834663e-01 3.570725726667025590e+00 5.749085243305859017e+00
6.252682058962412803e+00 4.879809285302121324e+00 5.731367029669521607e+00 1.018573352527448295e+00 1.804515100798572913e+00 2.381685977454120806e+00 1.417324600160170034e+00 4.678777097592173639e+00 3.568580165170183616e+00 2.467476665645772727e+00 2.239426054588420367e+00 5.619800820553504828e+00 4.949123200672993050e+00 2.226786826525262608e+00 2.442081647102961828e+00 3.792880049720831703e+00 3.488182273327312011e+00 1.703503933438480944e+00 2.894671341659903696e+00 4.712337212767685024e+00
3.553036881342609199e+00 5.599936069260368576e+00 4.571637098812991518e+00 2.218979667568497405e+00 5.506537669168100058e-01 2.470098483803854439e+00 1.369888338567483377e+00 2.783656597999264459e+00 6.148425720720717358e+00 2.284243527073759328e+00 1.994530064850265738e+00 3.783870693577680466e+00 2.386115242356735777e+00 2.682773997715577785e+00 2.386297248938439086e+00 1.305698636794114353e+00 3.523072904842818875e+00 5.221127553250420661e+00 3.276215294505001818e+00 4.221100862072231230e+00
2.218252363550373918e+00 1.802317377576674762e+00 4.744177689527695030e+00 2.414199576434326922e+00 2.805627467533490016e+00 5.783510433404429385e+00 5.214827928055796313e-01 2.917722627629529608e+00 6.111840521761787492e+00 3.010953586633765777e+00 4.956074341566111485e+00 1.410465067985304133e+00 2.481240987320515179e-01 3.324055086915711943e+00 5.950590473253450696e+00 1.739060225753555899e+00 4.351482062093893433e+00 5.506614809983436665e+00 4.573631766103547491e+00 6.870565490147501064e-01
7.715746066525714930e-01 1.043946279691289947e+00 6.370386114157008395e-01 5.169946165600463495e+00 5.898663471713215145e+00 1.519038188031749392e+00 4.703854595340361655e+00 3.028138208231589967e+00 3.104903233322791056e+00 3.794770795042330391e+00 5.459789919649529644e+00 3.454590658385634949e+00 5.252730297801058157e+00 3.500360234610739418e+00 4.917814058626482909e-01 7.807194113033288918e-01 2.358334697880431374e+00 1.053554422933299595e+00 3.168986834981790679e+00 5.893461250588398315e+00
1.263070288896431137e+00 4.656613895726999353e+00 4.194546922174585690e-01 8.757193583357499866e-01 4.648126831131358827e+00 1.056986709292703219e+00 1.121781852127145429e+00 2.747675150658818399e+00 5.423717921137661158e+00 3.548419518918970006e+00 3.066713634583449366e+00 3.098712293169078258e+00 3.749757321239894026e+00 4.206155896183006782e+00 6.020339280142810168e+00 1.498393364722822252e+00 4.706418113464913233e+00 2.776426334727688072e+00 3.525771391484997963e+00 4.482451333377819758e+00
1.549850624263040322e+00 5.064960599354611404e+00 1.755755010855300224e-01 6.694513857424914116e-01 3.082792886687610867e+00 5.570225149539453469e+00 5.167099683361088935e+00 3.515312051241945568e+00 4.417270493080562410e+00 1.039573586166258279e+00 1.046277457786514598e+00 2.129962484681542811e+00 1.508633568478702225e+00 2.858992158830514718e+00 1.447134171210795239e+00 3.520314552845519973e+00 2.350793914606873702e+00 3.435264423713103588e-01 2.473511329796843849e+00 2.947993859604795208e+00
2.713925207309543008e+00 1.796695354781262521e+00 3.187132729184827262e+00 6.513567819300938311e-01 4.171871344242664925e+00 1.510228801515477226e+00 3.784338565841524615e-01 3.691633964002883683e+00 5.081223263512154809e+00 5.878320259130254577e+00 4.414207792545798981e+00 3.719522884091142512e+00 4.901800945886724215e+00 5.020695686964292470e+00 5.607075650320127558e+00 6.366488929317144496e-01 2.064865412727711735e+00 4.240427525593247537e+00 4.509883815004985586e+00 1.594190196114150693e+00
3.717464704131578479e+00 4.959138734807395643e+00 5.074516853577605069e+00 3.866046467753230242e-01 3.615140632155165790e+00 1.214338805091162765e+00 3.777800410676168674e+00 4.607206439267985232e+00 1.902961560976406341e+00 2.639563677781486262e-01 1.105007362550603833e+00 3.483238910543606348e+00 5.049997522570698338e-02 4.116953378739743208e+00 1.825596952826554098e+00 5.382866797148630589e+00 6.063584876235797338e+00 1.931981970873272170e+00 3.664456917955227322e+00 2.647921016727178056e+00
2.731848917430422574e+00 6.154103681036001694e-01 1.918193719326383384e+00 5.725141388170746914e+00 5.275185953961024410e+00 2.741458340606920618e+00 1.781958937181889135e+00 3.068937541966027194e+00 3.655662593765072632e+00 3.520960443378329252e-01 3.206349711119618195e+00 8.956839357073602681e-01 6.202565792681214774e+00 3.070456121077458356e+00 1.954472975259967660e+00 2.847583423157674432e+00 6.692294959314777358e-01 5.163697695971507517e-01 4.512862924766309347e-01 1.186545355744478281e+00
2.122450477929135992e+00 1.789207247802545808e+00 4.024046286159250752e-01 2.842310826012999780e-01 4.389505273259566742e+00 9.394441392751478048e-01 5.203381647050801639e+00 3.580401849036355610e+00 4.541061622301604039e+00 9.096938253329382995e-01 5.545158416046249705e-01 6.000299878963059885e-02 4.143966986283905918e+00 2.651090696770488364e+00 3.538488774142623416e+00 1.251766352603447263e+00 3.726523165097458179e+00 2.497249936143814075e+00 4.985545013024173855e+00 3.323507013468062876e+00
3.974832977202635842e+00 3.317425125190656132e+00 4.248033758416077887e+00 4.288966468723642400e+00 5.687333620140289980e+00 5.014178692439228868e+00 2.057191940012186748e+00 3.872262231338776228e+00 2.631523240217153781e+00 4.512468751838204284e+00 5.798779235155995693e+00 4.053464505033795295e-01 2.876511645574788112e+00 2.372884023470363868e+00 2.794038181990942782e+00 2.610570963942660860e+00 8.248645930527088721e-01 2.161584185007860981e+00 5.796108705131482353e+00 1.039636312927904926e+00
1.056593470714804806e+00 4.867639661911885796e+00 4.397051820467734018e+00 3.356807561720864364e+00 1.596938238004339317e+00 2.497204840669351888e+00 2.935044112654732196e+00 1.791679990095381036e+00 2.614839378789296731e+00 2.502841680753721043e+00 5.776662807173608805e+00 4.628434310917792338e+00 1.399289129857326675e+00 5.088866641935921642e+00 3.804135581445925673e+00 2.558682948038552230e+00 1.653190831616294210e+00 5.137447458591779537e+00 4.279930232718926142e+00 6.063074406744791034e+00
5.058009895517368903e+00 4.519723702916426333e+00 5.702732723868459530e+00 2.134912502186165018e+00 5.849034615096149636e+00 2.599431582066029645e+00 3.985651297284110051e+00 3.909479460259939199e-01 3.805012691401506775e+00 4.661466726551948270e+00 6.135112165864504280e-02 4.906264800970256523e+00 1.330019005073700855e+00 5.587684066437630825e+00 2.360551777734781087e+00 1.481721367214123841e+00 3.072214544029409300e+00 1.559622241909034868e+00 3.347674253524597798e+00 6.171942732772424556e+00
2.991285834752464012e+00 3.582419920110281097e+00 3.172636757532461882e+00 5.159320836992354664e+00 3.354978533812139396e+00 3.061081591746540376e+00 5.279424328869194438e-01 6.110453116787702754e+00 1.045466227225058331e+00 5.934519473960246039e+00 5.025488987834190624e+00 3.058506993555697662e+00 2.209047287557300621e+00 9.670978796474556383e-01 3.376399416808592568e-01 2.551954903795622953e-01 5.410768712416397008e+00 4.244413023309551392e+00 5.221397490437973410e+00 1.876864397065167278e+00
4.877832645309416293e+00 4.483573322823180440e+00 5.103319322405987180e+00 5.937360161582482476e+00 1.579062144332147311e-01 3.387046670261756098e+00 1.592610333347672436e+00 5.909853231328007217e-01 3.742339667868286313e+00 1.492564588822940408e+00 2.233592989621533409e+00 2.151681453534424193e+00 3.049044432125337156e+00 2.936436471420472483e+00 5.065938468181534482e-01 1.697803950610740076e+00 2.791955739192004238e+00 4.126680819500036179e+00 4.022153449517249513e+00 1.912868619256264502e+00
3.225987090456274409e+00 1.815479912652121053e+00 4.055387072661046588e+00 2.470447349545659144e+00 4.991388679353669033e+00 2.520931423900543589e+00 3.471078254486881232e+00 3.101162834247267464e-01 4.157944685251161232e+00 3.061706727247157644e+00 1.856618009389358948e+00 1.408953165260133700e+00 1.469647977609624290e+00 2.075237225520621287e+00 2.998914745325663933e+00 2.455001318422984635e+00 1.158036854200124921e+00 2.460524982061949473e+00 2.249879422825286746e+00 4.874856483228661830e+00
5.620351304927338809e+00 4.554991006659764530e+00 4.271521457449092285e-01 5.977156748892457294e+00 5.408171394245104402e+00 5.348188526843959956e+00 2.222934804801873110e+00 5.234233546614554200e+00 4.185204840763797840e+00 4.991087329914857484e+00 2.548524633617929691e+00 3.126769261159333624e+00 1.076316867648986486e+00 1.790102602601077175e-01 1.278382923691667283e+00 2.106326959404228205e+00 3.865832854828999743e+00 1.112287071426862450e+00 5.954717988153189978e+00 4.783116963503775132e+00
1.028453719109998277e+00 3.241003035596826010e+00 3.959447059552384296e+00 3.391039830851457992e+00 3.120126321392578728e+00 5.501194342763092493e+00 1.242564747607298736e+00 4.311145040280610630e+00 5.633201934463934357e+00 2.757959194842722450e+00 4.828092383227443607e-01 1.989655557763784888e+00 5.928427081582305469e+00 2.675673457178559533e-01 1.154329661527604634e+00 6.249462781045864723e-01 1.289593584080309663e+00 3.027835209821212903e+00 2.645400812686190761e+00 3.026840980660504332e+00
4.046527207172855967e+00 7.421362470493351182e-01 6.090906174485148483e+00 4.031057200516726446e+00 3.827353903100006782e+00 5.980642811766283540e-01 5.814545134291814188e-01 2.957513074089028748e+00 7.263336065663625885e-01 5.704126592895836900e+00 6.540423970877899673e-02 5.777125566133692658e+00 1.015600211753479254e+00 3.512296922453385761e+00 1.285538492869082949e+00 2.248410014527392420e+00 3.060062359630802309e+00 5.478915077291353519e+00 4.672889194284133296e+00 9.127563316503950475e-01
5.679713009197721041e-01 4.803778511652799565e+00 3.933332834818272339e+00 4.124733522704889244e-01 3.477574586362639497e-01 4.503797881509265189e+00 5.149740040394100049e+00 1.532450901838060542e+00 1.313342460954007196e+00 5.939690973164106325e+00 9.448186371016239482e-01 2.852357987140424544e+00 1.955564154110860597e+00 3.957958837570210164e+00 2.325850520618550077e-01 5.592546421498570730e+00 5.449074920757415175e-01 3.588379387430964851e+00 4.713078268057818931e+00 6.070911806763880314e+00
4.198590886606153205e+00 5.661864522320199100e+00 9.772466999930535803e-01 2.305696124314823070e+00 5.992472115853846759e+00 1.276770917760035262e+00 1.459450375239613740e-01 2.329309089207876049e+00 4.083543575961331662e+00 4.171879772056239055e+00 1.360860126496671318e+00 4.061728841469357754e+00 3.282563604215857911e-01 3.783458793405988896e+00 3.443737549198943260e+00 5.575504638054512574e-01 6.239011187932609559e+00 2.592253272564601918e+00 2.282206364629164597e+00 1.120277495065055362e+00
7.431450991474699563e-01 3.766154896157563936e+00 5.718904486981625013e+00 4.398024836974498974e+00 3.928451637508885153e+00 5.005184488881544880e+00 5.220889077666352129e+00 4.846410756054041258e+00 1.600308128007367658e+00 6.024183160455812924e+00 3.983326690207173115e+00 1.138849399076735214e+00 2.641234566688778429e+00 2.013339311484449112e+00 5.180619352196425886e+00 4.720187601426042434e+00 6.333862490782909971e-01 2.856664608200158550e+00 1.027905426173206793e+00 1.931397491801409405e+00
3.792796881719647240e-01 3.065163074083144590e+00 2.851054839265207974e+00 2.302059043863452503e-01 5.935279978877890272e+00 1.325163723444350294e+00 4.720900491526481169e+00 5.688018686741227015e+00 4.955789642725224375e+00 5.908266053906265469e+00 2.863767803236128007e+00 5.187953869429151155e+00 3.658008688309579148e-01 7.777134322279364298e-01 3.447930398971194244e+00 1.997083240643645174e+00 5.837281141952527008e+00 4.300184736954420828e+00 4.017825375546841826e+00 3.593034098985201652e+00
2.955420863160118650e-01 5.337747688233173804e+00 9.279276197492601908e-01 5.107500732512419539e+00 3.708346725272074096e+00 2.242043668768595843e+00 4.138874732985171612e+00 1.131826491213490993e+00 4.575942931221939958e+00 5.673550736457283250e+00 4.984272163777974107e+00 3.417648467969459869e+00 6.174505172176260714e+00 6.090503857664509191e+00 3.106554553518470652e+00 4.499762515218519887e+00 6.801335476871331887e-01 7.607746864781357310e-01 1.520311352549780670e+00 4.984624590496444796e+00
5.714279525270736571e+00 5.738297347883692723e+00 1.074081274906888206e+00 4.742740779665907347e+00 4.261909521491935138e+00 2.803812779548334078e+00 4.274405629291678110e+00 3.327285516427795908e+00 4.724850816422534905e+00 2.195390392857033746e+00 3.671423904655515269e+00 4.457393296585696163e+00 1.499617352930772141e+00 5.195526579648408472e+00 4.241756625476525322e+00 2.165587117533320782e+00 7.510077544115687509e-01 5.371574404728830743e+00 5.771965339827504593e+00 5.996975279152728433e+00
5.979882526291360634e+00 2.022369531718564706e-01 3.398400902550057889e+00 6.202703112066880742e+00 6.231659494674055555e-01 5.276959086012366740e+00 4.214549271987920065e+00 5.790398810390995354e-01 2.921319617521865641e+00 2.703867269565700227e+00 4.253770756013739884e+00 5.411891340775910386e+00 2.572642119166176133e+00 5.493555216592119095e+00 4.281937252807777483e+00 5.841074015682655940e+00 2.308657185379682453e+00 5.561523017464760521e+00 4.051718574142488372e+00 5.657114158721640251e+00
3.981425928632356115e+00 1.291802526239444193e-01 1.352953678508084456e+00 6.172502446428174139e+00 4.475598669205326452e+00 5.677127209308143740e+00 3.176000844395023837e+00 2.624126302185272319e+00 6.029913867157687513e+00 3.871993888934396555e+00 4.649166234511978857e+00 4.061874891159766299e-01 4.090098145830582510e+00 1.659227924392497000e+00 9.052212583928210821e-01 2.246238841451448476e+00 2.286198591723535678e+00 3.637702735374230389e+00 5.247292192995604232e+00 5.967946874768830234e+00
7.636037369086094984e-01 3.220976091796382335e+00 5.427484594135099982e+00 3.979894258075336921e+00 9.506257145358765204e-01 4.829800189219058737e+00 2.517433819716454746e+00 5.562533316873705225e+00 5.265797013954886197e+00 5.323983353106158667e+00 2.156345009892643994e+00 2.203201209083585965e+00 8.575378005017555427e-01 2.380416818653102062e+00 8.465269855109304464e-02 5.655535284760422776e+00 3.879040685830710711e+00 6.282875424652739405e+00 4.929048723588829617e+00 4.249827218734241185e+00
2.699956046353785943e+00 3.337870927243296038e+00 3.898138780502733436e+00 4.416549453934100811e+00 3.511894229467793949e+00 3.387746418992701347e+00 5.908473022089982818e-01 5.823533881665990286e+00 6.217032575233332636e+00 4.436992310172806597e+00 5.486722484062866556e+00 8.349019561436188397e-02 1.632572172009395084e+00 3.318799868143686549e+00 4.700394023779523422e+00 4.439348327731655885e+00 6.232409428557639686e+00 4.842751087857644521e+00 4.785953863146127141e+00 1.617101796590865170e+00
