1.747194181956078340e+00 5.425567940928932131e+00 2.101969552297378918e+00 9.969644501951219207e-01 3.068680660081026801e-01 5.248718462424160514e+00 2.550124745439852902e-01 1.023469928419387553e+00 1.732973571282783176e+00 4.356260642410833661e+00 4.675938214502421530e+00 4.683503824552624373e+00 3.116474773745560256e+00 3.149500383928945713e+00 3.423038244695003396e+00 5.985978721194869401e+00 3.149713964876502126e-01 2.752655135357003235e+00 6.206971029790250505e+00 1.842487941242501259e+00
3.503116276786660599e+00 3.589689397929646031e+00 2.900840834318887396e-01 1.067046950577106967e+00 5.160866180136453707e+00 2.027557847741440877e+00 1.436347323575026591e+00 2.006092059962157670e+00 3.740591629857408673e+00 4.808284903902757534e+00 5.171135234024417215e+00 3.185168521548018994e+00 5.526246698289255299e+00 1.794969454740291459e+00 4.597209924159809447e+00 1.025926411554898054e+00 1.884448426737667104e+00 1.553648328565300663e+00 1.519172086134008337e+00 2.923768151193695264e+00
1.556272119210926563e+00 3.859186446856764263e+00 5.612401065595412852e+00 5.269095477909819358e+00 1.274491350240602783e+00 4.213798876011659367e+00 4.816763782801540827e+00 5.167480345922135676e+00 2.081062374067233822e+00 5.834086013441767804e+00 4.140481505785818861e+00 3.057895679723214855e+00 3.413514339389945640e+00 2.725908764651592708e+00 5.857806506286376447e+00 5.854058084446708499e+00 1.408997544664076784e+00 5.381580231079225562e+00 1.607204801920560255e+00 2.102615971184151444e+00
5.126903344733070300e-01 1.902808182342735410e+00 2.428204366321387309e-01 2.175162751971221997e+00 1.779926417117619009e+00 6.126401330030731174e+00 3.521795107843136652e+00 5.505674646901314695e+00 2.253470623448396548e+00 3.875825397976469411e+00 1.598304374110687043e+00 3.520167149801249451e+00 5.046272233104487803e+00 4.495233203155209800e+00 5.387344235880481946e+00 5.913077952135552096e+00 2.960307794423525651e-01 3.010229656887315058e-02 5.105202157101801363e-01 3.224857265471771317e+00
5.550144085034730779e+00 1.176536203764461774e+00 5.399463300689192335e-01 6.856483090650777878e-01 9.399225644415378778e-01 4.559222141123134620e+00 3.557817321239695296e+00 1.368721693471858680e+00 5.025307936022143984e+00 1.729487005745656614e+00 3.903400092740939797e+00 1.215425955418885984e+00 4.412106901001682235e-01 4.543874640077310900e+00 1.929359381556998709e+00 3.756765387137255718e+00 4.456126872828185093e+00 4.440023086034745603e+00 3.943533040227792164e+00 5.469296345357147260e+00
1.835230440403657681e+00 9.521139025505713782e-01 6.104105208064703803e+00 2.518112579302297149e+00 6.144308415641680732e+00 9.351645663886274384e-01 2.311868008897969951e+00 4.023689848765382493e+00 5.917559219015299909e+00 3.689685833427736483e+00 5.467942773210090479e+00 4.796264057680751591e+00 1.310934662126779893e+00 1.653153754363085204e+00 1.319013857096789533e+00 2.180565453302247381e+00 4.415615128528516564e+00 5.078321749028790855e+00 2.799124286178918730e+00 1.273043614338497775e+00
3.862122503999920298e+00 3.341666471140490868e-01 1.813588861366107530e+00 6.134711839235771791e+00 5.053550695693545869e+00 1.186446325153936110e+00 1.783489017793243869e+00 2.847246950146371525e-01 2.359340266078041815e+00 5.910983668586485607e+00 2.454698464687609771e+00 1.970572336581954964e-01 3.713933483100860578e+00 6.059321005281040229e+00 3.227927589249287799e+00 1.570124105191448738e+00 2.011426854029854105e+00 8.330089675822051065e-01 5.223768000768345132e+00 3.052057415187777067e+00
2.891063701230861316e+00 1.232772580035886634e+00 6.022178888233539418e+00 3.404486973404255767e+00 2.416181254412550050e+00 4.340011015175290865e+00 3.346102216023552511e+00 1.530674207455767544e+00 5.171401071537962579e+00 4.996420434142001987e+00 4.957971854067339201e+00 2.101051055037374271e-01 3.486344370289933270e+00 2.997386830382702705e+00 3.487013145622382293e+00 3.176977638483236444e+00 1.324895904541280478e+00 5.719945194715952752e+00 3.197364437725628061e+00 6.031998787673171769e+00
4.132862748057373636e+00 5.776770933628533555e+00 5.545942757635117459e+00 1.388190562572467535e+00 5.155960329010363274e+00 2.185634219550883106e+00 5.155358305716414513e+00 3.521123053161953731e+00 5.478157197906090986e-02 5.313035651507206580e+00 2.179000017854773041e-01 3.465056710900455528e+00 3.791210063447931766e+00 1.812540795498719826e+00 5.853876528410074442e+00 8.204770200148694403e-01 4.653603797355099658e+00 1.506371499083929200e+00 6.073324178300119058e+00 3.210457208932953055e+00
5.567476246344391200e+00 4.917100240452242366e-01 2.470370987509665550e+00 3.703862484797198373e+00 5.863536629070064343e+00 4.731467065186986787e+00 3.364724053333095988e+00 2.088843408799308854e+00 7.807737217318304612e-01 1.331639229264896196e+00 2.195810194937137805e+00 3.354649456623320258e+00 1.985008799577003380e+00 4.213031524987724374e+00 5.798305115412865085e+00 5.741389580402398884e+00 4.269227484143529594e+00 5.219226597245043564e+00 3.789407955722015053e+00 5.443340978564793486e-01
5.639691448186364475e+00 2.871293570634977588e+00 2.591432705530688718e+00 7.884888326432767380e-01 4.955229403173575520e+00 2.334727161355023117e+00 2.513127917630495922e+00 1.284903634497559288e+00 5.561682529086180438e+00 2.593224829360801120e+00 3.012400103135509433e+00 1.329621478214935815e+00 3.905367466348573124e+00 5.105872281124393730e+00 2.043025551038524235e+00 2.011862615552569566e-01 5.628001072223704604e+00 2.278985761535402776e+00 2.230892255968138560e+00 5.282429722439442976e+00
5.713081302932835115e+00 2.053079277418242921e+00 1.930238953746823638e+00 2.832078959581020516e+00 2.110821788499773088e+00 1.499686854866227881e+00 5.117485053495729463e-02 6.212060548222215317e+00 1.089407745296955721e+00 2.683920639947031006e+00 9.296815924451317104e-01 4.304104742533570338e+00 5.405857082982187478e+00 3.460552700911400770e+00 4.240593734543487869e+00 4.424624203557415036e+00 5.887069128485973302e+00 4.747409071939857839e+00 2.753288815790371213e-01 2.126956875187380636e+00
5.040258357406398465e-02 2.882711804660173627e+00 5.235908904802184516e+00 2.788062154586048447e+00 4.283265401681371820e+00 1.586533751600556874e+00 1.971423505431108447e+00 1.717807637208627503e+00 4.556519375528175209e-01 4.481285030911791978e+00 2.771584659104214587e+00 3.118457789145565151e+00 4.674028315577607451e+00 2.137627417083482584e+00 2.973982634193711228e+00 5.936845673122069122e+00 6.214871495964702675e+00 8.421407129806237624e-01 3.086341730764008418e+00 9.299419080687972849e-01
5.705946323190840275e+00 5.418470453948012633e+00 2.877539859840315906e+00 2.045765113525812140e+00 6.612073525464936541e-01 6.193878907963530800e+00 4.131028721273762305e-01 4.674167926351257663e+00 4.601849607575032586e+00 3.455785133121138664e+00 4.030256415222054578e+00 1.463968720590145045e+00 2.340471137384112943e+00 5.372920275347965458e+00 3.625658868256776746e+00 3.694605886460545108e+00 6.084044378329363845e+00 1.976697397962382974e+00 5.061106432028294577e+00 5.533582138884483470e+00
3.749907405247942194e+00 2.509963076739423649e+00 1.320710510095018719e+00 2.810014207133721520e+00 1.737852956223616019e+00 1.824733521833314942e+00 4.867891305068601682e+00 5.895001960222294723e-01 3.157159897958066730e-01 4.326281021199661403e+00 4.616718613141350680e+00 7.478558292840676858e-01 2.139271193849062946e+00 1.212762355781653811e+00 2.897124114614280543e+00 1.005692548137900044e-01 4.130819412909138677e+00 2.822497960980390630e+00 3.622168122689541470e+00 2.555017261553636843e+00
5.978163862368205628e+00 2.974231673316455105e+00 5.815797237761504590e+00 1.623355211108538976e+00 5.816605024176722871e+00 7.620572852279290377e-01 1.362256727530349432e+00 2.466729713730613227e+00 1.517370474568366712e+00 4.330722254828654472e-01 1.172855009785334524e+00 4.498964764727227283e+00 3.287845094892462239e+00 4.676701561617091940e+00 2.935750716528537030e+00 2.772562128364751022e+00 4.572734346641768255e+00 2.481748118929880231e+00 4.928092590174424359e-01 2.590298577890166154e+00
2.077803738896221830e+00 7.351943227668437109e-01 1.646247760142744765e+00 1.926900697019076070e-01 3.195419222835179429e+00 3.872915411908297578e+00 5.852706876679043546e+00 9.491841473569024856e-01 5.546760059571459678e+00 5.879804211559992666e+00 6.052392584330843484e+00 3.398461233817058780e+00 5.022081893820340426e+00 4.732542885165695878e+00 4.325238793701324802e+00 3.685374286970129365e+00 3.045403823767882656e+00 2.661667841823683212e+00 4.734758407831078375e-01 1.681739160730155724e+00
3.763625267014516496e+00 4.287024028358533023e+00 5.498458884728894880e+00 1.239738960838623338e+00 8.784121115533467805e-02 9.408612966667466715e-01 2.063627011024916857e+00 2.045538928964386383e+00 5.103405415424318470e+00 1.445784637967864272e+00 3.294995413863391232e+00 1.206670388768539270e+00 3.869660273061884537e-01 1.715420088570927426e+00 3.575257692259472542e+00 4.034744761788183531e+00 6.438556808638934426e-01 3.900141758648700385e+00 3.843346630467271208e+00 4.181961386964303529e-01
9.213013670403984445e-01 2.471101549377119344e+00 4.065069703751198915e+00 4.653626098061721450e+00 2.199726591995665892e+00 3.604553061687230997e+00 1.813774593956619441e+00 2.108918709689912241e+00 2.177781675763480695e+00 4.910220280085813904e+00 4.681913234551969616e+00 5.856007361751950357e-01 6.273932328617166654e-01 1.036152050517642698e+00 3.409724975366443811e-01 3.867016275789422863e+00 3.127160252504470606e+00 2.264109603643917445e+00 5.102445205927152116e+00 5.896932173385388332e+00
3.034528596870341044e+00 4.367474110871741644e+00 5.253220936069184610e+00 6.193617388722159944e+00 4.304356093445574238e+00 5.311533112189475325e+00 2.627915089835864304e+00 4.891802814371471797e+00 4.720081867124387820e+00 2.947125715425395476e-01 3.825999211933508892e+00 6.591557843052566756e-01 2.821394439733493353e+00 2.657857959829367900e+00 2.729793776659265703e+00 4.214709802678395789e+00 5.220499422769182551e+00 3.797377263776252843e+00 3.353250452518149238e+00 5.104754059242091913e+00
2.934011791155306081e+00 6.244078792933834832e-01 1.078478541402599217e-01 5.581163367404467834e+00 4.628941287727997178e+00 2.991667798945755852e+00 4.770254933957503773e+00 4.671095177078624872e+00 1.857201207309241875e+00 2.367118890026246092e+00 3.498102042149322966e+00 3.450137665302365431e+00 2.994960836403168236e-01 3.583573150539908880e+00 3.669269712833832742e+00 1.234932484732412655e-01 5.191580717352804797e+00 2.846724238698792320e+00 1.430802312132564369e+00 1.477965461234862943e+00
5.218420285919412649e+00 5.605335976836660627e+00 2.092284242058306987e+00 3.690644797149260192e+00 1.289386795993012091e+00 3.245319018918481735e+00 1.047492217679801552e-01 9.254538086079564518e-01 4.466758974328065790e+00 5.921601693997501137e+00 6.783853698635655682e-01 7.417391785069598065e-01 5.486664699465645612e+00 1.872918289042378781e+00 1.526963875289952588e+00 7.429264471119141344e-01 2.063870336458700994e+00 7.514946087763128002e-01 2.093884968114496647e+00 1.573449910423782683e+00
6.210715022449801559e+00 1.546520920176427838e+00 1.029364739185773869e+00 5.400723721039843994e+00 5.726423458916046760e-01 3.266530180475638367e+00 6.185153460455585339e+00 2.111992358813656878e+00 5.331450001209808498e+00 3.618484249846990686e+00 9.883146388217443068e-01 5.522206249039365744e+00 6.192040020611719875e+00 1.164068855617221621e+00 6.830945712676936843e-01 1.626479185935456387e-02 1.713654499626333427e+00 1.169850094551653452e+00 5.369012737085495424e+00 5.766748400964548438e+00
4.006752686822034448e+00 3.242090773231171230e+00 3.924429007198199759e+00 5.535671180011711101e+00 4.889553175118805939e+00 3.871469138421176570e+00 2.656744944229442407e+00 1.656598318676995918e+00 3.186422399547139683e+00 5.558442229475603069e-01 5.098091798549581055e-01 1.228315164343526611e+00 1.039082975723856661e+00 5.838839982868587519e+00 8.408445552859372674e-01 5.581814112341967338e+00 2.063648455168512363e+00 4.215088048799514597e-01 4.548066891316008942e+00 5.938719077553588299e+00
3.832630243483898358e+00 5.179882405894183778e-02 8.666352343254091206e-01 2.230116066536650177e+00 8.315817370578920675e-02 2.686265385820912677e+00 4.464060865571565451e+00 5.588229327805745328e+00 4.042554559820916715e+00 5.579864860583562347e+00 3.661254341648828348e+00 5.203796918997754872e+00 5.798290096381879088e+00 1.722747244799996302e+00 3.745663331111741545e+00 1.737285325649629675e+00 6.601017395779051888e-01 5.707902593750621811e+00 6.278522187801168108e+00 2.428027027835751639e+00
4.009208343689979692e+00 7.885470396693871065e-01 5.022195426599145307e+00 6.226033014594079873e+00 6.164121461359113319e+00 1.021362391348832471e-01 5.169843740760457607e+00 5.308484598172166891e+00 3.108812646075254094e+00 3.961132766684387185e+00 2.669869748019049194e+00 4.311644937343656281e+00 5.409763597808213476e+00 4.035463244695336904e+00 6.110913954387237057e-01 2.795799989966348154e+00 5.178487062964999943e+00 2.475292942270622465e+00 4.389646753908465371e+00 3.333273446708662213e+00
2.424697382634021459e+00 1.441863170795143034e+00 8.711175785119369408e-01 5.487670363816290475e-01 2.797537943272174310e+00 2.389144049375697243e+00 5.970517327579040412e+00 8.218374223155870961e-01 3.507754317497334462e+00 3.953209591656188682e+00 2.348400550338761494e+00 5.599248928675240933e+00 1.607368305523535046e+00 1.075936892915320131e-01 3.480027720042225270e-01 6.254225307403084244e+00 5.622667889064397073e+00 1.528646323808382501e+00 1.583105170409503382e-01 2.370210657200216564e-01
2.473863257571272900e+00 1.141050177027953083e+00 4.899027473292981050e+00 4.249101989311580563e-01 5.101773112595434867e+00 2.036556967050476619e+00 5.823541551292755747e-01 6.104744261934495597e+00 4.227852489897024668e+00 3.680592893071112925e+00 4.636629018476634556e+00 1.726907208674367311e+00 2.080599729244137774e-01 3.729752617816645799e+00 1.738106994681501760e+00 5.822337403773912179e+00 1.851624343032414188e+00 1.212035686166274273e-01 1.638902618585304394e+00 4.703257384045310685e-01
1.836416052466687043e+00 4.253165494808333946e+00 6.202366965887173400e+00 1.940197746746122887e+00 3.602967092168909868e+00 1.230012958151876390e+00 4.985880533648358259e+00 5.471244514480762433e+00 4.194403835204650655e+00 2.175484284025956949e+00 2.837078739817175399e-01 4.919113266805920759e+00 4.393333816200517106e+00 1.138115310942951153e+00 3.796065252316360716e+00 8.806948795673085195e-01 3.534686212663524341e+00 3.809778531717185501e+00 8.911236341659828364e-01 8.691278110200336693e-01
6.147965818519214309e+00 8.599500872136597307e-01 4.411275660702120405e+00 6.118698262993061895e-03 3.415620639094232303e+00 3.214981560641256397e+00 2.786185134842665612e+00 4.122356331807734087e+00 5.809619517982137715e+00 3.102156305525351598e+00 5.298323379170809311e+00 3.006370292194412208e+00 1.345806991406152120e-01 4.018239644691384282e-01 5.856237028916960741e-01 5.141694318104541139e+00 4.428890702463603724e+00 5.263494481673873793e+00 3.862022105926966820e+00 4.848543957918343139e+00
5.659037019565810844e+00 4.534264966694950161e+00 4.252409441164178183e+00 1.801856365384139291e+00 4.333612911413692315e-01 1.396207463606721211e+00 3.071737680423272665e-01 4.221047948846680775e+00 1.502037042179297233e+00 4.116379871914449318e+00 1.306243697854443164e+00 5.777194164646076935e+00 2.752194578695490002e+00 4.665988090268376354e+00 4.629984474350108403e-01 1.903556407697405639e+00 3.826462165623540024e+00 5.467790910266496773e+00 1.093467380665806177e+00 5.884028072328490566e+00
2.230156476323488235e+00 3.745877715129671603e+00 2.015756738892079625e+00 2.170060482997171913e+00 1.178819009861639344e+00 4.555751905621539422e+00 4.499710055113990137e+00 5.529166371974381988e+00 3.538433658824170269e+00 3.360970914641040697e+00 9.813902300946329982e-01 5.744918433924290468e+00 7.863496461490836476e-01 5.240193793440823811e+00 4.739952479183355827e+00 1.601885562819554076e+00 3.932800670105189411e+00 2.304836341242256559e+00 5.923619041685178610e-01 2.748872414815974885e+00
