2.399641699851925214e+00 3.475073739870821576e+00 6.264561953511694092e+00 6.128057288332512620e+00 1.829690413469863719e+00 1.732878363754018491e-01 5.092011471384362054e+00 2.574317855539381306e+00 3.922409658998058379e+00 2.508354603952184014e+00 4.765439264328430014e+00 1.191289532047496325e+00 3.348168523977240962e+00 3.746242080794680351e+00 6.154148302758378541e+00 3.276514996436382887e+00
6.960531478171557707e-01 9.926862030736959275e-01 9.737065326773698404e-01 1.722946128473821781e-01 2.728485561201867249e+00 4.773311795763027776e-01 6.097729425886725174e+00 2.803224903713001925e+00 2.401434538584651168e+00 3.768132525898440388e+00 1.041708577972401129e+00 1.816341093904634274e+00 7.025421921047790841e-01 1.385215358128227381e+00 1.334748484547065850e+00 2.119426416326688212e-01
5.978947827355062472e+00 5.077844459467862670e+00 9.379967831732582972e-02 6.173869048325118847e+00 2.158896738298418327e+00 1.471739420477249372e+00 5.634907986857659701e+00 2.916434304804887967e-01 5.868473038912499717e+00 2.717211236832305143e+00 5.822593958068776665e+00 5.851045085927143674e+00 1.157620562426676880e+00 1.802575655179984082e+00 3.731556453398781947e+00 8.568290823615962726e-01
3.136990652743285146e+00 4.896318401855091373e+00 5.044855524795973878e+00 2.260206498478013692e+00 1.707685997716494430e+00 8.377289522804999278e-01 4.728847620095778304e+00 6.558467037624241547e-01 1.282481288588587676e+00 3.289627267307774883e+00 4.759143281887012300e+00 8.897049692023869527e-01 1.892148327181872869e+00 2.056882220138274431e-01 5.331189688880216160e+00 4.359361476557928050e+00
2.199837742160323018e+00 5.033263574325933298e+00 8.803713922799317748e-01 4.950668861206978910e+00 4.279289249649530724e+00 5.904632278279232871e+00 6.001409596956339243e+00 4.171664604264566201e+00 2.227737768507510818e+00 2.672773923473782620e+00 2.626301042691530085e+00 4.066693826782016963e+00 5.948568084700761815e+00 5.665705003329764011e-01 2.595796843870244786e+00 5.983650922804580219e+00
2.662935826620644431e+00 4.484587971508960713e+00 8.287817537394839285e-01 1.249643616161672632e+00 4.389171373257463316e+00 2.843769025573302578e+00 1.807599874876959223e-01 2.297569447436542678e+00 3.156186302195055582e+00 8.368774854766106719e-01 3.551041196955518675e+00 1.582625683725250143e+00 4.208493700875108878e+00 1.716065931767522867e+00 3.482690004688224900e-02 4.078908139382899201e+00
2.880387664936885805e+00 2.515964512978539513e+00 3.951539883500161832e+00 2.451567324772837342e+00 3.258205487440252401e+00 6.027772858908322817e+00 5.171575732499163358e+00 5.424788503197326861e+00 2.542811343301483618e+00 2.934089402003331237e+00 4.958431206340095265e+00 3.969665979395874622e+00 4.314853746756926789e+00 3.757280103503918500e+00 2.062175485936448727e+00 6.049367539180588338e+00
1.448576336403025744e+00 4.205050770325242659e+00 3.205339806100246935e+00 9.135998512265748328e-01 4.882738258582844715e+00 6.157515158281228196e+00 5.853056665218195675e+00 1.496921885177239231e+00 3.021270624284565720e+00 1.456524336942448761e+00 4.208638248317805086e+00 1.138003081446501641e+00 4.640077936825341531e+00 1.739034054773901605e+00 2.046905877821245223e+00 3.163865185178605266e+00
1.996048821506766879e+00 3.927507747188948434e-02 4.300467582539404532e+00 1.519050033110840747e+00 1.704569931053537157e+00 5.288285767385191294e-01 6.036581530231697634e+00 5.384143201136183166e+00 2.953277700897936953e+00 3.690452813859878667e+00 3.434723773629234866e+00 1.379168065399213994e+00 1.716653769450673162e+00 1.244254248638541505e+00 6.213309027380557126e+00 7.901236237712908062e-02
5.310683619654213983e-01 7.742442611556417109e-01 6.066903840912694967e+00 2.249868366505887618e+00 4.722888847069187435e+00 4.347100675604919751e+00 6.090382023795083200e+00 1.730260007308777936e+00 3.849904961792074420e+00 3.433905918872890872e+00 2.749399058917133321e+00 5.629843822985063362e-01 8.250595896497782133e-01 5.900954882799080536e+00 4.832312829607578131e+00 5.572839905537642302e+00
8.663968378549867788e-01 1.289800210372543221e+00 4.217219909163922864e+00 3.798371085357727939e+00 4.866085936715711102e-01 1.610702343809566672e+00 5.075765663651515602e+00 5.420418656746252672e+00 4.638708354110603338e+00 9.250948223083612643e-01 5.324175805769955971e+00 3.798853604802127748e+00 5.928621082909344420e-01 5.884744097556096953e+00 3.032326231153712026e+00 3.045488802715487164e+00
2.752734578482832539e+00 4.355904559649975916e+00 7.942478382026468831e-01 5.955839292019116549e+00 3.005056738325470711e+00 3.257527059243891632e+00 2.950042333766532465e+00 4.023158677202666844e+00 1.297070113985083095e+00 2.460743163606685380e-01 2.864367940222915632e+00 1.245941571089882238e+00 1.243498133668590633e+00 2.513261585674480436e+00 2.371465825997455479e+00 4.689305351556245505e+00
1.651197654653255187e+00 4.641550102132143252e+00 3.125133355216851427e+00 2.314112062609599840e-01 1.529380555344292736e+00 5.707716372430034824e+00 5.199511992342383815e-01 5.117052447498494416e+00 4.217806411240300868e+00 3.325555597154620457e+00 4.313899677621477302e+00 3.094676184108988259e+00 1.311059731188466859e+00 2.090706962408913405e+00 2.955704482123889143e+00 3.692298173993555199e+00
6.726644575457043640e-01 2.614386263701242719e+00 3.477787739927739041e-01 3.148080937528455525e+00 5.710452967330019725e+00 4.406784675952771124e+00 2.897245737050987202e+00 2.088308338307335532e+00 8.158130755548249624e-01 4.102270379690552637e+00 4.657706423525925565e+00 3.714274622551470451e+00 5.820813596705340487e+00 3.731069038614915900e+00 5.148850312602906598e+00 5.542938567594506871e+00
5.003404432775133692e+00 4.270999443230218517e+00 2.826307076966693699e-01 3.049190848221332129e+00 2.212540530988793552e+00 2.795529075697789079e+00 2.410741246166777429e+00 1.761024759410649843e-01 4.506360881776683591e+00 3.877874489837195515e+00 1.030029345232803095e+00 5.438842340328815084e+00 5.753299677290860892e+00 2.949980168417181581e+00 3.822270960848171972e-01 2.997308456387981934e+00
4.175271960199539834e+00 1.677390319783597983e+00 2.506711864689028513e+00 2.347943538019080734e+00 3.146022813814143504e+00 4.847973200140014427e+00 3.488529726176824663e+00 1.596479479450934491e+00 3.098532640233368163e+00 3.223667742235825084e+00 7.262734574143226984e-01 6.551863615678228392e-01 6.929594174757534031e-01 4.391357071420922686e+00 3.141329775060512031e+00 3.387881792924743785e+00
3.363745447608845751e+00 4.763243340898074329e+00 4.918481191360756455e+00 5.897932294461254443e+00 5.142935838421797357e+00 9.402035889736344298e-01 5.582670698972880707e+00 3.898109777017059852e+00 7.006080112807802629e-02 2.694072757155018927e+00 1.066075419514168177e+00 1.859152973233568318e+00 1.972100360839626365e+00 1.482215969475611184e+00 3.188269080313942627e+00 5.661914965139899891e+00
6.077953918844104741e+00 5.983994739305523503e+00 4.953961605453964800e+00 2.815752396928141277e+00 5.115600983510723010e-01 5.355343351351786296e+00 1.644797854590980268e+00 3.437504299226584514e+00 4.675597745979239939e+00 4.847993410323388375e+00 4.038220262268091609e+00 4.032869525395898158e+00 4.687333704313906502e+00 4.331149292232566950e+00 1.492736420060264413e-01 1.478470636889811507e+00
3.736147592646091198e+00 3.350057650026069034e+00 5.975257743937580912e+00 5.956556365520942364e+00 2.636807002418381174e+00 1.712087958937922094e+00 6.426058606296864983e-01 4.293777939313677017e+00 4.920805589242121414e+00 1.975206272832823906e+00 2.785655000356348499e+00 3.112539449014002646e-02 6.041403870268974963e+00 2.845287579155458157e+00 5.749174982938414225e+00 1.414081232056325355e-01
4.538496825186359551e+00 3.413205857150183320e+00 4.486057863011753355e+00 4.105160570819698762e+00 1.923172881562430936e+00 5.102124791916017088e+00 4.266530327110524823e+00 1.168341676584508493e+00 4.134420941839581864e+00 1.025606971628547415e+00 1.484792378978188720e+00 1.276765119909414103e+00 4.813606837724524468e-01 4.242118863164416886e+00 3.758980653092945712e+00 1.455772002767980799e+00
1.089698822571998349e+00 3.069703664637858154e+00 2.216457455919968567e+00 7.538324942741335688e-01 3.093757951509556126e+00 2.425691513218593443e+00 1.286529927744438861e+00 5.325056301521755131e+00 3.678710581735798346e+00 1.550317062133905299e+00 3.931103420406803828e+00 7.734288310709032110e-01 2.842058774705761071e+00 3.005040897511217945e+00 5.357559262639277620e+00 3.186192264240635286e+00
1.560852376457660284e+00 3.927896070015475694e+00 4.294842102612163037e-01 3.681493996066433905e-01 2.148282916233946960e+00 2.669003845349176451e+00 3.051138003800618392e+00 4.969776319041402601e+00 1.529455501002627393e+00 3.719081208404279693e+00 5.277216169543813784e+00 2.944499462545204338e+00 5.176431734869785473e+00 1.245951044923856665e+00 5.771769901084041754e-01 1.482904568489910035e+00
3.377858921577182594e-01 2.046865150546364198e+00 5.223816048259513067e+00 7.057760044095358343e-02 2.396716389351687848e+00 4.763755929022503111e+00 3.271560224935041727e+00 3.099022685578829872e+00 8.485266900214553099e-01 4.147097428980753842e-01 3.256880102720199233e+00 3.559483584375332299e+00 4.967101416539338565e+00 1.105012112598168006e+00 2.644064738380142554e+00 1.949062187499936538e+00
5.511110273394363546e+00 1.283708567718910620e+00 3.362788062107341602e+00 1.814604440094308657e+00 1.923483439866121858e-01 5.791049600758108262e+00 6.003716114958097538e-01 1.496380202015544558e+00 1.540481245264093024e+00 2.345954826208539234e+00 3.737789330108139296e+00 1.784700624301050143e+00 2.215956976703856274e+00 4.138675777632933261e+00 2.770049593155677670e+00 5.101801943687449103e+00
1.578352191983606101e+00 5.589999423705759085e+00 5.952603130454768854e-01 2.012115950078415150e+00 1.145543751357712026e+00 1.570551381528816570e+00 3.370709156765858694e+00 1.466007906778487913e+00 1.644476694729628541e+00 5.897082556177857704e+00 5.357352398843577390e+00 5.862697442006509441e+00 3.723729166816160507e+00 3.263141417377152020e+00 3.154237517248140943e+00 6.197971708265795243e+00
3.316213495190640792e-01 3.942954351376682709e+00 5.912725907333618913e+00 6.007573127166075722e+00 5.321118002351343357e+00 4.541920970037965688e+00 3.155701133261249680e+00 5.501653398722100796e+00 4.229045121195818879e+00 6.134883277679644920e+00 5.129762513659334111e+00 6.014684354524352905e+00 5.609131596408059472e+00 5.728992491524447672e+00 2.977168963073635322e+00 5.104464403743056877e+00
5.450461345620573717e+00 5.553004862722529467e+00 1.911376232221057458e+00 1.696034442045670998e+00 1.254541821077082453e+00 3.275097865956198895e+00 1.816983298490688625e+00 3.701698751368121432e+00 4.407951667447425059e+00 4.738023006995531361e+00 1.263293871831781434e+00 4.385977699288083009e+00 6.115252517012477185e+00 4.136417885699206209e+00 5.967781896167925204e+00 3.292053320482575707e+00
9.898902079225297967e-01 3.192966544716256738e+00 3.583747765750096459e+00 4.524552340335535661e+00 1.935292068686166989e+00 3.804266781393592783e-02 1.680404697743722586e+00 1.457465218821344111e-01 5.471572297606596358e+00 3.159188553551457446e+00 2.160515743224505625e-01 3.114537869970421369e+00 3.159522393503988891e+00 5.538841534095755748e+00 3.625139109982200569e+00 3.371015289721290387e+00
3.329145001643191382e+00 5.396120627669782621e+00 5.958397854180363939e-01 4.761958461447592938e+00 2.343218962629513680e+00 5.133019580184583930e+00 3.067244998887638463e+00 2.685981922354482521e+00 4.112619922335597700e+00 1.715181346520814554e+00 1.518288812397655230e+00 4.400827385981036066e+00 4.178842859858219683e+00 9.169139344667796843e-02 3.885200531535132118e+00 1.357446116713162176e+00
5.262410136845667274e+00 2.280757663997152185e-01 1.334336262069264922e+00 1.321680426276199860e+00 4.544885209233848755e+00 2.922681958127705037e+00 3.827886405946724635e-02 7.564414754573495214e-01 1.037833838344299320e+00 3.176766222333575751e-01 1.982829796395877864e+00 3.214621553467169157e+00 5.778723406046833988e-01 2.207721528276910816e-01 2.744322539843314424e+00 1.797291218524788237e+00
6.258275256913474749e+00 4.024338511625233039e+00 3.959524303334513107e+00 2.135945807197641155e+00 2.615777034978810534e+00 5.073987425805495555e+00 3.708209499745078297e+00 4.983859335754686093e+00 5.422160268609024669e+00 8.417230695372174276e-01 6.242263518651950172e+00 4.969876179270370287e+00 4.896433087610210677e+00 4.404349669574763482e+00 4.158372197186295804e-01 2.250712915150456794e+00
4.404160306945110293e+00 3.897603630012675069e+00 3.699405599033739112e+00 5.690685199977373543e+00 1.329893751196706275e-01 4.387602711368635000e-01 3.039248053693945018e+00 3.722636336130076273e+00 1.648832518313781748e+00 3.765747464892814200e+00 3.067605570797961700e+00 5.260600534480207813e+00 2.293975561410770858e+00 4.050298091160461134e+00 5.886351678349789118e+00 5.536410597826920466e+00
