2.933074769693559514e+00 5.216925822156845527e+00 4.055904978523057203e+00 2.723311042645590874e+00 4.310980151799583382e+00 3.118351068232391388e+00 5.260056420855025117e+00 6.101965431698419984e+00 3.626550567417027082e+00 6.266709983806419082e+00 1.062480643700214111e+00 4.644564522710171062e+00 1.103013250307085968e+00 4.775372387153350218e+00 4.419232543824794135e+00 3.192335732139201632e+00
3.555271044719932494e+00 4.215563561021754779e+00 4.955059900065529988e+00 3.139018783839125248e+00 5.566227057165256120e+00 8.710706474081980621e-01 5.718149841809720080e+00 1.986666264241039093e+00 5.937420838129662926e+00 2.212108877656653316e+00 7.939638369725272593e-01 2.344990280397237115e+00 5.273647948656646989e+00 1.493869755350935691e+00 2.949597375838021840e+00 2.754024978395219314e+00
5.180362441628041381e+00 1.743283091035649157e+00 3.534718349950626060e+00 2.120547633633477869e+00 4.672099299274002498e-02 1.458916554120935682e+00 2.932228956773764716e-01 3.000416478849862845e+00 5.606731604439115557e+00 1.825267476849183224e+00 2.494356137117797356e+00 3.923801058075011117e+00 1.024757567333539177e+00 5.438109260789358856e-02 3.365795912916498267e+00 1.897951564661777057e+00
5.640369727154390667e+00 5.381017160271809985e+00 1.961021640044635195e+00 6.273067877156543126e+00 5.914058897866564246e-01 1.816148706132101331e+00 4.410735151299391532e+00 2.893446025521881904e+00 3.580073159852981579e+00 2.458686457258583147e+00 4.980652164314626873e+00 2.052111293943107651e+00 4.467483340353737731e+00 4.687689564388497487e+00 1.612609753798675438e+00 8.542240520393996617e-01
2.783169540997161295e+00 4.640006564000229261e+00 3.814159397018131781e+00 2.905688506371158386e+00 3.837040680484985700e+00 4.546904018689479798e+00 3.447319710091938383e+00 3.499078663279538315e+00 6.132665917271819644e+00 3.639287098579039093e+00 5.721982078567839913e+00 3.893703370464802749e-01 2.114769157296436219e+00 2.516338974004662443e+00 4.555443936053280574e+00 1.843798840358697788e+00
6.113112873751237686e+00 5.235660169790487650e+00 5.691856456028306255e+00 2.397892058620241240e+00 4.936087094911546735e+00 1.342731415493643388e+00 2.673570707609252417e-01 6.119475356202269012e+00 5.393725295808244891e-01 3.165252068127314189e+00 1.149058980514753969e+00 3.012776855190445247e+00 5.493682844523414488e+00 3.093758500830171787e+00 4.741226559489918557e+00 4.737139832048638866e+00
1.625387372523682483e+00 1.031289986681544146e+00 1.731312923292624539e+00 3.824567064627041990e+00 4.431393601640794877e+00 1.114912396098934000e+00 3.304288011483094589e+00 2.656630545175399094e-01 8.961450532933161739e-01 5.910544292352361007e-01 4.418222746738884155e+00 7.533420056148543154e-01 1.380501722093015360e+00 5.222329908062986803e+00 2.238506001677435631e+00 5.228775094396254097e+00
1.360198809331339076e+00 5.392958967367055934e+00 2.131796768266273290e+00 6.265410012283409991e+00 2.117224478561228196e+00 4.178272903291021301e+00 5.186393112096305380e+00 1.705914868409779350e+00 3.601850350519379962e+00 4.801454478667626091e+00 1.557138056836321782e+00 4.449701923120404246e+00 1.399928396442248868e+00 4.829263077993584119e+00 6.158995257196870909e+00 1.620870048657194307e+00
1.984559472621854503e+00 1.301834694256570835e+00 3.828259278588646453e+00 5.664846002785212775e+00 2.257715790559471358e+00 2.941833212743521386e+00 5.239032994764966311e+00 4.650125783364358334e+00 4.563927048021968247e+00 4.512890070616239480e-01 4.086801600555501679e+00 4.579633418225498076e+00 4.853872396267704836e+00 1.794513350896810966e+00 8.477970907023432146e-01 3.619060738175284619e+00
3.052132238406855880e+00 4.551066582369721836e+00 3.337636051966045514e+00 2.177368331230693954e+00 4.126821300293854300e+00 3.663776171057265607e+00 1.735687481517859343e+00 6.117518554547892506e+00 1.334729379243481784e+00 7.541428442601252335e-01 1.423283197923779442e+00 1.940164559965463775e+00 2.370208017091408159e+00 4.489627724186992630e+00 2.376343343686813991e+00 4.795838941804776212e+00
4.914155555853747970e+00 1.790994150861487944e+00 1.539554305289171365e+00 5.500714140724113577e+00 2.410926723388889137e+00 1.463775655664202979e+00 2.524260029216949253e+00 5.461216276293659355e+00 5.377214775622400467e+00 3.848442890453011689e+00 4.269880241540955801e+00 4.874405122134455759e+00 6.002391835446021062e+00 1.346893010070491226e+00 4.702033079170433894e+00 5.725864791009142252e+00
2.042119444560001718e+00 6.048618131431434897e+00 6.112138439632460951e+00 3.498361119377412787e-01 2.421650033511898670e+00 8.683435636849673456e-01 6.214537677093894708e+00 5.093767290694940719e+00 5.150522442693361569e-01 1.168630527896475035e+00 5.666843860738836725e+00 6.209108216895012911e-01 4.955205699198234726e+00 3.678202683526274441e+00 2.056043160559623217e+00 6.088398264811321070e+00
1.046457567518068510e+00 2.964677861074855425e+00 6.250609523519110589e+00 3.007784578448727597e+00 3.604864266579145493e+00 5.919527573295697565e-01 4.753473968943128902e+00 6.172359961178583987e+00 3.408114659216447961e+00 3.953108785770794942e+00 5.166628605457275647e+00 9.956579676129935219e-01 1.016187172070343925e+00 4.728087087983329440e+00 7.042815994053098771e-01 1.875141459212356976e+00
1.822660081825206779e+00 1.454494059353192537e+00 2.928028110502954640e+00 3.625527672289703851e+00 2.284174209195989569e+00 5.473073985947102038e+00 4.222029605851649769e+00 4.746152454935117504e+00 6.218331183863772260e+00 3.497748217752302491e+00 1.501685910863115758e+00 2.923786610917411100e+00 2.605606229068894386e+00 2.561583521951128262e+00 1.083907974806828323e+00 5.574161814933206394e+00
2.127691899507188067e-01 2.106951370678181501e+00 5.146815652958753873e+00 1.473041270297532623e+00 3.192880596714279484e+00 3.965280963056609043e+00 4.754374912504983897e+00 8.143868360234181036e-01 3.604927466897421606e+00 3.179388820974398122e+00 3.472976492951450389e+00 9.565573462207327404e-02 2.361739697730937060e+00 4.407484323753649846e+00 5.895199258070879189e+00 4.789061632371478971e+00
5.328438491033220537e-01 3.344116388093923753e+00 1.452115352721750963e+00 3.565425170457964477e+00 3.650206992307790443e+00 1.341884057790815099e+00 4.763815291969757837e+00 3.639748670894094595e-01 5.741843926359380568e+00 1.999107296925123345e+00 2.963736784828515880e+00 5.700065104412603390e+00 4.993091247012142020e+00 3.175608249759074297e+00 3.386651150193494608e+00 5.905029006017986859e+00
6.237086418298628532e-01 5.103465321084110329e+00 6.009755237154007723e+00 1.536264511564396362e-01 2.156533558153872487e+00 4.298178469814043723e+00 6.112689127214876450e+00 4.287889260959580895e+00 1.467745556161249354e+00 5.385365932262012878e-01 3.740176747456518402e+00 5.915386198288432595e+00 3.063396482124679743e+00 2.198091154216252008e+00 4.319514114092521950e+00 2.332237811914874115e+00
2.242154818757410073e+00 9.339208538083104694e-01 4.598525730458944416e+00 3.701428921048405041e+00 2.899713849238674701e+00 3.660675564337251497e+00 8.433752173682510511e-01 5.964865927269148216e+00 2.137856931604068755e+00 6.168019512201150079e+00 3.717096506386121657e+00 5.630200138461773918e+00 6.251851125086799854e+00 4.199335856231471098e+00 4.807919705857940929e-01 2.083318278929065515e-01
3.883381476885445771e+00 1.313967630363557682e+00 4.673815773187876665e+00 3.880916668470712150e+00 2.501915470513146111e+00 5.934842868435834085e+00 5.805139378697048436e+00 5.264952563938709140e+00 2.159514963329272508e+00 5.725060732282212239e-01 3.779474782643073905e+00 9.666513456324609121e-01 2.160294408174822323e+00 5.001169724678572237e+00 6.257627580101502440e-01 4.117029061435015791e+00
3.595704355898636240e-01 5.745846307915500439e+00 1.541278935915376125e-01 2.672018937389376347e+00 5.896905243984440936e+00 2.885233288506965366e-01 4.708158731320441603e+00 3.373791830324387231e+00 3.307332896259607580e+00 2.369770913283796077e+00 3.926062387654541963e-01 6.104314831898706828e+00 3.362641309826661651e+00 3.392592252828264598e+00 6.063447625207276648e-01 1.172311266607996671e+00
8.380632192438172146e-01 1.150384787676373088e+00 2.076685585913000232e+00 2.062310341870273955e+00 2.046196043029975264e+00 3.428810732177954179e+00 3.942084009451027882e+00 2.223561824945829546e+00 5.695201351019753666e+00 2.482379294765135302e+00 5.295522018353000959e+00 2.428249056105717063e+00 6.037299873821347695e+00 2.705028075836473089e+00 6.180714873895948536e+00 3.886401817732418440e+00
5.217004088455346356e+00 4.545318170690786808e+00 1.807942646504761441e+00 6.272590451617887641e-01 5.393086971633346494e+00 4.291380867876228855e-01 2.905343713769543701e+00 2.461871749758079986e+00 6.091820290504028179e+00 5.722726675839148847e+00 5.894548166855467564e+00 1.111366854261498283e+00 3.776180441254105014e-01 1.586602388532398988e+00 6.061601899989752518e+00 2.297288078054077864e+00
5.420367355591676706e+00 1.569924020287091215e+00 6.184896599949650797e-01 2.581645050863106139e+00 2.274132327649141805e-01 3.140711012664974433e+00 4.757729261235005502e+00 5.273865840489260215e+00 3.701102636995807771e+00 4.777435478380825273e+00 5.675302815904464282e+00 5.816192305087680481e+00 2.362825491391839172e+00 3.759508391852632414e+00 4.482719720363666227e-02 4.735651355622590764e+00
5.438468324383216590e+00 5.356799917363965768e-01 2.580986993040996325e+00 2.508924049472448292e+00 5.420504708071182343e+00 6.109183868883513391e+00 3.388395490605797367e+00 7.253012205737375817e-01 3.339948269026398187e+00 2.176830446028257704e+00 5.223943628698386021e+00 2.594908517836392203e+00 2.626719379874800975e+00 5.891860314460793946e-01 1.519433989153927911e+00 4.366066805003883999e+00
1.791268937582976006e-01 5.528464820453877770e-01 5.829651300863865515e+00 2.686121396350662049e+00 4.300513114339581389e-01 2.789543444662466509e+00 5.591243883854644103e+00 4.534391475040188801e+00 3.386069957736338676e+00 3.659789316373309287e+00 4.910301286312356517e+00 1.709045065485971904e+00 1.057029262517033552e-01 1.250153784037896676e+00 3.936585239362762056e-01 4.721124020271052935e+00
4.878390221363669177e+00 3.221407450343469758e+00 4.322321116504982186e+00 5.826562848513662241e-01 3.210918649166254024e+00 5.785529286300914897e+00 2.977484960212777310e+00 2.316277239097875196e+00 5.976780300776344035e+00 3.226006866169408571e+00 3.316768907960651713e+00 5.977496075957137833e+00 5.898817414776023504e+00 2.079599623963036770e+00 3.078972598198722377e+00 5.025324368096473648e+00
6.038608024920492312e+00 2.450376358170746727e+00 1.693751405079616301e+00 2.078404770958857561e+00 4.261366581580840140e+00 1.913863173527563077e+00 3.466142794872231203e+00 6.023849477343961034e+00 7.952131363386819585e-01 5.208183518224270836e-01 5.359608486255941884e+00 2.771726276082212337e+00 2.221154516392115141e+00 3.507663994160066245e+00 5.048231463769223382e+00 6.076045645993899846e+00
4.016519209960731085e-01 4.515321185435675844e+00 4.240094731519286952e+00 5.735424230920354915e+00 4.838091393499400539e+00 5.468400314681359120e+00 2.106602449972314606e+00 3.263975256811837866e+00 4.776619345671261563e+00 1.629022081642298225e+00 1.431761058574511969e+00 3.402659985417722410e+00 1.584268528610575544e+00 5.923606071047077037e+00 2.083045084152872040e+00 5.123425735578025275e+00
9.249587586518421833e-01 4.232852075464793806e+00 3.132509989778480719e+00 2.758022958664237301e+00 1.826665653138594969e+00 9.014886569305801123e-01 2.815924053518803927e+00 4.439611988395351538e+00 3.249047687939032425e+00 6.119224779779839807e+00 4.002122673548048404e+00 5.037801803625468366e+00 4.592740485751750867e+00 4.441730780863429651e+00 5.429794650971862424e+00 2.457663041541098714e+00
2.409214707275609157e+00 5.023282536578291158e+00 3.940518351133343700e+00 5.125330040115827046e+00 3.092271939855444907e-01 4.800408888859520218e+00 5.307056589662384916e+00 2.742021409186945480e+00 5.715271124911078360e+00 2.740268827480347280e+00 1.399425127594906559e+00 5.480275134438260309e+00 2.502662999700519642e+00 1.000146846919275578e+00 6.205244280505318955e+00 4.645774705597369270e+00
2.304822829240847248e+00 1.585831950610177010e+00 2.942375953433667313e+00 4.917831495113788698e+00 4.946359252355100544e+00 2.214396598400176330e+00 2.510650612055381536e+00 5.041374750376705904e+00 2.898893416932414535e+00 4.993976274749173605e+00 2.973251209907809223e+00 4.777610163522797992e-01 7.051060508234151536e-01 2.120893129916916475e+00 4.339404315880199370e+00 1.685363955302830341e+00
3.950604781549808209e+00 4.840125236118158369e+00 5.590401169857432073e+00 4.550804288952797982e+00 2.275996999971272139e+00 1.585919939656916799e+00 3.990775118013766942e+00 1.026679657667501244e+00 4.283456700002946427e+00 3.624218590165655840e+00 2.727732698609337536e+00 2.622547509168819957e+00 4.326830622468024856e+00 4.283462879314657634e+00 6.263284396448435487e+00 4.861840182877187111e+00
