2.060068534872196988e+00 1.657356530806989303e-01 3.203903220453858114e-01 3.808286489468276415e+00 3.453791886323271054e+00 3.669824613348289244e+00 2.520449800984777777e+00 2.130289201112832487e+00 4.336714397930559350e+00 1.650345074088742647e+00 3.988957881540384776e+00 2.191692198851876050e+00 1.177732594084363038e+00 2.116656708759482863e-01 3.152042694703815595e+00 2.470107129500910936e+00 4.115438140642331710e+00 4.834790249194401035e+00 4.319812020700517508e+00 1.320745130746655116e+00
2.047640724763497566e+00 4.269940476762594805e+00 6.059324263894071194e+00 3.641773810691380842e+00 2.436828496013344836e+00 1.514119286951564725e+00 2.887989758236391702e-01 1.306557727218068621e+00 1.436932121555845709e+00 4.288732568516984145e+00 4.044260790520031179e+00 2.399675027679402550e+00 1.898732074965888139e-01 1.446072765369178281e+00 4.511701751145097639e+00 2.542088602942860209e+00 3.704919187727042651e+00 3.580707478339291150e+00 2.778546066171604156e+00 5.680479259618813614e+00
6.105107523538486625e+00 4.878486637410094140e+00 7.641129874627689000e-01 3.552570462092748294e+00 1.776319930657840329e+00 4.490105176121754749e-01 9.158457680941900492e-01 3.131364317091536620e+00 9.032370121915470618e-01 3.959229886025876777e+00 4.555000451645404347e+00 1.613309236269744540e+00 2.609588261141427168e+00 8.417574042951120328e-01 5.653167146889750416e-01 2.849411798382884164e+00 5.538260526251704841e-01 4.470595004757012880e+00 6.029846411690384045e+00 2.560088974550837615e-01
5.173420634272620333e+00 5.658772560602640667e+00 2.620226170943914301e+00 5.731264221799052372e+00 4.225749136372258796e+00 5.143293421558123413e+00 2.528016085546927361e+00 1.084276616055483311e+00 9.160796447395174180e-01 3.719279730036308074e+00 4.300403201590556890e+00 3.843390519829786633e+00 3.912489051585952726e+00 1.456830687658105639e+00 1.268637860233156278e+00 6.195070474194316112e+00 2.513520813577212909e+00 6.362283683099771991e-01 5.712223791417347485e+00 4.405491907904795390e+00
4.529381526600414709e+00 3.314984480250955379e+00 1.551186729773701645e+00 5.669146727289366972e+00 5.655375455001109941e+00 2.683870004627836869e-01 4.844620558736543181e+00 2.207624615958685421e+00 3.142098042916601663e+00 3.567660167177775676e+00 7.994284745579215423e-01 7.033785356667429101e-01 9.528300395974323989e-01 5.189966921551263823e+00 4.253531708949515711e+00 2.748721780732509945e+00 9.542604280708292253e-01 3.636926105630614359e+00 6.460491409564887988e-01 3.688547885133429016e+00
3.600785225553924995e+00 2.624332059553880825e+00 2.854219469625100647e+00 4.006123144827533622e+00 5.696439798982795288e-01 2.366184484106386599e+00 1.296850208098926815e+00 2.945104105383486548e+00 5.985457381020350631e+00 7.814892934320488704e-01 6.097556750673800430e+00 3.593112514803300961e+00 6.635250306115508812e-01 8.314984160290622706e-01 9.597748809853997587e-01 5.946604190940034229e+00 4.914670322355033427e+00 2.790410910845764647e+00 3.930744772574915391e+00 8.261296778851339173e-01
4.911119911614505007e+00 4.322089067119806671e+00 5.452172327319940948e+00 4.998356310851588269e+00 1.250019614533304235e-01 2.877959536342916902e+00 1.775379696251442985e+00 4.837817059250137497e+00 1.807739305910385008e+00 3.091117109932494778e+00 3.973832508293644317e-01 6.102123908533694241e+00 9.634928140722286427e-01 4.864026301264872565e+00 2.189434223354632891e+00 3.497583352451061334e+00 4.742498609575406476e+00 6.087796892598121623e+00 3.274732355992657773e-01 5.417780332834250423e+00
4.086637997286205248e+00 3.988153045700119304e+00 4.113044689078500404e+00 5.879759542225801106e+00 2.132334699688327895e+00 1.901207158352133497e+00 1.005672556142678475e+00 2.811602745264469849e+00 1.917117181055941977e+00 2.646824871954012615e+00 7.075706429163153288e-01 1.804250684162582496e+00 5.729055641223617101e+00 7.991386834413801710e-01 1.151011772687172918e+00 3.622728366316614323e-01 3.490414437963265559e+00 6.793645571189933507e-01 3.944102737719744844e+00 2.822118120233226612e+00
4.919213432057804702e+00 2.996657474647834163e-01 3.430040767771341148e+00 4.041259734947742821e+00 3.406896169454946222e+00 4.194019422542500486e+00 5.103216212576205280e+00 4.095601553403824369e+00 5.363123251757144772e-01 4.329711516943941518e+00 3.143506703343933228e+00 4.728944373401484214e+00 2.475316856041838709e-01 5.470537573762490169e+00 2.765411200800770075e+00 6.597693194750717804e-01 1.612940861057408082e+00 5.111477463729309001e+00 4.971100668555756386e+00 1.055143349217078752e+00
3.857981804524798441e+00 6.056407353260112814e+00 3.063620087606987230e+00 2.428559227440112434e+00 3.389777620369915923e+00 3.821788405452445581e+00 2.771736924941194946e+00 1.273788819441060260e+00 2.031431801355383371e+00 6.012852529822196423e+00 1.282831384034446076e+00 6.277599831665146901e+00 4.901056941206998196e+00 1.388247725149673428e+00 3.796193889089680251e+00 6.265345140969626136e+00 4.408255769196172125e+00 8.439376246718129915e-01 1.902451606363627645e+00 1.688942935878685159e+00
1.643003498275129814e+00 1.224830517046978429e+00 2.071680350956896621e+00 5.501393427668529235e+00 1.267415384883479268e+00 6.209112414337425889e+00 1.815086167879473411e+00 1.755408571121358285e+00 3.217837306897687544e+00 5.815460421404710978e+00 2.620371520260587950e+00 4.044100895507484417e+00 2.906561657615405192e+00 2.261429188270044577e+00 1.047416842536967208e+00 2.064474028728448207e+00 8.086176179912487605e-01 5.675544396974302686e+00 2.406447196853074566e-01 5.663381287368147277e+00
5.863801484831074440e+00 4.171370708752732831e-02 3.588337952224615046e-01 2.694436207831792274e+00 3.845719919284823707e+00 5.783217579842149014e+00 2.850127650985194716e+00 4.463431659212065306e+00 3.629061990182013364e+00 4.898072726547448852e+00 5.716865112959166773e+00 4.676766538774343118e+00 5.002617624185668355e+00 4.911151092628859516e+00 4.451338941993268961e+00 3.312889368674951651e+00 2.671575120495523592e+00 3.680808603765403753e+00 6.725638264412338030e-01 4.062506217680764919e+00
2.477443308793284782e+00 2.220533018643334966e+00 1.718044561802882786e+00 3.070756627046114406e+00 8.097552749929836091e-01 1.486842003328664008e+00 4.500372939967624220e+00 6.248917893336864537e+00 5.065252031240110586e-01 3.468986823301555500e+00 6.202234456532051077e+00 1.243364564200955646e+00 1.291690234550669114e+00 5.120186147491967432e+00 2.640774929647707658e+00 3.362075838081069468e-01 2.538088424073299265e+00 5.752011838048150250e-02 2.660457972642596314e+00 7.170017497895594394e-01
4.618022098039606504e+00 1.904735305662615730e+00 4.072980391274851009e+00 9.019251957824491184e-01 2.613655649076395804e+00 4.625119130992095151e+00 5.990171597570605577e+00 2.941649322931899402e+00 2.307352713252091903e+00 4.590164196073671654e+00 7.562694912565528504e-01 4.949391532393978999e+00 3.211065399211467941e+00 2.223357031892929214e+00 4.651813302855668297e+00 9.951852075715273971e-01 5.876838453512029048e+00 1.863591612919487384e-01 1.919695044530543848e+00 9.498989564897932780e-01
2.689771106831725586e-02 5.110238653705948764e+00 1.776236813169593365e+00 4.794044031651966797e+00 2.668974489866343003e+00 1.327706214802311768e+00 1.112812468641876107e-01 1.180351541670566912e-01 2.510620449077677119e+00 6.124599406785670830e+00 1.137028392775287555e+00 3.620233971412371687e+00 3.046976848048894126e+00 2.379570492051287900e+00 2.177011614069912948e+00 2.786303293423624261e+00 1.925950710421360235e+00 4.921014012969873730e-01 5.625166357917869675e+00 1.720242828703327120e+00
2.465168090145046342e+00 2.451112501927423359e+00 2.889447107185264318e+00 5.849704187738248962e+00 2.366345972702290190e+00 5.948646531710951812e+00 3.386801197638143801e+00 5.637458779593376157e+00 1.716001753617799830e+00 8.060042305383675609e-01 4.472991521482518884e+00 1.824283589150134555e+00 5.683389252241917156e+00 3.022413639383044970e+00 1.825870143500592929e-02 4.672445759962418954e+00 1.760445158675610244e+00 3.453139857291137815e+00 1.442486642980859823e+00 5.597894643094699418e+00
2.880112376198286750e+00 4.015599145037498374e+00 5.345099911232622958e+00 8.056117514995616569e-01 1.412684402251104698e+00 1.484398030804339630e+00 4.766341838535010034e+00 5.768544103319321437e+00 1.439317224672295836e+00 4.238079405650417186e+00 1.774715974873871005e+00 1.906316493390008526e+00 3.203636799735550156e+00 4.529717131042330092e-01 2.721357799606250794e+00 1.543446940324467498e+00 5.284099635836164488e+00 3.580465302016855311e+00 4.649035055419214579e+00 1.954978131879869130e+00
1.333332472067645158e+00 2.554237576520968389e+00 2.796496445299689437e+00 1.532410951799949350e+00 1.295671824435216779e+00 5.732099846156235579e+00 5.280098082713804430e+00 2.470356001934760626e-01 4.434408613652795594e+00 1.007034542247521980e+00 5.988614262003526534e+00 5.596561513566514101e+00 6.744291112459593895e-01 3.110911033369883949e+00 7.959836640318201928e-01 4.691682233195874074e-01 5.092175108898354452e+00 1.302359686341401535e+00 5.091625236775881191e+00 2.658740075114943924e+00
2.938600492138498943e-01 7.323249541160446741e-02 8.919885092129823390e-01 1.445562152131676381e+00 2.975061190449734383e+00 4.990573497925072100e-01 5.297948790422369214e+00 4.827561459453429293e+00 5.344535724171114666e+00 3.943024494645288591e+00 7.893420720011324887e-01 3.395844163372168545e+00 3.790286525934804196e+00 5.249945052544092050e+00 2.309409739837495312e+00 1.145553377349155799e-01 9.142394273375882285e-01 5.281672459152282784e+00 4.042728964985196072e+00 7.885045027251775737e-03
6.079782547527725178e+00 5.277664437658713403e-01 2.862696162008856682e+00 6.228701636579333289e+00 2.297450571282437792e+00 1.157210731148483163e+00 4.830672379025213736e+00 1.909481122829482569e+00 4.424373130474267057e+00 2.363904232446840392e-01 1.872887665469828988e+00 4.195656290745381156e+00 6.017969141974683467e+00 5.639438770044269411e-01 3.427775210842972431e+00 2.155772141254391983e+00 1.674349626886249887e+00 5.315284381105145783e+00 1.455842603053350226e+00 2.071756486336772340e+00
5.925273125836678645e+00 5.894799467597706233e+00 4.233462937283545835e-01 3.605113539003110379e+00 2.768741666979173122e+00 5.747500040268049837e-01 2.201331948314934339e-02 2.620023910570049575e-01 3.140285901304285421e+00 4.469855042597914441e+00 5.385793682815277705e+00 4.444275309605437485e+00 5.695047558291172152e+00 1.756757824537368951e+00 5.176666486434386094e+00 2.404910271582080927e+00 2.167788072925376230e+00 3.908523082776485857e+00 4.017823670733303487e+00 3.401157438300399072e+00
3.456568787755842198e+00 2.847634312092305553e+00 5.884989698351049903e+00 9.360140377253873822e-01 1.616980833919890559e+00 1.699035267255220916e+00 2.061298293042460372e+00 1.242376969536471476e+00 5.058842370723994009e+00 4.491571680476479367e-01 9.200266262748308943e-01 5.614526118265435350e+00 1.622853726473489910e+00 7.736784627442081508e-01 9.023383089496387344e-01 2.192708184504563729e+00 5.309086068920988666e+00 5.346537865979975379e+00 4.251707641787664471e+00 2.641783822560062611e-01
5.090231684963407943e+00 3.353047979033087600e+00 2.612642214537702845e+00 5.679064475600426931e+00 2.479206699122576296e+00 3.609263525889254698e+00 2.540833550437116894e+00 1.296749149692015157e+00 4.843671061192699412e+00 6.158199241262506618e+00 3.701005681030671735e+00 5.159044043648657762e+00 3.832987566138343904e+00 5.833141347185963888e+00 7.012689356706074406e-01 4.580317152121817337e+00 9.894446950828298393e-01 6.515046678245546286e-01 2.231696994083334218e+00 4.601618524237395924e+00
5.877550740683242125e+00 2.639817839966520086e-01 3.957230891930216377e+00 5.241159531629911328e+00 6.470604117104925002e-02 5.605007530453264053e+00 1.749631708422750842e+00 3.789404094431891856e+00 3.908191404256228907e+00 5.812713593184105854e+00 1.001913120211514796e+00 5.547072157044545371e+00 4.770215084948200790e+00 5.931505682101703592e+00 6.067193391045446305e+00 4.676849793799840782e+00 1.550629771498508003e+00 6.108083651045614459e+00 1.963224866507801591e+00 1.983228129855019173e-01
2.952005964755023193e+00 5.450527092396748152e+00 1.800623530813143969e+00 1.440550738920127305e+00 3.779049866456114071e+00 3.579429507801608512e+00 4.320076321667095876e+00 3.862730073459868407e+00 1.103951798669479789e+00 4.071111316930302038e-01 5.791210397047422909e+00 6.250644412156451502e+00 3.281023659495276412e+00 3.330080442542875829e+00 6.768402504057721147e-01 5.263359052730880450e-01 1.152509732727203584e+00 1.735013614166211138e+00 1.253682913572269575e+00 6.166851038522355388e+00
2.151781804253828145e+00 4.872308205689721561e+00 2.504689188816538348e+00 3.072992030408858710e+00 5.701543593019231082e+00 2.466291846925767750e+00 4.780921840950003165e+00 4.067181531606119727e+00 1.858915758215872460e-01 3.233419269291314180e+00 3.311639165781730121e+00 1.554965946385439501e+00 5.863962809597390802e+00 3.446320825996831871e+00 2.619932224103479257e+00 1.247975151747929834e+00 3.936304045982568223e+00 2.245081335983858839e+00 4.499330931884790274e+00 3.645448038666134316e+00
4.233294689721955883e+00 1.754293618036047775e+00 5.419709916638124625e+00 5.300538198589389793e+00 5.200387731052555473e+00 6.609604066860952365e-01 1.041604923052097176e+00 4.757273652912680006e+00 2.724429932460286530e+00 6.225307434622036062e+00 6.214800588967255734e+00 2.923828441687508661e+00 9.529535858906549306e-01 3.837555900193828418e+00 2.230519855300749921e+00 6.950815767185369864e-01 9.417888939097611711e-01 4.621285037418183528e+00 1.079649752205182001e+00 4.303394621458461522e+00
5.486774589894815257e+00 5.798907911777611418e-02 5.577109847306885193e+00 1.015296170072896853e+00 2.889872435631849257e+00 1.311738537907265689e+00 3.342202122380869778e+00 1.296690646765097821e+00 5.118989291784060924e+00 4.178243822310309774e+00 5.573693723430568348e+00 5.619669549465336367e+00 2.612749405176928441e+00 1.987987086415571536e+00 6.257348571052832931e+00 5.291464616862494807e+00 5.292790056149870637e+00 1.058191251813588751e+00 5.087409056003732388e+00 4.453599075608856594e+00
5.834513019468847261e+00 1.681548787547148205e+00 1.359029831761426443e+00 3.556086542692122432e+00 1.677480855909762480e+00 2.021187905901604243e+00 4.765446896226728235e+00 2.253454650931826286e+00 1.607438668246548019e+00 1.631738321004594150e+00 1.996483512391409532e+00 1.689881190731395755e+00 3.660814005159918061e+00 5.741089413465723101e-01 7.539600233691207132e-01 5.400929313321900516e-01 7.616733902084502628e-01 8.176195752929157345e-01 2.848933072810134082e+00 5.963009717225491890e+00
1.295216564700498951e+00 3.285619264295690733e+00 3.691284770573541874e+00 2.405795349092139546e+00 4.203885387778351301e+00 7.742986041615576021e-01 2.995910705812547814e+00 3.269722945112427226e+00 3.962302666727017364e+00 1.497528506959667105e+00 1.163969223206591908e+00 4.699548969876738092e+00 1.908254767632535209e+00 1.764263548096881351e+00 9.839554861608812431e-01 3.558899200372451777e+00 1.595205851534473362e+00 3.802843813810686591e+00 1.024582110883071939e+00 4.819853633060922959e+00
4.736149984442147298e-01 3.266143933233467966e-01 3.694064159651543999e+00 5.641313080641536359e+00 1.293075406359340151e+00 6.911118378913763127e-01 2.688429653844742528e+00 5.983318506495430178e+00 4.539883099597791905e+00 3.855171774149798392e+00 9.057198166237255543e-02 6.052932167033812760e+00 2.032518749729915086e+00 1.784999091263820503e+00 5.585547435696410545e+00 4.779452343633120215e+00 8.557863747668705834e-01 4.123351685911718079e+00 2.649729803175785658e+00 5.052283256119238786e+00
4.722127017252217840e+00 2.642763942860957727e+00 4.395767477676562507e+00 4.071383204318156368e-01 5.897925134282515636e+00 1.837088229353808444e+00 6.002151630231288948e+00 3.971175972901478168e+00 4.767007089710023626e-01 4.287844277299407203e+00 2.355518276119146215e+00 8.916181447416636763e-01 2.563801168533949681e+00 3.130167861725872580e+00 5.050508031354764782e+00 3.113597010796192444e-01 6.151501182364993880e+00 6.043427016517825656e+00 4.071823201230344580e+00 3.185474738693129471e+00
