4.189597319234934503e+00 2.453917690113255556e+00 1.117558212112204519e+00 1.524883908123323417e+00 4.630321180764572553e+00 2.555813417058261927e-01 1.119473239383862895e+00 2.076185434487173076e+00 3.630794144443301175e-01 1.476964982008043492e+00 5.720880536493413437e+00 5.100974945041722108e+00 4.878623814121500146e+00 2.828703808967935718e+00 1.033308562373329575e+00 3.437771993191624631e+00
1.754810319320410761e+00 4.654813023265691463e+00 5.615976162125837057e+00 2.132245100809751825e+00 4.857444242687447566e-01 1.971238166558002325e+00 5.510484655345539551e+00 6.446245671963793944e-01 5.151335834657036372e+00 2.986864976372001657e+00 4.568840272534361979e+00 3.401721702627160115e-01 5.773677469650194682e-01 5.886412496778749670e+00 2.423817026889912629e+00 1.715100577059967657e+00
5.234348399367688920e+00 4.282476494635862885e+00 2.806664866065807118e+00 7.483744937462817604e-02 6.306383632026213437e-01 2.294357635062632017e+00 1.001997645966394013e-01 6.116711746767613533e+00 1.304556691184768136e+00 3.702962240925991466e+00 4.744349414760946182e+00 1.940030303928717448e+00 5.486487496582825862e+00 5.662720572775540084e+00 2.611418798680730458e+00 5.098392794102185377e+00
6.138665240115063426e+00 3.683900075206247848e+00 3.207729030057381081e+00 6.182336860541413515e+00 1.045037548547262274e+00 3.560801709920289881e-01 2.361164793973369758e+00 6.518529770089691588e-01 6.259029236909882776e+00 6.242783763782993489e+00 1.885971947248305525e-01 6.481759389413681571e-01 3.314021121691313354e+00 1.345776943888943311e+00 3.253733728156161575e+00 3.676058866529581248e+00
2.957667395313336556e+00 3.039193025874978638e+00 3.881116027146469527e-01 4.598731465128134133e+00 3.153478168036492502e+00 1.330676025522045336e+00 5.692769790200948421e+00 3.529832298093862897e-01 4.147669621731210121e+00 4.183851406189758038e+00 5.511718914403592962e+00 2.480692872324523623e-01 2.086204939353443477e-01 3.714446887098053818e+00 2.818607820718688206e+00 1.221560452454535817e+00
6.361604239273809247e-01 4.142615552973223814e+00 1.682978475219461256e-01 4.362252528736362933e+00 3.838599636891099731e+00 5.392785801515810107e+00 9.200216349471913579e-01 3.981828298360907126e-01 6.256046646492253949e+00 9.061884672653363060e-01 3.165811102874576566e+00 4.027705790671785024e+00 1.303596050512162430e+00 6.239509170922808323e+00 1.373426455222192866e+00 6.376709230428323494e-01
2.338142609727990706e+00 6.279684479836368238e-01 4.135859331626226876e+00 5.295479608698889784e+00 5.444165244999348729e+00 3.378205832748006010e+00 5.144762366310610346e+00 4.340645782622194027e+00 5.583752628529389916e+00 4.373892780194936769e+00 2.147926255411932051e+00 3.301014887926427832e+00 2.837087099832243720e+00 5.519286992672669534e+00 1.984706669049088879e+00 4.791143336704442923e+00
4.634577122659091053e+00 4.898564646677786349e+00 4.642843265641474204e+00 7.196513458429915078e-01 9.517645857173999691e-01 4.721631341938580029e+00 5.607109120152973247e+00 5.931827223578809871e+00 2.972385187522957883e-01 3.782208209733315396e-01 2.672169776856580636e+00 2.871242252281835050e+00 4.820407885385833424e-01 1.470915101344139497e+00 5.000463022264226787e+00 2.699665771749110821e+00
1.201254747747008800e+00 2.398169355030995931e+00 1.285968162633575274e+00 5.041888351917554800e+00 3.875658434566211064e+00 6.080551449657986218e+00 4.160489880518151828e+00 3.683267389280554305e+00 3.013447096147081061e-01 5.510935667547582462e+00 5.425993137150409318e+00 2.152856643778921608e+00 5.903140829872596917e+00 2.910315871255667819e+00 5.068625010382170615e+00 2.573246653154915631e+00
1.887443060285000529e+00 4.888953696309609853e+00 2.857541012425099058e+00 9.518635545898284089e-01 1.197280716212285462e-01 3.474245895092703762e+00 3.518248384405630258e+00 2.086285272272334179e+00 2.011885502783971269e+00 5.180277510736886803e+00 3.541224048554603154e+00 2.730045125499578784e+00 2.321340154786135646e+00 5.874551608983765938e+00 4.113917980054239365e+00 4.243881186011225104e+00
3.995776416277786236e+00 4.072489206116717497e+00 3.412828419230033550e+00 5.585047734989230683e+00 2.766689695362586354e-01 6.055287476254035184e+00 5.368132224804118557e+00 4.862794822377779269e+00 2.794907385751937312e+00 3.083321191612866663e-01 2.012963025740379219e+00 9.839423474465600616e-01 3.775291550145416508e+00 4.976179984961080827e+00 1.177910619201219422e+00 5.288423936400611147e+00
5.194094884391059708e+00 2.991565990310145917e+00 1.927313007105766030e+00 3.722209182356110979e+00 6.377721531172537983e-02 5.177105128197707629e+00 1.368183768906281017e+00 3.466165422846963384e+00 9.510417761709318851e-01 9.876620198177050725e-01 6.137107689006825462e-01 4.045450919732342387e-01 6.073493359882902176e+00 1.827482516272296742e+00 5.985898426489347557e+00 1.684100105551905147e+00
4.444612474633818699e+00 3.614302191491037403e-02 3.731546006054856646e-01 1.418506948178962279e+00 1.670774229710486614e+00 5.222839907039803720e+00 1.992954972021131255e+00 4.951484869909343334e-01 1.939578291714062042e+00 2.937056643969115033e+00 3.239763378545137962e-01 1.520960945107098450e+00 1.432989336225778620e+00 1.922732854059374885e+00 6.162957989374790557e+00 5.635675991293473963e+00
2.727220114430376263e+00 3.145245646298311382e+00 3.963869077887504089e-01 4.736600190157427726e+00 2.075003002415199305e+00 3.996021300413553412e+00 3.389245086309611299e+00 4.743423852093322957e+00 1.494347410891139649e+00 2.240501705910383556e+00 1.967653913902512652e+00 3.767693558274993304e+00 2.790921707981373068e+00 4.074838231968618274e+00 5.339716657917749743e+00 5.452256932634128361e+00
4.792728764347232051e+00 2.356043195476846375e+00 1.126416065163549529e+00 3.322955674525673864e+00 7.798596849734217296e-01 1.874882104287168838e+00 8.048770485550498233e-01 3.278777307900713200e+00 3.059746096401646298e+00 2.298143589753772531e+00 1.941755504876500726e+00 2.220719949942138172e+00 2.315208986001302094e+00 4.677936574291170047e+00 3.801620009819052015e+00 1.538682831799169426e+00
1.781324153740831306e+00 1.938980152577970406e+00 5.791407990031934183e+00 4.014669628745845209e+00 2.794240899531928779e+00 6.021736139466050908e+00 5.373665480573012410e+00 3.839866371638219977e+00 3.794865250462597484e+00 1.702816326227378552e+00 8.151810621940654977e-01 4.634848049093302613e+00 6.091501435691613064e-01 4.782859382636955203e+00 4.742298448379060893e+00 1.225441006245593156e+00
1.985168106911144870e+00 5.714017543094324303e+00 1.135384947703911435e-01 4.243784134465969693e+00 1.161255946013015627e-01 2.421115273443627647e+00 4.791277159560468846e+00 1.964986999814817503e+00 2.289100026922515241e+00 5.325431373068888696e+00 6.067052883276699227e+00 5.794108966942130401e+00 1.665809948005057661e+00 3.588823802876565772e+00 6.380275693989536645e-01 4.544212349782508653e+00
4.986249955107281195e+00 6.282108361076273795e+00 5.804127855173499384e+00 5.961050441050320003e+00 5.726960181930260241e+00 2.526596965594907651e+00 4.675070531834350618e+00 6.299431119128864331e-01 5.574545582551121647e+00 1.965363507472049465e+00 6.552770116339231565e-01 2.755778076029069990e+00 1.873684654724273813e+00 4.472753547480195380e+00 5.823992565997127890e+00 2.117499140477423492e+00
3.547695962322875651e+00 1.175983956318807033e+00 2.601303915130615874e+00 4.657886811871549959e+00 6.790827145028308642e-01 4.705375024532703954e+00 4.141139288645799610e+00 4.017138328914909629e+00 6.150094211064994099e+00 4.375555501261636060e+00 4.537758761391334161e+00 4.223453000297035409e+00 2.428972857143029795e+00 5.097241304690044217e+00 4.302372539938082441e-01 1.325464374406796209e+00
6.827826180407889356e-02 7.829542102198743247e-01 5.096794401682815112e-02 3.917239680070127239e+00 2.063137592904869866e+00 5.581334006859943742e+00 5.149718532949507654e+00 2.721222553908197117e+00 3.057796295015834165e+00 1.917096934678603537e+00 3.956398236108540800e+00 2.275607648663092952e+00 1.397068357413143502e+00 6.189215796115863810e+00 4.190535435458380142e+00 1.967911320911943207e+00
4.866500330847947531e+00 2.897016548220254339e+00 1.405220668466646616e+00 3.858403566365079307e+00 3.067447366674513454e+00 2.661752369300366405e-01 2.481582288276229953e+00 5.327955247499582825e+00 2.293630838467574762e+00 4.664181467540378989e+00 1.213909355871997331e+00 1.219232690163959965e-01 5.154332875732682062e+00 4.572730323378652706e+00 4.066506626415456793e+00 4.752760472914988377e+00
3.604665862225200357e+00 6.499896805754795670e-01 3.250292259757244562e+00 6.295847446331077624e-01 3.866180864452914534e+00 6.886954995251164391e-01 6.173743441540260335e+00 4.358647631516364029e+00 1.946998274241137583e+00 4.881540874448300649e+00 4.297886221457665634e+00 5.579305580962709676e+00 2.720537882549942221e+00 2.044525124560704121e+00 3.325732446981583212e+00 5.587208628808181921e+00
5.028012301110841520e+00 2.011517699678127880e+00 4.266865062337437120e-01 3.624914266878768387e+00 3.946585554995830858e+00 6.115261293323259295e+00 1.648163047844712903e+00 6.157807705402655873e-01 5.563870553695827503e+00 4.871536166943505997e+00 3.447860235600386236e+00 9.470504331927520614e-01 3.545982895536813895e-01 2.829985053916153515e+00 5.538677037484028842e-01 4.332773965493278645e+00
4.830469304982834444e+00 5.035441557273728108e+00 3.785820409943697840e+00 5.384617030414460714e+00 5.215103492318196921e+00 5.636085382517753928e+00 3.604061424595813357e+00 4.762257288691623458e+00 1.823182481023149393e+00 1.759414927596984368e+00 4.200156861390790475e+00 3.507371982649451159e+00 3.916276014813856232e+00 6.273777370193641900e+00 1.924347430747540999e+00 1.930607461018071902e+00
1.927731662833660264e+00 3.965278023896654069e+00 3.364755099171762964e+00 1.444186364864444849e+00 3.773107522278080328e+00 3.437064797884597511e-01 4.626301996489051049e+00 9.567220133525601300e-01 4.615455240872321063e+00 1.982307282955831473e+00 5.993259914098173269e+00 3.055949278410747816e+00 2.917198030941016373e+00 3.000013728510413369e+00 3.093668153390530584e+00 5.222329042758249606e+00
2.704455786122240912e+00 4.593317081948782743e+00 2.218975598898009327e+00 4.052488427371039315e-01 5.336906051831798337e+00 6.050289484601153234e+00 1.447936560810542672e-01 4.880366075914343682e+00 4.658365797804098207e+00 2.905031419988291397e+00 4.349472412238708507e-01 2.012636247267061140e+00 1.610645341038250189e+00 1.610959780475896608e+00 3.855271115888966538e+00 2.837071490587978140e+00
2.169679634861965578e+00 2.475655503154118531e+00 4.033554213996937143e+00 4.060710667928820072e+00 2.685223593967573485e+00 3.597301681516198002e+00 2.384252734634292104e+00 3.417477198826215812e+00 1.169122390007786727e+00 1.675135288254906651e+00 3.616752425182018893e+00 3.415470462615569414e+00 4.806825181586442675e-01 2.685927203033941613e+00 5.304179658738268799e+00 4.630490646334468607e+00
4.661985115735061691e-01 2.078111246107407162e+00 3.045598011070034250e+00 1.881774898141906904e+00 5.635906438972478227e+00 1.847284714886928692e+00 4.692399802033730971e+00 3.414651756601686294e+00 4.018948935216787532e+00 7.922895284478341793e-01 1.312411285654104809e+00 5.166167589004490246e+00 2.164986773569843037e-01 2.042218091393125601e+00 1.302359560983927522e-01 1.171495849203953776e+00
4.216784644331634802e+00 3.690631109034200552e+00 4.452386127587274700e+00 1.660200173493346476e+00 2.669933217041387863e+00 2.854821558539302195e+00 2.152206945462442622e+00 2.474405070544835716e+00 6.163945209339194875e+00 4.615484773437398935e+00 5.685050915572639418e+00 5.710325795747412947e+00 4.750349788593886124e+00 4.644138500683501758e-01 4.400447246803619983e+00 5.532628048634418150e+00
2.651610264988591315e+00 1.859579626913385964e+00 4.107586032860415237e+00 2.339693314892734133e+00 5.629798514720567582e+00 3.675194461946933000e+00 2.146710294221436111e-01 4.549905347259980637e+00 2.412404170544399040e+00 2.950234690094173828e+00 5.010766533186191474e+00 2.339035201060618796e+00 2.105000820294690822e+00 5.918418797698652867e+00 7.836149482880643280e-01 5.948716717585647018e+00
2.013072099943720605e+00 3.209270721678051608e+00 3.592538871374880038e+00 3.186773204892593969e-01 4.514952085290383721e+00 4.261096699661598208e+00 2.766022958968234469e-01 1.867440746366325177e+00 3.865475609580994121e+00 2.146404842438097926e+00 6.186962789165447063e+00 6.097693637275303224e+00 5.114465066293598206e+00 4.005339871424986598e+00 4.419505439440640227e-01 9.460953109062070210e-01
3.032861321167471758e+00 4.564165724155012427e+00 1.294163285966524191e+00 2.770753984085742694e+00 6.254110464762599797e+00 8.674622139122288855e-01 6.206172372087507050e+00 3.744073435924414106e+00 2.367458248971892498e+00 2.306589802218222740e+00 2.578863548753167478e+00 2.454979400713118487e+00 1.840337269949186894e+00 3.777761517399223390e+00 2.467917711648154599e-01 4.970367081567914624e+00
