2.874540237075965177e+00 5.663371377810557661e+00 5.653039012645873385e+00 4.596707171604871078e+00 3.983606480449330522e+00 4.646309722828512179e+00 1.000963157268274006e+00 1.691221569599876406e-01 3.894367065803757688e-01 5.659306159187100782e+00 6.276983281845776474e+00 6.246828795837521930e+00 1.879355672417903467e+00 6.097485339535353432e+00 1.019225139547286885e+00 2.193160743114184186e+00
2.837404611294250145e+00 1.974229844950301072e+00 1.502322210066958208e+00 3.129747614299682290e+00 4.180603634668830892e+00 1.068003186658198267e+00 3.170914380810179622e+00 1.639617787636352131e-01 7.122579911085825666e-01 1.066028166177285241e+00 5.789742847983995411e+00 9.207779708713896838e-01 3.262480181856164396e+00 5.023314841009066667e-01 1.628299413439993515e+00 6.557361098250263920e-01
2.964716539028895870e+00 5.198034633732181220e+00 4.645465764212763915e+00 4.097846775556402754e+00 1.247818901346821496e+00 4.137708056376012244e+00 1.582298842436447917e+00 6.321032161619050127e-01 1.532975782264857090e+00 2.871165038037734263e+00 4.293656242243500287e+00 2.143607754013693079e+00 2.779298876739428437e+00 3.259525629872932484e+00 1.057452123791208454e+00 1.811645962183606740e+00
5.744447653671508114e+00 5.377771110933054821e+00 1.314328909965053693e+00 2.582312578513289214e+00 3.934727326558197236e-01 7.617898113626654366e-01 2.028930546019302117e+00 4.102735110266580776e+00 3.950513462988173519e+00 4.350186726898692235e+00 3.122804673511342610e+00 4.900006314148357411e+00 7.465566108296790848e-02 4.275254075220699335e+00 4.052735370424864314e+00 2.621946936192725008e+00
3.957025534898969354e+00 5.466016289891453717e+00 5.431430648110641357e+00 4.958903667065538201e+00 5.220804022714643500e-01 2.737150928445721387e+00 1.527817497812009373e+00 2.926080000148648441e+00 5.493124153486709460e+00 1.660282446670365175e+00 5.825466388695053510e+00 5.575706464458383138e+00 6.888941949025962908e-01 2.808264846205088094e+00 4.062837005682080616e+00 1.531175189207857779e+00
1.959593294219952098e+00 5.802603555853067974e+00 7.872459571646105436e-01 3.778099379346750553e+00 4.519910083677244117e+00 3.351002809072134436e-01 3.738983269475803173e+00 5.304911677053467223e+00 7.460487599192942021e-01 5.567773003400152909e+00 5.656359207591763472e+00 1.740656425109083694e+00 4.858066939826866992e+00 3.067665814484637821e+00 3.359553305778737009e+00 3.698786052664743806e+00
4.561942555166047519e+00 1.906604419476071177e+00 2.085874916151758462e+00 3.889213438763561737e+00 8.722207056709524453e-01 5.243416572455113389e+00 1.612761089274741488e+00 2.660734945951001240e+00 4.717715619191260146e+00 4.885245242158461898e-01 6.794343954916649553e-01 1.965088726774992578e+00 2.317117825535423226e+00 1.152355576219514788e+00 4.584243814507590109e+00 4.473215817320580712e+00
2.115413742322351798e+00 4.810686765575986179e+00 4.913881476140063320e+00 4.968035920711731279e+00 3.722472550985818973e+00 4.197787844503034549e+00 2.688858152023883452e+00 1.030385410545933966e-01 5.617181851615582033e+00 1.160694335002306454e+00 1.720829590625258865e+00 1.787479947796651869e+00 1.804743584532807477e+00 1.748689089401888053e+00 2.288282962716217561e+00 5.440704265639044301e+00
6.152548327061996281e-01 5.310800415252105999e+00 1.791443265718091427e+00 3.176771342278531751e+00 4.740477770579033745e+00 1.505718316830913617e+00 4.565967690580936100e+00 3.689665891328194558e+00 1.954809661021761000e-02 4.752112192425017589e+00 4.917067147537147465e-01 5.852283261897859745e+00 1.664170008683538260e+00 1.095839027166830570e+00 4.446184152499838227e+00 1.567680006767439016e+00
1.802180753915934242e+00 5.967456937244897119e+00 5.488141745257155146e-02 6.010434904094222874e-01 8.979386895982452987e-01 5.530827299679860865e+00 2.748629445406820526e+00 1.581269712386048187e+00 5.473121378749870480e+00 3.672012858373204125e+00 5.194732027463135893e+00 3.395502747467746829e+00 6.237653245240154520e-01 4.483037076894218487e+00 6.031295982774552478e+00 6.145857939431430772e+00
3.817742818649271452e+00 5.588434733190550396e+00 4.361959750015913961e+00 3.481036032891823506e+00 9.749427197352628083e-01 3.467392735828409567e+00 6.221601298177434458e+00 7.586310151948186808e-01 2.756820233679970311e+00 1.323251180440482289e+00 2.175672013006351602e+00 2.200910173789957014e+00 3.652127404818501066e+00 2.435088667353353387e+00 2.693021867815039716e+00 4.563934175391483272e+00
1.070921124647737921e+00 1.588989228000416309e+00 4.870344803322301352e+00 2.232915419954493608e+00 4.079976855974921435e+00 5.097930492315482454e+00 5.873205038878109852e-01 3.572748042963618698e+00 5.863503018275561196e+00 2.616036770722021565e+00 6.178074838925983414e+00 3.351455629594121799e+00 3.246728956368805541e+00 5.191729370882921302e+00 2.422880156047733102e+00 1.001864617662289625e+00
1.349625816941179890e+00 1.689890633504100848e+00 1.664518806919799143e+00 5.162096987343405274e+00 4.958633416564965479e+00 4.121196544437427001e+00 3.333445024823523450e+00 2.498300768479913891e+00 5.276226087302564594e+00 1.239802192863505903e+00 3.364544822435938665e-01 2.021303561502273638e+00 5.980393334403898642e+00 6.118644426666840275e+00 2.492468155810842578e+00 4.390013251457798305e+00
3.572392838052795394e+00 4.733050617268988347e+00 5.392658429945373477e+00 1.446850483904443596e+00 5.824389762899636835e+00 1.232251046243111325e+00 1.967615111443424158e+00 2.778202224429711098e+00 5.932760986892367860e+00 4.088534820258149516e+00 4.086414002138612389e+00 3.089939007316636399e+00 4.421287932095387063e+00 1.556632463182735515e+00 8.690382087135715139e-01 5.362566656229564188e+00
1.720353508583747637e-01 4.108442332150689325e+00 2.138814284155754919e+00 1.723034635292609362e+00 2.513857109290166925e+00 3.597682129735594980e+00 6.026537198197130074e+00 9.821202062201743743e-01 5.448222578075066380e+00 4.862073104558219505e+00 3.989232633992263910e+00 3.699841396606134758e+00 5.981367540264336036e+00 1.312893173796745749e+00 3.529037518034079834e+00 2.487658334176409802e+00
2.331966090558060589e+00 1.162593217040009286e+00 1.814163160320885426e+00 5.797850924885715962e+00 5.641779600526493077e+00 4.868694455282150280e+00 4.726272316879484237e+00 4.714204713679683856e+00 4.488962261507474238e+00 4.086163011965874503e+00 1.391949700817549651e-01 3.455516438121121858e+00 5.287104968027938057e+00 2.825059058130925393e-01 2.720250854641772076e+00 5.046410709816524509e+00
3.383966583801471195e+00 3.161837204482413455e+00 6.475572178954553948e-01 1.421761031294405786e+00 3.230499440942532718e+00 3.969362804258533273e-01 2.295016611114521599e+00 4.132617950821561692e+00 1.831592476552740267e+00 6.142956601405877848e+00 7.529020912246874309e-01 5.418837851812488005e+00 4.862546921670570121e+00 2.173059851835715595e+00 1.813658515180227360e+00 1.468270893570478020e+00
1.016031577637994815e-01 3.506123526652264566e+00 5.432473367958746913e+00 2.085508565832528305e+00 4.212646349838469639e+00 8.088506966062716241e-01 4.879434879525679669e+00 4.058012998285308370e+00 1.395482862412506631e+00 4.374557388112613410e+00 4.729962244306147312e+00 4.596473513532509436e+00 6.148989758396127270e-01 7.103183139744257968e-01 3.915427261655263891e+00 5.316253029088954030e+00
3.925912216938532318e+00 5.222499685294960337e+00 3.664138735188884777e+00 2.559915500497932594e+00 1.888020979834752922e+00 3.245527774056310211e+00 7.146187924483933251e-01 5.831166447043989898e+00 1.639702825837891398e+00 3.836922883903502335e+00 3.761423645007763161e-01 5.179400549258392772e+00 2.367965599397320098e+00 2.518854308714220669e-01 9.146878653237506818e-01 6.215257184226086196e+00
1.456495227867574904e+00 4.115142144854510242e+00 2.401661966361864631e-01 5.427857323305494752e+00 3.359166060010245758e-01 3.875043056454331669e+00 5.405630373329999294e+00 3.063946518897245230e+00 3.707056874410400660e+00 3.627217735907519724e+00 5.088635854472411957e+00 5.795576942114870178e+00 3.295318471635689583e+00 6.271008304576292325e+00 3.717589747262416644e+00 6.278046472208075102e+00
1.232135144632547474e+00 8.261102785861119679e-01 4.449370089899442604e+00 5.635916804889086862e+00 2.875683247303252088e+00 5.201154322408900743e-01 4.524029196390692675e+00 6.371726575739788956e-01 1.127760019936114716e-01 3.757337763033993250e-01 4.807170122655270994e+00 2.915665624969839276e-01 3.193883697397665422e+00 4.301196993071931374e+00 2.945296123296228696e+00 4.970908977228296166e+00
2.787957804927170713e+00 4.665219850314368255e-01 4.686010701139266210e+00 5.900608932389317829e+00 2.748396001895573315e-01 2.531101700907532059e+00 5.594153565467835598e+00 3.215146580803164955e+00 1.961977807795968864e+00 2.179857319604169952e+00 9.609921718345045827e-01 1.582305025486179906e+00 3.995174776355189472e+00 1.604922734737179058e+00 5.424106748210382190e-01 5.414139207798885245e+00
6.350569770593192942e-01 2.653663255439449031e+00 2.612823485585020755e-01 3.502394889363582120e+00 5.736727465597909692e+00 5.786744098908573442e+00 5.659808122727712915e-02 3.520908171842290990e+00 1.558459407567986510e+00 5.669293417515325340e-02 8.410077372125677186e-01 5.915903246542756122e+00 4.163745400448989997e+00 5.203866887516031881e+00 5.007564659436764209e+00 6.178635852440987897e+00
6.242337536519573238e-01 3.264665403460540016e+00 5.921766942163722014e+00 1.955072689219064186e+00 4.415498654517900357e-01 9.770500070210180743e-01 3.332284714552988802e+00 2.538489080854187563e+00 6.018456190211452395e+00 1.840621523841985852e+00 5.881720324642807363e+00 2.085477645168653638e+00 4.986556718487552331e+00 1.491201354648659994e+00 4.903360893027242540e+00 5.221994424523251688e+00
2.135709009357295241e+00 4.916278780886803368e+00 3.290710523377250230e+00 3.358443972145300549e+00 3.661880264046183164e+00 8.337238567359737118e-01 4.266662560462814113e+00 1.402821355597652975e+00 7.306157450378071294e-01 2.607807585875859591e+00 8.314379230013788646e-01 3.696105162628445795e-01 4.135857604452590208e-01 1.773890814486378087e+00 5.292368808585337092e+00 4.589671291856947555e+00
4.883670701995377783e+00 1.818032327994333119e+00 5.141767442052370463e+00 3.065956762215063858e+00 7.358958728086253953e-02 3.854879788209550906e-01 3.213978676821992231e+00 5.192896622174080434e+00 5.226434295629923454e+00 1.583028094189868007e+00 5.394361753972715334e+00 2.970804799957473374e+00 9.800065618315468852e-01 3.061599489375219640e+00 5.651690457488740549e+00 5.386820098685022096e+00
5.763460206714568379e+00 1.367975209762808175e+00 7.507403808123706002e-01 2.096401594695097570e-01 3.460472493393151439e+00 3.892878526192220967e+00 1.233501690142771112e+00 4.044759942113374862e+00 3.952747423946935790e+00 3.904334832650347309e+00 4.836601315042928562e+00 5.178930894972573640e+00 6.137921102939580820e+00 1.920678226648281139e+00 5.972588310209814288e+00 1.009277686015637998e-01
3.744826980957604690e+00 2.632183357049376671e+00 2.972661385650974708e+00 5.523533248435656962e-01 4.837907854294485333e+00 2.122378410791911474e+00 1.009342562568309010e+00 3.357332531651706087e-01 2.979840794308600938e+00 5.274982267220599041e+00 5.711836257277651541e+00 2.200521292571623988e+00 3.451683975581624431e+00 4.074259960962258731e+00 1.990658741659611097e+00 1.199963332802578497e+00
1.881124882771039841e+00 2.923831125762489158e+00 1.755636535974999246e+00 5.070925626798791441e+00 3.002108703574239534e+00 3.110987451112168678e+00 3.545447746596466665e+00 3.761814413803475698e+00 3.442683181446568152e+00 4.622498157859444845e+00 3.572421282744159265e-01 6.010723116536230037e+00 4.778828644071762888e+00 2.358848520908487512e+00 1.148284579363414437e+00 6.050387917870620136e+00
1.618723310709928809e+00 4.129837158257128049e-01 5.559721905047609880e+00 1.635392114927350926e+00 5.720753195657207746e-01 6.089355899049555099e+00 2.583766088369671365e+00 3.131403840548566464e+00 3.085380526002856616e+00 7.090556848175805227e-02 1.592510363878150148e+00 2.057946203260825335e+00 4.414636299915456696e+00 5.704832960546970533e+00 5.768798385548217222e-01 4.759968943735564118e-01
1.854360761876678421e+00 5.873935208749723191e-01 2.739797363567453736e+00 7.603613043236346902e-01 2.063900734682101223e+00 1.376193517775056385e+00 1.459519475450040904e+00 3.001715281232356425e+00 2.070431799562582054e+00 4.899667972424120777e+00 3.989687598291846271e+00 2.960271718725554724e+00 1.847743279563867913e-01 1.342752820948170389e-01 3.118905115345017354e+00 3.426162656906337478e+00
4.910323024280903725e-01 1.728005621958510485e+00 1.461632566410407397e-01 4.634580542636862255e+00 4.537812801014201369e+00 5.366524483578977822e+00 2.989385659759503877e+00 2.568853384630799486e+00 2.889318681181523019e+00 7.958281955708287336e-01 3.553414624226647778e+00 3.476315109267015035e+00 4.928294670884025841e+00 1.689359011814265177e+00 3.056296199960297777e+00 8.072221015009276579e-01
