2.301604850658625079e+00 4.895934849108503073e+00 4.467308393078952555e+00 3.424951063444142907e+00 1.393673744481506382e+00 3.231817468553784156e+00 5.355546706045632099e+00 7.635892985338059435e-02 2.476441292276107889e-02 3.093736388562785322e+00 2.902441543311605532e+00 1.926929472874931104e+00 6.015766342584035975e+00 2.027734155076634348e+00 5.410832546712118329e+00 5.151111289742248189e+00
5.684639230473686133e+00 2.483591658579224593e+00 2.440872246854835836e+00 8.843544307232358292e-01 2.509551343423510161e+00 5.887511779885328256e-01 5.997855900614156077e+00 3.111746589775624905e+00 4.138265630286709573e+00 3.452758214913709267e+00 5.523851444449911163e+00 5.451354460675576163e+00 5.179897183032770691e+00 8.312668001487028002e-01 3.932769332924769490e+00 1.897683114651303793e+00
8.801824843772433349e-01 3.264404982473979588e-01 4.173392332846009189e+00 6.089915560978312881e-01 3.247350116997355762e+00 5.899276693248829417e+00 3.226077624685474099e+00 9.924851366276085107e-01 2.542841456103039022e+00 2.751651549991490642e-01 6.006998704291649505e-01 4.374285573908414548e+00 5.797850082285068041e+00 5.427880414697098921e+00 1.388437515132561861e+00 4.117371390786441765e+00
5.292650693071200507e+00 1.532664247390574497e+00 4.496186577180020905e+00 2.044572159685394741e+00 2.358995888431824617e-01 4.033781120867390158e+00 5.228627553444512799e+00 3.574014587704834156e+00 1.982017820848275713e+00 4.335235500093681082e+00 1.876046999658669501e+00 3.613472520595319981e+00 1.798192350298012165e+00 4.224446981275640667e+00 3.122628387666021244e+00 5.899501924690948584e+00
4.627781844368694664e+00 5.453542366598735924e-01 5.358424574906711868e+00 3.309142484871651746e+00 2.285630798020279464e-01 2.022017044213190839e+00 4.267166601073629550e+00 2.067040607014688725e+00 1.307295557458504565e+00 4.297390820296138614e+00 1.026011410571197269e+00 5.308532281220220028e+00 2.669699491756533788e-02 1.548618172261443826e+00 5.321172103641230500e+00 4.909171897897186554e+00
6.217269741955011142e+00 5.644783827324350689e+00 3.918643052526326720e+00 1.935759993189676287e-01 2.547723627657469403e-01 5.262221430143394052e+00 9.263672566297094235e-01 1.168426249983528953e+00 5.632194604933603799e+00 3.645558728434329598e+00 5.833484239648389469e+00 4.919777132993703894e+00 4.309455334239303603e+00 6.173564753134550998e+00 7.234299077054747729e-01 1.716382960389336854e-01
4.581600723061527880e+00 5.383001901265796363e+00 5.410618825077603056e+00 3.438532031152382373e+00 1.524482010290099776e+00 6.675084688893025975e-01 3.127538368233081734e+00 4.129228866706002421e+00 1.732017033728637800e+00 3.926726742714733986e-02 4.864311959235201321e+00 2.357668071724963621e+00 2.224206839308080941e+00 2.999069330569071656e+00 6.164270744806782609e+00 2.614314745882573732e+00
3.776515231841952147e+00 5.643898404746596320e+00 1.127203507685291539e+00 3.468455364029526589e+00 4.388616450205017117e+00 7.034607625177043966e-01 2.649014171911547422e+00 4.456939965191398123e+00 1.060567997466018708e-01 6.017357045577506724e+00 5.339340745660479115e+00 1.245180126883858318e-01 5.280605988348068713e+00 2.185160170854324235e+00 4.790952346737062939e+00 1.898380179499119746e+00
4.321096112778763931e-01 6.154745762131454967e+00 1.595046709987305800e+00 1.945236446398805663e+00 1.108050974747858186e+00 2.480721007043203974e-01 3.984676796338638916e+00 6.174782910357276222e+00 7.530654095224238453e-01 2.912013934400990434e-01 3.401313710263557333e+00 3.461318940582605586e-01 1.198323886693025697e+00 4.975670391095689205e+00 4.765189539571135668e+00 2.231606724607160697e+00
3.100945468747082323e+00 4.610243356196611408e+00 6.166824805849143942e+00 4.567649763283053943e+00 2.072933605591964934e+00 3.253509855809318729e+00 7.335544079254177063e-01 5.048153374053484521e-01 8.443849859948713288e-01 3.931359025589261869e+00 4.670927867371701403e+00 3.195234161975982978e+00 3.042328469308812622e+00 3.472733099026418913e+00 6.069149180431836932e+00 3.743776413677404769e+00
9.957645476816197050e-01 3.363241858303563259e+00 3.226899523527459568e+00 2.199565863877842309e-01 3.777044749673576923e-02 4.009689157580400121e+00 3.923137684552358451e+00 2.893813014216004564e-01 3.548567796122891749e-01 4.152437365564934368e-01 4.034516732507052339e+00 3.570604304378132365e+00 3.899763769219631637e+00 8.413977407011741239e-01 4.173554394757026387e+00 2.204842173052148802e+00
4.648966846595199875e+00 5.925610659056736118e+00 6.550199748003534550e-01 4.062168621438540517e-01 2.764282413606856892e+00 1.571122585353451964e-02 3.635819912872506610e+00 1.068167408918927253e+00 2.089879177393449083e+00 1.174311744849453110e+00 3.039127733139372456e+00 5.971433110918195730e+00 4.942477113115387510e+00 2.806792013884874315e+00 4.160499036570159070e+00 3.775344080515550260e+00
2.390073630283171546e+00 5.324998761346174447e+00 3.388893436804683468e+00 3.869586335881908812e-01 2.939214841186731153e+00 7.465771995959488150e-01 6.038517772088999536e+00 3.356640711305857394e+00 3.230505707723937636e+00 5.964446377149956291e+00 2.202377813654897043e+00 5.862425590850713242e+00 5.159884192501304589e+00 2.185548947240105733e+00 8.335040597190452871e-01 4.700599277271208520e-01
4.122838448195436989e+00 5.486423760273636319e+00 5.151207295438193334e+00 5.572975409315548134e+00 5.365988835415561375e+00 2.179526338335656899e+00 3.876933479754847145e-01 3.191541641466407064e+00 5.745421951873397326e+00 3.872823930392662373e+00 5.709986785034263379e-01 3.889824849846218235e+00 6.276238886292421881e+00 5.360201563934031022e+00 5.258957411968028239e+00 1.114977417138568461e+00
5.591971388337442228e+00 5.035771455767174665e+00 6.218197078730140603e+00 3.452429753694880699e+00 4.147674840204216729e+00 5.540078459895465990e+00 4.332323973953662311e+00 2.504742310425176921e+00 3.716129262305643444e+00 1.790457337336367916e+00 5.148376266860681838e+00 4.781681623220489286e+00 2.905149440448060894e+00 4.599664042079272264e+00 5.873573896105172665e+00 2.465142802167735459e-01
9.909723830464917116e-01 3.068335620231497085e+00 5.349598298278357866e+00 1.014755233045779859e+00 3.476936831176712372e-01 2.015096157663962106e+00 3.825060685700816809e-01 6.132844670683712529e+00 5.863024690246489534e+00 1.208407474935917908e-01 5.613528538705150339e+00 1.603479034889946364e+00 5.833999521752585515e+00 4.552688001875482726e+00 8.745907764413581864e-01 3.277135889766987553e+00
8.117851050408781965e-01 5.275739528404291612e+00 3.580138393272556119e+00 1.908099643952819946e+00 1.682784276689014868e+00 3.093598538348669713e+00 2.553557738199091709e+00 3.480916445607081577e+00 5.542684257947398052e+00 3.055353785088982921e+00 2.701111471149272525e+00 5.445001458686063778e+00 1.726888562766542234e+00 5.047211134392250997e+00 4.213705784131516197e+00 4.517668734299529198e+00
2.175522822276443335e+00 3.476969173588326800e+00 9.842221115674117116e-02 4.343170206244158393e+00 6.173209156320363711e+00 6.217756854157328483e+00 1.829365664518826762e+00 5.828697036307500134e+00 3.636674207133108183e+00 2.081399027793231493e+00 1.865926284813394787e-01 1.280885033203989165e+00 2.826027718122820609e+00 1.600080926362444922e+00 6.757291507200231528e-01 6.146070543149610987e-01
4.414139477479392504e+00 3.589543266147742218e-01 2.733931479804819986e+00 3.248570354373268021e+00 2.466896070518285189e+00 1.991424576380626865e+00 6.058822558432583882e+00 2.029538564112195687e+00 4.563739844405120927e+00 4.898138963068541685e+00 6.021120885333623995e-01 3.997830914992097195e+00 6.252261446788591748e+00 4.883669048795586498e+00 5.388468138663189855e+00 6.215210377129182895e+00
4.159613496725886428e+00 4.953249620671061670e+00 1.940742303836393789e+00 5.702910050667273190e+00 5.172413032242091369e+00 4.748501614810979099e+00 5.423689536616736362e+00 7.200908608282683421e-01 5.394678145417138637e+00 1.463939124551004278e+00 6.360540890529565727e-01 5.597110901798513893e+00 2.656271768838993186e+00 4.583185549118683255e+00 3.374963225074136819e+00 2.291054431602043806e+00
4.348546304215810565e+00 4.865005369578149441e+00 5.145397340773468997e+00 3.475240823197350615e+00 2.284856227518808236e+00 3.983919411184657644e-01 2.262140297155323054e+00 3.362689006189703900e+00 2.133596110330011619e+00 1.320259927281400403e+00 2.174417694360056164e+00 4.744318591417885145e+00 2.006865599477584805e+00 3.167271015534647294e+00 7.014967463077136367e-01 3.952257957173328506e+00
4.091597803605695916e+00 4.619894308712766851e+00 2.576856815571308523e+00 1.093591192659421729e+00 4.425996829293671553e+00 3.102391254941683663e+00 2.775894852273382174e+00 2.293704445362355404e+00 1.639729880281361130e+00 4.744376546381610993e+00 5.655788150035846229e+00 2.021711868953446345e+00 4.189930033199153137e+00 1.016242367515330647e-01 6.197691228817370224e+00 2.784834133794312105e+00
4.315882550169813037e+00 5.258799219951443976e-02 4.249501189801447865e+00 4.573513666310054404e+00 4.362729504077226927e+00 3.357338967965445953e+00 4.904187269444674868e+00 3.926693309722355085e+00 4.360674310206737125e+00 4.301034905291288624e+00 4.000434957703178362e+00 8.308250164226153034e-01 4.295530209819871992e+00 5.816502182482048866e+00 2.613839583867385574e+00 2.229213579370507681e+00
3.458996110220429632e+00 3.526760059690281501e+00 2.522073681429877645e+00 4.010584820702661091e+00 3.736582636428571469e+00 5.352080283236872127e+00 1.705885614856621713e+00 3.760457531421339539e+00 2.455915210768640389e+00 5.683313998382555354e-01 5.228106335722324083e+00 1.366050018674159316e+00 5.980863803923203825e+00 2.511814185864435167e+00 6.065218341552343517e+00 3.143735933757273227e+00
1.565829289726847762e+00 5.424246187949118614e+00 4.763201404006736084e+00 3.527351374958533903e-01 8.315484216880373314e-01 4.890204708890784957e+00 5.972291524878955649e+00 1.439496990180469949e+00 4.099276331877372836e-01 6.198446103504729798e+00 1.398137925970032613e+00 4.304765301622918372e+00 2.092280191480833107e+00 1.268478123040434058e+00 3.460648437240791520e+00 5.307451165328058273e+00
5.343501280237707540e+00 4.504875365760427464e+00 5.558728665879767661e+00 1.880683489811543874e+00 2.335343593774448667e+00 2.112737622957692185e+00 3.019524465576802541e+00 8.789685395213191477e-01 7.277505274153964199e-02 5.040394495697488431e+00 2.542618847696871409e+00 6.006868158736026864e+00 3.558114439044931299e+00 2.507607937252866459e-01 1.807649614430961171e-01 4.274899047764988858e+00
3.415210858331718113e-01 5.314825881468413726e+00 6.175844008583558420e+00 3.385192801254740758e+00 5.156845732850799280e+00 1.706621357968095554e+00 3.212384764682234106e+00 7.088380042354416322e-01 4.561038372784800288e+00 1.606268364946506377e+00 1.052027658174849334e+00 4.774161846184069802e+00 3.463279083746619857e+00 5.972677496111469253e+00 2.470099550659909937e+00 3.972371261543261145e+00
5.840015007311170514e+00 2.881010748049929404e+00 5.253001220705572294e+00 5.039193655569766506e+00 1.636429768853358002e+00 1.998787986167172848e-01 5.855786463362678163e+00 5.270692589375131298e+00 1.770952830790469612e+00 1.002896495229271601e+00 2.834828664971889456e+00 1.344480371654860118e+00 4.277626264360088193e+00 7.075387014682232856e-01 4.017096075356957563e+00 3.966624877028743779e-01
1.196876484341495406e+00 5.238102073918862622e+00 7.512066562810545411e-01 5.339129636243575838e+00 4.413404754884291847e+00 3.628263548554074180e+00 8.623479935150176745e-01 4.099795964302297868e+00 1.117254288265493667e+00 1.926842852232513614e+00 2.614197379822367218e+00 3.404953026773851921e+00 6.177354754614348131e-01 4.174252783512471865e+00 4.346737980809147750e+00 4.494962679959189522e+00
5.109966675798173874e+00 4.024260741338252956e+00 5.752244426873907912e+00 5.529281707793448852e+00 1.335933039378834675e+00 3.502325178787442095e-01 6.003840487494247924e+00 6.168034224416847344e+00 5.009569468022645466e+00 4.588702073266052395e+00 2.652373564087274982e+00 3.632600171831301683e+00 5.678005270474886679e+00 3.637262325866255086e+00 6.135275237587078934e+00 9.300188409002718704e-02
6.960896109241009322e-01 3.143398935257700533e+00 1.232796566424442686e+00 5.318767019019217557e+00 5.113941591658996089e+00 5.987639244763252044e+00 4.577553193798915565e+00 5.996973343403301016e+00 2.870901743259568928e+00 1.040925858847640662e+00 4.440503297289893680e+00 5.552707439251034494e+00 1.362364562391588096e+00 3.382972114014359821e+00 1.012503416771244780e+00 3.213982551400506260e+00
1.972116535779242286e+00 2.601750027867075321e+00 6.076088720444025704e+00 5.788911695396003587e+00 6.268991453033184058e+00 3.611889086588751407e+00 1.516410522047560105e+00 3.541107043745301386e+00 4.103828351204964697e+00 1.879943485141946535e+00 4.147498838637130092e+00 7.355323418546468872e-01 1.941759226412076211e+00 8.439977997380914143e-01 5.775653867174239231e+00 4.000404108942505310e+00
