4.011358969810005171e+00 4.995116846021508294e+00 2.764104951398799415e+00 4.406520295519952946e+00 1.143474259949850191e+00 2.348512358191714888e+00 4.710459211727567208e+00 3.887386752786558208e+00 4.306170667406758135e+00 4.384763011307538427e+00 3.062516966648551442e+00 2.592754655241402251e+00 2.233208672132184436e+00 6.498554102380804665e-01 2.722019732167136663e+00 1.283295762187005806e+00 2.968697111437159641e-01 3.873989903225480536e+00 5.750284014436545910e+00 2.191508206242227974e+00
2.752850919973768296e+00 3.611084380216535106e+00 1.211757360308478582e+00 5.923540064975433062e+00 4.426990920053312628e+00 3.770602821938035198e+00 1.305708780235064204e+00 1.099398382708447475e+00 2.315748862283812104e-01 4.183808203878262688e+00 5.591240417518383410e+00 5.184025301488336623e+00 4.758184371725321382e-01 4.619089000243508103e+00 1.211416152089882736e+00 2.154889165692362774e+00 3.531102182460441163e+00 9.013191796016867263e-01 4.775751808039824020e+00 2.642870247366889913e+00
5.786766015784160722e+00 5.548813774920797748e+00 1.606277157230169061e+00 5.239466759847863031e+00 3.041259521782566644e+00 6.220159510035158767e+00 1.189819106120737935e+00 1.090168066693295801e+00 3.772038066532472200e+00 1.837751761628323655e+00 2.639204745693936260e+00 1.256722645649100412e-01 5.233768470849938792e-01 1.868338257074626974e+00 3.698881579740141756e+00 2.561139154559033848e+00 1.675172704254688671e+00 3.911511407850164712e+00 2.927954641108732603e-01 1.279342554538395405e+00
5.551986775244988515e+00 3.854391849346353371e+00 3.942375487208582996e+00 3.523470554410025990e+00 1.783914161518528552e+00 1.273250343366193915e+00 1.746259476376021746e+00 4.449849086079042948e+00 8.223299318419667880e-01 3.249116696009542449e-01 6.209136493383835997e+00 2.482330730286482545e+00 2.613867512417879180e+00 4.122659499647082448e+00 4.727125966633789034e+00 2.417151694244625393e+00 6.257448930021581868e-01 5.930871982286221034e+00 7.447853119610224615e-02 2.298357231504636111e+00
9.375237085343478549e-01 6.006887653277826367e+00 3.229299655334838981e+00 7.065321769426097243e-01 3.812603597290990187e+00 3.739144879361069762e+00 1.912975753072879703e+00 3.297914005532403880e+00 3.602345152939117057e+00 6.123207640051795408e+00 4.841247603576785963e+00 1.217342610614655651e+00 6.048384950394560811e+00 6.233743097700522817e+00 4.492831810745580690e+00 2.064176028836479659e+00 1.222616208429506690e+00 4.136311049260186223e+00 4.016081912050032621e+00 1.447160685798616564e+00
5.581364615411256835e+00 5.396807596475874824e+00 7.104976941738047058e-01 6.161622414333681519e+00 3.318660344831547260e+00 4.177557941871575586e+00 3.151450362866013322e+00 1.420827897067006296e-01 6.249732407511485732e+00 1.369558129856858875e+00 3.942915763029134490e-01 3.508513344100600673e+00 2.459661863230564904e+00 5.190426099556882278e+00 2.040483733050615811e+00 1.095658467568318972e+00 1.676644743303903784e+00 5.112200793176858937e+00 8.584064851106222305e-01 3.962247777875917532e+00
5.286039070074308732e+00 5.233123448307161141e+00 3.795036713776364756e+00 2.436997947279002652e+00 5.176133871926825725e-01 4.804135756555594661e+00 2.134959167842707672e-01 2.306795223996822575e+00 5.579580363728307013e+00 5.701292282047068838e+00 1.038059083140037808e+00 4.559575035726846082e+00 5.225196475614217739e+00 3.522078110080493651e+00 6.377624349136276072e-01 2.368216162575554673e+00 2.442825274891109455e+00 2.641839883989238302e+00 1.130688807259657036e+00 2.743341807707585289e+00
5.708653273725081689e+00 6.100816404944243487e+00 5.641163840719871203e+00 4.333799644651731953e+00 5.977451515735866749e+00 6.808451221315390267e-01 5.852714110818746818e+00 1.099762810439430943e-01 5.492726644995179264e+00 1.398669725363044680e+00 3.199258542672446470e+00 9.580190458399415743e-01 5.433705585351743750e+00 2.395671265688579243e+00 5.618828044583215942e+00 4.248502912032019019e+00 4.626968692668712357e+00 3.394347732759288139e+00 2.554916957425664048e+00 2.819018248532258575e+00
6.079274222808870753e+00 4.260938538822006016e+00 5.612749741060019559e+00 5.330070828437598607e+00 4.960428692608157775e+00 2.111919590439541583e+00 4.646761147976236295e+00 6.198457247057433950e-01 1.744045130051416481e-01 4.219050132409254417e+00 2.868221564263538248e+00 4.443568386120660962e-01 6.164228654834996490e+00 3.516435677988739350e+00 6.554100190003954163e-01 4.221352888045209362e+00 2.098212426532748420e+00 5.211221435551903980e+00 3.764657506382414365e+00 1.258811987070166394e+00
3.890798150853932297e-02 4.263660240416725422e+00 1.570056204600530192e+00 3.415820475055007854e+00 6.026585770337914427e-01 2.624753077731194040e+00 2.210456742574058886e+00 1.955669992402879531e+00 2.006356038217721238e+00 2.604958437811982552e+00 1.923008456445966852e+00 2.221124755793533190e+00 2.022773645012599264e+00 2.284738833888690035e+00 4.265861404759312414e+00 4.654839499952791115e+00 2.184342458102602968e+00 4.395707143131462047e+00 8.224007014457228593e-01 3.519970077221175941e+00
4.295131790272233907e+00 6.043877630020467961e+00 1.779357295711859299e+00 5.211740832807207902e+00 4.172072962159210974e+00 4.273402190180773275e+00 4.377209691009238679e-02 4.930740524813262304e+00 2.529927565747441820e-01 6.985371775477404732e-01 1.384242225280216010e+00 1.640934069140863594e+00 9.376830042442434454e-01 2.939865188993239453e+00 3.746378877612290381e+00 2.355878962038620017e+00 5.687790214531699640e+00 3.714457196158793550e+00 3.909003796836232780e+00 1.393328213619131617e+00
4.268794644682174955e+00 1.716216198038056806e+00 2.597946355088204928e+00 5.948843831157012652e+00 3.462480404278667212e+00 4.055864823438037448e+00 4.857074245582502781e-01 4.531722029580270039e+00 1.276512714760869471e+00 4.838349072703570369e-02 6.237427584286701077e+00 5.605305909728476976e+00 2.482316693097210702e+00 3.990666659676320283e+00 4.244043017664717254e+00 2.416377743962027758e+00 1.470607874005180893e+00 4.740626931028431912e+00 5.208072245147120860e+00 2.483724648351737230e+00
4.859084923812929446e+00 5.722360389951895776e+00 2.350297378013348037e+00 2.905142955319332199e+00 3.186219827072313271e-02 2.489982730074991601e-01 4.153561688464360024e+00 3.998922881004936425e+00 9.023092163728579918e-01 8.435846952172022517e-01 4.400994180467686090e-01 5.524490312449621854e+00 2.083349759844552729e+00 4.212537266725211005e+00 5.880307293791741108e-01 5.269799443001473627e+00 2.262025597860525483e+00 5.304903154423451284e+00 5.438972996757471812e+00 1.746911606155743035e+00
4.372420481764002886e+00 2.205911318988819758e+00 4.433183859740993382e-01 3.751887749634925662e+00 1.974984667382281733e+00 5.883734360822597154e+00 2.669367670793213243e+00 7.889100672033663719e-02 7.466381938041692923e-01 1.445580723680671698e+00 1.468532230842454878e+00 2.671094693223790451e+00 4.307210921531831715e+00 4.848059194121124627e+00 4.471528493987847241e+00 3.152722693544208532e+00 4.663060183425322691e+00 5.890934112530069378e+00 1.041515025175665077e+00 6.154694325698772062e+00
1.664267803720248295e+00 5.291066360311552863e+00 3.415739958607570514e+00 2.680246545858883334e+00 4.281295592704026376e+00 3.791122308301565269e+00 4.443352214451826043e+00 4.576508234816865972e+00 5.702595015203528739e+00 2.474854957281082957e+00 4.144641623290910459e+00 2.957501806740238770e+00 4.813318219086035188e-01 2.148974632657866923e+00 4.721403049691935472e+00 5.827609689430767403e+00 3.354998707433839211e+00 1.182321191522976767e+00 4.522372853059139608e+00 4.796029817530484962e+00
3.165557952491707905e+00 4.674844357608946233e+00 4.297141836873060505e+00 5.789516399456628548e+00 4.582706476567528497e+00 1.946937970731030143e+00 2.884046868187450485e+00 5.846123535389688541e+00 6.072463723448136008e+00 1.909469823528540333e+00 2.501022178003617036e+00 2.300693309865348979e-01 4.043727901856494000e+00 4.752836255781118346e+00 3.631792188595291737e+00 6.087174546163678812e+00 1.353486013425654111e+00 4.741844970645994195e+00 3.381016920467392328e+00 1.682767000420575476e+00
5.466611350022905214e+00 4.606650164239050937e+00 6.197234005171336158e+00 2.771496878004303444e+00 4.362262713584537654e-01 1.248524333600717906e+00 4.478204159198224232e+00 3.990985424302588847e-01 2.060273061125346583e+00 1.368629250935696540e+00 3.836427141096798721e+00 8.312247433413273434e-01 3.815273334111263015e+00 2.183386817730126328e+00 2.784727506914606021e+00 1.350898770442096275e+00 3.747928665951352656e+00 3.335427757227294343e+00 4.717804174889452362e+00 5.738693954066347303e+00
2.430506110092242711e+00 1.473922631655786519e+00 9.789191933498321563e-02 5.994275560716539886e+00 2.315892438818393462e+00 3.746115822774783499e+00 2.337678094316641086e+00 1.619927220984241023e+00 6.942153390731586882e-01 3.080622552535230874e+00 5.594809041299647845e+00 3.436842842782346086e+00 3.602332194423743417e+00 4.084585353152943021e+00 8.459384095010888949e-01 2.393673132514102964e+00 5.180595282380615618e-01 2.488854490880860304e+00 2.501295200161136822e+00 4.747459844350951919e-01
4.624407770552505959e+00 1.874186601754892934e+00 2.936800658266678354e+00 4.710154263520097473e+00 1.237615800664380039e+00 7.829281994894601304e-01 5.480348525586804520e+00 5.235818382033095020e+00 1.040609273957715936e-01 4.140490953086614745e+00 5.883181417627946885e+00 5.869612032611956742e+00 2.018380058168626423e+00 4.732046816919251775e+00 4.502578267283388058e+00 2.241044551544129071e+00 5.687472803922511977e-01 4.428919154424235671e+00 2.070035648363740766e+00 5.858301562277487662e+00
7.944922839102347423e-01 6.219499826321713165e+00 4.285814969634562210e+00 1.458112022531128593e+00 5.138113836296700931e+00 5.988609817193797369e+00 2.389027753709866975e-01 9.067261290724333289e-01 1.688909039013503921e-01 4.377730103659938088e-02 5.906109466496181071e+00 3.484784774509448013e+00 1.618530694381191903e+00 2.295267854953463971e+00 5.131067547269883455e+00 2.305802071123292496e+00 2.199789165205408015e+00 4.255453585905597969e+00 3.788392839905055265e+00 3.092873404864345810e-01
3.897720569110874944e+00 1.711706698995223652e+00 2.347577346354397798e-01 4.629572477913133532e+00 2.470105153869244674e+00 5.462663737188123925e+00 3.187433720586654307e+00 9.957316857981342029e-01 3.908471940990630777e+00 3.375008394787846644e+00 3.378291398449711824e+00 1.612623644120567246e+00 3.583462766674890609e+00 1.632300009233785543e-01 5.918085585795076042e+00 5.846649018562525946e+00 5.155432189248256414e+00 5.151565283359470726e+00 3.055452869004202654e+00 3.890237449866042141e+00
1.191053108552476258e+00 5.075109452734971605e+00 2.041749940763164517e+00 4.996755491566695184e+00 3.566249078764414548e+00 4.912995325144986047e+00 2.754809552631972025e+00 1.037096939315313771e+00 4.014149499738126181e+00 5.245695181624916437e+00 5.225528808878830311e+00 1.826931607297270554e+00 3.842538368196088072e+00 4.910062058720725098e+00 5.132375504669356658e+00 5.002351706003786092e+00 5.114292245911244095e+00 4.523818687964364926e+00 2.355480471873424297e-01 3.148375760353987918e+00
4.801595507418769060e+00 5.545533594180262149e+00 3.518449489531048080e+00 4.768380693189005370e+00 5.966691220525761175e+00 3.787011489700464750e+00 2.860892186648843705e+00 2.723144560095878131e+00 3.976990616223677222e+00 4.088312100997423038e+00 4.828166571123843731e+00 4.062657305896255622e+00 4.670952255579854828e+00 4.004256245715589912e+00 6.053199572996527777e+00 5.059721076900926207e+00 1.481442208335060240e+00 3.788218373687508578e+00 2.806539446007441652e-01 3.408520808934263790e+00
1.023255264009312882e+00 4.448832594306621147e+00 3.822899754745907597e+00 7.843535982060779732e-01 1.918222960913706365e-01 6.062413166576170909e+00 1.881119120768329100e+00 4.066963686020176993e+00 4.755292546668829168e+00 5.140902370343947148e+00 5.295640478457463995e-01 5.880709838008599810e+00 4.721017084560070742e+00 1.079263228824417720e+00 3.432474045399034335e+00 4.975238493175614174e+00 4.926750681376303120e+00 8.947039135435000956e-01 4.589334672567105256e-01 2.382366538690322777e+00
2.621585902848278415e+00 1.259095607771477887e+00 5.647761270207897866e+00 5.198107702510226247e+00 1.875920520377061251e+00 4.910807926198604179e+00 5.592150268164374438e+00 6.166772248430336667e+00 3.750579472334500064e+00 6.030716393014342813e+00 5.931258212699511922e+00 5.086802494928731599e-01 4.177518031741321636e+00 2.968851335102714373e+00 2.232422999793918450e+00 5.148495340662456066e+00 2.250951220539324726e+00 4.394464709455120577e+00 2.310035348131036059e+00 1.160833211369766832e-01
4.149671782984962753e+00 2.840835298998612757e+00 3.434195339574920514e+00 5.928133035617114466e+00 4.597829614464838066e+00 5.600976766285655772e-01 4.291308105838336218e+00 3.815439884757268363e+00 3.798826525504634066e+00 3.359575192827681356e+00 5.150049953386504065e-01 5.400109003740866775e+00 5.533894357250121132e+00 3.761028292244128490e+00 2.410485577588011186e+00 5.306162042153395042e+00 1.706155791798204868e+00 2.531519200739482223e+00 4.160249785902661479e+00 3.485151999997077255e+00
5.062605895885782914e+00 8.845752627392610146e-01 5.268809060370389652e+00 3.072306143638703357e-01 4.196376072237018917e+00 2.274391216997599496e+00 1.418111690534032743e+00 5.506094698230905138e+00 2.768472040037538662e+00 3.950519453470755504e+00 4.427329779140774413e+00 4.788522912429580281e+00 3.474327521315820011e+00 4.315003954335320024e+00 4.624522769997622795e+00 1.574431371167414717e+00 2.408192060980837379e+00 4.661110484271179466e+00 4.355342392406772234e+00 5.450106892917188084e+00
1.449197338292400383e+00 4.731383647606755005e+00 4.191883897992704000e+00 5.240708824770671903e+00 4.024249262571231722e-01 5.794882972660421849e+00 3.869746958916250090e+00 3.431095704262060675e+00 4.089236489908740779e+00 1.045121610818543489e-01 2.031860621458638327e+00 5.990509662333071361e+00 4.658143446248137032e+00 1.982745342596104576e+00 1.359831372818353756e+00 3.922812451687801794e+00 2.064313392970380079e+00 3.072528239182171550e+00 1.768401789081550657e+00 1.202407938875931448e+00
3.290670122576983214e+00 3.457596920570237931e+00 1.928580232193525035e+00 3.127196925367088376e+00 2.040910095988471618e+00 4.858846717802149051e+00 2.310315523740995580e+00 2.616099015527347582e+00 4.911329158766219116e+00 1.375367157915269534e+00 3.456685148005846031e+00 4.475714977194596322e+00 1.085070294410765301e+00 6.617611585121156992e-01 1.342957727132216617e+00 4.631231259739412742e+00 7.471973093126816901e-01 2.378791354997027430e+00 2.481577483951744156e+00 4.286997725151068472e+00
4.525523930936141248e+00 2.156195831754951220e-01 1.286630929607641916e+00 4.316378850937434564e+00 2.038076049717175486e+00 5.254599334655210896e+00 2.388015342121804885e+00 3.730562532311743063e+00 7.848141215124192493e-01 3.683835590165277729e+00 2.768780131320973226e+00 1.171008664034313002e-01 5.367866783993878954e+00 3.501585645379349021e+00 2.269162145108933881e+00 1.600398348679972216e+00 4.786459758976533863e+00 5.063297891104252990e+00 3.623160236525636013e-01 3.745374363872077339e+00
5.672147657630056017e+00 2.948497970185364192e+00 7.751273705100812927e-01 3.586715352093926334e+00 1.228710955496439272e+00 1.359215425944861888e-01 2.619215054556922162e+00 5.507930096007802589e+00 9.416080364715259110e-01 4.752985146807893635e+00 6.207634812302051941e+00 5.541826931021095248e+00 4.215250712165436120e+00 5.993126573819456127e+00 9.171336921107721141e-01 3.255979563669130439e+00 1.051807845434540756e+00 7.485907104250268951e-01 2.780162208071301322e+00 2.067185225478340715e+00
6.206106101230011163e+00 2.235516032341924308e+00 2.597462292122526772e+00 5.322235456868201098e+00 4.871092223268568944e+00 3.420942120703251099e+00 1.598340020796691352e+00 3.060932853121207220e+00 5.372064928815889040e+00 1.510753410306270306e+00 3.038691150362939908e+00 4.883036838366117571e+00 2.670433720623325069e+00 2.710835572973424146e+00 3.624932793263448083e+00 2.396601032690459210e+00 2.215230573412110715e+00 4.022613517479014078e+00 4.935477235223450360e-02 5.873829853286389735e+00
