5.152911510627465219e+00 2.976085308909052873e+00 3.767607049637842653e+00 5.797662613450079050e+00 5.806848135520804810e+00 8.086464474290058213e-01 2.969954083927562660e+00 3.872174900729144387e+00 3.871404653350884573e+00 6.173885727131860790e+00 3.558532321798497211e+00 5.277475513774383842e+00 8.455869546494114708e-01 5.945104976664683072e+00 1.346681757813432245e+00 1.803937971635931836e+00
8.264029256325763351e-01 3.202157964542345692e+00 3.141790621895536706e+00 2.287907850963339484e+00 6.067761226258309826e+00 1.997250911714434585e+00 1.109306297814333320e+00 3.433968169720578167e+00 5.455901561213936546e+00 3.707755066316947179e+00 2.707737642589409521e+00 1.603717015707866844e+00 2.396926624253242544e+00 3.188829938058061586e+00 1.064310673860928258e+00 1.298809039733140436e+00
5.781617846411249317e+00 1.144522836030747559e+00 4.217985362690966689e+00 5.213953015358096188e+00 9.791422511857201805e-01 2.350971162558010530e+00 2.155818597184113727e+00 3.098431878080194934e+00 1.882371850416175274e+00 7.599993859287997866e-01 9.936706999931984585e-01 2.139151105950067855e+00 1.843585360805844120e+00 3.458040664499105521e+00 5.641103439277723730e+00 3.813270112510129262e-01
7.396320160644056507e-01 3.498694196253607558e+00 2.354460988715930014e+00 5.281100552304340390e+00 1.168117927017325863e+00 8.867030514238996020e-01 5.291617698176311890e+00 5.228443305098087635e+00 2.809060216012762012e+00 3.526506338506822491e+00 5.547074460226178338e+00 5.096316938604804392e+00 6.130932597908865134e+00 1.272445916106392572e+00 7.796900303181233949e-02 3.057300491811861587e+00
4.018318388532534868e+00 4.750328421542381108e+00 5.003473311297882198e+00 3.488997682665802014e+00 5.207082709338298976e+00 3.203695872958040702e+00 3.380363799851262563e+00 4.598007557655681588e+00 4.475008355847645447e+00 4.421932854858489748e+00 3.203139292743847122e+00 2.611886121300493357e+00 2.064734655410340292e+00 2.538381954416416564e-01 2.934679458387186912e+00 1.262873714806685754e+00
4.935171228296348467e+00 2.223960720399314805e+00 6.035499168634917311e+00 2.452708662593734434e+00 3.542263243564987452e+00 1.808240697612720327e+00 2.681877743291946059e-01 1.973704000028202454e+00 4.716055341254778988e+00 2.782782392005669347e+00 1.117226344944666439e+00 4.738058150246219569e+00 3.455974275934167839e+00 4.200178953422692096e+00 1.556141530643736504e+00 4.557761724332786146e-01
5.387979315803615776e+00 5.209783598640438385e+00 1.213306113679967657e+00 5.747362151819907616e+00 1.841560082810035581e+00 4.973064866719382415e+00 4.824314716527811520e+00 3.462884956926636004e+00 2.546957470439948912e-01 5.748221012459445722e-01 1.127250302840166363e+00 2.251856415879209816e+00 6.082709101497210114e+00 2.148447245661452065e+00 3.948137903322194830e+00 2.976994674629942050e+00
5.999433972517062008e-01 4.617284254995415615e+00 6.028482650434738410e+00 5.549947474354937960e+00 2.708175239521435351e+00 1.491348885754699705e+00 4.181674990456754948e+00 8.907052087552129738e-01 5.543781321754893909e+00 7.598282775785728527e-01 6.247525777187198592e+00 1.278010666843329535e+00 1.326071302015224829e+00 4.111397435516492394e+00 5.848164788112752532e+00 6.123056265071329385e+00
4.288496335735631604e+00 2.918271476149347343e+00 4.169315644189297565e+00 3.198681483504961065e+00 2.135747863982184747e+00 6.850200853223553654e-02 8.441470030689562920e-01 5.290926441568971406e+00 3.477015817001471110e+00 4.625541290130247951e+00 3.827045085600608409e+00 9.259367659012953666e-01 4.830115228328637045e+00 5.794937206487206893e+00 6.058085980356108458e+00 5.243731559885477234e-01
2.777158236688444859e+00 1.123287763138970607e+00 5.065161892143784650e-01 3.964214962154542499e-01 9.871777955314541275e-01 2.878454149438074872e+00 4.364250305661861340e+00 2.137503452473059173e+00 7.866452897423904522e-01 5.742301308644671032e+00 5.306797398021822154e+00 2.574176113801212029e+00 2.589169309717379797e+00 6.092392798970371004e+00 5.083219704359346558e+00 2.758499360657683530e-01
1.677389404646958404e+00 1.029869826799681531e+00 4.975263121145428791e+00 3.736208338410226037e+00 3.741813861122379681e+00 1.175843659181778023e+00 6.107843043742826605e-01 6.115112882193612265e+00 1.094900615284242207e+00 5.980310005578915344e+00 9.535275605685710199e-01 3.938702879200233209e+00 5.375516518038292446e+00 2.773596328960527213e+00 4.172967642269703958e+00 6.539178236677676281e-01
2.589525076980115248e+00 4.203432556777629614e+00 1.499400033162358925e+00 2.105242470009638378e+00 5.144753486990597757e+00 2.596567119290527970e+00 3.272276032428782955e+00 4.884768625897939032e+00 4.438368940055288370e+00 5.001783726270980779e+00 5.948589376303441867e+00 5.130541462189129653e+00 2.869395025330303106e+00 5.722881723347972738e+00 4.073278518824441363e+00 5.594998477349063748e+00
4.086538134095134112e+00 5.876744646469715505e+00 3.629070815475650580e+00 2.398476129253108713e+00 3.085601986322237256e+00 4.349661618540836550e+00 5.762957265816905483e+00 2.211916240500979125e+00 3.968827624360952822e+00 1.819711707639371401e+00 4.777817412485378057e+00 2.004077299709857041e+00 3.172368732546119841e+00 5.325653350614121706e+00 1.018807336997031854e+00 3.219595667705164033e+00
6.380723557737897345e-01 2.252958880187849289e+00 1.787160289592219842e+00 1.915542643836176895e+00 3.596961546992117675e+00 2.659912673569456487e+00 6.117066910109101308e+00 3.819300525148288106e+00 1.349311210547249340e-01 5.089786336278199208e+00 3.253023029455187842e+00 1.862064327878628633e+00 1.549239889538083670e+00 4.170651840419307810e+00 3.405841444029940934e+00 1.759378439534528438e+00
3.393492022223977500e+00 1.312160386833055803e+00 3.695146231671883053e-01 2.638274336515135765e+00 3.384876349539324369e+00 3.916525389104277721e+00 4.041492042059771528e+00 5.773330556630251742e+00 4.889297514805440059e+00 5.908068296042084278e+00 5.682492893238410225e+00 4.179958627756693801e+00 4.136740604791635967e+00 1.922181580879960938e+00 5.639152016830057887e-03 2.418027584416431175e+00
4.094761936987796780e+00 9.759429395124344930e-01 1.608025323619116209e+00 5.453522373121520772e+00 2.580316146320407178e+00 5.866014253408573076e+00 1.473166743450441185e+00 5.974189810579289883e+00 6.130207558156560488e+00 4.548919193370780434e+00 5.490066445458832156e+00 1.491494714988850889e+00 5.411998180299574024e+00 3.970356565420067874e+00 2.203205752440278609e+00 6.098160662489942041e+00
1.955766328048466063e+00 3.717637076112412675e+00 1.955173231161321024e+00 5.890837605247410735e+00 4.654064332772291479e+00 2.079321921797350647e+00 4.838566774798723991e+00 2.360537370567159066e+00 1.343642998267086996e+00 6.013291492184765552e+00 5.193730593141275165e+00 4.480186783900153014e-02 4.205098942897856240e+00 5.058553906068101291e+00 4.691564308972171915e+00 5.403475209045143224e+00
1.694580013428309551e+00 7.436691592986841570e-01 3.739712958197479509e+00 4.696691922308616540e+00 1.299808485445897777e+00 4.060217531485725562e-02 2.421197965205188485e+00 5.309616229010387656e+00 4.900260768928868416e+00 5.611248037074902051e+00 4.395472473760267285e+00 1.321658123882710978e+00 5.900525853215558669e+00 1.825470273956313783e+00 5.969727784055416819e+00 4.460427601033514655e+00
6.100665154651599309e+00 1.871898791296737086e+00 4.551197526623124157e-01 1.029630616513146357e+00 2.069484181325790040e+00 2.823818820121189344e+00 4.699953982582833589e+00 4.850826044476268528e+00 4.465435601453671133e+00 6.281570946922472309e-01 1.843266295699807156e+00 4.657764844441383723e+00 1.887143054685926469e+00 3.654739438938162888e+00 2.327022431444294881e+00 2.884288044710772159e+00
2.994701918354311321e+00 1.287109458308249632e+00 4.921049669355342382e-01 5.242885284742512253e-01 6.186465101820841639e+00 2.166437804381076138e+00 2.086293887568954286e+00 1.102372411879816785e-02 3.440207187599436445e+00 3.853190009065772803e-01 5.588797444023626548e-01 1.816492520503632413e+00 3.180179817264386699e+00 5.797482866904652532e+00 4.120603080110565863e-01 1.502970549545140422e+00
5.313444798259492785e+00 2.192747750030232534e-01 3.335797890676462707e+00 3.906551800199135061e-01 4.416703653504977289e+00 4.134838403289382569e+00 1.923132133009469946e+00 4.537033597497077686e+00 3.578224143471615104e+00 5.824476185450237153e+00 7.514274064139507825e-01 3.211696094669844737e-01 5.744489581892216812e+00 4.907362669515372033e+00 1.602617947938416165e+00 3.688864340543609011e+00
4.331161228010951270e+00 1.399504628161156450e-01 3.170436708198931086e+00 6.231399956814368757e+00 5.267296837907005980e+00 2.299234167279461172e+00 5.706761583274723826e+00 2.817399619963983248e+00 8.075813774883358609e-02 3.036656695753278790e+00 4.706212553759002937e+00 5.514471435054550952e+00 4.039427226881991295e+00 8.230714075559116827e-01 4.283303238719713413e+00 1.905092632241330297e-01
2.601797495429607920e+00 5.821850795523453748e+00 5.814851129559404086e-01 2.474509501506911846e+00 2.514812194469019602e+00 5.417895104208733770e+00 4.594680947612402200e+00 4.068826214301971333e+00 2.488210700267504016e+00 3.238112642249450612e+00 4.036333805960394372e+00 3.331123534132125918e+00 1.718203920490351422e+00 1.665892116991889438e+00 3.956618457889972351e+00 1.696270567799186946e+00
3.846512577250766451e+00 5.291161239836026375e+00 4.853752355098866822e+00 3.461652513498238548e+00 4.197829586813309533e+00 2.158740601119057967e+00 5.172677286917674699e+00 2.122423841604048067e-01 1.547316476096229909e+00 5.037946454867878288e+00 2.073517115129514643e+00 5.787171226750225550e+00 4.352323558424797234e+00 4.674710241598629246e+00 2.226599054287051072e+00 1.437468090077919092e+00
5.597845056423569332e+00 3.830335505944681973e+00 2.020853303700079984e+00 4.541702142551961252e+00 3.751438451135450158e+00 9.909386573658837127e-01 5.509376977243602980e+00 1.372823078277203068e+00 9.690892498012493306e-01 2.341042472699554011e+00 5.331975079396161776e-01 1.617659773999422998e-02 1.237699015321855223e+00 4.230933465718383246e+00 2.672479074568747226e+00 5.940909099073050648e+00
8.057240143551442912e-01 2.264714372184412738e+00 2.333061749050802658e-01 2.247858161557916290e+00 2.440849093824240423e+00 3.855765446007526354e+00 4.427937406199593973e+00 4.600762701083845663e+00 9.322086355328200735e-01 3.552252995968842586e-01 6.390114730067962545e-02 4.010381343592622549e+00 4.521903442466875256e-01 4.486093264434739325e+00 3.478601139928816810e+00 3.089439165854171332e+00
1.894980904317855819e+00 3.507729710966331460e+00 3.961216058477322832e+00 4.360379609208892226e+00 3.100892505590558290e+00 1.778346835559198480e+00 1.861617113414028690e+00 2.301295392710323906e+00 4.014935201885406535e+00 5.144762219464553255e+00 3.158444360339144108e+00 5.683174233472594317e+00 3.316467651249667359e+00 2.176092761361290706e-01 4.900438761582379676e+00 8.289394233708320403e-01
1.499623313622586940e+00 3.411536758725899343e-01 3.359455009365948097e+00 1.154995818543802955e+00 5.127009188281048679e+00 4.263347042719109581e+00 2.678195658248170297e+00 3.402364174640595262e+00 2.849417528732912874e+00 3.996714578009620933e+00 2.659359840265822506e+00 1.193125584392991323e+00 2.535875893032084161e+00 6.842833693546654938e-01 5.007057880458837040e+00 4.066382953605408801e+00
4.706462480165263251e+00 1.225991621725591951e+00 1.528336672785044703e+00 5.997289766589728011e+00 6.493835702817964961e-01 2.297324684695309038e+00 5.325014513362488211e-01 6.136604567679365907e+00 2.722473899491427041e+00 1.652432229055187607e+00 4.840530009445444648e+00 5.001760330430395918e+00 5.315267783980578642e+00 4.115263948527955407e+00 5.248793576270691652e+00 5.628374491813740832e+00
5.542784093589241401e+00 3.601521650345745673e+00 8.127564949235760450e-01 4.037261158838513886e+00 2.102150010555908999e+00 5.407481496254943565e+00 2.617088571853722012e+00 1.583031907071780653e+00 5.182872007646635026e+00 3.492240645116035491e+00 2.225746956043367142e+00 1.289634961178344863e+00 2.387001124689039244e+00 2.349774886200861168e+00 2.071240075149614057e+00 9.466553862284118326e-01
3.832108555506268832e+00 4.508847793474003218e+00 6.436995445922041315e-01 3.104389123379632576e+00 2.539895294668431003e+00 3.219018241230901189e+00 5.428678615575273092e+00 2.992949346301199132e+00 6.163249351770954121e+00 2.659897954158233713e+00 4.033911183759169461e+00 4.386173287996085968e+00 3.152790664343508631e+00 5.376223264851654804e+00 7.907376245183944663e-01 5.957188802764406432e+00
5.729178949640909124e+00 2.627013870912940252e+00 5.608149943633632617e+00 3.570221997525009794e+00 9.193543454854371522e-01 3.421171403964993196e+00 2.928778493070368860e+00 4.413027195001759218e+00 1.169119229558416073e+00 9.592991350961237451e-01 4.605423486063089378e+00 5.789614256596620656e+00 4.327411350278748792e+00 2.016166849850425713e+00 3.858553105476036027e+00 3.298150980133633947e+00
