7.951223997166708898e-03 1.576706549188240380e+00 4.532523863314332768e-01 4.163650426055864884e+00 2.104282764498767833e+00 2.492282626767396092e+00 2.895010673798402934e+00 8.932410358234113557e-02 3.130857520047165554e+00 1.417259655971603527e+00 3.474210408148978857e+00 5.284001182998749435e+00 2.827990262878556926e+00 9.908614371074018212e-01 4.023094653722225189e+00 1.580788422148231342e+00 1.485852072056646378e+00 4.707081493158495000e+00 5.735479484247606230e+00 1.034620647018957840e+00
4.073452241321698253e+00 4.528166050879403493e+00 2.859244964075595696e+00 2.666691803844300490e-01 2.146344871854394043e+00 6.022875445300911679e+00 4.012370756666698846e-01 1.307747622225319262e+00 3.265513308871556664e+00 3.245612589607355769e+00 5.155146574126746373e+00 2.845671276786930548e+00 6.171759335407592140e+00 3.342031515142013465e+00 3.748320185782594738e+00 4.171659341961140299e+00 2.282639525147360793e+00 3.521883422987319268e+00 4.129970096260440648e+00 3.147423968879448974e+00
2.399746446349903195e+00 5.974503263448252000e+00 6.218806295808829709e+00 3.718209694666337217e+00 4.559149773594063149e+00 3.650327657774735890e+00 1.619116664856751209e+00 2.594622834188201832e+00 5.401187410151595536e+00 5.243329356563283028e+00 4.555938111690901238e+00 5.899149372893755405e+00 2.851931780407745531e+00 1.658525506965758511e+00 2.272895961186479408e+00 2.030176459811167344e+00 8.767837476842312849e-01 1.606397079114808113e+00 3.797312701098105592e+00 2.969090742976225439e+00
3.787886818326981153e+00 6.228942136552725328e-01 4.431980956287567608e+00 3.310354695469906350e+00 2.655731909100627508e+00 1.650434939552133828e+00 1.063711691385057057e+00 4.597448534808096454e+00 3.818874818607542743e+00 3.759862518643744878e+00 3.300724235415922081e+00 4.747866761709784278e+00 4.242986000761760579e+00 3.166279958581807552e+00 4.278555920893044373e+00 2.503357306215269418e+00 6.216210933270410521e+00 2.610311816700211285e+00 4.676129912317746218e+00 3.869932630054707001e+00
1.724575380361138555e+00 4.620036785367896748e+00 3.307081064451928398e+00 4.040439922411663609e+00 2.999228425490895855e+00 5.870222918078940033e+00 4.730198791304125905e+00 4.319627658652146707e+00 9.120996327791702774e-01 2.161301861037447036e+00 3.893338593080315047e+00 3.115311488604640910e+00 5.609932345346376970e+00 3.960080361801012305e+00 2.542495764677311643e-01 3.736248648369651648e-01 4.786262923831458238e+00 3.318585505723657736e+00 5.959360708438681264e+00 3.593031311229173408e-01
2.926916857954042772e-01 2.263096646468145678e+00 2.712593390017349115e+00 2.232963996726379019e+00 1.576905988479485599e-01 2.714761216942268351e+00 5.343190314838011545e+00 4.741652755971095701e+00 3.557666342538588822e+00 1.593988710757405114e+00 8.699015909899543431e-01 1.748835235140462352e-01 2.188487190646010383e+00 5.792952535860410590e-01 2.513445883544336734e+00 4.137319386040357649e+00 6.048609944672380667e-01 9.699932316414490163e-01 4.609934393442471467e+00 2.486222504430123159e+00
4.025122831200060425e+00 3.012276160924046486e+00 6.076897733515508326e-01 1.372400834015672588e+00 2.280676474892394889e+00 5.127729341835419064e+00 5.479061507858099311e+00 5.662644098456213193e+00 1.436592133075464073e+00 4.105065222761944632e+00 3.710324041411294349e+00 4.003343429435309631e+00 2.960945797692895010e+00 4.949565274188911346e+00 3.599755199446642795e+00 5.139115103248561134e+00 4.313132201848565828e+00 4.309072126418801441e-01 1.835994131235203719e+00 3.947947308661162058e+00
1.407104392766806766e+00 3.285482587351664208e+00 2.559393100699757007e+00 3.471022272542710674e+00 1.723253953830745644e+00 3.424315875526633857e+00 5.659624028263297468e+00 3.947932142844654546e+00 6.107374641948934979e+00 5.994499263706824621e+00 5.171787484608780794e+00 1.430949017094541587e+00 2.306927910938434134e-01 5.208924793827491406e+00 4.488871015613237425e+00 5.850576562766069522e+00 1.674018911213939753e-01 6.190812179533112136e+00 2.077503535099817000e+00 4.827233523173675600e+00
4.335681586187659420e+00 4.553492869921559105e+00 9.717262342371617567e-01 3.387892733483887309e+00 1.962552939439178967e+00 1.668351067460126957e+00 2.260221085679845032e+00 1.568210846664402358e-01 5.597452925866965856e+00 1.365027340321167237e+00 6.111307587165841770e-01 4.334024790562655660e+00 1.807381585777445343e+00 5.147158281890400200e-02 5.218396279672377958e+00 4.463328676341350665e+00 4.594923689412821588e+00 3.397728153582876498e+00 6.256337429243328252e+00 3.970048387606573304e+00
1.763558860615398460e+00 2.503252405657050872e+00 1.477749386091351314e+00 4.929584279156591364e+00 4.711328795287729854e+00 2.568035691181041802e+00 6.136246821192969492e+00 3.724049668351596676e+00 4.754128561167373590e+00 3.492616089616825459e+00 2.748931816375002501e+00 2.605457444510591802e+00 5.833471815771476443e+00 2.391605872917646369e+00 2.626843594789595393e+00 2.432917159069674651e-01 9.050341805052120048e-01 3.049936712554971230e+00 3.665427438801546423e+00 3.472613524650531414e+00
3.756654834582224378e+00 4.976089746585157236e+00 4.567095646200082015e+00 5.890756538170660410e-03 5.583707426469314505e+00 1.275364797763455460e+00 4.405747701221741863e+00 3.759581070297863370e+00 8.069722186720892365e-01 4.579016544299631342e+00 3.244138676070679406e+00 2.872182750424721931e+00 4.490286221049887949e+00 1.405210219272414740e+00 2.823401788054029193e+00 4.965127359290451459e+00 1.271944730026040249e+00 4.896623442966497208e+00 9.187957286005264956e-01 2.943628505491880709e+00
3.700671516182681309e+00 6.103981393401502586e+00 3.812647543953557427e+00 6.023585171510611680e+00 2.328585608099986271e+00 4.576395744418746858e+00 3.290139214202776330e+00 7.125515172959697718e-01 1.763502620563417000e+00 1.745440722419275836e+00 3.187565303562460706e+00 5.255938005565587989e-01 1.641858755797250602e+00 2.415151620464175419e+00 1.930789656927170084e+00 5.454262349866541904e+00 1.228758150283188577e+00 5.915818143810577467e+00 3.875815974034896083e+00 6.375158687891709919e-01
1.013345536858719420e+00 5.829467315826464713e+00 2.834564682214472775e+00 5.554012184024762711e+00 3.156738943300702260e+00 5.931908372404827823e+00 5.397981278570763486e+00 3.788474726548342719e+00 2.388407096917099626e+00 6.923402018851406714e-01 1.295389434223035430e+00 1.592701873020310188e+00 1.079892740705769683e+00 1.623407854781945936e+00 5.740312718824382543e+00 1.080313031341298524e+00 5.884442265208198464e+00 2.706029958128939761e+00 3.125381623724922342e+00 1.657614117773220430e+00
3.178147612703561720e+00 2.273308825278066880e+00 2.034750409872280397e+00 1.204159543040245861e+00 3.457115007616335056e+00 4.783183537536213059e+00 3.692374499565984181e+00 9.183065422561385860e-02 1.377708181288993528e+00 2.858370291209554104e+00 1.223138937872661813e+00 1.920982815234365537e+00 3.971050003955977292e+00 3.416170347600704371e-01 3.110000526623426520e+00 1.067795316580486764e+00 3.351402844191027075e-01 1.521970185051950919e+00 4.005121675019016614e+00 5.374498344029104757e+00
5.871056400048939139e+00 4.388771829082775966e+00 2.226302628967564701e+00 2.217476637788184490e+00 5.638595575993246456e+00 6.762431097464393082e-01 4.523255704061283744e+00 4.739811628590049786e+00 4.656535454558843323e-01 5.067874997302019402e+00 7.976642364212640501e-01 4.820226352467012809e+00 1.508491930285355220e+00 2.945391181684558379e+00 5.155067239451513572e+00 5.910460752028117160e-01 3.731356412617522267e+00 9.906142518161324961e-01 4.122001815963992399e+00 2.312442855707019795e+00
2.982538924452240447e+00 3.211645135035837484e+00 2.398085781004190231e+00 2.124849277179941875e+00 3.865193670449758034e+00 5.802119035637550937e+00 1.686502321625330536e+00 6.210109390609641622e+00 3.214571117415209400e+00 3.483383199033112110e+00 2.546911030831619627e+00 5.783576764752769162e-01 2.148624709457251480e+00 5.847086240275454649e+00 4.486084054653876052e+00 5.728226105612424846e+00 4.470229314390357978e+00 5.129738334307835324e+00 1.113393817455016865e+00 2.844293848681486825e+00
6.184817023588667695e+00 2.044966296474592493e+00 2.115203498378122937e+00 1.673729859383408902e+00 3.350399426654381063e+00 2.143738900123194568e+00 6.558781922080643145e-01 4.343529267977785935e+00 6.178236922567373668e+00 3.047629888993938607e+00 2.546748154950128740e+00 3.562335572930033667e+00 4.879939906501124192e+00 1.457819161756049864e+00 5.467818932620180483e+00 2.166266616160685832e+00 2.847068622760508649e+00 4.984652149976466440e+00 2.182172910857499204e+00 1.971055470872922655e+00
3.959561060101273733e-01 2.064283577052829166e+00 1.299921272865495858e+00 4.225064019272802840e-01 5.738198323928558331e+00 3.646326186436864347e+00 5.257732175058586144e+00 2.636516135903107738e+00 3.786678900655288782e+00 2.953780591489838514e+00 3.768627370239516772e-01 2.543782382396927666e+00 3.411937036520932498e+00 5.809316722377561026e-01 3.486160501651159205e+00 8.207715363022712873e-01 5.254855335934534466e+00 4.363481186674832202e+00 3.437091950652219285e+00 2.435139227345505475e+00
5.705490034942940270e+00 1.556827291396958080e+00 2.799160423718421331e+00 1.750393669548386821e+00 2.134313398422816643e+00 2.293002827866975846e+00 4.375513651035559670e-01 4.910684849588778378e-01 3.742112638337550812e-01 4.529975984522454979e+00 5.241549182587547762e+00 4.474235450428476479e-01 2.083139045719565985e+00 2.601159496771505708e+00 4.073452752190531712e+00 1.190279357930864368e+00 2.446371843067654872e+00 2.898562355078591057e+00 1.150672739830425728e+00 3.329220675510240923e+00
1.262651235801444338e+00 4.846966165868976439e+00 3.066456298731117247e-01 1.617877413676895415e+00 4.799668989484077386e+00 3.923375010551231612e-01 7.646698098769483254e-01 4.485638211967521549e+00 6.168241979433718214e+00 3.623924572457911886e+00 4.951617091448247798e+00 3.545420968710654375e+00 2.662298614739662117e+00 5.761072758565707552e+00 3.029747825099478598e-01 1.826938582407765743e+00 5.532945945444676106e+00 4.911762979617826375e+00 2.950039259207768882e+00 3.119401851348356569e+00
5.227136386772869514e+00 1.643856530506396796e+00 7.686063729744339046e-01 3.772480463830077291e+00 1.996940825799214947e+00 1.516701667138517617e+00 2.530644823838051227e+00 4.420662380822276916e+00 3.740791302850481781e+00 8.742463315881959796e-01 4.833090041752108768e+00 5.449267282945625013e+00 5.499624415579243752e+00 2.346789236870384932e-01 1.874980825188211631e+00 1.956862120282993889e+00 4.162304672083559254e+00 4.375751468734267569e+00 4.452047947133950245e+00 6.018588670947042640e-01
5.613524810754506156e+00 6.785944280931867079e-01 1.355929299174356339e+00 4.801950868121406257e-01 3.980297647444939635e+00 6.110574078432493117e+00 4.088705593699343943e+00 4.827349957879639497e+00 4.219813658809828283e+00 4.413824933046108789e+00 1.187332083104075814e-01 5.259890308409534754e+00 1.338990008698808243e+00 2.049813140248966992e+00 1.679188763073617752e+00 2.297324451730680117e+00 2.663444678705674029e+00 3.536621566236507697e+00 5.744628317883382351e+00 6.275759652643174924e+00
6.124372505088388152e+00 3.566926971986204009e+00 2.634267387811232819e+00 5.663443813201171295e+00 1.588900397224659367e+00 5.351142334144105561e+00 5.226336356973090069e+00 9.090673715818009537e-01 1.691089455731046520e+00 4.523717947084248792e+00 5.733585471807343126e-01 2.479245381614443300e+00 5.919200721603886883e+00 2.751975386675664215e+00 4.473089040549322881e+00 2.652490756262546601e+00 3.924480965276876177e+00 3.865194033437827414e+00 3.248357427761035865e+00 4.148924667594969584e+00
6.349017527381121129e-01 1.581748174314777211e+00 2.818204091923420807e-01 3.318556383123724141e-01 7.320270182476265042e-01 1.175051931875698896e+00 4.589762225691699449e+00 2.373668217033481742e+00 2.515291297568928108e+00 4.761841214106386388e+00 7.362397417583862458e-01 3.572820625300263675e+00 1.809512250711724501e+00 3.982384888060826356e+00 3.870554364216793886e+00 3.898987590795379155e-01 5.615703204241953017e+00 3.782164115574019547e+00 9.436859372982514538e-01 5.083840873607148314e-01
1.898692623852706651e+00 1.686360633316829505e+00 5.813729359456194956e+00 2.468068927608484397e+00 4.510228299099246385e+00 4.002458681505583371e+00 5.016027755333041682e+00 1.525639820308698713e+00 2.820365200098144065e+00 3.504098697197800760e+00 3.907455611434574649e+00 1.926661921421086054e+00 1.509095438042648007e+00 1.157167026477740945e+00 2.412317734544133341e+00 4.330388805523505802e+00 1.735501994578998008e+00 2.758429892665012595e+00 4.314796177662336696e-01 4.463444418065479979e+00
3.676428500096613927e+00 1.213074544669023425e+00 4.709747959863271660e+00 6.034545520189066536e+00 3.147028659017257812e+00 9.535327648701773517e-01 3.731528532853261915e+00 3.362597545242090202e+00 9.191058757953409764e-01 5.605394576755488245e+00 2.730040304254235384e+00 1.355364189022736809e+00 5.439943124930806562e+00 2.111878957256843048e+00 1.555359547653318408e+00 6.509331128270987588e-01 5.819803996687552550e-01 3.560656593165236306e+00 2.788615059771978544e+00 5.814292141439875827e+00
4.875854068597184288e+00 1.786316189368168494e+00 4.066061306440997392e+00 4.439014034077910509e+00 1.057802471756573270e+00 6.073442199279623921e+00 5.649520846966426646e+00 1.617463497739109746e-01 5.863232891288455484e+00 2.043448784852607059e+00 5.760288494598194475e+00 1.612538779251275978e+00 7.953114223254912352e-01 5.713721089691853550e+00 6.115159800792632439e+00 4.241950405021872150e+00 5.175107886569664473e+00 6.813129786885054884e-01 1.636590927385507932e+00 4.917760827069028728e+00
5.015003892841095379e+00 5.169972346441262800e+00 9.580565063435968476e-01 8.905246274313005639e-01 2.802053417437440075e+00 6.666467027176679050e-01 4.823252783950970901e-01 3.385201804539460291e+00 3.492101061208426671e+00 4.102900166851201291e+00 4.673633762792468893e+00 6.148813607418931682e+00 6.242542481982131797e+00 5.070171434036552682e+00 5.758975094236157055e+00 5.609177568178227880e+00 4.365508794266934167e+00 2.195920889711943325e+00 2.529459284130422869e+00 5.277910063365515825e+00
5.032733163812364907e+00 5.977591254379424068e-01 3.323596917919813709e+00 2.058310039282329917e+00 1.192472779538597649e+00 4.125188696720622161e+00 5.931375600618556732e+00 1.812616476213664507e+00 3.247667963953900561e+00 2.953102442014959639e+00 5.678716755839908537e+00 1.459269117939048011e+00 3.142327433389949132e+00 6.114178064481620156e-01 2.778493444384632749e+00 5.500500633086746305e+00 1.592071064984029061e+00 4.925317032978774989e+00 5.353851705398278149e+00 3.310636654428837922e+00
1.668553711786020521e+00 2.860160866769687615e+00 3.487036227262334975e+00 2.839138804485269230e+00 3.423761924204971940e+00 4.378324026946279979e+00 1.181029991911719979e+00 4.091351863905654085e+00 9.461135640436286742e-01 2.081388682607477669e+00 3.669455820557402603e+00 4.722916025946973129e+00 4.000429626797045835e+00 1.626334947604780590e+00 2.767828520027671768e+00 4.645118863366494821e+00 5.609538941779968368e+00 2.617996189728172940e+00 1.306949271333519125e+00 7.964676990359638165e-01
4.344302884220394567e+00 3.592303132689131484e+00 4.195644316724702172e+00 6.207102516594838804e+00 5.947513142427644617e+00 3.341994196158205810e+00 8.310218161618930788e-01 1.563634077090889862e+00 5.040069768123377258e+00 1.572652872811923119e+00 1.170958699148176851e+00 1.037283413928607345e+00 2.285677197955358952e+00 4.257046053614516268e+00 2.685470472306992651e+00 5.314467570810754715e+00 6.002825241630183939e+00 3.262475083626017014e+00 2.314857018638577291e+00 3.792296306995032840e+00
3.136398784152541364e+00 5.689599933968834122e+00 5.471837686521259236e+00 3.410304389234315448e+00 2.362411593921957209e+00 1.072485767363222653e+00 4.168465034354259524e-01 2.843492492434795516e+00 4.451849549722918908e+00 1.423846905011438624e+00 4.674571116011612126e+00 1.994392927386418046e+00 2.034891876321818227e+00 1.423996387910340333e+00 1.355658162610809514e+00 3.824398551941751156e-01 2.056435013382527988e+00 6.109120966934648678e+00 1.294233135225467457e+00 3.739592589254785882e+00
