6.173550664518856479e+00 2.158432142913067550e-02 1.179950668585774132e+00 4.173073813466002591e+00 5.945911237901976953e+00 1.283941039182193711e+00 4.138205470341483228e+00 5.115130029514542542e+00 1.450222333490503557e+00 4.647073607506921333e-01 7.798912400903615927e-01 2.584014102697200332e+00 2.397179729900242584e-01 1.642124216613431109e+00 5.217960651289047291e+00 3.129639695879208094e+00
5.048479076063319138e-01 6.209512412522313340e+00 5.779009222738007878e+00 4.269285611776058253e+00 2.314666690910882618e+00 1.218437995838058674e+00 3.650869407802942224e+00 3.623238370924170670e+00 5.216404380088159876e+00 3.082509627732914481e+00 4.586612776061513408e+00 6.009441749442857805e+00 2.520257521843774384e+00 6.113456234490421082e+00 4.061698363260154210e+00 6.694122107263029697e-01
7.052365101656192792e-01 4.124670970412861237e+00 9.566083500620909952e-01 1.716967714271146195e-01 2.426205555545010384e+00 5.534556039027063612e+00 1.006533667579703195e+00 3.675770825439395928e+00 2.636591888290130470e+00 2.543243264754732724e+00 2.373480348420966002e-01 5.679742296905819110e+00 6.661939845652632419e-01 1.471385576342072010e+00 4.477847339868799459e+00 4.817807627205228371e+00
4.428626915887567073e+00 5.422868835966311529e+00 8.457944040817831910e-01 4.436512382309769187e+00 4.893654070861552241e-01 2.709738909879121138e+00 3.721773079879057700e-01 5.769189179135191914e+00 4.760866706295916018e+00 3.592026376775052654e+00 4.084209325193843831e+00 4.474428441354846520e+00 2.504538344493220769e+00 9.867666258765449561e-01 1.678479640105014381e+00 5.265290174327834194e+00
1.109533224288539843e+00 5.631240079620412509e+00 4.373586717608895391e+00 6.944124459696121576e-01 8.059960708923017414e-01 5.928132880776012525e-01 2.646192004204064308e+00 4.952666025228126934e+00 5.143358354326042381e+00 1.037497948258968128e+00 4.778934304767952668e+00 3.782362410778875583e-01 3.415663589207556861e+00 1.092313078697298767e+00 5.886654613876180164e+00 3.551868562281542463e+00
3.375782125338027573e+00 5.350727243300131164e+00 4.530283445952269616e+00 2.764619587669681078e+00 2.503168179372899260e+00 4.821640711684410441e+00 2.120286108485111232e+00 3.655531856024949455e+00 1.075102351629472652e+00 5.576950250942691589e+00 2.976430927561485085e+00 3.337876347411850464e+00 3.680290523530832747e+00 1.305579112762882688e-01 1.207102999925794728e+00 1.559103723353925774e+00
2.892620541989454619e+00 1.289841167647531206e+00 2.754793347236660139e+00 3.278019853642498926e+00 3.436168805179696140e+00 3.988510338620947948e+00 3.403913147387677807e+00 2.562929370577763599e+00 2.034375215316269192e-01 3.791298123690443944e+00 3.295246232371991990e+00 4.800109688175258071e-01 3.985787469781825632e+00 3.439355758368376037e+00 2.939445207150541250e+00 3.200241354162283614e+00
1.139529983498598353e+00 4.922973201483899608e+00 2.641205405063792977e+00 8.791093604565050068e-01 6.125611436451517733e+00 8.055077190142805321e-01 5.448021489796500028e+00 1.535755178903720486e+00 5.981787747464378135e+00 8.599074563720944253e-01 4.088685538228034488e+00 5.195838743297991336e+00 1.031262578707676569e+00 1.568871437135060498e+00 4.694739632735625001e-01 5.812804323831797682e+00
3.661719793147059310e+00 1.639708935124264189e+00 3.107607241114939356e+00 4.639317993812188679e-01 3.891462835770705730e+00 3.242180919663392835e+00 2.332906085409707300e-02 4.349326361820958553e+00 6.047872867444903378e+00 3.561809925470248217e+00 2.736782141367643639e+00 4.585076457070957012e+00 5.391892884449707601e+00 4.091715745248643898e+00 4.930863638276704819e+00 1.109501705664751148e+00
7.406967610643613309e-01 7.639971925951154486e-01 4.126693130802468801e+00 4.901570136549068479e+00 5.902146501328949135e+00 1.453776417640362251e+00 1.780260401265701731e+00 1.573580271329911850e+00 4.620541960079174615e+00 2.078711734061100991e+00 4.629889963719413970e+00 2.553606779652228376e+00 9.372549053662818652e-01 6.023063826796972720e+00 4.975976785622325593e+00 1.907537930117746861e+00
4.259260244446162247e+00 7.721435735157164970e-01 6.793289712507601941e-01 5.667576844860843011e+00 4.468662778350832809e+00 5.025283789397441581e+00 1.098517617831033411e+00 5.816337383729853761e-01 2.868847229134163790e+00 3.443143408691998530e+00 2.500988861608587577e+00 3.543122195588815693e+00 3.799652565041370167e+00 2.858502020762721529e-01 4.399203730534664736e+00 1.648469736001706210e+00
5.023257421342027129e+00 2.750111681368143657e+00 5.895335930571085292e+00 1.130305740742887588e+00 6.269390031390247309e+00 6.077615387415851167e+00 1.469590749989364564e+00 9.101917346527296226e-01 3.260102485600182565e+00 2.163227566547178959e+00 5.454610291223845664e+00 5.901417403613238299e+00 2.321228469458442412e+00 2.162418191561864766e+00 5.910475237404221538e+00 2.614500432491445370e+00
4.308323653541142662e+00 8.651965338473471823e-02 3.708078394417135826e+00 2.077370491868427038e+00 1.829230288392338366e+00 5.549157552189239340e+00 3.662606416118837860e+00 4.995107044832274745e+00 6.153790233221645423e+00 4.715152184252302980e+00 3.945176558201360262e+00 3.602896381758334599e+00 3.652507850175415349e+00 3.974102186513323254e+00 2.040753370386755083e+00 2.951757038640838271e+00
4.747868335657198458e+00 3.061741309424690916e-01 3.912026192555609239e+00 2.818243291125707151e-01 6.039276709865013970e+00 1.141456818324326550e+00 5.711636259124826864e+00 2.219756750903520093e+00 6.011871082076052808e+00 4.252972046854468502e+00 5.249631598476196537e+00 5.571923666031453948e+00 4.168282668459073470e+00 1.576646817705298131e+00 3.197305289506146675e+00 3.396403261755102321e+00
1.136717750477760358e+00 3.170535064377885792e+00 2.038870165538721579e+00 6.128795174060669204e+00 2.313448035854451579e+00 2.826414258874416774e+00 5.417290772863728066e+00 6.476651727206426123e-01 5.423073592060425163e+00 2.259511185394069976e-01 3.876349291588974566e+00 5.424382061126571841e+00 3.642571116733096748e+00 3.845955591455055611e+00 2.961534706777047887e+00 3.934840540179711965e+00
2.484638553036603525e+00 4.474864177273607524e+00 2.945251750323428563e+00 3.391600202942420594e+00 3.949666365236698340e+00 2.844588748584657711e-01 2.149963687081070773e+00 2.712226350993694801e+00 9.070550467063775990e-01 2.810115994659943883e+00 2.794785955732852933e+00 1.519302643204673009e+00 2.786298338901173732e+00 2.331887846693876387e+00 2.819743939636271790e+00 3.934679917186452158e+00
4.883599746585982615e+00 5.684538782365815557e+00 1.776446756803955696e+00 3.869394731378364316e+00 1.993391322600323923e+00 1.968861921443322727e+00 5.433970900112210067e+00 4.605863979669808650e-01 5.005057916724943823e+00 2.258062573006533569e+00 1.050329387603184061e+00 1.290013966912037180e+00 2.272402674113860765e+00 4.634186126654546989e+00 2.353119031153907859e+00 5.968037544116938875e+00
1.893363906345583825e+00 6.224678580043814691e+00 3.343444271609765206e+00 4.539179601682804766e+00 3.699872567899838149e-02 2.827277056755562179e-01 3.078066559296637195e+00 5.425222708085133405e+00 5.884238030645930984e+00 2.045537437433716743e+00 2.851572517780945670e+00 5.130565947753935596e+00 3.140486239287080927e+00 8.506272667285676992e-01 3.002038968840501809e+00 2.388353480690527331e+00
2.958474130261017354e-01 3.538225898494001598e+00 1.121111699919768556e+00 1.088523067050010784e+00 2.345930214312628159e+00 6.129650159450644509e+00 5.907928426501969810e+00 2.471672604312907140e+00 6.049121486463205244e+00 1.225711789176196831e+00 3.055526513552966339e+00 5.421879821510659170e+00 3.679562022520003861e+00 2.992084475604031901e+00 3.452843336707652533e+00 5.657172153637616496e+00
5.608161119289446717e+00 3.684033655440243082e-01 1.507137974127654156e-01 2.504934875852133480e+00 1.485515532039662245e+00 2.734920004464744814e+00 1.393190447548141364e+00 4.622662742587155371e+00 4.056540268149642081e+00 5.992745981755179585e+00 4.697256328997502450e+00 1.514954169523164085e+00 4.118877120024588834e+00 1.620599513272200642e+00 6.020167974824428114e+00 6.050455651157336412e+00
2.061964276322725276e+00 7.140698671201981540e-01 2.283582820074530950e+00 5.865984876870961706e+00 5.166695172095773891e+00 5.106958129467106255e-01 4.256900784550548877e+00 4.577474834685692606e+00 3.889442926183094507e+00 2.280166193999022983e+00 3.862166708904341217e+00 4.071770091075781473e+00 5.410460214948040303e+00 1.257670043315364916e+00 1.982217356590973534e+00 2.131917396069876514e+00
5.257160171332982301e+00 5.120745121042604708e+00 3.061702878815045548e+00 8.909989151273872698e-01 8.521707716867732429e-01 1.579003127202541101e+00 1.737186681118538356e+00 4.483433491940397531e+00 3.969642146841204089e-01 4.600638556163385573e+00 5.359338254269579771e+00 1.821727275912237820e+00 2.763635728378150080e+00 2.660424288245211155e+00 2.597022669992941957e+00 3.568490986384142971e+00
4.611542938924789503e+00 5.806362536440786037e+00 5.471930149044353264e+00 3.799772787780562489e+00 3.786769701756119044e+00 1.793133335471063461e+00 1.975861226137120008e+00 1.880247948623583687e+00 1.736175534576642976e+00 6.010068614603721215e+00 4.857871920280660838e-01 2.594094069610782594e+00 5.708213862409150963e+00 5.512095638724772151e+00 5.306425498380312078e+00 5.368708219311264074e+00
6.216468325392578542e+00 3.881217049353267168e+00 2.002670184043953583e+00 4.877962535812176093e+00 3.564830573602152608e+00 5.622654765330609150e-01 4.036780823691443310e+00 2.804833958427166873e+00 3.237427837253193386e-01 1.064232433295923652e+00 1.672861674247972052e+00 4.633040899227333753e+00 1.826528492943824578e+00 3.642235744098816785e-01 6.065920170173435544e+00 5.274583036206052178e+00
2.292401166597978879e+00 5.038654613440746388e+00 1.233286762692798133e+00 1.122758790559932329e+00 6.239388072828327303e+00 1.577591102156373493e-01 6.228587799747971943e+00 2.758740644427399857e+00 3.946689696124698887e+00 1.269407781494087395e+00 3.793994841027393150e+00 4.722106743628085468e+00 6.258593427488658989e+00 1.935775191533581019e+00 5.311455255408537718e-02 2.576939417658940190e+00
1.640935647200669090e+00 2.422702146356312980e+00 5.639115357518230454e+00 1.425354903289022479e+00 2.673386463419914705e+00 1.950246867848204058e-01 2.180511465947761351e+00 1.491584504602169181e-01 4.270110088587816044e+00 3.561034562388799340e+00 2.787042394174508164e+00 5.856502292931152986e+00 1.629475826508219649e+00 2.008237144809473129e+00 5.500960231962201519e+00 1.458938370083170177e+00
1.512248834274778853e+00 1.677015705881217178e+00 1.335844419151964502e+00 1.389452691171743082e+00 2.782049410874986695e+00 4.259499375648374553e+00 1.141062029760506968e+00 4.487533025211539517e+00 4.941979535178235849e+00 5.049208836783075860e+00 4.781837814044716417e+00 2.028973311004944602e+00 3.405819525508630985e+00 8.283959360848240916e-01 2.956758552856921796e+00 3.267214251795034219e+00
2.341095095624806000e+00 4.569637600003479072e+00 6.427954167517537787e-01 4.509223485664310083e+00 8.929294530173734756e-01 4.782929847787932509e+00 6.125137565819648522e+00 5.693682544151650760e+00 1.268964736025067319e+00 6.041291929093910440e+00 3.702989641396296605e+00 2.615846144718905641e+00 1.569328729701293890e+00 1.160142737022811010e+00 1.470370254138924304e+00 5.535736362810800948e+00
4.402079415904276871e+00 6.516207703625468417e-01 4.896424596407621621e+00 4.444812560307447313e+00 8.024387981976468520e-01 1.513826280037697591e+00 6.139146675230215955e+00 1.988856186525016279e+00 3.184192670026044780e+00 3.088754341496115607e+00 6.791043977953057365e-01 2.686538289982272065e-01 4.773348944486075496e+00 2.065267213317980133e+00 5.527289310876690287e+00 2.194894093015308023e+00
2.549226608311640607e+00 1.744676923814798331e+00 5.104911813303852242e+00 5.965595560155394494e+00 6.037165498501065208e+00 3.018985011844404820e+00 3.272386886822526542e+00 3.413285241668529757e+00 5.192894425262710278e+00 3.872515160883113428e+00 2.778132910654264265e+00 2.169919545983888920e+00 1.724370029789651149e+00 3.697384227353043062e+00 2.710999837711216554e+00 1.867191252002985857e+00
3.416397891998076197e+00 4.750434596415431088e+00 8.088927876944674855e-01 2.596657368143815425e+00 5.131485039340723198e+00 1.000616510703168094e-01 4.615337540705560571e+00 3.513749885582353460e+00 5.978924616644770040e+00 4.734205510840196141e+00 2.146894927092589889e+00 4.198361097633742212e+00 5.750634165777903206e+00 3.053478026442007387e+00 5.443101668702944984e+00 5.796549238894537659e+00
2.792175918038751203e-01 4.398176344461599108e+00 4.305379467208371835e+00 6.573453118509999804e-01 2.201126434831033318e+00 6.275839340086140972e+00 4.069838928814213830e+00 8.235362853394448956e-01 6.275246222133064933e+00 1.307873341507830744e+00 4.419109040159487911e+00 5.457894121819021116e+00 5.322498215721584991e+00 3.259553034873001742e+00 6.034663225063096270e+00 5.702880041429689406e+00
