3.683752115474330679e+00 3.738421270631420157e+00 8.233893717178716321e-01 3.674698636317567324e+00 6.268084739512961079e+00 5.367093147062695913e+00 1.911496664279104030e+00 1.242350639014402347e+00 4.009695405051163064e+00 5.960912432547694983e+00 4.623468303290543702e+00 7.230052265336682771e-01 2.984110389985110245e+00 5.512830372226988906e+00 1.229131704590376906e+00 3.112402944433262597e+00
2.925751989761955496e+00 4.369317552015609785e+00 1.248380403279999440e+00 5.656722645911134606e+00 7.191810001916787431e-01 3.480000578186382754e+00 3.202638720665639926e+00 3.444519407696096547e+00 3.056471221170069974e+00 3.913788045543796557e+00 8.641161947142128597e-01 1.857078064465714551e+00 6.085551306919465553e+00 3.216889745606877238e+00 5.452131555704039734e+00 4.516250467755629217e+00
3.901974836398215629e+00 5.009908717096708486e+00 7.095867815836439663e-01 1.768018838195144493e+00 4.863230688697551152e+00 3.737060082307566700e-01 4.427088581216334973e+00 5.542279530632632678e+00 3.042759156465161485e+00 3.900466587580849964e+00 2.786468081513080897e+00 4.838110249505793159e-01 5.096165058002967818e+00 1.975115317994477371e+00 5.478439040093418200e+00 2.626698184975112760e+00
2.960284807390833439e+00 5.105769530753366148e+00 2.101247775232207626e+00 3.659113665287059725e+00 2.670771236106588287e+00 6.069853458206142527e+00 4.547803232729757283e+00 9.602631224567511614e-01 3.965305672537318138e+00 5.434291569931533950e+00 5.480561329922373659e+00 2.631557218890465677e+00 1.584358408494064507e+00 1.974669856655209277e-01 3.803741979423273190e+00 1.648589413146208882e+00
3.728941760652523030e+00 3.855852767826330130e+00 3.268777681919548539e-01 5.416265714845233781e+00 9.820458206210299634e-01 1.196680659245754841e+00 1.033451109272375934e+00 4.239850581813598751e+00 2.753210291807335341e+00 4.417347766394342123e+00 3.696283023513349253e-01 1.696102261228398245e+00 3.276347442648774866e+00 1.797975601507940224e+00 7.019653317935119485e-01 1.322754799608538923e+00
1.099712556016687603e+00 5.430773908667386074e+00 5.105335960437662912e+00 1.398096682217233599e+00 2.838757101210164890e+00 1.419875629810545492e+00 1.885615561147549135e+00 5.298695703785055500e+00 1.977929567413728718e+00 4.253541337640537101e+00 3.214610979096311993e+00 3.188129967496371009e+00 2.428139158424433841e+00 2.546575166455514516e+00 2.742108534192652769e+00 3.715953045771134833e-01
4.080615417591156202e+00 2.641460349704973787e+00 1.359216672025029160e+00 1.494582293699403097e+00 2.353947236250822694e+00 6.008799351569900971e+00 5.933215036169482204e+00 6.038071684065310585e+00 4.676440917059272451e+00 4.325541677471339774e+00 7.308019939814162091e-01 8.765287173894533712e-01 1.311008145565155936e-01 4.211518120650637798e+00 3.924118246159621126e+00 1.140556472362601381e+00
5.032626468518771823e+00 6.232831895446151016e+00 9.791591716493242004e-01 2.431310561886410149e+00 4.275157510367209035e+00 4.383134215944821221e+00 5.073606481249682609e+00 5.670823195373925429e+00 1.099126338416890780e+00 5.440681274023371206e-01 5.595720619914356320e+00 1.876129062077061871e+00 2.338114321541981067e+00 1.258557326985247693e+00 4.957854312383203954e+00 1.404085366207595165e+00
3.566819584789477360e-01 2.773075703920371282e+00 4.318956348682584157e+00 6.050246930285597458e+00 1.915121334180982959e+00 5.787791544063039417e+00 1.135194399789819952e+00 3.574714393894962150e+00 4.605998247457474548e+00 6.224729498484395940e+00 4.532833834098846104e+00 3.670851357776063306e+00 1.605849021267125476e+00 6.192058957146768350e+00 1.164116001623116459e+00 1.596684431434404416e+00
1.929093918491507909e+00 4.307706539581531047e+00 5.224415634674961950e+00 4.575259125107649538e+00 4.107606517380325784e+00 5.198282878770564608e+00 4.476201491549323563e+00 4.083017554303402186e+00 4.648282632198980302e+00 1.851692265390574743e+00 5.208182383744851540e-01 2.419705455623715640e+00 4.536305408566136066e+00 2.457935753695978942e-01 1.918591823704219212e+00 3.844051797089799827e+00
5.027583828989719450e+00 1.037283688783208424e+00 1.431204998574844067e+00 3.286106283475526801e+00 3.879172803644585610e+00 5.308780315331592448e+00 1.617839431565756936e+00 4.344310583565213491e-01 5.137240728035415982e-01 2.699351385451417285e-01 5.471747304016806313e-01 4.404926317743851349e+00 8.788739693975773370e-01 3.199937490559044750e+00 3.377046927619006933e+00 3.464378118701450515e-01
4.832541411729532221e+00 4.339439185191008796e+00 3.866958470381236967e+00 9.576716629384575130e-01 5.220651361922945544e-01 2.432015680802242841e+00 5.870780037187321554e+00 5.525886378250010722e+00 3.705018122453612062e+00 6.105384387223586895e-01 5.202068863838911206e+00 2.382962729420680770e+00 3.932460638884226256e+00 5.720352420925704173e+00 8.175486942370185917e-01 2.232265739403589966e-01
3.455285325830497190e+00 5.178130630345274099e+00 6.020920888192577536e+00 1.513681243227727347e+00 5.046625897416680218e+00 2.503058904317413624e+00 7.292331800896789673e-01 2.510634015968344346e-01 2.217372042452680603e+00 6.010295358190979043e-01 1.429997394355793761e+00 2.845712136969640316e+00 2.571042616934972713e+00 5.171663583549193532e+00 5.367303349040236427e+00 3.915488577586698771e+00
5.735916458247619865e+00 5.029060213336506102e+00 6.103533204487389341e+00 2.385141389575410109e+00 3.123253085113071759e+00 2.601572057031385388e+00 1.670675824299863610e+00 1.299239359453298492e+00 4.261563806407067112e+00 6.799813273907795441e-01 1.791324863465958872e+00 4.099378687000279520e+00 5.609432761584895566e+00 1.570822461916254520e+00 4.984577101096740570e+00 1.351937379159452890e+00
6.203495602814303567e+00 5.094549776508469741e+00 4.842829556339596664e+00 8.307933438228201073e-01 2.566460298720716349e+00 5.946688218393961556e+00 3.572135050181212801e+00 4.606080601309535894e+00 2.300794200643400345e+00 3.802656902090278734e+00 5.325759032737646947e+00 1.655265318515674267e+00 5.783626844834596881e+00 1.496830400657898519e+00 3.264183899190930216e+00 9.815773292319218690e-01
2.105851800176032018e+00 4.893795701408915733e+00 3.391388274988278884e+00 6.842798201858761586e-02 4.595404844202454875e+00 4.662204599296064345e+00 2.287454412447472496e+00 3.983816978074148363e+00 2.301654177848882377e+00 9.443890411745757552e-02 2.679449132944012657e+00 2.837701491031689116e+00 5.820214767792132982e+00 5.193298789283834260e+00 6.974413409738376979e-01 5.434930610171551990e+00
1.695580876487448041e+00 2.097613652528410366e+00 2.307405639647479134e+00 5.660190943625387661e+00 4.212988276603006454e+00 3.365505508861807993e-01 4.348828918444647140e-01 5.678856323610380841e+00 3.853979063067318744e+00 1.142616056343683129e+00 5.556446246371954167e+00 1.944473703426502498e+00 4.118495965747257515e+00 2.486659511552802848e-01 1.218634949834787262e+00 3.793939592469217637e-01
1.749961086003954280e+00 4.214802219692405316e+00 4.739661365474021615e+00 4.264660370664191902e+00 1.121007496870540576e+00 2.214401424890051207e+00 8.866107451156489405e-02 2.315154008460567958e+00 4.746195912913633741e+00 5.576314835486970267e+00 1.318523592495566055e+00 9.230599067649020162e-01 3.586001557284979491e+00 2.175323887546684598e-01 4.434175755514970341e+00 1.860424012790142134e+00
5.970275437197247292e+00 5.039621017312975404e+00 4.553040090673609264e+00 5.351556094314866563e+00 2.430316148365446960e+00 8.254552314753080822e-01 2.664636826677874382e+00 3.538597792481668947e+00 2.557481595425797227e+00 1.893827668321771407e-01 2.754766777146390733e-01 4.482592644993139253e+00 4.383388599170158884e+00 2.893377095951104927e+00 3.430462008586339095e+00 1.450850094613273633e+00
1.983070131727533214e+00 3.297847650929097152e-01 7.984332264247605560e-01 4.219835607140369760e+00 2.163799091025359278e+00 1.055474553882915778e+00 4.861166475991444358e+00 1.845084489756136925e+00 5.778799065221689180e-01 2.867204534734397736e+00 8.176889215391932586e-01 6.027768721345536207e+00 1.332568668617261753e+00 5.720812891473346928e-01 5.163235354228681295e+00 1.003822422933624142e-01
5.004528752677856573e+00 5.614273421351170690e+00 4.237541019783507501e+00 4.664407737755222882e+00 6.486306895456933619e-01 1.364112886099872135e+00 9.742705435210250453e-01 6.910112090128822659e-01 5.437957437026578411e+00 2.390939533191362099e+00 3.603266770065186364e+00 5.541936110191648446e+00 3.124852599046588963e+00 4.492216000258804520e+00 3.605037655876366820e+00 6.115347561895504214e+00
5.791116403326982187e+00 1.814873925008060773e+00 5.384478856955798420e+00 1.765258625693551409e+00 9.976860125189614126e-02 1.424952844270471086e+00 2.521644474803525160e+00 5.869586475232894118e-01 3.072215890989137943e+00 9.991517612192610809e-01 3.001625257189224794e+00 1.947600823506488776e+00 2.767004556541900584e+00 2.604404391842054522e+00 9.795663629597833877e-01 1.372628115618177436e+00
3.753831657708401437e+00 3.786216419198553229e+00 6.103296314976502934e+00 5.005647797390331277e+00 2.854134299302260036e+00 1.233681077240838642e+00 4.656046331391401616e-02 2.974848187049219383e+00 2.193409859214310753e+00 2.646421130781496878e+00 4.661705652128238064e+00 2.202785640063617656e+00 1.551291884132676380e+00 9.933988327412754948e-01 1.071597016204536734e+00 1.713281547698443763e+00
2.803065452884012654e+00 2.999781981000496422e+00 7.315115206521890512e-01 4.960053356775845579e+00 7.690630763610386555e-01 2.771269912066452790e+00 4.104372057197583246e+00 5.296839960043819850e+00 3.199663592118980215e+00 1.640500959358268229e+00 6.278805678894749498e+00 4.155259871211288036e+00 1.014619592511375679e+00 2.912122082144037449e+00 1.440606244257786273e+00 2.294597984222429776e+00
3.610052888248271863e+00 2.176635185500929381e+00 1.041442830030921751e+00 5.868176159408069026e+00 1.343878338604210132e+00 4.027678055308210325e+00 2.343014512022972173e+00 2.381925773337844721e+00 4.875593591411759853e+00 4.403052267728511104e+00 2.779854815330976336e+00 3.217790565356726695e+00 4.430717741732938642e+00 5.338699780673767492e+00 5.977970853960918873e+00 3.827742844826544477e+00
5.135551300800385910e+00 4.910824746797540108e+00 3.126321181607759625e-01 2.270698329025341522e+00 1.812584042881288049e+00 3.082163118929856171e+00 1.484358555369815980e+00 1.351517739291185460e+00 5.453447703927027490e+00 1.443229463371789700e+00 4.867075887640276655e+00 3.416864733817516875e+00 8.499849629043818577e-01 6.028021161157276708e+00 5.899852632876034342e+00 2.431035956284269162e+00
6.087762038057292102e+00 3.995550330664146887e+00 1.595062635418641239e+00 5.782012233776586463e+00 2.516623734344059837e+00 5.325855846260500570e+00 3.366249755984978886e+00 4.980433683882947271e+00 1.135867457985038076e+00 1.692205716386647740e+00 3.383466186771733941e+00 3.201236355221015017e+00 3.622890393960087607e+00 2.541332896437494604e+00 4.344228973213366096e+00 1.610167084023741424e+00
2.894684223281160484e+00 5.973972845857876912e+00 5.802144829486453048e+00 2.185468091409094704e+00 1.946273201878789605e+00 1.680676815971103188e+00 1.196239413973596566e+00 1.673100445662168756e+00 1.686735343120753905e+00 8.370748353631898286e-01 4.208990273583479436e+00 8.426037120119896917e-01 2.785603787533368347e+00 3.259362254309809082e+00 1.639396626650539979e+00 2.180059666178879141e+00
5.202201192101467697e+00 4.385568799637999504e+00 4.348083301079146423e+00 5.160101412824704248e+00 3.972529042075013894e+00 2.702608119114215945e+00 3.711614385009087247e+00 4.135384702350460628e+00 4.755811221565404701e+00 5.557209041684201267e+00 4.078118379917600400e+00 1.619033900672152582e+00 5.612467057025941841e+00 1.410969164030479339e+00 5.826887402474484112e+00 4.208941426955608911e+00
4.332098079928164758e+00 6.079423104624801510e+00 3.408124207270136097e+00 5.535560511743316425e+00 3.863484471239598594e+00 7.446739068576140319e-01 1.511255594505177324e+00 4.339375141475547260e+00 5.896818371303532480e+00 6.148101134575770566e+00 3.435999818366927805e+00 4.680631927398726688e+00 1.466461376829967689e+00 4.154742111730437060e+00 4.038615341456243124e-01 5.959418901941741176e+00
1.800886613385194623e+00 5.810703460508808149e+00 3.338797002476971976e+00 1.370242663772453628e+00 6.994053876025989602e-01 5.131778092509119205e+00 4.734924876677694350e+00 3.834070277308819552e+00 6.279304616359092428e+00 2.138169259703019076e+00 4.784754676028688536e+00 1.932775842906549135e+00 5.592622805365929928e+00 4.630572048963448317e+00 1.171107119059084933e+00 2.849839959046482019e+00
3.580764488289629455e+00 3.541531564312355940e+00 1.055776805433073395e+00 5.910856172342821679e+00 4.895064430091078833e+00 2.006248796313780502e+00 3.665975449748183568e+00 1.007052247617526763e+00 5.733955314262674463e+00 1.119173543399302417e+00 4.039358291847906735e+00 4.388366585344994242e+00 5.207261637225191642e+00 4.960262581781410773e+00 3.050580308809223595e+00 2.147476379130912605e+00
