2.115123266887291464e+00 5.874360860842927856e+00 8.575062814957542523e-01 4.733646841619965073e+00 4.420203296563543494e-01 6.211348228860731346e+00 3.994049564421262133e+00 5.900446713336700455e+00 1.642930770851990685e+00 5.256359918726389857e-01 3.104667946310331050e+00 4.534095133283097212e+00 5.555486397422732203e+00 1.894662778579916163e+00 4.247402304616542779e+00 1.826456270006598270e+00
2.736443672343891187e+00 3.305945237191211916e+00 4.130981761915359485e+00 4.927349735718672186e+00 5.760279719940291088e-01 2.162372042617974444e+00 1.789532854998550970e+00 1.047295682506834136e-01 1.871513314392742044e+00 5.369100371930402460e+00 6.145495975097269969e+00 4.468837053243378543e-01 6.145594087304234954e+00 2.285938543240399135e+00 3.253700734806835637e+00 5.487773657702866181e+00
3.340963797194430374e+00 4.924838296636495194e+00 5.907050002198802829e+00 1.700668214982828941e+00 9.584785876648915792e-02 9.411227305528468978e-01 3.124111486475748656e+00 3.588444923275520893e+00 5.132133402075695905e+00 4.888836031385691561e-01 5.220092954144504915e+00 3.911679500867863979e+00 6.172431007899844779e+00 3.308619816476725539e+00 6.274884637197214232e+00 1.151746860739371492e+00
4.744931200054490539e+00 3.328255135909644391e+00 2.654978449145453112e+00 6.204479544996601703e+00 6.873544466705406863e-01 5.878554821231680272e+00 5.680434052984796089e+00 5.612740154464820996e+00 1.296527627091007773e+00 2.967080108364206215e+00 1.540289066756771685e+00 4.929090795315459239e+00 2.144370040718169612e+00 1.242330904046004436e+00 2.945754939336081568e-01 4.327502866661369629e-01
6.201893771809804612e+00 6.195618088325460349e+00 4.459632935883071525e+00 3.083058294722189618e+00 5.592619971949461366e+00 4.438524437774787224e+00 1.678700159881980403e+00 5.888729621170621265e+00 2.046388288429737745e+00 3.220170089700538529e+00 5.951831770583588366e+00 3.934131477700795632e+00 4.032258892237470249e+00 6.203138897576694788e+00 2.843592523027592911e+00 1.001138149636038532e+00
5.272948711520920817e+00 5.836376537648519935e+00 8.667537818463231236e-01 1.397598324489752741e-01 4.625058503850162595e+00 1.727204656683664741e+00 9.505678798775989424e-01 2.295492304004913553e+00 3.061371211405150117e+00 2.508264737657158516e+00 1.306020396481791801e+00 1.166519024085251877e+00 2.620896046475892582e+00 1.824837112162851493e+00 2.794219148885511483e+00 4.012964440634296359e+00
4.177856956636881947e+00 3.974732688847353757e+00 4.696379305544544636e+00 3.499736755463777715e+00 5.663690173084103829e-01 4.515843439551384897e+00 3.345980362421505205e+00 4.870092181250059937e+00 4.322858318466346716e+00 3.931730937296356476e+00 1.073310806441005072e+00 4.022002822753566242e+00 3.185027877771912763e+00 5.490355307692249553e-01 1.186175590060724261e+00 6.906816323077895337e-02
9.332875397161543018e-01 1.794383586094408845e+00 3.295755108059505112e+00 1.559381373838454543e+00 1.376801578650361568e+00 2.751150681650067931e+00 4.123388612427165256e+00 5.879960966450926030e+00 5.386618883735220464e+00 3.526384678000009654e+00 3.897537159501581083e+00 4.527755417160646445e+00 5.550974132372259895e+00 1.255018209231608894e+00 2.701528936486425003e+00 5.061056570403965615e+00
1.294476588126597605e+00 3.961062815070202525e+00 2.568808395447724102e+00 6.161517617862104501e+00 6.055335872807603437e-01 5.162961667855626935e+00 5.308268079152153263e+00 1.201482593894406259e+00 9.090397649399978297e-01 1.139034932546088674e+00 4.610260607159362145e+00 4.097741047731418007e+00 1.075967157492889958e+00 5.454145419807161055e+00 5.662244065828393680e+00 5.335251771151346745e+00
3.056695694232876459e+00 2.659575116401442063e+00 6.179435549717090304e+00 4.597502732742815290e+00 3.557785207886414724e+00 4.632290191400207924e+00 3.002286940128518378e+00 3.875437099727547796e+00 2.808859445692826640e+00 4.761127012470776521e+00 8.903495655108857321e-01 4.709650817898360486e+00 7.607958717119808201e-01 6.537777371763124901e-01 2.876000526666990798e-01 6.129436081960155214e+00
1.608940296514256518e+00 1.290497468343825505e+00 6.175196233489614883e-01 5.763931645494527523e+00 1.199582966516493432e+00 8.517109911267408684e-01 6.149812165657856156e+00 9.193601784713159031e-01 2.026121983751267841e+00 1.062365926903871438e+00 3.873450057240398259e+00 5.502453923917909329e+00 3.293049240245730758e+00 2.578491447459238195e+00 3.930988934691300951e+00 3.212581941136797070e+00
4.722569638821876303e+00 4.014921718254022553e-01 4.157211784797690157e+00 8.711228657656062691e-01 3.560374062308149234e+00 5.502791629105657556e+00 3.049778111548291371e-01 3.545682410302935406e+00 7.575559239453196758e-01 4.908290851272258948e+00 1.221065603651391829e+00 1.617662578652517613e+00 4.382107351966983089e+00 5.277891700099430317e+00 4.291481028170107237e+00 4.252817436925811379e+00
2.457951604387485833e+00 5.945066489067061255e+00 2.802616263352338599e+00 2.554269277271316252e+00 3.263716408159435201e+00 2.029797492691467198e-01 4.041946459380293177e+00 4.168281140700204723e+00 5.940046922373863225e+00 3.894094536070594526e+00 9.296051965530532923e-02 3.748560188675288951e-01 2.385132402999790457e+00 1.069698501938506907e-01 2.568169606308051467e+00 4.828156121530725597e-01
6.113192406234390752e+00 2.567995986867533276e+00 5.808403026229196797e+00 5.438254266910264256e+00 4.281047762982173488e+00 1.441407052608867645e-01 8.238078159443136261e-01 1.046546534124993100e+00 4.058436630597669570e+00 2.394704229401339646e+00 1.560523399065490979e+00 4.232194704158336762e+00 5.243917783749403760e+00 1.758962461851028003e+00 2.220877104061679042e+00 1.963519218124315291e+00
5.538599127390511967e+00 1.581786269859243532e+00 5.442201667907779594e+00 5.113648844614153255e+00 5.845540513186639586e+00 3.284992367046305262e+00 6.443149680195636719e-01 1.114742831509961896e+00 1.092946038604296399e+00 1.567910669021757908e+00 7.688153955187642108e-01 4.104545831541360990e+00 5.393847729543881364e+00 1.747966240187411646e+00 4.824704249355153962e+00 6.625510089206430031e-01
1.658369183937472346e+00 5.526561511267724214e+00 4.494488723819444864e+00 5.213954049430192583e+00 4.136937004859822409e+00 1.075062481009096738e+00 1.598397543763064865e+00 2.641307893397260464e+00 5.832155235870528642e+00 4.826829186059887533e+00 3.887342111008162515e+00 1.614660172432129004e+00 3.296777284239517769e+00 1.510425799901146782e+00 1.752273508877216113e+00 5.416025967103236027e+00
5.659916887531582397e+00 3.121003544593303758e+00 3.720475276745808246e-01 1.195105297435600233e+00 1.339889872470805265e+00 5.286111743279874320e-01 5.522131520230333379e+00 5.026248481838170301e-01 2.274954711507583549e-01 3.075154711492721571e+00 4.270876981984508269e-01 1.379923031045811710e+00 4.101322300972388923e+00 2.656975958017811834e+00 4.498889840322654265e+00 4.589033309490614165e+00
6.096385726820920503e+00 4.737826587789988331e+00 3.677851818332978695e+00 3.997786498931218263e-02 5.022010252400342267e+00 1.158424815510359140e+00 2.333894570736017915e+00 2.394548605530484320e+00 2.448809780554769944e+00 5.898309934871310389e+00 3.759751525153143259e+00 5.708316685040720984e+00 3.889099837511990287e+00 5.068243637891740150e+00 5.936478459633715010e-01 2.116991141617025618e-01
4.670313655133181641e+00 2.747503623694378394e+00 1.582451153860545467e+00 5.272859168699633337e+00 2.849450401643286224e+00 6.623121276405222746e-01 3.790305964667632033e+00 1.187947244325003426e+00 4.577254265632029195e+00 4.443328749918245890e+00 3.534509497816098467e+00 2.778351911917979145e+00 5.027387538768400610e+00 2.195728551416422647e+00 2.600780442552664828e-01 1.803369496749429812e+00
2.994155641340285001e+00 2.595719840063885009e+00 1.975671158491650425e+00 5.791607252695784247e+00 8.477458890314149009e-01 3.269716405107431001e+00 5.364443087410372790e+00 1.325990744271277055e+00 1.695809775980458456e+00 5.372452700435485617e+00 3.630039271065401252e+00 3.894489998509554241e+00 1.592945639748484243e+00 5.870138726996883882e+00 3.583481773337124476e+00 4.562208892755857725e+00
3.289760506587223521e+00 3.717242402508256216e+00 1.050781118936039427e+00 3.476618818437474001e+00 4.825575771586926521e+00 6.225586814383130552e+00 6.246354286115649579e+00 1.188305822121678151e-01 5.121827365202901383e+00 4.331829747481295456e+00 5.405801593402595806e+00 6.045480990425184942e+00 3.313947356569252545e+00 1.590340827661742007e-01 4.903175574286477101e+00 5.416735583574214807e+00
5.580988430302078918e+00 5.660656650984425831e+00 1.088651870689439027e+00 2.669686616884925812e+00 3.423828575755665238e+00 2.042243263779856655e+00 2.392330024597943083e+00 1.263439781009456642e+00 1.849650877992994324e+00 9.625001703450668522e-01 8.049038590936921089e-01 5.738007883233708223e-03 5.950590402592982109e+00 4.338601072103406842e-01 2.022627220612652543e+00 2.802453791456425591e+00
2.128071264245340100e+00 4.520388956615408738e+00 5.154074721716142449e+00 1.706063763081904217e+00 1.542230087232661750e+00 2.131508201006207859e+00 2.675656752129948135e+00 4.841513422365383512e+00 1.120457126418509031e+00 4.098927045129244995e+00 4.367899324931236116e+00 2.263344067405899551e+00 5.398443870562734226e+00 3.210260653934192021e+00 5.111163442444237148e+00 3.293336230788713070e+00
1.852828193052580286e+00 3.932685837328028455e+00 2.893590760500332149e+00 6.100130274690550580e-01 2.426962474508433110e-01 5.947779940045837543e-01 2.781416036985808304e+00 3.346151068876903167e+00 1.973058204430792051e+00 1.504340572831524225e+00 5.919622985960914185e+00 1.273097505751453473e-01 5.126323060815129118e+00 2.621356989531631765e+00 1.498320627030059082e+00 4.569038328999285525e+00
9.721554143215425103e-01 6.168163394698201962e+00 1.829260137881244752e+00 4.456850636411095579e+00 2.316245400784841202e+00 5.808638643265132906e+00 4.765055394109130482e+00 3.448404516791883978e+00 5.840334230193999332e+00 6.237603320239042404e+00 2.778407476644104701e+00 3.968276554030833569e+00 1.546755828582771386e+00 6.244103843658328934e+00 2.794612059988644592e+00 1.493214985389943461e+00
1.887659687438324685e+00 6.236213654174425081e+00 3.153045620195373822e-01 6.505076514524366083e-01 3.343106151772360923e-01 5.004122882860466248e+00 6.965683600279379828e-01 5.382359360988071550e+00 5.415930535618012520e+00 1.911439753765288296e+00 1.981570570498191630e+00 1.681528894676376229e+00 4.923468959498006114e+00 3.392804605473840329e-01 2.024728028658121293e+00 5.003918478183616569e-01
4.346771863518026358e+00 4.340802534891166076e+00 3.039466689037201297e-01 5.951388931851074870e-01 1.586629023708270525e+00 1.750933977600808156e+00 1.177325660438903521e+00 2.288838864798265482e-01 2.265385743203364832e+00 5.498840155449457257e+00 3.676200902858051567e+00 6.523584382442675356e-01 5.529374624491129708e+00 4.319800543017836780e+00 4.838602748411217291e+00 2.803044655729245993e-01
1.524543058723363542e-01 2.802781423551470752e+00 3.849864163787940718e+00 5.845454389575052367e+00 4.862382343775790261e+00 3.389434843044565326e-01 5.454976047729728883e+00 2.606799698048676284e+00 2.962295813905952979e+00 9.971143488854528059e-01 1.585471289987111954e+00 5.077348218334146956e+00 4.151197361764345395e+00 3.556236790882473464e+00 5.889375147503267627e+00 3.500376668864793595e-01
2.800863000703162520e+00 6.271492321718988627e+00 5.772506524887459634e+00 2.918745706803080875e+00 5.172396183405321146e+00 4.730096073625614794e-01 6.183033718332827888e+00 4.265491972672924348e+00 4.109973062191459192e+00 1.078181585394317521e+00 1.846314623328149551e+00 4.503277563196755651e+00 4.892121152582504240e-01 3.220148934660040929e+00 5.122819720242359764e+00 3.443929901396738380e+00
2.171239444773051641e+00 6.666673159791808301e-01 4.801649111962699834e+00 1.431683686854809068e+00 2.462954222187033082e+00 5.671347034426490019e+00 4.363321911738160530e-01 6.098172271900704544e+00 1.922409205523673226e+00 2.446701855417888982e+00 2.306632529472240734e+00 5.317202831495695392e+00 3.835354808400122550e+00 3.938378624579912390e+00 4.394125555188233889e+00 5.736302564578998009e+00
5.128682245414500684e+00 1.716017354634300940e+00 1.835935133640262507e+00 2.846066700364808355e+00 4.429406785531083024e+00 2.027375590436209407e+00 4.334651608214423746e+00 2.325211043262291444e+00 3.185576583712208087e+00 5.651920072012845964e+00 9.596475370710104702e-01 1.341570582870558415e+00 2.238316698514906555e+00 5.659094460517928304e-01 2.125139712920289803e+00 5.757133466350660811e+00
2.258880043303635787e+00 2.141312319543595688e+00 3.789111738415658959e+00 2.487185052399361052e+00 7.937847565169090513e-01 8.914298276173879820e-01 8.346889770469712033e-01 4.432577559615745066e+00 1.808359260831575499e+00 2.206925727428732387e+00 4.408457849021917063e+00 3.092568717960659352e+00 5.460305837024178821e+00 1.403400252791200953e-01 2.398075491221757893e+00 5.003525697648954385e+00
