5.924246236536741428e+00 1.561828134493611575e+00 4.581982462538956469e+00 1.304240018319637873e+00 6.241837968028423056e+00 3.775478238290705946e+00 3.730016990871423577e+00 9.702519954352145648e-01 5.538580643170530671e+00 1.515942531783583069e+00 1.234248220319892786e+00 6.063850990284812781e+00 2.638996842801955456e+00 1.620734234662520035e-02 5.808077614056882609e+00 5.683972960462918556e-01
4.708230643174148966e+00 3.703715200970181698e+00 5.455463475813639995e+00 9.806048315639055435e-01 1.499992950319744001e+00 1.801428886379717653e+00 4.012742629408379558e-01 2.270140197387293668e+00 7.805090514763877163e-01 2.322959206463376169e+00 2.004815417497724628e+00 1.427841001492430317e+00 4.583306905674400800e-01 7.215188357279282982e-01 1.693699242956072659e+00 5.148895843308339160e+00
2.582295829149820143e+00 6.062508937489174965e-01 2.741271284321715740e+00 3.724319686775618532e+00 3.265258962469482995e+00 4.096618560504413864e+00 2.322068475362006001e+00 3.051745033148489217e+00 4.137886828276570839e+00 2.602046275764579697e+00 5.227332070007360443e+00 2.514729541962311465e+00 2.017537503703833224e+00 4.939541434093645655e+00 2.281410582830226130e-01 1.855096039093540039e+00
6.208420569600729522e+00 2.426346805987196653e+00 2.590449593698668895e+00 1.568298749589982277e+00 2.753363040368206782e+00 6.198246325336573825e+00 5.413935681742483297e-01 3.722282476637036375e+00 1.190767370740973607e+00 4.844041170703664356e+00 7.051248884533012351e-01 1.142433142382946132e+00 4.727820354704892480e-01 4.295625888500496536e+00 3.295843757027850707e+00 4.226604585950338944e+00
2.901603363050239359e+00 5.928546047578844735e+00 1.042452754424922468e+00 4.885940094884052343e+00 6.034694995979451804e+00 1.445256377163618655e+00 2.667465626959134806e+00 5.186010361147578074e+00 5.806216041463822641e+00 5.102413788025899066e+00 4.324388793600384417e+00 8.644607778882065219e-01 4.546047943054504437e+00 5.929676060434838192e+00 1.264596118448683582e+00 1.115569164525115120e+00
3.544318772354307701e+00 3.007076899997552122e+00 3.500971449214288711e+00 4.591028187067331956e+00 6.726178005641155755e-01 4.144392395041334609e+00 4.144833542118492531e+00 5.242764574854176907e+00 2.930389134422223818e-01 5.182258868177359368e+00 9.897903821968485616e-01 1.386845226274850074e+00 4.342201070969817778e+00 4.724954028657758265e+00 4.694410092886348806e+00 4.307951349449237632e+00
4.853013830068880985e+00 5.095227561115700077e+00 5.504659106823038606e+00 3.250614342945926882e+00 1.113822895572783356e+00 3.272755386033493696e+00 2.437180477282936852e+00 5.781958334181045878e+00 2.904227051095876977e+00 1.546691411364771451e-01 3.950094430596049033e+00 1.850127853958387358e-01 4.290271237694653017e+00 2.073324719622422929e+00 5.492073122172135946e+00 5.616536756805101227e+00
4.931831355102628822e-01 3.929148182502777864e+00 5.578772902197877137e+00 2.263250440834450039e+00 4.534325108426092044e+00 5.299525191266589275e+00 4.943476279127100526e+00 1.586395911712339180e+00 3.958175502091183517e+00 2.399037875118164465e+00 5.988558541480799136e+00 1.958545553452352816e+00 6.057905814394197286e+00 5.179782304617069677e+00 2.493222115260192329e+00 5.486468052629779990e+00
4.946073636776637805e+00 3.950864988753228779e+00 1.632098854099700791e+00 1.329823201279492828e+00 3.076694489650613207e+00 4.962107299870669230e+00 5.633996753435383198e+00 6.237933602583448867e+00 4.053297350607073746e+00 3.800813647124456018e+00 3.861342147234901656e+00 5.236501330621036843e+00 4.352697261216611047e+00 6.250894972592083043e+00 1.096038750830996777e+00 4.562089596040213912e+00
2.233058972133783460e+00 1.016115921215250184e+00 1.128761580372795864e-01 5.156639473299803988e+00 2.498911159156630701e-01 2.787296413499716241e+00 4.632509695675900652e+00 3.474156965416685505e+00 5.961331996400911493e+00 2.943410344313244220e+00 5.385173220804479577e+00 6.055620955776702452e+00 4.165643106703657672e+00 2.687356768497692450e+00 4.974962545116807355e+00 4.781011761780721514e+00
3.834572901487875995e+00 1.582852008188918136e+00 5.585295237842011318e+00 3.566583165924495979e+00 5.971484223168401329e+00 4.675613160368949472e+00 1.890034156702915524e+00 1.560743110734898798e+00 8.360965026505098319e-01 6.494637526820229434e-01 3.966456864273205429e+00 7.440873307789717117e-01 4.807522362120885795e+00 1.122000968538415577e+00 7.496401261632368307e-01 2.275576753212828596e+00
5.421157388646003383e+00 5.446883093380689544e+00 6.141921312173131753e+00 4.412584558570832982e+00 2.344055957744454854e+00 2.374045050563459158e-01 5.304135957064865181e+00 1.710723156368040954e+00 4.109379289999536944e+00 4.965118967780425940e+00 2.276538640310244777e+00 4.792614836214565521e+00 5.038540136964146932e+00 2.484766464799387897e+00 7.288388161211549754e-01 5.691004486210698293e-02
4.898418241831430819e+00 6.193044135866201394e+00 2.839061662461241919e+00 4.348107424990412362e+00 4.790897659540182651e+00 5.506741673750110699e+00 4.729126802246028660e+00 8.730722873926753946e-01 1.930707704339283071e+00 1.096974238516806421e+00 1.777413934033464038e+00 1.011507515137068269e+00 2.234082242756507686e+00 5.395446693990724185e+00 5.416161297302787503e+00 3.046077392691411756e+00
4.649962281606513592e+00 5.354743132693839058e+00 5.015496605410137754e+00 5.710591467755159467e-01 4.048845088927517821e+00 2.043041021666606394e+00 9.569082416561017768e-01 4.055107742471341759e+00 4.496173441241639424e+00 7.229196816156421290e-01 2.012516254062239440e+00 3.966468610101971493e+00 2.779578695680573031e+00 1.655517932126886471e+00 3.137211355757628439e+00 3.802296960898495115e+00
9.638516627313542529e-01 2.004822566143608320e+00 7.609621228841461082e-01 2.528850054600968900e+00 1.095214112169535348e+00 3.520816667531664113e+00 4.479460254148196263e+00 2.096017941212736879e+00 1.491063707435701602e+00 6.122058961110028008e+00 1.115331918762966223e+00 5.985948996622807883e+00 3.653335574067176683e+00 4.978498348835039167e+00 2.128611198174426011e+00 8.404165659770465036e-01
2.093541872430005224e+00 4.332535068897363395e+00 6.151578850793842923e-01 4.418784397199897462e+00 2.505956112717538709e+00 4.709899859386897703e+00 1.100111923826856852e+00 8.623434943460649427e-01 1.870184806987932546e+00 6.059251360102869022e+00 2.904651735825609205e+00 2.547278422639722262e+00 4.651894175486059879e+00 3.120659647403668302e+00 2.272405518602004459e+00 3.972003401018051161e+00
1.899377562797833097e+00 1.413393581106513031e+00 4.021343680942240928e-01 2.151067664102080723e+00 5.269490481728724696e+00 6.086024016157039362e+00 1.020925149693579642e-01 2.867255326465040888e+00 2.969318497659368727e+00 3.569989604422927787e+00 1.660328241100108571e+00 5.346525117919359360e+00 2.467331901184653120e-01 2.035779031223269531e+00 5.778410655178916500e+00 3.416885764065169973e+00
2.826549252864908546e+00 5.478283295706539491e+00 1.832620854189452198e+00 4.972422908287824628e-01 2.766247747797672574e+00 1.743539340703377682e+00 5.807511409901323418e+00 2.575896288099297937e+00 4.431417573792241882e+00 1.464309227790704937e-01 3.051158587298648861e+00 2.031651838872552407e+00 4.853085796996353452e+00 8.624303837288915808e-01 1.688677816980232116e+00 3.373869574280953465e+00
4.867870356077233507e-01 3.759778658791526507e+00 1.341306088542411734e+00 3.402130778691983437e+00 5.130662855191753025e+00 4.780156135919878757e+00 2.977319102059908573e+00 4.431069098013042939e+00 2.536613491585073543e+00 1.802335194139784047e+00 3.840058025642573369e+00 3.088691562262865897e+00 9.246642659068565751e-01 8.009469703895090165e-01 6.659393950439387345e-03 5.827293274969960635e+00
6.874995669971391277e-02 5.661514325876540354e+00 2.187453250084678391e+00 2.600667151756228535e+00 4.365858907119285703e+00 4.794538613265697968e+00 3.586842296985236267e+00 1.131646483550478477e+00 2.265933034682531266e-01 4.523640847554774247e+00 4.394627262214497732e-01 3.695562596010563805e+00 3.705726361867208496e+00 3.354417984778408801e+00 4.169629296920265737e+00 3.671606097591642914e+00
2.552279809786584419e+00 3.879188596632564767e+00 1.332680946374696251e+00 6.254847909822252028e+00 4.478495361070885750e+00 5.028938205505794734e+00 3.485869425636404895e+00 4.284052244078123017e+00 2.457839799112928159e+00 3.938892686573003843e+00 5.724177306301185375e+00 7.934853124515075518e-01 1.965250375482546330e+00 1.846136251883528701e+00 6.257941415205389823e+00 4.516861682657912880e+00
2.234069215280926279e+00 4.888616320571282259e+00 6.236069574065778554e+00 2.278745816663091173e+00 3.877962274981475499e+00 4.028703536263957830e+00 4.101127994302669499e+00 5.025740717349180819e+00 2.220943193610933342e-01 1.673466682176205866e+00 6.038763785395674155e+00 2.723417785783526779e-01 9.841266725958653927e-01 3.354162877684668143e+00 2.489319616360838872e+00 5.060994117549062921e+00
3.859990952929985841e+00 5.240795277481439030e+00 4.914802943157658977e-01 4.343628079476646420e+00 5.517174379533763329e+00 7.783755896347404057e-01 6.476553326672735977e-01 1.161781588721442215e+00 6.119998984193425251e+00 1.485748820623576272e+00 3.990428772628121123e+00 5.053327856222990633e+00 3.438038788265962431e-01 1.174531853315606694e-01 1.706916886098500008e+00 1.264322767439885808e+00
3.192278665040437335e+00 1.377438391570172005e+00 1.034204777113949314e+00 2.711778792325320708e+00 4.254571287536907498e+00 5.149465981588060570e-01 1.298467528227894130e+00 2.930080463411490310e+00 1.904295790025532398e+00 4.555291077351340867e+00 1.402907379737821980e+00 2.413486464559007061e+00 4.760581810053230889e+00 2.459329686136741078e+00 6.272311619242437963e+00 4.135988629715242837e+00
3.620364466921609292e+00 6.257364674624839473e+00 3.775726821001416766e+00 5.838480139432714822e+00 3.762408962645697574e+00 6.023377953137933893e+00 5.246433364803659849e+00 3.691165673000201597e+00 4.844965697706743235e+00 5.470844930102902737e+00 3.835861512852389410e+00 2.927205460668711012e+00 3.167551106507279446e+00 5.024200306403433736e+00 3.712397352185236254e+00 7.963878032502764714e-01
5.058537440916570205e+00 4.789412699551870212e+00 4.027492368698378122e+00 3.594162709542933154e+00 3.370068647774235426e+00 2.927999389814612385e+00 3.472207254205628146e+00 4.504174473933857392e+00 3.807245154957112465e+00 2.298509470705562552e-01 1.732424518511059608e+00 3.766683307989676432e+00 3.095938425718137710e-01 5.116170312856435309e+00 4.924738951393743847e+00 1.893268369873200907e+00
5.313014921199743057e+00 2.245081907062516091e+00 3.849808456767877196e+00 4.634618827740651925e-01 2.931283364643152645e+00 5.204465434839225857e+00 3.622343522321004983e+00 2.957697927880173161e+00 4.565236164441273559e+00 5.196208793731177167e+00 4.852560754038205415e-01 2.421133554478052563e+00 1.026377258448409213e+00 4.484210354025087497e+00 1.512140571450037996e+00 2.421379689526625079e+00
6.127013870984386656e+00 2.850537983346315141e+00 1.070832550544376538e+00 3.202274691045655430e+00 4.870207627649032034e+00 4.707346039412387384e+00 3.685727130532105544e+00 1.752739230805895998e+00 4.512999439598933127e-01 3.465164691258738383e+00 2.558073326394458391e+00 1.162188578792612947e+00 3.467645362513689378e+00 3.578991512356169413e-01 6.103456402325858399e+00 3.874212909287388484e+00
1.685576319377067867e+00 2.944205729670026805e+00 4.761461315706707609e+00 4.999251390458449684e+00 1.451555743980684543e+00 4.336175921729716443e+00 1.525699289378676271e+00 2.302405881174024671e+00 2.496563060619552132e+00 3.536212110016240473e+00 4.640653614614792311e+00 4.060804749353223109e+00 2.803152105795433169e+00 5.073836365380445024e+00 4.628131653945572133e+00 4.513967496578363381e+00
2.870566856129002087e+00 3.087013120245087894e+00 5.168965334538206058e+00 5.522379801124801091e+00 8.186233756385753457e-01 2.293076803921680451e+00 4.593154613514010443e+00 3.894315278284528947e+00 3.027087506413735696e+00 4.270363288627304854e+00 8.534383094425631588e-01 3.800921487536475518e-01 6.214010033540096067e+00 4.768905837347980459e+00 1.119978089281998268e-01 3.541993097000357138e-01
5.005457988573787098e+00 2.707772522653000724e+00 5.859231696899218633e+00 6.117123974576384349e+00 5.607163516120834856e+00 4.035970120728792132e+00 1.851466305033170556e+00 4.255699163371912119e-02 3.414949501363685469e-01 2.832860801915510596e+00 2.074733246876412807e+00 1.272281492814826720e+00 1.368977302822010023e+00 3.399369760222437531e+00 6.253867803090672695e+00 6.061623719119021203e+00
4.336580094151641696e+00 5.721208773254891966e+00 5.448113517650704729e+00 2.853973094358734031e+00 4.146571366525509283e+00 2.405680787196535331e+00 4.096975634312484793e+00 1.178454686529633477e+00 3.083111597077293986e+00 3.560738185165797987e+00 5.168034716397352568e+00 2.661363107573911702e+00 3.641018045414623483e+00 2.542055133350057172e+00 4.379022440483748113e+00 1.824228233736361338e+00
