4.632218580757915483e+00 4.832055564658546687e-01 3.413967051733375779e+00 2.095630198393362065e+00 1.042962813261299804e+00 3.448211960903202922e+00 2.573719380519595035e+00 1.375872621780830141e+00 1.503426335415258830e+00 5.962186340956522557e+00 2.395759281507473304e+00 3.913472283381637773e+00 3.996264497136933880e+00 1.924161688345313870e+00 7.488493851438041693e-01 1.496667657366726356e+00 1.922305843670834014e+00 2.596858524023916814e+00 4.232036488571210064e+00 2.559271476685887503e+00
2.699475568249258828e+00 3.849248748919888108e+00 6.115234779555509093e+00 1.051060907555784629e+00 1.829589988686820101e+00 3.140532733644833208e+00 7.067860973076082187e-01 8.859768854101666147e-01 6.501046353564415847e-01 1.832468666425921322e+00 2.419502615190813444e+00 5.338738193555387035e+00 4.902552797765227233e+00 4.619838492292953624e+00 3.636281201194836221e+00 3.653273496805024667e+00 9.808167824979437954e-01 4.553971801092931315e+00 3.311948127713847612e+00 4.000408518291776794e+00
4.661256254505346419e+00 2.321699083625677673e+00 5.547976245636785819e+00 2.901058223171417705e+00 3.662668075767891995e-01 6.115419109563678290e+00 1.164739546250538105e+00 3.306449766601638807e+00 3.874266291105581850e+00 3.821580742361388339e+00 5.283992279561526395e+00 5.618689257320285124e-01 2.134652889717318036e+00 2.873064877565142616e+00 2.680728694827910541e+00 1.839543272288242104e+00 4.071659903207492270e+00 2.507027310110395035e+00 4.244500744572174078e+00 4.781232369386455794e+00
4.483595937845795909e+00 5.556262444217218821e+00 2.185220510658032023e+00 4.520218949470777153e-02 3.016985865814702628e+00 1.756589911384930092e-01 5.697913537339055701e+00 4.809835910761685263e+00 5.644440700081352347e+00 8.407426856762144629e-01 4.439326621837896170e+00 5.219261969536595380e+00 5.635474356839031529e+00 4.742441979649851369e+00 9.708721030034573873e-01 3.332294913705826200e+00 5.664566492495378691e-01 6.035181641633720950e+00 8.310436672689928139e-01 4.857162201417271952e+00
5.392405859274853164e+00 2.113060226993689561e+00 5.533986210557733543e+00 9.877100971282692932e-01 2.213068974139965839e+00 5.395224540254139001e+00 5.741798864156817395e+00 5.410904473192607256e+00 3.748092347128317847e+00 9.760040497775100965e-01 3.359670030827807352e+00 5.691283437345385998e+00 8.578518911643399081e-01 2.958464204494423377e+00 6.000186851153902490e-01 2.379018752703401240e+00 4.187428709554851913e+00 5.086243799388750375e+00 2.350193275514169122e-01 5.518944743692086874e-01
4.730831463267766601e+00 6.255951866449775522e+00 4.259480337773101088e-01 9.981361624019635670e-01 2.118031341693916492e+00 5.017931877827427556e+00 2.517822783411996390e+00 4.003831279921759467e+00 2.479336961229289038e+00 3.727477952311076148e+00 4.476025160373152012e+00 3.293535595909982572e+00 1.208385921464793622e+00 1.204063017569878102e+00 3.244250440983499906e-01 5.080608358462309404e+00 4.310564906529357643e+00 1.946902289926754070e-01 2.115728489441251192e-01 7.437425477979263400e-02
4.408044373223390267e+00 2.467979269608430393e+00 4.215078565281605627e+00 1.273521358468000075e+00 4.120432224654053677e+00 5.155139943681647630e+00 5.356350498194205834e+00 5.176056925969353628e+00 5.776644558307967969e+00 3.229082730345030683e+00 4.209062769047283936e+00 8.881231685743883331e-01 1.448377031696774120e+00 1.837721156302355441e+00 2.793905763757530192e+00 3.024230544396671494e+00 2.090126496076051055e+00 1.972365764519784070e+00 4.791938216858030231e+00 5.259380141095400418e+00
1.378254570218337749e+00 1.262621665105383428e+00 3.699125404988293564e+00 5.341577243950059284e+00 2.979745698082362892e+00 4.842447500843688246e+00 4.785585062964325509e+00 2.785515535196056103e+00 6.016161954467689199e+00 4.324836358385879542e+00 4.772124969382093296e-01 1.226925334937789325e+00 3.483570808796142781e+00 6.115147210056550264e+00 4.336805771613833294e+00 1.726756725008427473e+00 4.769884720341622142e+00 3.400443899093200883e+00 2.555414598306203100e+00 1.758358735497109526e+00
9.960815419421741035e-02 1.454040099818812770e+00 6.531668716935299379e-01 5.982960780703053594e+00 3.671309979425718684e+00 3.851558907153380673e+00 3.963793917681677659e+00 4.427056683206221699e+00 3.351597918250691865e+00 5.678716828642112802e+00 4.870304323955386039e+00 2.752742537961933245e+00 6.010099015947734991e+00 8.240000241463505404e-01 1.742246744485905996e+00 5.947685699982558916e+00 4.949387474964385802e+00 3.570911103718070301e+00 1.093266125569844205e-01 5.787708297797490964e+00
8.646686232437030342e-03 2.743158906375228190e-01 1.123330216629100597e+00 3.292489825950157378e+00 1.196002971755911748e+00 3.958826373046816283e+00 4.632590597373682506e+00 6.125777495392398464e+00 5.366395101175193361e+00 4.370895019005852866e+00 7.818382577180095216e-01 3.810996238895421606e-01 5.305467988323251838e+00 5.161634105261034833e+00 4.666241312756474358e+00 5.530880302628239598e+00 1.078616926614225813e+00 1.267583420323451948e+00 3.645103622727725590e+00 1.329994238044418076e+00
4.416799363480294893e+00 1.890660176772710754e-01 1.731282616792317208e+00 3.333621436616987399e+00 5.583018346985807234e+00 2.624997588699601869e-01 3.992306608245805410e+00 5.248855571388496344e+00 1.658368627644032811e+00 3.498587581067010621e+00 4.690513941421788680e+00 7.772729828086871740e-01 4.459160889642569403e-01 6.267363561555642226e-01 1.504287869287752377e+00 4.267112160630988527e+00 3.553672104848860869e+00 4.667801159600376337e+00 2.211306375742583707e+00 1.939604141614212462e+00
3.135948843238575812e+00 4.558361969055059859e+00 4.726152824851006073e+00 5.360402904533922985e+00 5.620859437616139154e+00 2.177006932682519214e+00 2.752753733141166670e+00 7.463809633070159766e-01 4.861681069076574602e+00 3.400870334055547950e+00 5.667624158960087755e+00 2.804805625140488257e+00 8.923262596404052394e-02 5.167411172138941744e+00 6.150394431195998379e+00 2.294859491794060125e-01 2.668209145229251789e+00 2.795128390351794057e+00 3.375064955139809308e-01 5.760586744230517198e+00
3.601768336505226209e+00 2.046929139257664954e+00 1.011757402390106586e+00 1.901449504700577497e+00 6.024693714532686428e+00 2.251632090512582174e+00 2.426536450913357346e+00 2.795305658626099810e+00 1.010680324856576107e+00 4.433132335423376702e+00 2.050797965152092228e+00 1.413216843339622608e+00 5.076652710478346542e+00 3.749108321801065458e+00 5.196376712687690969e+00 1.418631709532393925e+00 5.708472460757993083e+00 9.949840170296940789e-01 2.024760429417172158e+00 4.689590735798268462e+00
2.709812697908435819e+00 5.422435864922056759e+00 7.364937761600761634e-01 5.656677419324156020e+00 4.016371953465561084e+00 2.006843965102000915e+00 3.053611255141098546e+00 1.687172519140555771e+00 5.304851773114024560e+00 1.700232923237962046e+00 3.417277055029014576e+00 2.039326310242421947e+00 5.271338941104642295e+00 1.030568108181691311e+00 5.354168461627948794e+00 1.406187694049918502e+00 7.843661635759778816e-01 5.072149522076506933e+00 4.325547366472386912e+00 2.066431995376852182e+00
1.647985860848442563e+00 2.356978525505232902e+00 1.935478356572614800e+00 1.613283171908077129e+00 4.633644120188412097e-01 6.096798216786131874e+00 4.185366442899478123e+00 3.189391059237026038e+00 2.917386065128284134e+00 3.142583996737618790e+00 4.287626486459054753e+00 6.708154652210748248e-01 3.248583661559517610e-01 1.462455783370373741e+00 3.222991906390897943e-01 5.243972233734399246e+00 5.628440527963038065e+00 6.253864661093046173e+00 4.721237370598831973e+00 3.305491935807579829e+00
3.157522434830634772e+00 4.272517589712479524e-01 4.716858404408241334e+00 9.016530679815154548e-01 2.276090022731029450e+00 3.261839101162572252e+00 5.610893944728097438e+00 3.195526835033702273e+00 1.633086857745533305e+00 5.073278523082360714e+00 1.248121023271743679e+00 3.254792322465877685e+00 1.764175215859311807e+00 6.159249849783148711e+00 4.998614745364410972e+00 2.776931430221337482e+00 5.163548783263625985e+00 2.069640211898489568e+00 1.778923334232473064e+00 6.494316743862621477e-01
2.135870941959470137e+00 3.065724473547540185e+00 4.312641225773210074e+00 5.323214974600940508e+00 2.481396059911727292e+00 5.967893596574435300e+00 2.157707589058033726e+00 5.539195662193707292e+00 4.851513273451942609e+00 4.213659173537227076e+00 3.264650993834505410e+00 2.392109372224561881e+00 1.361276128627731508e+00 4.442588231339835048e+00 5.373279163315122453e+00 1.127181211612646061e+00 5.510799218918442932e-01 3.303984442596435755e+00 6.155453656093569315e+00 1.649609896666346831e+00
1.219116715165013617e-02 6.128017275137760400e+00 3.196135832466041826e+00 5.685789295480751626e+00 6.019268330134839751e+00 1.813338721308223045e+00 5.961703398536279508e+00 4.768277149685960836e+00 4.499759766525626148e+00 1.157865336455825567e+00 6.123348552020794422e+00 2.968536150900079829e+00 1.203749356557339389e+00 1.912417863013160746e+00 3.787032272805127331e+00 5.652420183402479203e+00 4.673548794685649099e+00 1.799146997738438669e+00 5.511837040014037292e+00 1.878629886839844332e+00
3.221303425088868799e+00 5.784140607279812052e+00 5.002649116953319819e+00 5.107744593622403961e+00 2.593736049490249496e+00 1.222145657164317445e+00 5.037156702578447387e+00 3.678910382450706784e+00 3.062283183941876263e+00 5.479758881107740232e-01 3.608698018631608662e+00 1.532568624864497631e+00 6.050128294307095089e+00 7.206291441568122291e-01 3.310822144821074620e+00 2.702090841929744247e+00 2.780750413993394066e+00 2.108107558585870844e+00 3.736219839051869052e+00 2.994522533901697425e+00
4.359840420581442721e+00 6.193517532182267082e+00 2.651538793436523989e+00 4.508727001076734631e+00 1.314119342136321533e+00 2.191156112882748364e+00 4.262793640332721345e+00 1.241538053787551998e+00 1.028533723294710461e-01 4.780211857900201089e+00 5.205237708118145790e+00 5.416965392261761991e+00 4.308922697355163756e+00 5.032303983454085916e+00 2.167806298360256623e+00 2.970393977664942398e+00 3.394670677330122288e+00 6.128766644664684904e-01 1.431530927406365228e+00 8.165696947522931293e-01
5.946256013149592512e+00 1.522476539789324290e+00 5.120744260293011330e+00 4.241265225371876113e+00 4.275240471155245636e+00 5.997962249778404420e+00 6.265885365359579851e+00 3.059679459004392310e+00 1.708202690415997704e+00 6.087614745939299965e+00 4.911100604850036078e+00 1.125804137142808248e+00 3.805566800631246860e+00 1.520551302204751654e+00 3.452665125721721129e+00 5.286516455209137710e+00 1.620611908985210681e+00 4.614257650240903175e+00 1.261399390241872087e+00 5.072776022765189907e+00
1.264435708027410898e+00 5.445550990069844666e+00 3.221176448540111981e+00 2.291921206643251718e+00 2.699923283070104763e+00 6.731423059656075347e-01 2.799277617149693587e+00 4.502427580400564011e+00 4.071124985831667153e+00 3.465311524366307072e+00 4.870734832400880343e+00 5.370085947698375328e+00 2.259231591891934343e+00 8.330588825204349179e-01 3.363370329184969698e+00 5.324723516518101718e+00 9.589370770859553250e-01 6.283877943633274787e-01 6.056205108353079680e+00 2.791151998937123402e+00
1.520781495382441673e-01 2.317658539563562936e+00 5.593762164766040712e+00 4.297329284445914332e+00 4.681686737416202782e+00 1.400330026460663069e+00 3.026556708287914343e+00 3.291259197812225423e+00 4.549648665816033999e-01 5.442771495673964788e-01 2.215432573881077616e+00 1.597173300776562499e+00 6.124279167753432951e+00 4.509035033916126700e+00 1.074446765924400138e+00 4.155845951408061012e+00 1.414549483155701504e+00 1.024518476061435646e+00 1.749753171826301967e+00 5.706654298907466227e+00
5.011228601618217482e+00 2.892624007633008087e+00 6.124712566678956804e+00 3.599413982050695626e+00 3.959561584643742638e-01 8.963738106515702908e-01 1.550010729594480718e+00 3.717221447359800646e+00 3.721210641920511097e+00 4.107079556968320055e+00 1.771741014860316765e+00 4.713306965760891032e+00 8.806012320988927389e-01 1.463733700834378038e+00 2.901312477380167287e+00 5.107438899654160203e+00 2.253623263951086919e+00 1.748720259413434064e-01 4.557176087133965048e+00 1.917385904985408063e+00
7.667886288203690226e-01 2.088479148364473861e-02 5.075478223753515650e+00 8.459164038813847819e-01 4.870205219648479300e+00 3.645858901256435303e+00 6.842487540048047823e-01 2.518527584615648518e-01 1.428299554809513428e+00 4.683035822799814341e+00 3.908899441129773500e+00 2.418128696571466563e+00 5.087354580039962215e-01 1.865761691134077527e+00 5.460545936310679416e+00 6.156830148942824543e-01 1.445374269623970198e+00 5.793453827440273152e+00 1.607515744996854457e+00 2.501735687727849378e+00
2.447602452078410540e+00 1.130828792251704185e+00 3.904799523520067872e+00 5.404483724052380644e+00 4.525134480125018399e+00 3.987377158630724505e+00 6.149393667814167408e+00 1.997587072175018574e-01 1.027479537035986129e-01 2.497663892473272362e+00 1.388364139495970484e+00 2.425720276315941337e+00 3.099111716518102355e+00 3.178810068746767747e+00 3.897442605537631888e+00 5.777413930984474533e+00 6.578697897968345254e-01 1.985363758425951808e+00 3.148821787544656914e+00 5.966764104798862434e+00
2.962674212716016164e+00 1.785169895809615381e+00 3.416695630247842175e+00 2.950911026173844709e-01 5.395815759741870110e+00 1.857953404801166108e+00 2.177415783576273078e+00 9.424917624435676933e-01 2.051620657690196747e+00 5.116595747979939546e+00 5.792355379822712536e+00 1.604423566618730312e+00 3.589875419776840548e+00 5.981499830071234314e+00 2.326547974378185835e+00 1.089138951262128785e+00 4.976462557539639953e+00 3.769715567940723489e+00 3.629472915781348785e+00 1.272554451385606633e+00
6.012958516488745353e+00 6.231910554141488312e+00 3.736732204983394645e+00 6.178949950245558931e+00 7.759713604594876690e-01 1.281429164492413175e+00 6.939300199700024763e-01 1.667127085965834254e+00 6.204426311135099681e+00 4.862835614126238326e+00 4.978699178812184378e+00 1.854013320123285014e-01 1.844137431050548281e+00 3.147853228880675758e+00 6.229163283729699074e+00 1.618222705038182996e+00 1.644038645158564682e+00 1.120571065693797719e+00 5.034741567231515447e+00 6.055795273582941007e+00
3.844379708679818375e+00 4.694928693159707400e+00 5.735293789170005319e+00 6.999522359989042153e-01 2.228465281406419418e+00 4.416554381810828822e+00 3.848617441719413002e+00 6.241880742051268527e+00 4.312340428680102811e+00 3.753812839210687535e+00 1.621180784087523918e-02 1.693350141884421234e+00 4.076638424829894802e+00 2.282865965970378941e+00 3.375238569981973580e+00 1.063338424791043124e+00 5.273772460249640526e-01 1.644008563176508009e+00 3.815142241836371184e+00 3.769144149063427207e+00
9.916491253945105555e-01 3.525585598316700153e+00 4.081528886325769712e+00 4.005181720335080797e+00 3.564319725543064088e+00 4.302315231591506972e+00 3.219880364716205090e+00 3.080701371692084578e+00 2.661619877390050348e+00 6.179787530016905839e-01 1.080307309593905085e+00 3.862654924366307529e+00 5.317295950352040279e+00 5.437008493110105256e+00 1.962683907950622864e+00 7.765918344575681864e-01 4.816925470065047676e+00 2.950773318832415892e+00 1.006509172522853213e+00 2.694245801601513612e-01
4.455150738947693867e+00 5.778610534823179101e+00 2.001300877752306917e+00 1.617821629588485521e+00 3.941797808363906253e+00 6.714845202638537736e-02 4.968717534784382828e+00 2.162854266703286843e+00 4.121026516434854514e+00 5.111525648714845715e+00 1.575473646836600849e+00 5.816556493738882061e+00 2.178912408897450970e+00 5.586032565355341539e+00 4.393691820244971957e+00 4.110879529293738344e+00 1.244239248243228513e+00 2.962474920382262233e+00 1.825119064926296053e+00 2.049392168176637163e+00
1.891124031962337249e+00 7.106329352569196178e-01 7.061620190847187617e-01 4.610270993126757588e+00 1.633653026317829937e+00 6.147300896077164900e+00 2.300053186440946362e+00 6.033757711017607051e+00 1.717298529694025078e+00 9.619825799179254622e-01 2.509987458585724251e+00 6.111641716000908886e+00 5.769149909887902439e+00 1.233979634120113245e+00 5.756405046610016951e-01 8.451760856765002661e-01 1.163299293750721608e+00 2.043498726153595069e+00 4.505544645373007917e+00 4.259013295550063916e+00
