3.382920487429309286e+00 1.072091782421221023e-01 1.831102959282502329e+00 3.417195849195217239e+00 1.229766077198703123e+00 4.603564921912163266e-01 3.410466222103872624e+00 2.209549224758550423e+00 9.135864525509885814e-01 1.629605209908822960e+00 4.118299330594331842e+00 5.436238953585509348e-01 1.390607102919760640e+00 7.302898487190710997e-01 2.347879372066212333e+00 2.313869166645296183e+00
4.863924336909105861e+00 4.458917035929765404e+00 1.742428942400015890e+00 6.825682901699529903e-02 2.977560623191705336e+00 2.389406456296689352e-01 5.964240646334769025e+00 4.593022789992519783e+00 2.928979470273220365e+00 4.328232979367586886e+00 5.288958002882088394e+00 1.012904973728361718e-01 3.531818667602777961e-01 5.346058067967508265e+00 2.546402607163065657e+00 3.613390571439660803e+00
8.851819200612817129e-01 2.035962169664391475e+00 1.650487933358195880e+00 2.564843763052668368e+00 2.606011074269825478e+00 5.331867841206410219e+00 5.118098034319577216e+00 5.891589670849326943e+00 3.843253478742020501e+00 1.831284239115928303e+00 2.814067334027227751e+00 6.059770113033350114e+00 4.178330882626115184e+00 7.754690449514253237e-01 2.603521031824911791e+00 9.786189385479057146e-01
5.501461871391838621e+00 1.628670426559209794e+00 3.036170756073127031e+00 5.571921465698787657e+00 5.697436526553375735e+00 2.968550856260804061e+00 5.683859469296971056e+00 2.233831093092292885e+00 2.507322315472494179e+00 3.475353012561773536e+00 7.045260390288643482e-01 6.308540906954108740e-01 4.649541360335479045e-01 6.163484930800109396e+00 4.222117124989528847e+00 3.454732011893943078e+00
5.368650746462981793e+00 6.209730726375507714e+00 7.142304546808526666e-01 6.975285998814196864e-01 2.631496366068510451e+00 3.165770069769141326e+00 1.861873194428851797e+00 5.416728774972190408e+00 4.094194305240193898e+00 3.130043726175085528e+00 2.709391926572414899e+00 2.950351465911502657e+00 4.719198491856684718e+00 1.612833770138745404e+00 1.728694983126336293e+00 3.689866993062412170e+00
4.546385212992497316e+00 3.563826500205566905e+00 8.693925543828707747e-01 5.647224286303488938e+00 3.750912572137445444e+00 5.897321363153383622e+00 2.427236961715854235e+00 3.418182264845682106e+00 3.421063756930073030e+00 1.625269453857920154e-01 1.749282650140320472e+00 3.560049525919203095e+00 4.209159302559820404e+00 5.225546524185342712e+00 5.942623842735596185e+00 4.998790957568938431e+00
4.031489446654964226e+00 9.757602339635901290e-01 4.749138796474479562e+00 2.485158274938971790e+00 3.088201428087772538e+00 5.159338566028045747e+00 4.584505662355587319e+00 1.039778586068048183e+00 3.869277059387196793e+00 1.262997358548889393e+00 2.601887497519503434e+00 1.206632757254564536e+00 2.217030072516355532e-01 5.821819961229459217e+00 1.317450217835214987e+00 2.946045948871496734e+00
3.414667001885475783e-01 4.305042621410554382e+00 2.099122977553133040e+00 3.504882757023436213e+00 2.894095882104713802e+00 6.856993690814601194e-01 5.523629076989588604e+00 3.906171355958623526e+00 4.195581755541552660e+00 2.945581241307350773e+00 3.768824063972526783e+00 5.611521950191837860e+00 3.668841778938896514e+00 5.306283360865377219e+00 8.031741992632387417e-01 3.861615513448522385e+00
3.090757932742405067e+00 4.006491743548874496e+00 1.017806083903064929e+00 2.263847669537283114e+00 5.877186105708284813e+00 1.442328891515207268e+00 4.119364027101786618e+00 3.315680687391076464e+00 3.893195854305563586e+00 5.237108682527058967e+00 3.292236508717009347e+00 2.539661170643551902e+00 4.334835895471650602e+00 4.262732485654716186e+00 5.023818797578068818e+00 3.355394763449297546e+00
5.893647962788879369e+00 4.149124637515610559e+00 1.271188945472951248e+00 3.370692634184607073e+00 4.042355659790445976e+00 5.417205583490082077e+00 3.132483310714025748e+00 2.665008272216693896e+00 4.354823700968566413e+00 4.227707280631078035e+00 3.624747775569297503e-01 5.333449603837578934e+00 5.401105084323596373e+00 4.948902155012994797e+00 1.135695818764134585e-01 5.141427216697818992e+00
1.077219584391664764e+00 4.852141793569692219e+00 7.123808028297891060e-01 5.587472216093144262e+00 2.285063966632561616e+00 2.787506080604407632e+00 2.840638131122968257e+00 6.080800480567053690e+00 2.214806978094874604e-02 1.321606307188365248e+00 2.694821565741317926e+00 1.842281514787377006e+00 2.611633306667665355e+00 7.142081944120244330e-01 6.050914402728068353e+00 3.603260698114284732e+00
2.533113832554342970e+00 1.292755279770362309e+00 2.599019779853217305e+00 5.348684587176771643e+00 1.352356061608551485e+00 6.703688284402354869e-01 1.776142386658360994e+00 1.875992170063594422e+00 5.942735947672295183e+00 2.225703373021979292e+00 4.849396828318283781e+00 3.793175067984142945e+00 4.291312781195044224e+00 6.198300198102622005e-01 1.864934841333869997e+00 4.414360137734029799e+00
3.435148328100986248e+00 5.330547923585175596e+00 1.445714157486988505e+00 5.382474072124303177e+00 5.896391380036589247e+00 2.653101424945216280e+00 2.009105154330174337e+00 3.171208459202796259e+00 4.169226742583595602e+00 1.301089828381103188e-02 1.927900698500673249e+00 5.919490933897378682e+00 3.656360604478722243e-01 3.848996106462718281e+00 6.221268078226991349e+00 1.628512997740153789e+00
3.287632502364589815e+00 2.802162275710867068e+00 5.692510486398995262e+00 6.194548366546305473e+00 5.123502460705136485e+00 4.227372467262758282e-01 4.956264725613998223e+00 1.958507287147889242e+00 5.335824243877459239e+00 2.773928195965576826e+00 3.680858530072483870e+00 3.481975369150835498e+00 4.126632002693540358e+00 5.955910815366936006e+00 4.983406223046915606e+00 4.256142139612249409e+00
5.898463366642814343e+00 3.550170768636092822e-01 2.177291612600258663e-01 5.786408512568371521e+00 4.851452289468178414e+00 6.041518210118960397e+00 2.694576917095505397e+00 4.901776098706645435e+00 4.903818459438956445e+00 7.679592755647139946e-01 5.725775404554148018e+00 5.125527617725987639e+00 3.747406385957269492e+00 3.021328769632296019e-01 1.976992128308018515e+00 1.935450173499600135e+00
5.330472722426810250e+00 3.235038740084638320e+00 3.148174735584515993e+00 5.373671232285187394e+00 5.037937554156195041e+00 4.245235091278635409e+00 4.097437341672979905e+00 2.594473500192240323e+00 5.513543385962360155e+00 1.307161014254023979e+00 6.178058262071754569e+00 4.514315292586486450e+00 5.436933237386997186e-01 2.566920085895070702e+00 4.632671890150156457e+00 3.910043012007925700e+00
3.380468054870710670e+00 2.733147887753586414e+00 4.789116718043281651e+00 4.477597012704237045e+00 2.625697163278990498e-01 7.140557161073217696e-01 1.650128618997474650e+00 5.550900644908549175e+00 5.233868532362224713e+00 4.923672471785179638e+00 4.244786061073363648e+00 6.221153825410205229e+00 4.030559231550017607e+00 2.598164328681209501e-01 1.524690328989432020e+00 3.687727140098973511e+00
1.018193538500807405e+00 2.072621415448205884e+00 4.355735323278841165e+00 1.910051021438695873e+00 2.209365154246358376e+00 2.660788292607795924e+00 2.532837098876488557e+00 2.585106451771696179e+00 5.636627478027719462e+00 1.688466296396928579e+00 4.105573485762111119e+00 6.110423896879338734e+00 1.535325082824551268e+00 1.009397845718606135e+00 5.145792465469543053e+00 3.739279862186321690e+00
5.319082582389198066e+00 2.570348520819206950e+00 3.956045891879633736e-01 2.406794865343024059e-01 2.651186029052217563e+00 2.343625421184689195e+00 1.223561905667162497e+00 4.235250994277392600e+00 5.488814401971459089e-01 3.329463842395167905e+00 3.571719050197667222e+00 5.617946253654421795e+00 5.345543690072328546e-01 3.653428661641792807e+00 4.078629368685628975e+00 4.519129227939965965e+00
4.304533668808133484e+00 3.398375261446632045e+00 2.883268595240829235e+00 5.489922080326691045e+00 2.501467203987851384e+00 1.350161023769132496e-01 3.164395167089892880e+00 1.854479769223512875e+00 1.700437490685533071e+00 4.891242674484560737e+00 4.499440143005423387e+00 2.120607355707697206e+00 3.871195337060281183e+00 2.210935952659821346e+00 2.175661488200911542e+00 2.094217944017992661e+00
1.456882709791016861e+00 5.536367563442845530e+00 5.491408246344509081e+00 4.632972115086670506e+00 5.828375646120154130e+00 3.098205860276918244e+00 9.428364752813572780e-01 3.967357123448406409e+00 1.210359498985832616e+00 1.635031129588237819e+00 3.492689020845949788e+00 2.692811536297218922e+00 1.041518965104861971e+00 5.304569509431605878e-01 1.459388666375492027e+00 2.564530553232799992e+00
3.985677634028120808e-01 4.207020267101980515e+00 3.978603795904982032e+00 5.294328290642455137e+00 5.790758369586212595e+00 4.751112620665257857e+00 3.031969246912376015e+00 6.180093334668198546e-01 3.750729077962458469e+00 1.617439709600609232e+00 5.559850930511373690e+00 1.146300547673851034e+00 2.170370230574265147e+00 3.956525022957035453e+00 4.234652517309632991e+00 8.725297160526502838e-01
2.401698476442422070e+00 2.324075851730513342e+00 4.348483409155294410e+00 6.097440343557234854e+00 5.952779441209659073e-01 3.128768207706021931e-01 2.048341693689074816e+00 2.346167413095498200e-01 7.313766367529617174e-01 6.249930919373486660e+00 6.157359634174691010e+00 3.536827987304396181e-01 4.844281537859112419e+00 3.230142148150344283e+00 3.617804926105200547e+00 5.404141225216425148e+00
6.362560847622033000e-01 5.362976885677565697e+00 4.033421100053107722e+00 1.227727104820573345e+00 5.643014586084691864e+00 1.270768117733179770e+00 1.108511768471040160e+00 5.516427755062019322e+00 2.953562903735404088e+00 2.724332634046683910e-01 2.713355311342809273e+00 4.216281131604707966e+00 1.880233434225671463e+00 7.383179547053155822e-01 5.777795922749269231e+00 6.248945732094896677e+00
6.025635284287183424e+00 6.216364065508134251e-01 3.205590649600810860e+00 5.414827992003055535e+00 4.303118726482969336e+00 9.398383590980254887e-01 1.890305621206431752e+00 2.912450601882061285e+00 5.509080287029016532e+00 5.485754536075543975e+00 3.185321261696266948e+00 1.514901986977190473e+00 2.118976523099860287e+00 1.455765670449256088e+00 5.810379332154871790e+00 4.949632514986224141e-01
6.020818119852036077e+00 3.609873544670951340e+00 4.393873752247340114e+00 2.875700691165628431e+00 5.731797232484154847e+00 3.345035336646445590e+00 2.323535441389848799e+00 5.361500758322137905e+00 3.934123610475878108e-01 3.336119813710701987e+00 3.781323675309165022e+00 5.538920722188633405e+00 4.965854016613361566e+00 2.069740552185083349e+00 5.087239922284525484e+00 5.502892725571354449e-01
6.874888894802844153e-01 5.510633482870117561e+00 5.013180154021934953e+00 2.940112560587802015e+00 1.950703969508323699e+00 4.903932264172054190e+00 4.375452981759512916e+00 4.473743763218906544e+00 1.008965758862113038e+00 3.907371518122242371e+00 6.142398443781194928e+00 4.694525032283489274e+00 5.364639127072398317e+00 6.020468192434938359e+00 2.349184035263890191e+00 3.687085227310336055e+00
3.532562978164164758e+00 3.469767299597587673e+00 2.752834665439691353e+00 6.093696053657084555e+00 2.183399978991990231e+00 3.115131121234409939e+00 1.108715286140344869e+00 1.456096046973301972e+00 1.768945052982550337e+00 1.314320534283426101e+00 4.303701413414438903e+00 5.854883258920017042e+00 7.805207325582564915e-01 2.189984681091933449e+00 5.892908886250753042e+00 5.335660438594724830e-01
4.870470550684545152e+00 5.367618598209955572e+00 2.263546060472269250e+00 2.451081844166183910e+00 6.114261549723635447e+00 3.376362435621260705e-01 2.570299608407091152e-01 5.711057867346053918e+00 4.385325146834279764e+00 4.234612517559729561e+00 4.223525681298106349e+00 6.626770487243945906e-01 3.932578413469418166e+00 4.003425639323777041e+00 2.631875440599956040e+00 5.594413219285725880e+00
3.759448788132963681e+00 2.713387985574346128e+00 1.383924456817560156e+00 4.815496723906560028e+00 9.443655355860282041e-01 1.580848183276369889e+00 4.381462127233939796e+00 1.119512254979019739e+00 3.804039835754366994e+00 5.443524619432902334e+00 3.839660817122879433e+00 2.255072483162452734e-01 2.531186717832731858e-01 1.547628244186149082e+00 6.257264409713449993e+00 4.752928812986263907e+00
3.784882475487882925e+00 7.726053584865628654e-01 3.126921809898333571e+00 2.124984248466294190e+00 4.739857052052438013e-01 8.205850652112847143e-01 6.263234320409932110e+00 3.584976870479493538e+00 6.201044124739158114e+00 2.529366658521790545e-01 5.949655158583965431e+00 7.321565722659526543e-01 9.263111632010927465e-01 5.527983931670076068e+00 5.454635226716452401e+00 2.160520716145304831e+00
5.393098791720522200e+00 1.257309702986426192e+00 3.480117264742988770e+00 4.796542615936987275e+00 5.768860213463300468e+00 4.211922721175047180e+00 2.942943939862391556e+00 4.215700082034155471e+00 3.895916533770485746e+00 7.504678765759786874e-01 8.962235603675817730e-01 2.601987679697816080e+00 2.410582297384949335e+00 6.231895629378173318e+00 2.044012990465227109e-01 1.223228207232043285e+00
