5.747128489292530951e+00 6.271808972933416548e+00 4.611204646015068853e+00 2.992109804248334282e+00 4.208214463088492785e+00 5.009742388861650575e+00 4.492778610637682135e+00 1.355788085990782932e+00 1.390831381791771237e+00 6.530106001907173274e-01 5.351826261823258157e+00 1.771484149919933193e+00 3.740557001161282979e+00 5.292660083282243327e-02 1.933529018092339791e-01 4.932096811151870597e+00
1.071815327453558453e+00 2.178052831970945569e+00 4.229199858802442091e-01 4.207456117472879953e+00 5.726913255075996023e-01 3.037369915101440832e+00 9.643919131843912140e-01 5.160783742695513432e+00 3.211668034633425317e-01 3.106853740542053544e+00 4.981567747263792034e-01 4.874874741979898118e+00 3.613056642481269787e+00 3.573452619888897619e+00 2.567163637087784167e+00 5.155854277220089266e+00
1.470991523263609269e+00 4.322807968437554216e+00 8.520246353870818412e-01 3.855242061878678683e+00 2.713302039098652418e+00 5.731074858686004525e+00 1.820738832988426203e+00 5.973910343905161291e+00 4.420793907099922926e+00 1.317959597080594847e+00 4.140683563592317817e+00 5.916314124128766672e+00 5.117902800045745160e+00 2.978088097215167096e+00 7.414285511989701094e-01 2.566909713685288530e+00
5.510673723732846696e+00 3.739553844760908241e+00 3.015505111477168043e+00 6.124395589583158994e+00 3.532697877864851232e+00 4.708267132771631225e+00 3.814256597778595825e+00 1.831370542058736062e+00 2.616731955030387802e+00 7.339930383885882037e-01 2.996435485905399876e+00 4.016335691573759803e+00 3.199828473975730336e+00 4.097894084502539336e+00 6.016138402797087004e+00 3.109484286322263813e+00
3.499073498078523192e-01 1.032507929600118501e+00 1.300655614452856712e+00 4.437095474306727461e+00 4.936772383604760783e+00 5.514222983850706861e+00 6.909061938867664399e-01 2.138140936928833113e+00 5.293333613649658709e+00 1.054325957149519377e+00 5.685797019587138124e+00 2.867600039165155934e+00 1.261981032804807779e+00 4.449855359937519239e+00 1.240872556690971740e+00 3.820523054668563123e-01
1.453925714153782023e+00 3.136624016402444148e+00 5.709619052229625957e+00 6.060164912394331971e+00 1.105501584621370492e+00 3.310408785706479229e+00 4.890684782151970111e+00 5.632139390487902908e+00 6.070265794837952811e+00 8.113178739275037077e-02 1.351698106116597575e+00 6.147259368559356396e+00 4.668860178455354060e+00 2.828334446828718374e+00 5.899100279374916767e+00 2.157140984030162301e+00
4.873825565789143610e+00 1.711177165093578756e+00 5.274070059015871337e+00 4.220649860682158305e+00 4.637827880265458447e+00 4.180724694182718970e+00 3.936212845188010068e+00 3.958239500767314567e+00 5.101549848584200575e+00 3.484481326026542258e-01 5.729568780081307544e+00 5.714206817950024053e+00 6.275496914495990453e+00 5.308999466587921212e+00 5.581221282759088353e+00 1.956421802387197539e+00
1.764365785784817620e+00 1.863939927913483396e+00 1.612771528000392696e+00 1.129668921549476845e+00 5.563107345673817816e-01 4.971169349580711661e+00 5.984995823172286400e+00 3.041126480970611778e-01 4.211766005226450282e+00 2.001428760610320712e+00 5.202806800822977529e+00 2.699504601173428497e+00 5.261134969925635119e+00 4.327573156061063742e+00 3.220514315443561149e+00 5.421848890006097044e+00
4.055686280100656127e+00 4.109005534961982953e+00 2.534191381834316914e+00 3.049441931989294918e+00 2.306838177005896107e+00 1.700606805891484163e-01 3.886600271571573284e+00 4.392730888759323271e+00 2.765951994829097593e+00 2.438585697903235427e+00 3.971215400250641903e+00 5.378853120583949377e+00 5.074037290829545022e-01 4.430652964164315755e+00 2.393554272764679247e+00 4.109950337290276146e+00
3.011352303859192947e+00 1.687046253490340320e+00 4.031935369066909081e-01 2.839485542931404538e+00 5.967204570970254807e+00 4.284021401991584099e+00 2.153261269627952945e+00 4.354621775979220288e+00 5.275252162407189083e-01 6.081229735774793532e+00 4.144402588390827091e+00 3.194440439960522848e+00 6.103168040993961263e+00 2.810637281905576934e-01 5.085317433594820358e+00 1.053855705348104133e+00
1.197607400164468539e+00 2.279005936818843558e+00 5.157550504730478380e+00 5.726607824072777575e+00 2.280336485851609751e+00 4.448695493652719435e+00 5.976805105968524323e+00 9.391555474231169098e-01 3.263658245015245374e+00 5.949793153303392756e+00 5.678926891729531690e+00 1.146880112933365670e+00 4.446905234851209698e+00 1.950990168650830858e+00 3.565436769430943009e+00 2.013187743815887387e+00
7.538972023772605446e-01 8.137071630454124904e-02 2.656450804307837199e+00 3.119033172395177633e+00 3.756618509152109819e+00 1.762178809969657367e+00 4.226707390443357859e+00 1.907925524992355681e+00 3.526828395804633698e-01 5.471893988409238574e+00 7.912604369180736841e-02 2.489044642976075750e+00 4.351530498836702954e+00 5.306112334037309530e+00 3.666675711890685196e+00 2.614809352336505466e+00
1.944558721865890405e+00 3.080150247414557896e+00 1.419251140670723110e+00 5.441296651489277991e+00 1.133492758168439307e+00 8.009897765455915586e-01 3.042722909073268589e+00 2.579637234451094829e-01 1.473776441461396303e+00 3.972102783872625942e+00 1.142747418851418062e-01 1.871351735329757071e+00 2.718289610477362839e+00 1.796241588233658870e+00 6.113140317394263334e+00 1.334790763872030883e+00
2.069524495780550588e-01 4.900344601181211068e+00 3.453517594940835878e-01 5.837341342433649771e+00 4.041791940718529652e+00 4.656683186451461509e+00 5.605179455864468530e+00 4.475079911321689252e+00 4.237679641080414505e+00 1.522559534828079819e+00 4.426541590795047831e+00 2.841275366987013662e+00 5.310233216037498316e+00 3.312837513299355496e+00 3.763246298305348070e+00 4.713100691677892584e+00
2.047433131561025910e+00 1.129181572308887604e+00 6.151550971218793684e+00 5.330107226783027841e+00 3.900111103275787805e+00 3.700088174745300162e-01 1.588074284358958144e+00 3.232808030443901082e+00 2.285378368870235377e+00 3.293982633503755864e+00 2.299478566850404082e+00 5.791613914313699318e+00 5.607625389686645700e-01 4.037772035696301387e+00 1.896134370808926217e+00 4.238371657938105663e+00
4.700518599504872164e+00 5.263054443276003802e+00 1.865128128169381894e+00 5.563875896945691402e-02 3.942049577238016855e+00 4.274839099523896735e+00 5.529624919633813640e+00 4.393628028729192891e+00 2.485148266246766102e+00 6.219333241420801350e+00 2.177033388375495537e+00 9.234444671218590139e-01 4.859096362870467978e+00 1.722201277297666255e+00 1.706642535890773971e+00 3.868441288736343409e-01
1.963388335377760585e+00 9.634461136072053344e-01 4.575700124087262566e+00 2.150705087449613639e+00 3.784612478995724505e+00 1.757329510475724943e+00 1.802187739194553329e+00 5.000192519145804093e-01 6.487150156992484984e-01 5.738782785508392159e+00 9.128192813849064224e-01 2.312054876085956057e+00 3.946552521970451366e+00 3.442027795171258564e-01 5.228908137961681746e+00 5.099474123593685793e-01
5.911346242285340224e+00 6.277538411551506492e+00 5.422092214901937102e-02 6.115622441807618159e+00 1.553425214382597064e+00 1.853118008899226066e+00 2.322234318805565412e+00 5.846492775381267215e+00 5.867487274682469112e-01 1.260159920809126533e+00 6.205346601862156142e+00 3.814088251342223068e-01 3.102423563895164715e+00 3.612330988334900628e+00 2.200158758778779866e+00 4.566967740190857938e+00
1.776428119833868280e+00 3.172555058691573837e+00 4.864510239050011009e+00 2.228455341645765753e+00 1.944474243879061870e-01 1.877283266106795523e+00 4.417820552395468781e+00 5.364603086398061826e+00 3.849831795509374377e+00 2.944726906832187296e+00 5.730099443334642828e+00 2.287521950222944689e+00 3.309695948724059367e+00 2.880008717148393238e+00 2.410847221785395789e+00 4.714390260601945215e+00
9.821946112934328843e-01 5.232973478345412488e+00 3.506543875171267644e+00 3.271916951597915624e+00 6.217508304324673496e+00 2.516831953056228421e+00 2.964194847628180085e+00 1.213177246551796262e+00 2.859409123076038228e-01 3.577776221291017578e+00 9.345569235379390660e-01 5.207378028152307436e+00 3.401892406993923146e+00 6.018282842691172974e+00 1.993791245337005691e+00 1.992853446553444874e+00
2.664389671645434721e+00 3.964593772928921567e+00 3.218998332851031208e+00 3.542640219145224645e+00 1.717230978385893447e+00 1.410336938620660563e+00 1.524665420410364236e+00 2.585349442012844889e+00 4.410619103197138458e+00 2.663734139257051048e+00 3.929445370098412660e+00 3.769995750625377839e-01 1.488252402574908428e+00 5.224170828228235308e+00 3.212800183565742262e+00 2.572698855880551694e+00
1.535545964057399182e+00 4.631253584269083845e+00 2.618420737465164128e-01 8.665957435585496665e-03 3.540471757509884299e+00 5.102491461420711971e+00 1.075762958774080458e+00 3.143408966482115652e+00 9.224118331722237496e-01 1.659990696826859402e+00 2.178880340661277781e+00 2.312656867205141076e+00 4.742964676886832542e+00 1.875717253653078842e+00 1.066619398327174117e+00 6.278568491612981362e+00
2.337665750919281749e+00 4.025486567354323419e+00 1.101103640773196224e+00 2.291125138727976296e+00 2.312679249801893988e+00 4.475279134185751184e-01 1.871035611962693634e+00 2.346761176632419232e+00 5.308096994162212923e+00 3.113405719907337499e+00 2.212317982507840508e+00 8.360912074294536422e-01 4.866744434493393889e+00 1.215136959207748335e+00 7.864158292799363625e-01 5.841000973066174495e+00
4.500884155433291234e+00 2.462117047316308316e+00 4.993516422774743613e-01 4.204576030740833303e+00 2.572956996790630502e+00 5.063885897205387288e+00 5.876848918095427976e+00 2.379131510413404982e+00 4.399827624973902673e-01 3.783843746429155441e+00 2.750878773429686341e-01 7.778058860931857943e-01 1.723957006956227112e+00 3.733409004470490400e-01 1.374444970803944451e-03 1.500263005226358137e+00
3.261314516274874897e+00 1.889162996066115374e+00 1.004020893166738482e+00 2.568688776537133123e+00 1.218736010060276431e+00 1.032407022967932964e+00 3.094842041619832784e+00 5.716957111350660981e+00 7.600959385427005222e-01 1.249563690493155077e+00 4.067222782866708464e+00 1.751254177491645692e+00 4.711520401772083311e+00 6.198077607101224018e+00 3.875014428388615428e+00 2.342134950214800782e+00
2.667885055314065390e+00 4.789049464636329634e-01 6.029855385124578859e+00 1.420421469474064446e+00 2.052209960654904020e+00 1.617131608056254777e+00 5.390283631305029743e+00 7.778553223858573062e-01 8.368044995571112254e-01 4.826684925871482790e+00 3.796986790033106907e+00 1.233742578790851807e+00 4.517180161049605402e-01 3.402399795179416486e+00 3.389193276259018894e+00 4.228748442030727972e+00
1.405196824972718028e+00 3.821489516739631220e+00 2.669119445390437662e+00 1.933577609427883148e+00 6.221115994473300326e+00 3.843475093831143052e+00 3.279597098565264712e+00 2.817726588027917867e+00 1.620975167454006050e+00 3.612103665432741195e+00 2.189291096435186379e+00 1.153662767957370217e-01 1.037669922513783982e+00 7.817943626577401606e-01 4.837437267087569381e+00 5.871565558201039536e-01
5.817430104346551722e+00 2.073978915601602413e+00 3.683930895482319556e+00 3.317653292266966147e+00 4.048843124220998568e+00 5.336256235751441146e+00 7.078773792732895309e-01 4.118374280696741607e+00 2.707645137483751352e+00 1.135870803518918004e+00 3.333690710961812798e+00 2.628982343477183292e+00 4.691275924657205110e+00 1.973904940574018996e+00 2.762712840297008920e+00 1.358613156862201077e+00
2.736405347401546617e+00 9.318632263454995623e-01 2.058384885781487927e+00 1.352369329063782821e+00 5.086798500661029454e-01 4.511250454989169434e+00 4.455028598977007981e+00 3.235912805589248542e+00 3.117445540985159358e+00 4.224430403188170757e+00 1.359030091396857820e+00 5.883399882954251758e+00 1.266841949317514260e+00 6.196843535743347120e-01 2.925497737416510535e+00 3.167914856563855075e+00
4.162062346908143695e+00 4.227537125025891740e+00 6.158819173373673017e+00 5.836211358418990081e+00 1.215832553432524055e+00 2.178125749855027493e+00 3.674847680199424982e+00 9.188426684561916691e-01 1.007821585387395746e+00 3.270760953600039933e+00 4.147531668940382943e+00 4.053766302223100748e-01 6.211086924644505736e+00 5.496329272774556962e+00 6.503175322194002517e-01 4.819529075712913446e+00
3.877162728946574322e-01 5.488878975679050143e-01 1.812401223806080486e+00 2.952240043670842251e+00 3.868098240676357324e+00 4.455189758008081036e+00 2.463521032856065052e+00 5.073785988469165176e+00 5.436757507075456353e+00 5.325391892749415490e+00 5.801505419109158623e-01 3.784149405335207383e+00 2.261603389888352744e+00 4.729386004336006977e+00 1.063575767364482116e+00 1.097276296322740929e+00
1.677148331806406212e+00 6.249607669112516639e+00 3.714223877908256810e+00 4.030916417876587943e+00 3.347026228135664416e-01 7.517931116077145592e-01 5.106854985410412162e+00 3.867051764450333273e+00 1.500458867630766413e+00 2.186852733011286354e+00 5.802697302035826787e+00 6.173078915213061180e+00 5.522328534987764215e+00 3.033115656350837130e-01 3.616042606229709744e+00 4.147171090554448547e+00
