5.540732082382706203e+00 2.293444248229251858e+00 3.880280536110424894e+00 1.629794665233678108e-01 2.034805152798325079e+00 2.745842137052278087e+00 2.651220772038607620e+00 1.072934406976971067e+00 6.250902204708191690e+00 4.857936893944722279e+00 5.492360108039447297e+00 4.360178403394662006e+00 2.543306956042748479e-01 2.092508804710068837e+00 2.061780887805126916e+00 2.906749541987188601e-01 1.068898468660097523e+00 4.494885129333473728e+00 2.103189574861586753e+00 4.997191475014240325e+00
5.711534749782039455e+00 3.752326737674192003e+00 4.215530014284390781e+00 1.966060720809347906e+00 1.207586677934710195e+00 4.148154692353729800e+00 2.170124056074823837e+00 5.194144697867207228e+00 1.819229943224818902e+00 5.081658962503830423e+00 4.596807573537730285e+00 5.048397022358400044e+00 1.985628033693931094e-01 8.479504123003656080e-01 2.116609887422325365e+00 4.990495600440087443e-01 5.928953983777449643e+00 8.116896964710572648e-01 9.287525227916259007e-01 5.100180153855042420e+00
5.901623232223974114e+00 3.849953575708685793e+00 3.208598851143749986e+00 3.472899541057172801e+00 5.727441098460833935e+00 2.928147537287207891e-01 6.099355999534944672e+00 4.355051414648751340e+00 4.651980188415501871e+00 2.032937066826729922e+00 4.732608150113331469e+00 5.396230152265855118e-01 3.279383490103893184e+00 2.819873041996075358e+00 3.783677136353340131e+00 6.582301616455880078e-01 5.749863768736313219e+00 1.181638680433739763e+00 5.950463243417259740e+00 3.045957188255417503e+00
4.207341344259502236e+00 6.126260374471022452e+00 4.281702751336093016e+00 1.827601852634356483e+00 2.606441052107285383e+00 1.655605002228762279e+00 4.993772698647447328e+00 4.449963033609940943e+00 2.522914893009788440e+00 1.028337745973916917e+00 2.278723946789451560e+00 2.168047559737520835e+00 2.647239165849480269e+00 3.741335392404089522e+00 1.019284379219381309e+00 6.939854562836975660e-01 3.916415499323189220e+00 4.018975608076206463e+00 2.499758774245993465e+00 1.341872619205035644e+00
3.075457268281837742e+00 4.717411891439615701e+00 5.244748237766076571e+00 1.823001732674154773e+00 5.241797200015887448e+00 5.284647698873797594e+00 1.575030117198083390e+00 3.311016009131520832e+00 4.850441748759823035e+00 3.246957915259940375e+00 3.182053248928494060e+00 4.922015791796935602e+00 1.635034456862448637e+00 5.459017963893955994e+00 3.823725267202689349e+00 1.059342152070545717e+00 5.805092401245057765e-01 1.406499172589374069e+00 3.464989962476133556e+00 1.997681544504624762e+00
6.580683712215976700e-01 5.911072579306238417e+00 5.015501801057710374e+00 1.872304230731803854e+00 1.461222462663355870e+00 3.869337213270832798e+00 3.857169217829608393e-02 7.662526502716991983e-01 1.896881083301788617e+00 4.868942248610173884e+00 1.619867681232189716e+00 2.690620305165399184e+00 4.850794564600385606e+00 1.161295024994162928e+00 7.062752207297287033e-01 5.146794784579084236e+00 2.080222575399028884e+00 3.960100546898524421e+00 6.099999644325373005e+00 3.662282139615156140e-01
2.425179391388375905e+00 5.529477725143475908e+00 5.939372061399592617e-01 9.199497241013151472e-01 4.758413107698962641e+00 3.987889762021613826e+00 4.554073913893553538e+00 5.149139977529147316e+00 3.088061374240919310e+00 4.228394528626742144e+00 4.204495983274002313e+00 1.156706368984565358e+00 5.003965666328719308e+00 4.090388300627114226e+00 2.190383170981773819e+00 2.391689987159455910e+00 5.315495928824391036e+00 4.791782505619449850e+00 2.817388943151250214e+00 1.245154572124243852e+00
5.958117696224346282e+00 4.712828580357187880e-01 3.958786882157903086e-01 4.515029934245213816e+00 1.697857838339590586e+00 1.301143418557022258e-01 4.892324307397633909e+00 5.485315305629686833e+00 6.296076529528027432e-01 5.897699172186304573e+00 2.216154499549874757e+00 3.737812821108752903e+00 1.894988391117632953e-02 6.756246157003845676e-01 5.831874239350539391e+00 4.462504160296843381e+00 5.279781709542405110e+00 3.688079496246183364e+00 3.100988816670028569e+00 2.736639257906504419e+00
2.524466483274382611e+00 5.237774539297776144e+00 4.119512767772202544e+00 5.121778322056929511e+00 2.485257361434126011e+00 6.195323641070087817e+00 1.938419532414350943e+00 1.613784362260114014e+00 5.446378016545940781e+00 2.780581909012274533e+00 3.649954076805124181e+00 1.739857778186116866e+00 8.929683153366027026e-01 2.933053798071251883e+00 5.669302577750988448e+00 3.520396821762938888e-02 5.493976259566017983e-01 4.733929792131323033e+00 3.774172916994172233e+00 3.226479713691520423e+00
3.155674897355337905e+00 1.229924950607830247e+00 3.755339301778642280e+00 3.088038674960716268e+00 2.949159797470342514e+00 2.510392349280144431e-01 4.164699179041108756e+00 4.207651903391218084e+00 4.151944565936036113e+00 4.474831953479967872e+00 4.858553854162582120e+00 7.155556766042844297e-01 3.869480631640770607e+00 2.197929774235948042e+00 1.245307155307852520e+00 4.774113193752201667e+00 1.808020284539673117e+00 4.786818329602861688e+00 6.133982763553236239e+00 1.907941611046256869e-01
4.618391860112589065e+00 4.217504220245910318e+00 2.848956096739213351e+00 6.716909832890097798e-01 2.827796379246930503e+00 1.476072013898947377e+00 3.082185001025558257e+00 3.951560554108719536e+00 3.037070570124517310e+00 2.411580757119734741e+00 3.104668412661060195e+00 3.923586799492796429e-01 5.000286848993575894e-01 1.818519373889542656e+00 3.398140270741729640e+00 2.542099047788123567e+00 1.683104927098644232e+00 3.255578222724775372e+00 3.960923444993341702e-01 4.744191379104321094e+00
5.987391813975336596e+00 3.651748322963293436e+00 3.466232677769813364e+00 2.071180103287885821e+00 4.254429644561123602e+00 2.219197433925888863e+00 2.859827346038339879e+00 5.433715254302772024e+00 3.339544581437202897e+00 3.695637601037986553e+00 4.541309800093637605e+00 3.553341999065083634e+00 2.929012555917501981e+00 5.948469082079559378e+00 4.411601989524656098e+00 1.377475618174761829e+00 5.089540187202173271e+00 9.881255819190694067e-01 3.343602146950329423e+00 2.833159058255791507e+00
3.523973289116296481e+00 5.634782255591755273e+00 1.399346260837009082e+00 5.318551527223174702e+00 7.406731898062585140e-01 5.747640835387185732e+00 1.448164796026460699e-01 1.407672192435309499e+00 2.801483172266349686e-01 7.725294083385412236e-01 4.070206033184219585e+00 6.138498148146442901e+00 5.082249868180041652e+00 1.830743435662539609e+00 2.097226695104698724e+00 3.199509005890584845e+00 5.342140540953041139e+00 1.072093546403191988e+00 3.703424458844343459e+00 5.589301275879548392e+00
2.208716559347361219e+00 1.135358585871069637e-01 1.298599832959695055e+00 2.927094654839169419e+00 4.533047161671024838e+00 5.734072455686266778e+00 2.137198393966420529e+00 3.953494005489778917e+00 4.472500083697787510e+00 5.531843095892292617e+00 9.776927479354283745e-01 4.899652462767864591e+00 6.144407379245566680e+00 4.972555223015099557e+00 3.851481973831785144e+00 5.445490619426712087e+00 4.526025948966127643e+00 3.649807798987097507e-01 3.680731767895753404e+00 1.638756192526330757e+00
3.954553665435958099e+00 2.661661660309500022e+00 3.519700220148811454e+00 3.281421358496511287e-01 6.176097816554761089e+00 2.474356542133650638e+00 8.038135798423245992e-01 4.137633087969423862e+00 4.140631771335069544e+00 3.138517919668134759e+00 5.993623149506936088e+00 3.763021535260711481e+00 5.523907294878726226e+00 3.881955229959149545e+00 4.435562925121821820e+00 7.659764351931018789e-01 3.667085540634890783e+00 5.387754407125938449e+00 5.371593341266850175e+00 4.619419771012897691e+00
4.261929226549975525e+00 4.277949532915306108e+00 5.962105031276390577e+00 4.480553295070385467e+00 4.564827115942142743e-01 3.478733962908480137e+00 2.800797018329060695e+00 6.086614545043080859e+00 1.171799102980543683e+00 4.504544445613440473e+00 4.208116910571807701e+00 4.981014736885641447e+00 1.421537489818297528e+00 3.343203465281466613e+00 4.222791143450899121e+00 5.793895796270907006e+00 2.284886013817787553e+00 3.886374728080449259e+00 4.694613138142822883e+00 6.325774043704416316e-01
5.708651201879384907e+00 2.778438944622415363e+00 3.848007612425362378e+00 3.718377766494800785e+00 4.203461046019103087e+00 6.220255095568523629e+00 3.418965121509714322e+00 1.634496812155258993e+00 6.544380606521870147e-01 4.386346146320229344e+00 5.362527696288826640e+00 3.586249797257091476e+00 3.064520833392399446e+00 5.938196598082790878e+00 1.437183130652544216e+00 1.797566107902112131e+00 3.074324811690416492e+00 4.188235813716623568e+00 1.362868345538730708e+00 2.060732254202281233e+00
6.083379207658590637e+00 2.011397178111892003e+00 5.118739884826078779e+00 6.327979140276241976e-01 1.620824496293866934e+00 2.896728794199773471e+00 3.693365477343950154e+00 4.602824903838760306e+00 2.126125765023904601e-01 7.550292246967345022e-01 5.946144752931319388e+00 3.756045567460341239e+00 2.821243168028109594e+00 5.909355131420938712e+00 2.120666546653115159e+00 5.098457055470450250e+00 3.604259747365541333e+00 2.306050583003983689e+00 6.905902237327038451e-01 2.633035543743944995e+00
3.494217187107638178e+00 2.065062594146454877e+00 7.667997734272142818e-01 3.193686554978061309e+00 1.276394776603190895e+00 1.682030599368157908e+00 4.326899468161733431e+00 4.903767614222847904e+00 2.714213457599137680e+00 1.376588663794073186e+00 7.540538265070662050e-01 5.950533435008664718e+00 1.974699911138314334e+00 6.079082575802353672e-01 3.335290034689361693e+00 5.809358638227093863e+00 3.814402957752758838e-01 1.874475436278676188e+00 4.419404309457427793e+00 5.104995138034169599e+00
5.733356148221755433e+00 4.564507562805014906e+00 2.480665081232846347e+00 5.123986339615872687e+00 7.218409479790811600e-01 2.101322998078047899e+00 2.202939358323666941e+00 3.019839514269230030e+00 3.053454412507821569e+00 1.934974313925684974e+00 4.492773164278063724e+00 4.841138410638103018e+00 6.048709968227713452e-01 1.183317075444366262e+00 4.740961452067920412e+00 6.206929387666662912e+00 2.981577367155958225e+00 4.952598487799046545e+00 1.455887109753157826e+00 5.527344740871082074e+00
5.563835884814898769e+00 3.382918161400505497e+00 2.854680565128070224e+00 3.503430921239110152e+00 4.982516712546501303e+00 1.536040722809438819e+00 6.124581891835168435e+00 3.826645440204216042e-01 1.690823489001463731e+00 2.253833750693115423e+00 5.295579145106154684e+00 3.717872649391324114e+00 4.760031479971965851e+00 4.340439100959162744e+00 7.089299966669929676e-01 6.795307075502847460e-02 2.608346946508624864e+00 3.812017564667021130e+00 2.106550660394164609e+00 2.535391614608171196e+00
5.595340642147324850e+00 3.557813019299350010e+00 2.548055241835375462e+00 3.950030243569890409e+00 4.724349990614851613e+00 4.761891718185663258e+00 4.736723693759187448e+00 3.571616857356423314e-01 3.650623311229133083e-01 2.795485818135429179e-01 2.079624035765792467e-02 3.399951981435523241e+00 6.197125542352034167e+00 2.264888673388219864e+00 3.676101422120322315e+00 5.113051870849453451e+00 4.210378009352942819e+00 2.947455811273998805e+00 3.282738731218195039e+00 4.254104789799121100e+00
2.568982377985256971e+00 3.928144540659680217e+00 5.769743938850593779e+00 4.727671815720490223e+00 3.889992897171332675e+00 2.982346421191243380e+00 2.375628572953646156e+00 2.588551591502532556e+00 3.468294835709658575e+00 4.582592792394212466e+00 5.164420278864553460e+00 5.544451672859254110e+00 5.557609977787696387e+00 2.914021922622145322e+00 3.610076578783871781e+00 3.306489719964038176e+00 5.561338639768746539e+00 5.562747843847997586e+00 6.231109655282462967e+00 4.415308404617796612e+00
5.763968849211566159e+00 5.243456657448681391e+00 5.190449036565683905e+00 4.163928487348862006e+00 4.171032052073512908e+00 3.272851309453157942e+00 3.848226900838903841e+00 5.299011554744403191e-02 8.141968874181294558e-01 2.870876104381257399e+00 3.265724003119230279e+00 5.661562566971131361e+00 5.702913506740250327e-01 2.847961187776891556e+00 1.180207566796592555e+00 1.425877787796545393e+00 5.362952447810987594e-02 4.516428812274154048e+00 4.115984685373681451e+00 1.132343596488306181e+00
4.328431632692951503e+00 1.714648820166584819e+00 2.486870190181095897e+00 2.469918115453513252e+00 3.324193061847372288e+00 6.831209154222697144e-01 5.463809065285187394e+00 4.379384556134451323e+00 1.091750477757334581e+00 1.876940172474898860e+00 6.017557326281148811e+00 1.548288693061411925e+00 1.515913731032977996e+00 7.373753444313572158e-01 2.698060891294832842e-01 1.657410074392132060e+00 5.150665472925016530e+00 3.026835891899815612e-01 5.275234518684285057e+00 5.156637166839568298e-01
5.425671188014272728e-01 1.773714974686557477e+00 1.529436980091950060e+00 3.060321695930005692e+00 3.553987963383438142e+00 5.641090088104554923e+00 4.173994063076470695e+00 5.649179644281210333e-01 2.310416522858166899e-01 2.272421042954004378e+00 4.809487574738730231e+00 4.299378232458148652e+00 9.841417524804184636e-01 4.482988767741715286e+00 3.721024163639656823e+00 3.216052142100652045e+00 1.288661164643564394e+00 6.027432401856982480e+00 5.053640804437923073e+00 3.557951158634170330e+00
4.341608668101414104e+00 5.772418576553339342e+00 2.421918669472264973e+00 7.954847930065696016e-01 4.056746372177072679e+00 5.178589449225183827e+00 4.844844357422414483e+00 3.085623654560496476e+00 2.295125596456746297e+00 2.430674556321380742e+00 4.704102785091452077e+00 3.572364523777231238e+00 4.213741172911552368e+00 2.465297139707093077e+00 5.358887547698731879e+00 6.132043159402138954e+00 3.531091935043294550e-01 1.404675378619302029e+00 2.357978817206732636e+00 6.141951844352738554e+00
5.175694018778394856e+00 4.239517702219381956e-01 1.414761906649479317e-01 2.370195561039235344e+00 5.214001126410884979e+00 6.191490243600456189e+00 1.705694096107802427e+00 2.436758232953978975e+00 4.693935678789729754e-02 5.133207487373870892e-01 1.254257575337514474e+00 5.955107688569014179e+00 4.188124852975387391e+00 4.602268245867926488e+00 3.868966447024219324e+00 5.376430137876352156e+00 3.074225469020450685e+00 3.527683380433224158e+00 3.404039675430972522e+00 5.927434391620992393e+00
2.723673373667041098e+00 3.773281360232424664e+00 3.305721331125858864e+00 4.606429066482428780e+00 2.148393140064090101e+00 3.748197387156161575e+00 1.459958960817701323e-01 6.117639648466203894e+00 4.072490797930131912e+00 3.093750888857079939e+00 5.421908128187403753e-01 1.637777576549643399e+00 4.708847875856209342e+00 4.869543294465509931e+00 7.786890101163328470e-01 5.661117270299273585e+00 6.582136376269064337e-01 1.564129146876995113e+00 5.518616977296883164e+00 5.475879424929210731e-02
4.408684200946744181e-01 2.020967105027506427e+00 3.173091409701231047e+00 1.216611787353199858e+00 5.039190476366236737e+00 4.690237498072281852e+00 3.509426632232764298e+00 3.142052023966082519e+00 5.854435892929871876e+00 4.107821007743842401e+00 8.018082228196800054e-01 4.658694744180936098e+00 5.218016230242176867e+00 5.670795848933066985e+00 2.085196782054488551e+00 2.835493459476984057e+00 2.133739939620371562e+00 4.361187827032860120e+00 2.811952598607299514e+00 1.747087853746604580e+00
5.721498285358757485e+00 2.641091763054217445e+00 2.790074621783988906e+00 1.636663111173165541e+00 4.795658243306506918e+00 4.130044826889168186e-01 3.527622237831595786e+00 4.487103392261503565e+00 3.079617801042676462e+00 1.208000215089446994e-01 2.620489070954452160e+00 3.103782507030313109e+00 9.890258681287192877e-01 3.364198647923409169e+00 1.595076192639818702e+00 1.562444059917613037e+00 1.901431529916464358e+00 1.902281414471689747e+00 3.835090788595991729e+00 3.303535775420784582e+00
5.284025216316890372e+00 5.893856989133097635e+00 1.160969064018005037e+00 3.522874543321294905e+00 4.788890048956705670e+00 4.616273899184656138e+00 2.379764376269649873e+00 3.667992575353251627e+00 4.934776623554433250e+00 5.521159209194228978e+00 4.691962815611528947e-01 3.776574474815109550e+00 5.906501516245344696e+00 2.552138330462820903e+00 9.412199297609005200e-01 5.964778727607054520e+00 1.935882515842208385e+00 2.752328870308402564e+00 4.410956635007417526e-01 1.143735220777852168e+00
