5.127302826841764194e+00 2.836352058905085460e+00 2.515812492679543322e+00 5.901409801281381817e+00 4.905941597952383937e+00 5.497846977682347536e+00 3.743598348120324548e+00 2.210694729876125475e+00 2.940864901047909541e+00 1.047292147900470649e+00 2.843272426092328775e+00 4.427270130037070928e+00 4.666898689861867844e+00 3.285324109195687292e+00 3.240023765761006924e+00 1.191518499221364547e+00
6.222965855158401283e+00 2.215140884258536058e+00 2.490901984826719318e+00 3.230253469242454045e+00 6.106677036144628090e+00 2.624545627264051273e+00 5.062455399117916421e+00 1.893294168063671679e-01 4.586392374333189359e+00 9.889043272511466309e-01 3.565242788439326738e+00 4.928402446486609967e-01 3.091488899843115590e+00 4.117377671986454324e+00 3.848802612627957753e+00 1.156910017188167439e+00
1.214533569669191237e+00 3.834573529550350912e+00 2.189792381625368822e+00 5.424238840303389431e+00 2.801157476892378373e+00 5.728961840220757606e-01 4.362131309937004181e-02 2.642623538313997322e+00 2.241235775348126680e+00 3.211640489552377575e-01 1.782943829299003635e+00 6.609658306791155180e-01 3.155398221736461561e+00 5.956929507208106322e+00 8.996534760441443623e-01 7.309744884904459949e-01
3.432836345178536419e+00 9.619301345564809091e-01 4.077362947109781643e+00 1.816818843806912609e+00 2.623780983913049369e-01 5.260628674022466811e+00 1.096445369866303476e+00 3.405208505231277716e+00 5.386420974472597933e+00 8.796774041643638797e-02 5.524586531588431271e+00 1.814995601641777867e+00 1.484259091122992702e+00 1.168306388561160869e+00 9.250311245769219370e-01 5.955279640470823921e+00
6.254284946086084318e+00 9.123526618454467219e-01 2.449223558278197821e+00 6.271451942574399752e+00 6.122059000090938952e+00 4.813543599498984804e+00 3.752286359686336059e+00 1.172542766138762849e+00 3.380095020127700689e+00 6.166174911306130824e+00 3.247896168199619016e+00 1.996374396839915022e+00 6.215170859062298270e+00 4.808470478681791782e+00 9.439246250098446422e-01 9.110267671183517324e-01
1.257401136926390217e+00 1.579596864826239289e+00 5.889520552130765196e+00 2.969012237616250882e+00 5.060302919051376414e+00 1.435919500974802254e+00 8.788106072540277092e-01 1.855416045591347096e-01 5.877466207883376370e+00 5.026701869694612412e+00 1.030905569003038647e+00 4.974221895066698984e+00 9.174149963017433906e-01 3.599921363035899491e-01 5.448883107038787088e+00 3.879398981442516714e+00
5.606544755079904796e+00 1.752233334673962029e+00 5.709700415506556936e+00 6.112533725811151619e+00 1.505843619773331588e+00 6.104306253227584911e+00 5.653316435901361459e+00 3.421552409857785193e+00 3.910375344153013133e-01 2.610365171957331754e+00 6.009741496053792709e+00 1.101393585558692267e+00 4.921945761050342760e+00 4.341060421500053224e+00 4.623870244049456346e+00 3.523487191869210555e+00
2.081919655731085061e+00 5.792061035288942783e+00 3.568973595781658403e+00 5.838267547592369766e+00 3.566177051389950226e+00 3.378632460217918076e+00 4.180162952733630810e+00 1.680949981940150995e+00 6.222401553363061666e+00 5.320431962327496045e+00 1.105593333528841704e+00 6.011598844451354395e+00 5.635306549690157318e+00 4.230525626856258548e+00 1.511938825654020047e+00 5.366964261565592587e+00
2.653446635883749849e+00 4.166374070025837817e+00 5.880315018023352103e+00 3.636783783028163963e+00 4.987648316941964310e+00 3.459744805856922678e+00 4.075029852455274160e+00 5.548579882626448523e+00 4.236571016129631495e+00 5.367298377977865798e+00 5.149633173923397145e+00 5.621924509920638080e+00 3.148434158448337516e+00 5.702900010312448309e+00 3.636101472648862298e+00 2.734593743559939671e+00
6.152049027959531458e+00 5.628625052218722224e+00 4.001559894589959754e+00 4.256132897522558522e+00 2.526620960064870136e+00 2.134000492421906259e+00 3.916556889041271194e+00 1.497518355299888748e+00 3.672082970288237824e+00 2.261842755394938842e-01 4.107639582457177418e+00 2.748102564797994862e+00 3.343747464907586009e-01 7.320442173459457136e-01 1.560998901799354188e+00 4.670448561359698658e+00
6.121277160341485946e+00 1.965102445957465971e+00 8.343028470203991964e-02 4.997577583145198510e+00 3.796795040229502316e+00 2.738866626354123368e-01 4.135200144407134459e+00 5.392224113580809330e+00 2.260294249310376813e+00 9.223052828600240005e-01 2.337793874248200510e+00 5.650099531070233994e+00 8.426651459922241197e-03 5.649498028080688350e+00 4.908903817622522148e+00 3.449981240168136676e+00
2.613281314563966173e+00 8.206427179063509048e-01 8.735771672319266878e-01 1.259256714697716273e+00 2.849213789935293395e+00 1.215972145668249071e+00 2.774430701205077732e+00 3.541289568901437423e+00 3.241330235618189892e+00 1.008554915256934637e+00 3.727482524645561401e+00 1.228745652952422995e+00 5.506470409972592961e+00 3.031986695431834189e+00 2.830808283898021749e+00 2.289653100093600457e+00
1.050224371471881968e+00 4.704398510150178403e+00 2.341987226285597856e+00 4.999641149614751257e+00 2.370519904716849868e-01 3.929670404069897316e+00 2.268352140416835805e-01 5.168630043471017288e+00 3.487295699331229404e+00 1.459908251194437678e+00 4.077685401702187740e+00 5.575280210587496121e+00 4.020798377278614888e-01 5.015880357631802511e+00 3.484192034226613721e+00 6.009165022416754987e+00
5.942543935674957645e+00 1.731927202044374781e+00 5.935959262636628431e+00 4.156801734998270881e+00 2.370470891879255415e+00 1.551657687551243781e+00 3.773213710023549439e+00 3.924106193191593484e+00 6.079996184138053650e+00 4.768050939823966772e+00 1.784175722924538743e+00 2.434614030089206516e+00 2.340250154088619194e-01 6.192198820026165507e+00 3.780919784293809371e+00 4.291445660775057291e+00
4.829552825425322826e-01 4.298722020276286138e+00 5.303904734081339889e+00 4.278236374035843781e+00 2.187111990986221333e+00 3.152781639124843771e+00 3.224318456631998675e+00 1.083845234655251621e+00 9.238035304775725765e-01 4.022219641822903924e+00 1.799170628573410813e+00 4.485789974581120276e+00 4.323663572985783077e+00 1.843061346616839513e+00 7.432287695979318265e-01 3.228157636520453178e+00
4.465707232036221441e+00 4.161627216528564155e+00 1.456401318799539046e+00 3.289975453697189689e+00 4.437974841583622876e+00 5.059990361499628442e+00 2.155185746066052399e+00 6.448441987939244058e-01 3.430748515153876355e+00 1.743693522660620721e+00 2.615471532086355300e+00 4.780199100528413680e+00 2.371244956355177180e+00 2.760589016176679511e+00 4.002373495561038830e+00 7.080240937277699764e-01
5.620750963154262259e+00 2.529628706914663461e+00 4.709402407966140736e+00 6.798685257245856706e-02 1.254055191402357439e+00 1.358173338089181836e+00 3.800713142930747690e+00 4.840449800921319046e+00 4.611006756547605612e+00 3.759540687225904065e+00 2.552347955828424109e+00 4.962794592313599651e+00 1.710545944814040098e+00 8.095064231539287336e-01 3.633996128373236267e+00 9.612334237584648777e-01
3.468000117655485770e+00 3.063543548031945729e+00 2.856440497293954994e+00 5.383865009691342074e-01 9.408141362509720995e-01 2.755296821032722665e+00 1.229224610237063420e+00 5.367692857087578595e+00 5.800150782107142078e+00 3.936495758366363784e+00 5.130372937481070927e+00 2.250129134622553817e+00 4.741883086534659064e+00 6.007885417253188365e+00 4.647267428618907736e+00 1.457049525870257822e+00
3.944538022630549090e+00 1.092515982973523148e+00 1.806303371854488526e+00 5.163502819740894978e+00 4.254316733433829434e+00 1.730434843043454851e+00 3.065248811451576127e+00 5.337261997555283521e+00 1.293551458361798856e+00 3.054974979687885561e+00 4.051510650486044085e+00 4.642253844369104598e+00 4.263756530087482233e+00 3.019552576489939799e+00 3.894270130522479167e+00 1.202485087467255465e+00
2.195615763739574788e+00 4.018784276379008702e+00 2.976838866184244647e+00 4.150180301662836690e+00 1.725716156631412312e+00 1.235285428419235165e+00 4.200750003139175348e+00 3.864725563906140415e+00 1.858119454786878233e+00 2.558850102736918597e+00 5.146662448828368319e+00 9.153737295732135015e-01 1.992544168416520378e+00 8.591316253706149375e-01 4.080106443106402914e+00 3.531196989900453609e+00
5.531482258143438635e+00 4.995716800702663107e+00 3.169577345063153917e+00 5.159983561952744324e+00 4.733817846825942866e+00 4.825193175301621729e+00 2.639420212436330182e+00 7.012688092177808974e-01 9.422078796845567705e-01 2.755712977399858765e+00 4.574292849677860318e+00 4.930719449401731680e+00 6.178939881152413882e+00 2.798363443808014051e+00 4.810189826989389239e+00 3.378260988539059095e+00
5.299028166818140484e+00 4.072825572926562110e+00 3.531073843966444636e-01 1.693950284206796608e+00 3.139471357188011513e+00 2.503167583747718528e+00 2.225869514362936119e+00 2.266946091259480323e+00 8.094927684394938039e-01 5.456538449623262288e+00 3.832276684889764695e+00 1.442743692867169747e+00 3.612763851044269447e+00 5.551854424260616483e+00 2.980790401216374619e+00 1.488105494772866688e-01
8.023469053211101931e-01 6.117374840158697147e+00 8.609434366048371867e-01 1.738834600128720487e+00 1.984311587513494013e+00 3.553059169558281383e+00 2.026532521601656089e-01 1.451478985448449777e+00 6.261036566822375526e+00 4.015821648845466996e+00 4.207931839549754471e+00 5.470723917361347333e+00 4.225602383714170962e+00 4.498263259866652319e+00 5.350682294968943431e+00 3.178939887602298509e+00
1.124165619519891024e+00 5.826428024986880061e+00 2.363010961232214768e+00 1.676888211552832297e+00 5.211998834272104197e+00 5.894505914425482551e+00 2.081127128648318170e+00 3.908090964461097272e+00 5.997961026722064659e+00 2.897502574855921775e+00 3.361743340757874510e-01 3.511620114419695238e+00 2.481536027301979086e+00 3.557376826957819205e+00 6.047154819686986205e-01 2.499862031584458411e+00
7.491898277204208645e-01 1.022326932333147642e+00 8.300883197314559148e-01 9.334235650921934857e-01 4.146484549283417920e+00 3.060170531181181985e+00 4.801831145314395144e+00 3.062345775848310137e+00 1.401438649654149771e+00 3.742481832546796228e-01 8.615947752104569091e-01 1.170851244793214674e+00 1.395220455961755146e+00 2.107329382889960856e-01 5.709970058871738807e+00 1.571870229904669181e+00
1.211091731078480116e+00 4.338296632995740865e+00 3.798725830979405416e+00 4.064917106768193733e+00 1.401155054305992520e+00 2.018582457780213613e+00 5.231071294949248163e+00 1.961700310554731042e+00 2.064852392304459716e+00 5.019191696318948459e+00 5.048857161319084685e-01 1.355769155832304840e+00 5.173673274677132561e+00 2.459847194859798414e+00 3.813028737447804684e+00 1.428377546128788422e+00
2.191726080248620256e+00 2.618013543809917021e+00 5.234288640929454672e+00 1.146112535323037807e-01 2.538990231463814862e+00 5.758220302070782282e-01 3.244007128765243664e+00 3.043129515675558228e+00 6.954170634982002053e-01 5.874819252441548123e+00 9.106873532799643067e-01 3.575335669313104425e-01 1.491893372115326022e+00 6.274344134031083264e+00 4.408882789607413422e+00 2.955696298019384383e+00
3.251113795923017413e+00 8.788227457080575178e-01 1.996813373491147070e+00 1.602294529773500065e+00 1.544781917811434591e+00 6.050333153701460631e+00 4.610812442267519629e+00 1.302409393602442789e+00 6.057219925025361995e+00 1.397710582442688310e+00 6.195493757512892330e+00 4.409890283040899028e+00 2.770065003388385794e+00 6.001730769092544548e+00 5.386830940880585672e+00 5.429736438343697458e-01
5.500064127735320163e+00 4.341843310912401499e+00 9.623358127184481470e-01 8.927359158789919258e-01 8.499444381276457516e-01 4.947952333219151733e+00 5.489773861640220964e+00 5.860884327663973714e+00 2.272179531443635270e+00 5.261689386629639920e+00 3.052243677080970663e+00 5.376950324598337438e+00 6.175026833337927457e+00 1.869111793136523092e+00 2.465295281759864121e+00 1.378515559192811324e+00
5.915865596378345970e+00 5.424269653623836618e+00 8.608015996512934365e-01 4.915964901211114402e+00 1.226053635682392118e+00 3.729186889395416316e+00 5.324329223763838215e+00 2.625086734299842295e+00 5.434575584246559288e+00 5.331434875643432658e-01 1.700356656752020912e-01 4.979288915852166042e+00 8.142337862823132433e-01 6.003522623611909914e+00 1.977937952170138791e+00 5.141092674592459666e+00
4.708467638758527585e+00 1.267672207662349226e-01 6.229580709935373939e+00 3.574408097202321333e+00 4.010373680761854409e+00 1.823169502313954915e+00 3.245003144704012854e+00 5.452871207105585150e+00 4.798355275598366276e+00 8.564528661606353177e-01 5.174583979208559725e+00 8.763735206742239159e-01 1.750292112899143548e+00 4.365870211751582630e+00 7.924351051323033079e-01 4.431974501642606867e+00
3.485210400813955722e+00 1.412867965110448321e+00 2.368903218009538736e-01 1.618055733647402405e+00 8.276226496550651568e-01 6.123389190275820404e+00 2.591276407099071921e+00 6.247932012197026985e+00 1.759055572998407646e+00 2.668582993422434324e+00 2.978527414869752477e+00 4.854687454542712999e+00 5.416373344153653235e+00 3.783143946863802398e+00 4.525557212679904850e+00 4.629939703523155536e+00
