4.352355717666634427e-01 7.310611330867886615e-01 5.840140522546339419e+00 3.396896455998223985e+00 1.118163086962371960e-01 4.855004800457552783e+00 6.384691745260141771e-02 5.752072130957670559e+00 4.859759392039940451e+00 4.627616425370394637e+00 5.831839049374099915e+00 2.379845106337394434e+00 1.949535234034681208e+00 5.830164087151125329e+00 1.188020401839318563e+00 1.428360986995496296e+00
4.870238186730059482e+00 7.365186450163767606e-01 4.348537826946388130e+00 4.172600497911384210e+00 6.134658526253957689e+00 4.467498138442956623e+00 1.933537590497011793e+00 4.395276900284943444e+00 1.343460030819651374e+00 2.289621730790330378e+00 2.357157694482558519e+00 2.152551491820576146e+00 5.143788028296960135e+00 6.058460229396722685e-01 3.418740989310676603e+00 6.411316870937621148e-01
5.393368433231202630e-01 5.815786326976892795e+00 1.867329129840301638e+00 1.332786142684885489e+00 3.168816763678596327e-01 2.530229970447533727e+00 5.266970710685305868e+00 1.670114881443523824e+00 1.667003228260394154e+00 1.662253792015122578e+00 4.896775754062715258e+00 3.392211420727031967e+00 2.601740794908902199e+00 4.972041088260165331e+00 1.604289981511406227e+00 5.390970205400660298e+00
7.405535274105496946e-01 2.788782842685137986e+00 5.887810471092920217e+00 3.014914384475900544e+00 5.529242463276200503e+00 6.066011770406893433e+00 4.558191407381871230e+00 5.839671850137277964e+00 2.387582367427642627e+00 4.936213259289499611e+00 1.847618611746798312e+00 7.272868746154486086e-01 4.297026870655730413e+00 6.000840935664486508e-01 3.574845298553375184e+00 4.332443915750803676e+00
3.561944738875008731e+00 6.733366355828661332e-02 3.415288726148795195e+00 6.052023063516942969e+00 4.743180659888362349e+00 5.346701409605682187e+00 3.590082666165113512e+00 6.199109705103795775e+00 1.368261245842820051e+00 2.303860627909371406e+00 4.202078209903659989e+00 2.710395835009003829e+00 1.108654885812368152e+00 2.715849598965645040e+00 7.690838380456062051e-01 4.935643844961230542e+00
4.799807058826962347e+00 2.573183348163857187e-01 1.838347742976149390e-01 4.986126611196401548e+00 2.716741636743523980e+00 5.915334850918137377e+00 2.557063942373403176e+00 3.293226225151324016e+00 2.139614488017438365e+00 4.038840732812853496e+00 5.403985037965042260e+00 1.795187088122397023e+00 1.937925689215733049e+00 5.851901772154721293e+00 1.003136571377938546e+00 7.127212919376918476e-02
3.699127363535231083e+00 5.577362065231016963e+00 3.002738547812465741e-01 2.226605254757673347e+00 2.017959159853099482e+00 6.047846393045100299e+00 6.199987540690682586e+00 1.602810442225772958e+00 4.532194657803409577e+00 3.366565460006903376e-01 6.931936795119600925e-01 5.447156206159701419e+00 5.001928900235246278e-01 1.530432576916041176e+00 1.506351874757420717e+00 1.156941296586649903e+00
2.922821706395841712e+00 1.390658511169581057e+00 3.216750167044797326e+00 1.936447505242100631e+00 4.140434815751341091e+00 2.532034432699066695e+00 5.673681050789562086e+00 4.775834393919006438e+00 1.811319743800688720e+00 3.006559247962219850e+00 3.351799726000189050e+00 5.859388864163279642e+00 3.076683287214259099e+00 1.445591510864286111e-01 3.252939392183078926e+00 5.410307130912619833e+00
3.360526026289555990e+00 6.071921411820521364e+00 2.573285321599637410e+00 2.462200892809721375e-01 4.259744148226598526e+00 3.368893382132629455e+00 7.416821010525594948e-01 2.493395863725570649e+00 4.331352740773203536e+00 2.671548850022717136e+00 2.591452683865353546e+00 2.575863097379277544e+00 2.237835031176730105e+00 2.513216222186221760e+00 3.845277691725894620e+00 3.200896973254573119e+00
4.252919686469076588e+00 1.621215246857385939e+00 2.952922721912753179e+00 3.957612887562294013e-01 3.534350661433553142e+00 6.117492070736963328e+00 1.000421067608530529e-01 5.967104492631862378e+00 4.044575787042698600e+00 1.148278459190513745e+00 7.641583875587172336e-01 5.005570814894210407e+00 4.278439063533387987e+00 1.046555496964441279e+00 2.105233434378928070e+00 2.881935688238549884e-02
4.483813060950929241e+00 4.720854450992027079e-02 3.181779473029280325e+00 3.999940197899878758e+00 2.770197074050178454e+00 7.506720097362329369e-02 7.115753092832876048e-01 5.595927798852015300e+00 2.537163906141943759e+00 4.540774289578168421e+00 1.710099456311588551e+00 3.796111714048622243e+00 3.569287037185402967e-01 6.206266853337893963e+00 1.327007980274519827e+00 5.048861294728482996e+00
5.051905713487751193e+00 5.466391685391507771e+00 1.826960588469772162e+00 2.323269385763870043e-01 1.844196914687580957e+00 2.095989392480448466e+00 9.313566136167644727e-01 2.424444173807235536e+00 1.801281106039053892e+00 2.617476393280668834e+00 1.327557069239347687e+00 2.223467062020447749e+00 2.067216260996892263e+00 3.675714017753965557e+00 4.463743072708668436e+00 2.522585885538526362e+00
3.487152060760826622e+00 6.012045443873030415e+00 4.721221885682582275e+00 9.690318795763622761e-01 6.173342906859645041e+00 2.136521733016201630e+00 8.049537791404179909e-01 4.643949801540228073e+00 6.206804580406263816e-02 3.232849965244323442e+00 5.055329949902992226e+00 2.776939045063444578e+00 4.219884563510376552e+00 1.832377702847338252e+00 1.908011884183927309e+00 4.609330943672052427e+00
4.609450157697091655e+00 4.136309733918050568e+00 5.504881906285095994e+00 2.964055780267272677e+00 7.681156821619504749e-01 5.233079363093089853e+00 2.417283884119533877e+00 1.473954504804792620e+00 2.592089735782516779e+00 3.400699040122130978e-01 1.441538565718346598e+00 3.619107598352909960e+00 6.006332199519107462e+00 2.537915266844543272e+00 6.279880528479178103e-01 3.914878330114657246e+00
6.241829129526179187e+00 1.081505112057834950e+00 2.327099541072223499e+00 5.031993680020087290e+00 5.543237413255884150e+00 4.154634655861163317e+00 3.033723027065099664e+00 8.332670578438248210e-01 4.763665387752051394e+00 1.087237107768982858e+00 5.210760735091361617e+00 4.242041438061298742e+00 5.293741851200061355e+00 4.811180974307584179e+00 4.814333623696027686e+00 2.624728240363338738e+00
2.406421638878321723e+00 9.004290491135428232e-01 3.713791652473258154e+00 6.215362596710392928e+00 3.719969094551745403e+00 6.075136309596051554e+00 3.181203976163807567e+00 5.666861345695172858e+00 5.714317330465926936e+00 5.001244050452552159e+00 2.673588548654076025e+00 6.100150414936665655e+00 6.139223136890567645e+00 1.362340475258962735e+00 5.707908341256965334e-01 4.987084521174668161e+00
4.917715817627589914e+00 2.619578159517140126e+00 2.505826008583435183e+00 2.681697601264699138e+00 5.764489083579727335e+00 5.300848426156068882e+00 4.829402619725540191e+00 5.347329440314558369e+00 3.755768650009727594e+00 4.245508695092857110e+00 1.173922408421123942e+00 5.802838779357182730e+00 5.342612965621819754e+00 1.897210501275554240e+00 3.574886058322991111e+00 5.616866531227619141e+00
3.393640083362684745e+00 5.814943807381705909e+00 1.982707353541241391e+00 3.289693064193744743e+00 8.363860058872613079e-01 5.883732044628267488e+00 1.244606187188719293e+00 2.907250481150488675e+00 2.271844416831996227e+00 3.398089690551611142e-01 3.506378154227974608e+00 3.956116540726068997e-01 3.256060292729205496e+00 1.232582856294955453e+00 2.073933049634578918e+00 3.922874864645080617e+00
9.919792073682272004e-01 5.886870919758121268e+00 2.252902698433425055e+00 7.725158653041809265e-01 4.586796710102457375e+00 5.790348577149612375e+00 1.369995769682763820e+00 1.370807699401950464e+00 5.498028013675020809e+00 8.782464244083759697e-01 2.230989130884750704e+00 4.574949836110911328e+00 4.100469074713792850e+00 1.537300093593738648e+00 3.846092085090968116e+00 3.388012441536817132e+00
5.628449391878281638e+00 6.199047860134591303e+00 6.141281382848132964e+00 3.634683045421879477e+00 1.136658562095979041e+00 3.494382427940095681e+00 3.301467255795962785e+00 5.806800730417412737e+00 5.434824112559807574e+00 5.931221933447508476e+00 6.416280935799972829e-01 6.099223260869631069e+00 4.479349971274743325e+00 1.404121853937205858e-02 3.832201280372461216e+00 6.014948204854684732e+00
1.173527121148090213e+00 6.056219724601291654e-01 1.034315531082990791e+00 5.823625835173519505e+00 1.205189873711232984e+00 5.602410738656590894e+00 5.486879006413562188e+00 2.833271510616585775e+00 2.807601835517356204e+00 2.929786958376695560e-01 1.580766523173949611e+00 2.788049902911491351e+00 1.031220701939409734e+00 5.725640325758568849e+00 3.121649293438595318e+00 3.021495112666183758e+00
2.226252726946339244e+00 3.594419398973454971e+00 2.290341278480119591e+00 4.738485742091812725e+00 2.556361191977459590e+00 5.712433035043568808e+00 3.519694476022556362e+00 7.673672635087352978e-01 6.163031246900495752e+00 2.003358638489072696e+00 3.767339108518890978e+00 1.231172131245973356e+00 1.326683656869045436e+00 2.990447494614572488e+00 6.233795595533473843e+00 4.635513038614273995e+00
4.536683005486778164e+00 4.525552709675211283e+00 3.955352442762209986e-01 4.640460856955392011e+00 1.595321857373948493e+00 3.476875441685654877e+00 4.383015123213112929e+00 2.915779334787929611e-01 7.182077634988730530e-01 1.653528765033448034e+00 2.045764037746058861e+00 4.584781326131392998e-01 9.756576415239852640e-01 2.311078964199509755e+00 1.063909479793037072e+00 5.707825969030587032e+00
4.035527874783277902e+00 5.324203359960789861e+00 3.781606275006386575e+00 5.064576327837516878e+00 5.623905702060080891e+00 3.334322894585939334e+00 1.335859388165440809e+00 3.779448770672882763e+00 6.261484169342518946e+00 3.344352807962276852e+00 7.301681896792300286e-02 2.611652508089552072e+00 1.498657783330146209e+00 8.558953680904856087e-01 1.514655227653587621e+00 4.814423848359413505e+00
8.501989817737801713e-01 1.696642360946582384e+00 3.345046529517861078e+00 3.981522339245255337e-01 2.938095188153156956e-01 5.101258958049548653e+00 8.408429804549102382e-01 3.641500008181377979e+00 3.522100690263301637e+00 4.996893602666089507e+00 3.882871176550488634e+00 4.074522327732885141e-01 1.612001552498825430e-01 4.842373349591305165e-01 4.730363925637571576e+00 3.005282208155677370e+00
1.351210194620715344e+00 2.543956148688019780e+00 1.921067166402837589e+00 3.219184126736487905e-01 1.989035597049421566e+00 2.428355183533686290e+00 3.676256351579211490e+00 4.150020383978450411e+00 2.294015751190245034e+00 4.191132347673683256e+00 8.106553409031005408e-01 4.135219376157962756e+00 2.823382661299128848e+00 1.092314930483150315e+00 4.613175964767207704e-01 7.099611486080382727e-01
2.160490988894832043e+00 1.520348595492416521e+00 5.381901746270805198e+00 5.529631177745881310e+00 4.624537028540719241e+00 1.521234375884979340e+00 4.540416216262318727e+00 2.062363153358525825e+00 4.639892122205453440e+00 6.271446439657199612e+00 2.297743177392292391e-01 4.870675181215360361e+00 5.838315455060356207e+00 4.933123890886046858e+00 3.477905013899781572e+00 2.159323679750730474e+00
5.997259100350558647e+00 2.957099099094882888e+00 4.483674365094723058e+00 7.537309673548305833e-01 2.421086128788842995e+00 6.197178343574322845e+00 8.540972940079261111e-02 2.501469305718601266e+00 7.628503330244017500e-01 5.318632162446228939e+00 5.166469796674538983e+00 4.983866984497582919e+00 1.672203206309621937e+00 4.729798729926797840e+00 2.050666734402296076e-01 3.252133409383643592e+00
1.426466880343238985e+00 5.802815256784207065e+00 3.255847737411707410e+00 2.190192429842181543e+00 3.885492513111355350e+00 1.908000010943137648e+00 1.463911211551051361e-01 3.419480594692478892e+00 3.984251824834263989e+00 4.682710074251384746e+00 5.925769219736298332e+00 4.966342339595189337e+00 5.789215890721289171e+00 3.071825597252446194e+00 5.970858128948100862e+00 3.570357364500841513e+00
4.967998242825711230e+00 5.796233102146270078e+00 3.911553796904607139e-01 5.958501159745289932e+00 3.558450898931942774e+00 3.786126963155968639e+00 3.701612223144506775e+00 3.756868225552297602e+00 5.653350263402542986e+00 3.919553005668300560e+00 1.791353384526011450e+00 3.700890147639562588e+00 2.179066357858725489e+00 3.881668269448703246e+00 3.951326329259406300e+00 2.824475726359536587e+00
1.527944032100492011e+00 1.704676564876694611e+00 6.124293660458796751e+00 1.142129562791068809e+00 4.378697295336707818e+00 5.717287221599205438e+00 4.026945915255199182e+00 1.978583236926486910e-01 4.391088090462186067e+00 3.067327218569953828e+00 3.301904928949133566e+00 3.992503474048176848e+00 2.157001953333537170e+00 3.313540630222425953e+00 1.492829120624514116e+00 1.910982190525070790e+00
3.855196084131885303e+00 6.428461326839793877e-01 8.538544767729280283e-01 2.288972248689900457e+00 3.761600671392475004e+00 2.094931437293204635e+00 3.538331112950945379e+00 1.153721210142081732e+00 1.714066642867761170e-01 1.825628366803885072e+00 1.240651590716060237e+00 3.493408942443490872e+00 2.720122800969695942e-01 5.695787522215026932e+00 4.969291064889326259e-01 7.791719201745248569e-01
