9.986563300170836488e-02 1.504799928321491009e+00 7.709526125196114466e-01 5.401524681359677338e+00 6.158184671733722304e+00 5.434328269753452290e+00 3.995196252953282290e+00 8.989393474323308375e-01 5.376134750601749168e+00 7.239025251515215365e-01 4.374567328605214911e+00 1.491164805746858946e+00 3.741239284365962980e+00 3.058554501932772673e+00 7.578332848771325292e-01 6.236390055497862406e+00
6.244082518165781082e+00 4.826013368127858527e+00 2.047294661491244838e+00 2.806460711661031837e+00 1.100311000581964960e+00 3.250174805870879258e+00 4.173403827505206110e+00 2.361213969626917653e+00 5.578882643468544345e+00 4.789542259490648490e+00 5.610180420557696834e+00 2.647377314143260829e+00 3.191484408232089454e+00 5.958703714754784109e+00 6.234221438068652255e+00 6.642807991015272640e-01
3.145412270429872592e+00 4.102852544765766218e+00 2.106406405766331424e+00 1.526112376905667256e-01 4.931277066871197157e+00 2.071225131726536772e-01 2.698695083195787880e+00 1.306362822728402984e+00 5.329083717082354177e+00 1.841789289973116972e+00 3.368863004187057530e+00 4.166070879436838403e+00 3.992575533909648922e+00 7.886411165686793012e-01 5.140436574470115261e+00 6.277900834423418175e+00
4.059444592764821280e+00 1.396163138690182492e+00 1.694839215403699750e+00 5.578542114446656264e+00 2.731645847194144494e+00 1.284116542541909878e+00 2.029090913456758738e+00 9.521794528034907001e-01 1.248113187995206763e+00 3.414151383490833247e+00 1.832796427839225917e+00 1.547112555636433795e+00 1.696535877927654923e+00 5.389151301329748733e+00 5.586410520979731231e+00 3.800410505342326051e+00
5.190934032940166531e+00 4.225912189569908328e+00 2.158928054155135889e+00 3.387051588191702933e+00 5.448348507144330277e+00 3.770623259406160610e+00 2.436984071684578534e+00 5.373565415121587918e+00 4.872073188579565617e+00 4.074778033253704912e+00 5.654900991991183012e+00 2.887695850052109936e+00 3.337359509574310268e-01 4.575833119167635132e+00 5.897609688933267869e+00 2.492219095971506704e+00
4.893212104513416927e-01 3.822744692197681093e+00 3.379222447075921121e+00 1.723596294795340031e-02 2.764157579121946373e+00 7.408609656076009520e-02 1.758390428405322670e+00 5.752894768209237952e-01 1.173166146910906260e+00 8.048273086947272947e-01 4.426460277673889721e+00 2.686904512732751993e+00 5.554640378083801622e+00 3.579911248457823270e+00 2.056607036693298252e+00 1.859642833104243054e-01
2.990816047749726092e+00 4.767341399610103281e+00 5.011224832555236652e+00 5.394715678728074337e+00 8.984324699700378947e-01 4.617138813511078688e+00 3.263470492252615429e+00 2.485396762244685753e+00 4.916008238837672906e+00 5.175650372486498618e+00 3.677794773320547606e+00 1.320738157712942895e+00 1.810548930378281351e+00 6.945598228887654990e-01 1.621445242169871070e+00 3.192305419810652634e+00
4.062242982702305660e+00 2.788448572732258324e+00 5.663785164320078280e+00 2.339856741873073354e+00 4.684586434832466395e+00 5.976980523655530675e-01 5.549389011449780362e+00 4.807215209749952756e+00 5.905920301960097873e+00 3.625528124723615520e+00 5.509500290231916786e+00 4.751473227915684383e+00 4.271088389530921070e+00 5.676322171963480656e+00 5.996830243024280360e-01 5.469437446426466565e+00
1.841412075899893086e+00 5.552582445935327904e+00 5.503443918437519677e+00 1.600118490971459195e+00 3.231930604933971551e+00 1.571047792418261313e+00 4.583867355227331686e+00 1.514008661406893275e+00 2.859535832472441808e+00 5.489608868194276958e+00 2.068179829661341618e+00 8.063670992233619161e-01 3.549535367084915904e+00 4.604766405238326143e+00 3.029130271773834870e+00 5.095702348992280584e+00
2.008416506145501434e-01 2.088324784692738856e+00 4.660117890994357914e+00 5.295640892762197183e+00 3.084721360192641537e+00 2.007302682601898258e+00 2.996240466577075878e+00 5.853104136692089732e+00 3.429193090156690271e+00 3.188954934498056559e+00 1.441524226177443690e+00 1.349020592402064400e+00 2.574488889730848218e-01 1.718490496215777652e+00 1.404907942013084776e+00 3.288261222499141656e+00
3.242813855324130912e-01 4.806031870006192364e+00 2.307304834680004468e+00 4.676396259952206869e+00 3.469121673510762172e+00 4.260372744048874338e+00 2.750140090935658144e+00 3.085278097959487376e+00 5.185786373720993048e+00 4.530379124417346581e+00 4.125070373705201021e+00 1.832894192167920933e-01 5.940881932918907538e+00 6.280387463221080324e+00 4.355523102234274191e+00 1.280140787179633088e+00
3.131411791214482321e+00 3.413954058139974101e+00 1.737319198639555751e+00 4.553467044847615774e+00 1.929745253138305472e+00 4.252427418896481015e+00 6.874869473953471033e-01 4.536253808961023815e+00 4.121577862153052996e-01 2.754739482322539956e+00 1.798345061681801138e-01 5.365128938090651722e+00 3.970065148782979225e+00 1.704278466775002832e+00 4.622854426237734238e+00 1.379904084663371722e-01
5.340770452627933373e+00 6.192170469324738136e+00 5.086321258222842090e+00 2.065660354080885774e+00 4.152149157231892929e+00 7.061117608546672031e-01 1.009099633985512057e+00 2.749617316460487793e+00 6.253604154315032249e-01 3.418129867293138613e+00 1.144127472097298259e+00 3.950404691772666066e+00 1.079626527902731725e+00 3.502730442899297358e+00 4.849816451354200808e+00 2.282874425382048322e+00
4.683433041492644833e+00 6.183348216304313638e+00 4.870523645222624154e+00 1.942945617915036838e+00 1.721736847561234907e-01 4.304622959747051780e+00 4.612913349476954750e+00 5.580047678667029665e+00 5.899002419004239606e+00 5.409632361241876186e-01 2.676345839690487782e+00 4.077652363732054752e+00 5.535364853430665200e+00 4.884898068297236939e+00 1.802892249594272522e+00 3.235450774447454325e+00
2.653050263216599536e+00 1.887924890557128865e+00 4.740301386904866909e+00 5.133585055734926961e+00 9.002858011929942839e-01 3.222541714835628568e+00 1.675423457480707645e+00 2.368136677006158486e+00 4.250553407588365751e+00 3.740520533466931585e+00 3.240102874506067376e+00 2.709750923645958265e-01 1.044427077058869058e+00 3.618016687172367352e+00 1.114633374175245106e-01 3.225048784827338810e+00
4.024282937852037279e+00 4.045016802476964379e+00 5.694273581317217392e+00 5.206186285638970013e+00 5.169060733820346698e+00 2.510518690523256158e+00 4.692838014305324101e+00 3.115985151180785895e+00 6.030906013090266526e+00 4.197463944175261474e+00 5.194164072961076073e+00 5.079613575723814556e+00 1.657571240808421775e+00 2.678410133622618705e+00 3.498473456969475315e+00 1.261540670225651806e-01
1.668677808330519374e+00 7.832372907555902319e-01 3.553507888778391077e+00 4.738480934796998945e+00 9.276549256550526978e-01 2.446685766928410111e+00 4.024025461696278505e+00 4.153047033153010048e+00 8.688681251167299502e-01 4.263832201610621375e+00 6.107282433186606241e+00 1.769822919521212512e+00 4.522161157639080109e+00 5.507228737180152045e+00 4.342451531737180126e+00 2.187625976849864262e+00
2.043220699931103113e+00 4.886599857019292337e+00 5.574591775415187023e+00 3.422506676932894898e+00 6.031088494057671667e+00 5.411016979005927929e+00 1.529735577738700725e+00 2.578352713049584910e+00 5.515057463812802929e+00 2.640790617536305174e+00 5.391990826554303951e+00 3.640241530036555151e+00 6.083835824271688786e+00 2.433570888593586723e+00 1.498697975895918244e+00 5.107957871944738493e+00
2.689546985140107260e+00 9.264641951390202301e-01 4.185208089216748917e+00 3.803324005946169706e+00 2.256049072372177999e+00 4.877462204312007721e+00 4.878003418984940609e+00 2.677216755862887876e+00 5.339588747484696363e+00 4.258457259449120791e+00 1.513525134187819088e+00 4.964954751904008035e+00 2.520886781558563605e+00 2.332215964649862361e+00 5.708284407683206219e+00 1.744923805202860612e+00
2.035949686675155412e+00 5.128527066105465160e+00 3.173648784746987861e+00 1.705216308008980608e+00 1.104870449913073260e+00 2.899011479331848662e+00 4.830629996436157647e+00 2.608688399682307146e+00 4.884551447127792656e+00 3.922703229662158897e+00 5.323602505249356298e+00 2.771608280247695455e-01 7.676512600320497537e-01 1.757849609121119538e+00 2.540280292857869160e+00 4.583921264534545514e+00
2.994836910258018570e+00 1.125173464906706666e+00 2.095083776385317620e+00 4.477335320024807608e+00 2.480021968792780029e+00 4.512384477313966080e+00 2.522711502446061349e+00 8.614725501294562271e-01 2.737144959276115230e+00 2.455671902887977431e+00 7.610903279902027085e-01 5.523061950855506552e+00 8.450437762638716155e-01 4.039911513394010889e+00 4.554728964096023347e+00 3.479049840793708270e+00
2.927228289526836669e+00 5.136856374783572932e+00 1.621214595016887916e+00 4.347872183119426914e+00 5.801796932629319059e+00 2.708642525348532892e+00 3.392011622971744966e+00 4.113304668247697471e+00 1.890873928329416698e+00 4.200564524255580245e+00 4.412879496128620183e+00 3.019647453448774055e+00 3.155174327577458193e+00 6.776955822276596597e-02 2.214194253873602136e+00 2.226406237058132120e+00
2.090659124931851576e+00 6.106321810264033978e+00 2.478607343627606596e+00 5.706226053210461835e+00 2.133518134306112035e+00 3.287260101052842387e+00 4.398856350813007410e+00 5.206137490017872516e-01 3.389105009050937589e+00 1.348552299887123329e+00 1.814883328103865434e+00 6.469966686496433361e-01 5.302874479951563025e+00 6.221317613388484880e+00 5.687500291279886655e-01 2.849231909904435867e+00
9.522828009336424537e-02 3.722946523183069178e+00 4.808400499547294871e+00 1.128529284583971171e+00 3.104178652638720504e+00 2.678803708577463638e+00 2.477886609129560380e+00 1.690468943311159156e-01 2.310030794667460974e+00 4.214007441782621655e+00 3.880776245277391734e+00 1.790951116672688359e+00 1.794907915455197678e+00 4.658287636158236822e+00 6.145093326974730985e+00 4.034577590046933615e+00
4.803772538342966136e+00 8.610744661533799027e-01 8.676679887731711394e-02 2.335966319797117219e+00 1.825516574207585840e+00 5.827832691134335441e+00 4.356931935249452437e+00 6.041827906193871556e+00 4.641719884162181842e+00 2.329180693444353967e+00 3.802523338909694073e-01 4.332984518476321156e+00 4.518647207071747829e+00 7.657512421001956282e-01 5.554447784155612133e+00 2.754246805834425604e+00
1.761272979234937530e+00 4.096300728668105684e+00 4.504282304371784562e+00 5.121643195659725478e+00 1.879904930473461910e-01 2.921373478851547745e+00 1.590271057643005692e-01 3.530883110642401235e+00 4.330027421066347526e-01 5.257481027614123725e+00 5.060274259428756416e+00 4.136180360604946316e+00 3.212129091639895684e+00 5.901434576346234806e+00 1.853578004144473379e+00 5.812777055249262581e+00
2.295786915461709210e+00 3.497494608279395401e+00 4.162291635847843452e+00 1.571801096782116769e+00 6.263608359063708164e+00 1.064401172300093873e-01 1.293356672180832279e+00 1.495670025139959947e+00 4.843221981842149582e+00 4.346432882773955342e+00 4.737776154642914683e+00 1.298376561384404715e+00 4.496448945490111093e+00 4.896067498190135758e+00 2.207543172039310608e+00 5.910335472538713830e+00
2.757293997931379081e+00 6.122054097208361689e+00 5.055476274737372933e+00 1.877009523287780646e-01 4.231353928083235738e-01 2.438895902101166691e+00 5.251391212522574570e+00 4.444513436590906252e+00 4.467368533436149036e+00 6.098214471134079773e+00 2.845231805177380835e+00 4.456882458552255066e+00 5.252569728843480945e+00 1.762385474112110995e+00 4.809292265217178119e+00 1.572881702905018386e+00
8.250001604632859475e-01 3.803371327697863791e+00 3.207882561653290221e+00 4.580491091318116936e+00 4.115229251416207212e+00 2.721568465277227844e+00 1.476135674477748072e+00 5.160414603301937575e+00 1.271738223421566838e+00 3.383464238433568916e-01 3.054508785453259101e+00 3.331696188214863685e+00 2.683020007717173527e+00 3.029196028039300881e+00 4.522485326971089847e+00 6.151040870386277781e+00
3.967862286192484489e-01 1.648872043527924991e-01 4.462118123522039959e+00 1.553450750510810607e+00 1.701263596042138726e+00 1.639631942140505894e+00 3.616202295014259716e-01 6.187387435183132389e+00 5.702628074604244368e+00 3.850379619388824448e+00 1.145348745709535265e+00 1.536676425855888262e+00 3.281626452577815822e+00 3.886072982779821494e+00 7.374987422164296091e-02 2.083750788763858885e+00
2.467889577729584227e-01 1.588258300226766673e-01 4.086708493199100900e+00 5.983283448659205028e+00 4.425216807774262073e-01 4.798462738241308756e+00 6.102001429936366961e+00 3.471033348901830351e+00 5.585334582072279730e+00 4.881371870639130695e-01 1.743836169970841787e+00 2.816043756177342150e+00 5.197144774121046140e+00 1.161081033579921984e+00 2.315982890543988759e+00 4.939581630621935893e-01
5.548479468740922904e+00 5.403247390501088709e+00 2.023202846707940150e+00 8.555233551428883532e-01 4.255744155631042247e+00 4.828195205086922570e+00 1.112680652777927381e+00 1.490876795529275212e+00 2.235854425653270194e+00 5.135196682805310830e-01 4.691112953438869582e-02 4.685832936725319975e+00 5.628903676387068344e+00 9.530044074155400446e-01 1.666873996647562306e+00 2.458233382207048567e+00
