5.573458137250320021e+00 3.414272942785869347e+00 3.685308622907974119e+00 3.230404139510845152e+00 5.366543665079377412e+00 2.946788521614271072e+00 6.209673079678812435e+00 1.076624658750476721e-01 5.885417410138412464e+00 1.001878866274662494e+00 1.015356057000497553e-01 6.144915918364062257e+00 4.936781808008213979e+00 5.102024218656990406e+00 3.766741570522510685e+00 6.185176743064565663e+00
4.547216533689095286e+00 5.110964922565968571e+00 1.373622249002294460e+00 4.922789784025741078e+00 1.922479130087593857e+00 1.358328074058280821e+00 4.814543113146510400e+00 3.849049967450609344e+00 4.140020710671198145e+00 5.399812590425787207e+00 1.870482138295437302e-01 2.960415703296340517e+00 4.796463873661600985e+00 6.257363568025776424e+00 6.057315680047553386e+00 5.380243419916729053e+00
6.266120383886238931e-01 2.791659780530818313e+00 4.242414469892830553e+00 3.017975276186823042e+00 3.388225150841257083e+00 6.758969984288984989e-01 2.544378321215050143e+00 2.447055062134388059e+00 3.701283461360473925e-01 5.093289105535035333e+00 4.735642584979057546e+00 1.782050713977934908e+00 8.587649407219939413e-01 5.311215456729887485e+00 3.909398216881580179e+00 1.292931850126657123e+00
3.077129324791500142e+00 6.221879549265765696e+00 3.294537912711551719e+00 8.592347368342896363e-01 5.824934483456629231e+00 1.523068456113527258e+00 6.080799340993669588e+00 4.810051289624899695e+00 3.148955712590555400e-01 4.715513892515082794e+00 4.947864120192115855e+00 6.924470328032713562e-01 4.770355977851923335e+00 3.895866561669342421e+00 4.776706792773060428e+00 4.614140090858381837e-01
3.664595307897031251e+00 1.431679680130203636e+00 5.937960502814802588e+00 3.384352313065275286e+00 1.219782930375854724e+00 2.621820262136321578e+00 2.252287945901776389e+00 3.697300127729310937e+00 3.766371201080750186e+00 9.925568350078071145e-01 2.175674308294371695e+00 2.960685393702766177e+00 4.524675413174150118e-01 1.266014275377964848e+00 1.683145062108055423e-01 1.119025335705320645e-01
1.600777955485420900e+00 3.510219413361707286e+00 4.990009915309038813e-01 5.691093907647672978e+00 4.399842015644915172e+00 2.485682012215305825e+00 5.607922073861238310e+00 2.239320983667407727e+00 8.320486821818512402e-01 5.986463565029826128e+00 3.455299654629933492e+00 2.276287922405247244e+00 1.542091488413258604e+00 4.002585947596642768e+00 4.698538383872132407e+00 5.906758057088629776e+00
4.805744060095720194e+00 4.745113554194391625e+00 4.871801593217544024e+00 3.966964832440385891e+00 6.212869315327813169e+00 5.865340469316713268e+00 3.840061921789322152e+00 1.196098658542950721e+00 6.087060587046840610e+00 4.677820824874239669e+00 5.415041604132662556e+00 4.309836645870086969e+00 9.340864170594361804e-01 5.155170469102099418e+00 4.071551890088444203e+00 3.528707190167405194e+00
5.004866169448473734e+00 3.861376092420075512e+00 4.767782961501966454e+00 3.617502343331487236e+00 3.270736771877194027e+00 3.028369058707852002e+00 2.231099501953920719e-02 4.888845972083838198e+00 2.559766914824194384e+00 2.240166006783864017e+00 3.448389226373912209e+00 2.741746081809193214e+00 5.668009309948423002e+00 2.479451744505538624e+00 4.920130482246177550e+00 2.761943178849751046e+00
5.797784957196172151e+00 4.211490946771882626e+00 4.924910454097700452e+00 3.818758915389771413e+00 2.315567771390534269e+00 2.761443207108680298e+00 1.748307151834203044e+00 4.108632643743434620e+00 1.906602404549281982e+00 2.381890977804741460e+00 3.127673687179247430e+00 2.052372217490098905e+00 3.642825558402639885e+00 4.239794429948421595e+00 6.120267053827933346e+00 6.269824957341463723e+00
7.704153831631630478e-01 1.997383253288051774e+00 6.176410408656717088e+00 3.399881896599273645e+00 4.822566255074555386e+00 4.938587826189483998e+00 2.975479984389459709e+00 4.438904414248417751e+00 1.087551149302648623e+00 5.486827364014643216e+00 1.558386698582272245e-01 5.410229530334686565e+00 1.785420837397701854e+00 1.060691888867630217e+00 2.377980859833292993e+00 4.493327228831927589e-01
2.006251264341278429e+00 8.281950249705124500e-01 6.014552108816769049e+00 5.268196590382442146e+00 2.884716121478064998e+00 1.372160385775692548e+00 2.744332783751243232e-01 4.052592863028876558e-01 1.548693061150846262e+00 1.674890954654562281e+00 6.105396123050120138e+00 5.883757969797807519e+00 2.027113859180953437e+00 3.418627313021754266e-01 2.481953643632047957e+00 2.254026090020293249e-01
2.065573902835317721e+00 4.004252322975140110e+00 7.715855075124158358e-01 3.933905457218202173e+00 3.863087395877133901e+00 3.070134987948480720e+00 2.598003247328617427e+00 4.138334232854209205e+00 5.215441529134468901e+00 1.506792368824417139e+00 5.595086651487737761e+00 1.426978736595253316e+00 5.844582332410195313e+00 5.492580116463310347e+00 1.536835551767082864e+00 4.759770361488036450e+00
3.663585561110105804e+00 5.870764716520563198e+00 5.888686182758097409e+00 1.084080026133018709e-01 3.175613610563975620e+00 3.373531748211584080e+00 1.405084994597606718e+00 6.297331071803115021e-01 2.833323165909454655e+00 2.321361842225972971e+00 4.806916219409653301e+00 3.568809518588236696e+00 5.895000427707803858e+00 3.744803094078810179e+00 2.629586080033996520e+00 5.192437858283140528e+00
2.720128166179041074e+00 1.211647779480666598e+00 5.179027340448696393e+00 1.914775066256403369e-01 6.056294420122438460e+00 2.994544817377751578e+00 5.010753691716755220e+00 1.902812592105628697e+00 3.411041252166669757e+00 9.414856227696383195e-01 4.712642480010324597e+00 2.366033323069153926e+00 3.780249457766291954e+00 4.406084142441383023e+00 5.805332031766508472e+00 3.613200354167592998e+00
4.342201731173748414e+00 3.266321372061582018e+00 4.422580276302116253e+00 4.497852994188155762e+00 5.747814390059621914e+00 7.700105107536076021e-01 2.403040408975086972e+00 4.697266409555845179e+00 4.623541171867379673e-01 2.477521709801174588e+00 2.000482085310770319e+00 3.461244107760841793e+00 2.589944058909500857e+00 6.130866806769789790e+00 1.557063650143611699e+00 3.745798502897280668e-01
6.281176356694390783e+00 4.325543854878850070e+00 5.198516568928484460e+00 1.887544178949664753e+00 1.073400572752732041e+00 3.897429949602513766e+00 5.664476665768208852e-01 2.012516078120342389e+00 4.347903005895012107e+00 4.183487722662582620e+00 5.243406822432471470e-01 1.422140826965240246e+00 8.838227391468875815e-01 8.363315478988522234e-01 2.480968549015241997e+00 5.504380044877677847e+00
3.579556691104985866e+00 3.177033682437929496e+00 3.025870225958758652e+00 1.531233955119515100e+00 3.514701261817714251e+00 5.674982736081916279e+00 2.095353095190794601e+00 1.199002159287528180e+00 5.337371513574137083e+00 1.888319691236189479e+00 4.210887767287625039e+00 4.687656545870196728e-02 5.257083287943158822e+00 2.953664322229479833e+00 9.017957453192421147e-01 5.760054693145367999e+00
5.156933867356882750e+00 6.265896247830654353e+00 4.688835058497317299e+00 3.021867441385227337e+00 5.867609692014075229e+00 2.010381066581082621e+00 2.119000932676063265e+00 5.134814251484375092e+00 1.347326449654767222e+00 3.571932938222530218e+00 6.091182091818429178e+00 2.696448116978243714e+00 4.365171051200398722e+00 5.148728725901672298e+00 2.221063699530498425e+00 2.882997279208411534e+00
6.078674738724380688e+00 2.455840772936345839e+00 9.026068036265261219e-01 4.241788608746993816e+00 5.397878936928280247e+00 2.985798598180275043e+00 4.070229392712234606e+00 2.490553520551187283e+00 3.920128399813805231e+00 4.887066169742051991e-01 5.180934570002794226e-01 5.054550337224624101e+00 4.052600433612318476e+00 6.142788772352292703e+00 1.284407860183123917e+00 9.325851397869109327e-01
2.085502975214161281e-01 3.541824114030857729e+00 1.175677640208619978e+00 3.998511819919906785e+00 2.075227609852623889e+00 5.436691317608478791e+00 3.362554396722959194e+00 9.404581361861994449e-01 2.121795752322251261e+00 3.884448669804526411e+00 1.351042234398681874e+00 4.623503453768075921e+00 6.011829550595768623e-01 3.012910379293380014e+00 4.524518346065259600e+00 5.116162639706749005e+00
3.863479841016980387e+00 4.241882531354777441e+00 7.228772868770532156e-01 2.627490078262256112e+00 5.659356258376949000e+00 4.958359945760387966e+00 5.507792163279848552e+00 9.544180507390882806e-02 3.851740337926631064e+00 5.588732493152615888e+00 4.342240716399303757e+00 5.002091905968317320e+00 4.496669629103964283e-01 2.834608849447332268e+00 2.825226156783109843e+00 3.704991934306615331e+00
4.116745225837318278e-01 1.865499285437871302e-01 6.605089353358557513e-01 2.718892508684479736e+00 9.859922601844315349e-01 7.139015063208797862e-01 5.573819389098280119e+00 1.587772395224506861e+00 4.382162345558251459e+00 4.604614822813287489e+00 6.206150046369977247e+00 1.923542488823295482e+00 8.550679923975397223e-01 1.332905668860644877e+00 4.434749954884193990e+00 6.095880660792825978e+00
5.816965202830044035e+00 6.215705209497671468e+00 1.816487255583024263e+00 7.261563701725465281e-01 5.547372765800754557e+00 2.872230278804967618e+00 1.271938963825564706e+00 3.242685587513603807e+00 2.936042613771538967e-01 5.155235243793899969e+00 4.434227980079854525e+00 5.286542432396894142e+00 5.690538005738412508e+00 8.143526810041982200e-01 6.173380361081621359e+00 2.582708321984629407e+00
5.166693435943265023e+00 4.990833936277051741e+00 1.037525999141122757e+00 5.717686444343703656e+00 3.089510373294996448e+00 3.842522004096660115e+00 1.229349293433302348e+00 2.679358236444513874e+00 4.621352183409435987e+00 5.660578319424112159e+00 3.656102720251145577e+00 1.713333237694032452e+00 2.686193252083234562e+00 2.627721090815926530e+00 1.567288336775907398e+00 5.613230499410499341e+00
6.267720675551583520e-01 3.319768649755217016e+00 2.116421130219988900e+00 4.560034493274514489e+00 2.335058708056226284e-01 2.534024126654466080e+00 2.254097833270649609e+00 4.782070868785544882e+00 1.236207437752585125e+00 3.252808403073764065e+00 1.764028965013667571e+00 2.625128962137394772e+00 5.392633847134588265e+00 1.683302462171921476e+00 1.378532523541376120e+00 5.916609462722409951e+00
1.143662236231003382e+00 5.061890821257184925e+00 4.132541666986627504e+00 2.142874080510239754e+00 2.949331595344780510e+00 4.653207936749836904e+00 4.586845989731536122e+00 4.857516780211510898e+00 6.255240811861273009e+00 2.183951819530779215e+00 2.933413457879768593e+00 5.396019338314339109e+00 2.292241168563704523e+00 4.151527603306415237e+00 2.593368250642548389e+00 4.319095523258129066e-01
4.817055865656893587e+00 3.360819633353259395e+00 1.300685624518826966e+00 5.911782397913612819e+00 5.614663769369081514e+00 2.500301053794550921e+00 2.148655292650941906e+00 4.787070978966343482e+00 4.657149053153337270e+00 3.270594636173432601e+00 4.747524780877375505e+00 5.041866124472714539e+00 3.668783392836758583e-01 5.539933933459362692e+00 6.229313617143485970e+00 2.928540882329226491e+00
3.500745200909326726e+00 2.873685520723476383e+00 1.409398666614050555e+00 5.577824548638782964e+00 5.839750536557956728e+00 3.210381994580204790e+00 1.793871633885906203e+00 1.222549455416913178e+00 2.181401418470317599e-01 4.670542291865111828e+00 5.376017356045483808e+00 3.456477865164781615e+00 7.956692349857567015e-01 3.941867155599911854e+00 3.000439644880934953e+00 1.095290759581880602e+00
1.697325827725368885e+00 2.785899062494828216e-01 7.391663157073190549e-01 1.601504047993369539e-01 7.652112623862059593e-01 3.581976480205666835e+00 5.347062834881681326e+00 1.056222329642496405e+00 4.294408768082110583e+00 2.559057864362051404e+00 1.346510124534660902e+00 2.001409058080537484e+00 4.660696740194843812e+00 6.120699134842156219e+00 4.500281468379072614e+00 1.533206800845053445e-02
2.797691298098261115e+00 2.671022556755800359e+00 1.077573230976359708e+00 2.750118702633148615e+00 2.974410278040211519e+00 6.787889285269103068e-01 2.275766212234401564e+00 3.290944148525051460e+00 5.996852114104794573e+00 2.882870497177292268e+00 2.231751996873699184e+00 4.677768665542102688e+00 2.737623728573152615e+00 3.891675913513975793e+00 4.749239937188511895e+00 2.499238821385945553e+00
3.428462403935406133e+00 4.446004068257998654e+00 1.675523967118466073e+00 4.630743335608851652e+00 4.019274077370220688e+00 2.417580781821499603e+00 8.965428052052285546e-01 3.785736103864445035e+00 1.633451269573779063e-01 2.546044110929294391e+00 6.666515689183314386e-01 9.546513893632633252e-01 4.881699860591578677e+00 5.916754239793363901e+00 4.686948980471544957e+00 1.991169756712167782e+00
3.536014846890451757e+00 3.998397037530132980e+00 3.147806211548686672e+00 5.800094770732613370e+00 4.183697289767571270e+00 3.012374627053183485e+00 4.849998511632538367e+00 5.321207779596217602e-01 2.375646206782261460e-01 4.025286664127918357e+00 3.961443013473142205e+00 3.550117150997558646e+00 1.519088118234372731e+00 2.043251461821720572e+00 2.829411796824457426e+00 3.295961818764613582e+00
