2.369464431610428967e+00 5.626059112813587504e+00 4.089926169386989052e+00 1.196737095950177077e+00 5.549002200411649710e+00 8.648483027336134610e-02 9.580204112453011289e-01 5.683357124590528997e+00 2.189160767430209376e+00 4.197982065031058418e+00 2.011948716909266910e+00 3.022120869192094439e+00 1.155582423323405550e+00 3.030805583537758974e+00 5.937640783467045935e+00 2.384539463333919418e+00
3.917531471498078233e+00 5.109005943990950982e+00 5.058172765695291062e+00 5.015753722985635932e+00 3.141512163385306255e+00 1.129637933392991789e+00 3.937955784521768532e+00 5.478398599666321367e+00 5.395981269523548285e+00 5.630338712150873448e+00 4.474373372397910664e+00 3.127103670298895910e+00 2.211362070991118145e+00 3.132034303653988161e+00 1.692463469036053825e+00 5.169482138779175173e+00
2.700999592885040101e+00 4.705047031694610915e+00 5.887884474661265521e+00 3.747724777855626854e+00 3.052535431036404123e+00 1.023198209641414058e+00 6.191411800590886472e+00 1.123376760959167442e-01 5.632678651335036868e+00 1.473833798140728124e+00 4.169752582966785859e+00 4.835938846925666112e+00 4.656857898702280174e+00 5.574277958333095917e+00 3.231564924991608301e+00 3.698599698419618775e+00
9.227534349531018032e-01 3.774412661570359262e+00 6.198477668543189267e+00 4.245336796511936406e+00 3.600783349585153115e+00 2.578596268773679423e+00 3.804378213418432075e+00 8.028465391569776788e-01 3.355687964653977229e+00 3.298650914238654419e+00 4.280926774413434388e-01 2.084055497579971661e+00 5.116198736271056369e+00 6.398241224157654727e-01 6.159819606438489359e+00 2.764858506066093291e+00
2.506249439388691158e+00 1.720646788782406178e+00 1.036951080921825863e+00 6.225999845454715853e+00 6.103616134434329155e+00 1.035808198681845260e+00 2.896140260124696386e+00 1.001864435317755708e+00 6.901116939402724970e-01 2.578694455720268230e+00 2.270878314953669097e+00 6.129484192557817401e+00 3.531005983064980480e+00 2.823439780812032840e+00 2.311372630123535998e+00 5.154986798993487440e+00
3.995238089013434912e+00 4.440382729026868702e+00 3.545669975585019618e+00 2.357223948997456020e+00 5.204121388183060581e+00 5.845584003315400956e+00 4.925638681451819378e-01 5.408329248804997214e+00 1.107595630729683922e+00 1.421963584345505571e-01 5.592629004551841199e+00 3.076917813884052499e+00 2.167466661710778730e+00 8.073039368307474151e-01 1.659651374052530270e+00 4.639283938954008590e+00
1.414482608665630803e+00 2.706025856740174262e+00 3.631869470399676558e+00 5.903068627068013718e+00 6.025741857842795035e+00 3.215211491751134965e+00 2.275911834894513763e+00 4.353646095116932457e+00 1.162681831061636473e+00 4.020257165071853045e+00 4.550711746353904630e+00 4.222276508013367291e+00 1.749361032241083080e+00 5.689897729121528691e+00 7.283297988356156605e-01 1.947329141028298238e+00
3.818987706681179484e-01 2.919360013687990918e+00 3.047246078951475923e+00 6.053026179105896354e+00 5.170736442150588807e+00 5.433800296441672728e+00 9.215080917108273706e-01 5.708473806950704166e+00 1.773588822871852377e+00 2.756353958362441237e+00 2.115242570575024406e+00 7.012626460603714751e-01 5.467861752941483466e+00 4.583431265566221491e+00 5.610191958443280669e+00 4.903372428061543609e+00
5.024681636968724163e+00 3.992242386954822475e+00 8.460125498824855317e-01 4.205203776432501428e+00 1.292409237764773122e+00 9.735027358201001069e-02 3.379780344751052823e+00 4.723256658225382765e+00 4.638445398815341791e-01 1.908184468817003321e+00 5.966258586266349084e+00 1.540800733300483394e+00 3.364477534662371205e+00 1.848830663040453848e+00 1.280045596834672228e+00 9.572349232619775661e-01
2.732298013341937448e+00 6.279847251626420324e+00 5.243431435993122669e+00 5.032022486208121564e-02 4.989279406508175363e+00 1.144501344725249239e-02 1.774246447828894180e+00 6.177016898425408797e+00 3.701044513178755047e+00 1.276379323720222114e+00 2.024005043169900375e+00 2.154630330278310080e+00 7.736179599373632643e-01 8.891054418191705055e-01 3.250521363145932874e+00 4.168733019298574760e+00
1.019797222264650527e+00 4.514548673604530826e+00 5.689240578103367696e+00 4.940755901096703262e+00 5.533576162220160022e+00 9.829619441962219595e-01 4.868503215698735787e+00 3.562817121362856554e+00 5.133519101101969184e+00 2.274963369354177534e+00 1.776886186060717243e+00 3.563178918996734446e+00 4.087372309675544990e+00 5.311290171155796713e+00 1.618976276455534880e+00 9.082822642485741671e-01
4.859497328797568017e+00 2.599695732916925128e-01 4.925190858815507999e-01 4.777908131393634683e+00 2.820893922276995092e+00 4.786699610840317476e+00 8.416993189967820754e-01 3.065222995287186336e+00 5.774299816975146937e-01 4.440440711509054061e+00 1.231967707755745378e+00 4.697809994243761778e-01 3.133531862322404216e+00 5.063217818078528110e-01 4.902521014457272841e+00 6.170455547928101581e+00
2.094600536946406688e+00 4.014950429615261385e+00 1.492557733795552011e+00 1.303234837747930808e+00 2.567942116209669390e+00 5.028059839587553981e+00 4.195794077184498150e+00 1.933520665648707171e+00 4.353563304616526963e+00 2.141344346897273709e+00 1.716652447650067970e+00 1.643665842417662670e+00 4.853484025640137034e+00 1.807367699717391751e+00 3.139325709855887769e+00 2.132449214428774109e+00
4.692620209734169379e+00 3.483435493130602634e+00 5.654850568633574603e+00 3.699749330485380683e-01 6.269739809102318873e+00 3.197957975023375088e+00 4.077747456432613937e+00 4.754258391244397863e+00 5.427934250120875603e+00 3.486361422166425750e-01 3.083420348346455064e+00 1.244956432727511997e+00 2.398381867827358072e+00 5.911716344915990184e+00 3.575617368477994606e+00 1.659675130416543132e+00
2.317146967700153937e+00 1.914186177365101438e+00 4.898424076795334869e+00 2.463362234617532565e+00 3.989250181818483121e+00 4.830936193105758392e+00 4.210951694298774584e+00 5.778003888045183167e+00 6.267335996251404140e+00 2.553316125069061027e+00 2.865579452564427365e-01 1.889461537460624063e+00 5.578143406148940997e+00 4.315675954786391877e+00 5.280797957707960677e+00 5.326105446585694736e+00
2.661295965118390061e+00 5.292408930625385644e+00 3.292521573749868757e+00 4.781449622583060055e+00 3.518678818957692300e-01 3.911795305385344701e+00 2.269818191235676963e+00 4.841829667262597114e-01 2.220085919644886552e+00 5.133707220783586406e-02 3.957611561636691366e+00 6.214768981964081673e-01 4.302905193030730935e+00 1.604312237259336138e+00 5.944747870400720835e+00 1.980274537420241510e+00
4.747622236230895965e+00 3.352717907499132899e+00 5.720601301583119636e+00 4.191271467471859857e+00 4.837398736105146035e+00 2.278849277131719919e+00 7.364635065225180188e-01 1.879861888184989116e+00 2.156104210801888854e+00 5.834964841541264491e+00 5.736819486671265622e+00 3.129967641209167706e+00 5.657896544111063797e+00 4.406190223518226645e+00 5.909337618911465029e+00 1.759040138855920254e+00
2.552340426536289897e+00 2.389668670982019627e+00 1.852720211562411734e+00 1.477768564269193563e+00 4.000194940474793626e+00 4.066355449024081636e+00 4.106567268699003570e+00 3.289074304474697286e+00 3.281820481692911518e+00 3.166464298877159855e+00 4.310903286896337505e+00 1.271189120308849230e+00 5.273508322263954717e+00 3.303459760236437948e+00 1.311790464354135821e+00 2.078411212525381746e+00
4.773253564178752129e+00 5.071000098998481143e+00 5.333934272321759984e+00 1.719981549667611853e+00 5.620791188050730192e+00 7.758954493617588044e-01 3.111707708875220302e+00 1.796183067271750700e+00 4.771776900282381106e+00 1.585223964051368784e+00 3.027015189058684941e-01 2.374895631169485988e+00 4.338840210294089950e+00 6.103612126880812561e+00 5.522933318416980875e+00 2.837628887908561381e+00
1.098216807422685903e+00 3.696630072617804075e+00 2.751445337190788543e+00 2.600507999013081939e+00 5.039841386033571347e+00 3.439883349874869989e+00 3.468558864935408881e+00 9.749920821680356786e-01 5.142958014828413749e-02 4.318668653221797271e+00 6.139228400894847226e+00 3.601486732174711047e+00 2.527347076161157169e+00 2.297891677199821014e+00 5.307867754817829464e+00 5.813989724361328548e+00
1.368976348620427164e+00 5.072873180167384533e+00 2.427681999937642665e+00 9.539098793651706876e-01 1.634756521911006510e+00 6.007769554450545613e+00 3.098962543732428632e+00 4.821603986582434054e+00 3.361377487809478759e-01 3.242470004613226542e-01 1.408556175267463129e+00 3.810456528923784170e+00 5.801976886733034355e+00 3.996117104240283879e+00 2.230148244453560302e+00 1.214387151321541847e+00
6.248184442220982682e+00 4.447820244173791515e+00 5.749698521414233987e+00 5.894664445200097802e+00 4.063906793413773144e+00 5.429504076817186942e+00 5.320360285994799376e+00 1.113546504431881745e+00 6.229727761263412766e+00 1.685362631103774156e+00 9.747355911685841312e-02 8.763274361483753827e-01 6.563196936781927615e-01 1.786990076856095566e+00 1.147722720068096391e+00 5.701919423347741045e+00
1.416410167960517663e+00 2.431393789982447373e+00 1.262410941875263815e+00 5.665031172797807102e+00 4.264447159858881342e+00 5.015804814632534914e+00 5.080207398823452181e+00 2.209793234636640680e+00 6.270343116334379019e+00 2.341992650422730193e+00 1.268742178811069488e-01 4.785731746170037049e+00 4.171903776262989361e+00 5.073067399572517289e+00 5.350811383105535057e+00 4.264367473141511766e+00
3.013922699965180474e+00 3.005796287658653476e+00 1.585233743955594354e+00 5.229410858552190788e+00 3.603725759006291440e+00 2.360263931194598097e+00 5.626300728330714485e+00 6.166261075213865794e+00 6.816498796379409919e-01 2.946515236585949271e+00 5.275264601346125737e+00 3.810200240714333386e+00 3.288513397018309803e+00 1.328216075816857300e+00 4.390101186043276371e+00 5.679802130700524643e+00
3.770166214635201740e+00 3.671047575902198101e+00 1.221039867159908976e+00 4.920746752638507360e+00 4.287717523084600302e+00 5.033090295166386063e+00 5.715269132813133091e+00 1.384192038040837680e+00 1.559440767220118484e+00 4.167178412402076759e+00 5.714543203774929303e+00 2.405588543628225107e-01 2.777838662004590287e+00 3.969402912511904802e+00 3.239269738257570808e+00 2.176130748873699616e+00
9.848367347259735505e-01 6.147210796303758329e+00 5.007177365122240431e+00 2.881249547660816646e+00 2.219198153094976700e+00 5.384500564080334506e+00 3.478913337839484310e+00 3.573994546380420356e+00 1.176001866052110767e+00 4.573360144059342325e+00 4.082399278415998367e+00 4.421858168574787307e+00 8.790024062382328918e-01 4.464886725218835117e+00 4.027207301400699713e+00 1.842737685702093176e+00
3.449049618462644240e+00 5.851301042063727031e+00 4.015653363439801282e+00 1.580487068062806033e+00 6.150867762632455715e+00 6.248155847193279655e+00 4.821164805676024123e+00 3.591459247688488343e+00 3.735689582561035227e+00 1.409522307299857280e+00 2.296306043881310988e+00 1.497437391245177274e+00 4.256004648110160105e+00 3.484124804983703250e+00 1.860319012334818778e+00 5.675868377690867383e+00
2.772881155402421527e+00 2.929696553380571000e+00 4.076966571945738416e+00 5.977368523235470299e+00 1.971809032341568235e+00 1.001733432437391214e+00 5.409949130140252471e+00 1.568117394339971771e+00 5.218931975555068270e+00 6.711935066865501454e-02 1.803573138493755001e+00 5.185541957949831193e+00 6.015281085011967122e+00 3.307296442268257697e-01 6.036557731320119080e-01 2.578253578192867934e+00
3.793118246629680446e+00 2.788805574920793506e-01 5.724852379827963134e+00 5.697233085419050269e+00 3.927129383877891566e+00 3.874582523765765174e+00 3.986325531663234667e+00 2.525402653568271205e+00 3.808597254352593664e-01 1.261183950785723859e-02 1.819936812665523984e+00 8.874540004322638564e-01 2.560723904208989321e+00 2.387303111971347924e+00 1.698203680263969728e+00 1.553866572114484361e-03
3.740243038371338979e+00 2.773492517625716580e+00 1.794487105428231588e-01 4.631254985035070604e+00 3.914823399788191605e+00 3.315490637695583498e+00 2.858314395564018007e+00 2.957464288709342970e+00 1.870990437119568250e+00 2.868149782497510625e+00 1.086742530390562678e+00 8.348608478699158786e-01 2.462203158465612773e+00 2.324575641086685795e+00 1.139079734809108180e+00 6.393037153801710282e-02
3.721528829591412624e+00 4.430073294232962589e+00 3.082405242323449812e+00 4.551531639664609052e+00 5.169390577754855443e+00 2.496079691082869978e+00 3.952313724050063204e+00 1.083142627648293610e+00 5.042746368955636882e+00 4.067223284664682192e-01 1.074573890465490900e+00 1.199218072423464010e+00 1.666139226156851727e+00 4.113317337938970475e+00 5.507011278321829018e+00 5.746058248845536731e+00
3.327623149314963502e+00 3.624151452577302757e-01 5.653903164318580643e+00 5.923555060619619894e+00 5.416360385500579078e+00 5.231367383067076382e+00 5.722728522673848905e-01 2.422197989177957922e+00 4.724675440766890944e+00 5.940003459421322241e+00 4.014073550413710834e+00 5.579713513054186613e+00 5.340985859069458996e+00 3.219272451099448151e+00 4.168925261642517199e+00 4.003530568268808487e+00
