5.331003542574621612e+00 2.023137937123418162e-01 1.360967434567333378e-01 1.948450586859019174e+00 3.256289923286456389e+00 5.710138705807001003e+00 1.440667092430936158e+00 6.605516779496423130e-01 4.094331296462701886e+00 1.186223292462224022e+00 1.349370830511341657e+00 4.188712003297684894e-01 4.575159768479324374e-01 4.647224058843709926e+00 1.437967494808454517e-02 1.665124774184005840e+00
9.520964657165640332e-01 5.176267888255602578e+00 3.576096801079759580e+00 8.956782480816385394e-01 4.671046043459483599e+00 1.848808999946359943e+00 5.433272735171468248e+00 3.624711738680781004e+00 3.988660284691984970e+00 4.242172655319049746e+00 4.086050864730189858e+00 2.702096917077706717e+00 1.984214251791181383e+00 3.189402917610380417e+00 2.219494547644499161e+00 8.030191332468413767e-01
2.637780821128735020e+00 3.281221084907012031e+00 4.715911225301898213e+00 5.278006110556462183e+00 3.998139989559405638e+00 4.137000870189670110e+00 1.124464217023253054e+00 4.090725034941175231e+00 2.564050206348585714e+00 2.127722825657356043e-01 1.202159598435232013e+00 3.998588950900625605e+00 5.967803811049217977e+00 1.618865944417713809e+00 3.802498816208960353e+00 4.561802317602436041e+00
4.046116023154691654e-01 6.266184391026860645e+00 2.866752176769704175e+00 5.278449870808385569e+00 5.803666401629786975e+00 1.245969495111799996e-01 2.588723360792517525e+00 3.132589067809499195e+00 8.379895616992451002e-01 2.557847417859546724e+00 3.146047232208244449e-01 3.286541131398984739e+00 5.998781627750088274e-01 2.909816215085601065e+00 2.661328662073696893e+00 4.792239347463171484e+00
4.629542533823619799e+00 4.694702061497532775e+00 2.455834616723075570e+00 1.596018593201202984e+00 2.716097479499879785e+00 1.036872926882871582e+00 6.250860171463827442e+00 2.244231097426240940e+00 2.771280733996049239e+00 1.934389350751402947e+00 2.361444926745045692e+00 6.158909630457137574e+00 9.132852595550668973e-01 3.760206745402298711e+00 2.892388369613915877e+00 5.922441902917856993e+00
5.755395675952878598e+00 4.970517507511160282e+00 2.104264017000814779e-01 5.958033392151026675e+00 4.980045512825770793e+00 8.784848055579014270e-01 1.030171936065705118e+00 9.400266188981165616e-01 1.339560230614250891e+00 4.340271949129346218e+00 3.233587457915146679e+00 5.844618686293967080e+00 4.566181761952796236e+00 4.542116861314011711e-01 4.936729833914658805e+00 5.388421506198084465e+00
4.498714647493090801e+00 1.139453636991028807e-01 2.886412095500760611e+00 5.754356830264308886e-01 3.874909300859634698e+00 5.323419161014010470e+00 2.982574418707278685e+00 5.078047980531826155e+00 2.154198471635393908e+00 2.083471523909062595e-01 4.762698885703936291e+00 1.515716918821007786e+00 5.212878141885909145e+00 6.905391875947783920e-01 2.001403359722432995e+00 5.586515293870351506e+00
4.595768648229735520e-01 1.436978481880389902e+00 7.213249948222388852e-01 3.243610201451094799e+00 5.275974051483017568e+00 3.296166148538421492e+00 1.502984917571760504e-01 5.968260626615306208e+00 7.788363068131952671e-01 3.741680482907031369e+00 3.317080231366212217e+00 2.645224805893444664e+00 2.903470032514480437e+00 5.529202934610010445e+00 3.890234525858926151e+00 1.559263988419004932e+00
1.167364172240443310e+00 5.346925986257272001e+00 2.410799834716644607e+00 1.058592431685970281e+00 3.180863046485689627e-01 1.223099338526980606e+00 4.638377740570246210e+00 2.557588483396606271e+00 2.091164913263698022e+00 1.962845643440714327e-01 5.836494984150850662e+00 3.766698948845299988e+00 2.496797272947798962e+00 4.835592518803937701e+00 5.838200678187026149e+00 2.904829318865849608e+00
5.496003972391598325e+00 5.553456461799101795e+00 5.554065228891523098e+00 8.019032597596383871e-01 5.567800088182437435e+00 4.560591871868751923e+00 3.797774706368644893e+00 5.949873919845839687e+00 3.444906932750562145e+00 1.909096271821943080e+00 1.780953247833640118e-01 1.970089557638533995e+00 4.153681298223015794e+00 1.779648122273846944e+00 5.751976646973908647e-01 2.755016601267149756e+00
5.844419776689036006e+00 5.557936110386134665e+00 3.337709684632509610e+00 4.994071201713745078e-01 5.261125360325575429e+00 3.751891342628669079e+00 4.979910625597729457e+00 3.721117684448739027e+00 1.399475685322356666e+00 5.114432967439637601e+00 3.432162073476924924e+00 4.662197317411776787e+00 1.938524215373306880e+00 4.002130244325035946e+00 4.298241712528729330e+00 2.405898921600533757e+00
5.466697293000685853e+00 1.672945523465778628e+00 4.950436177584460751e+00 1.084884275554148347e+00 5.085285210516973464e+00 3.143059456016478403e+00 1.773885174227608497e+00 1.379767146924683274e+00 4.816564073925330369e+00 5.675104733058216055e+00 9.564931923181840823e-01 3.371796732136457475e+00 4.252166510709465719e+00 3.495601096672972474e+00 5.355787392049153439e+00 3.692862247837765288e+00
1.443753440866526017e+00 1.142296719536478600e+00 6.044532739982804159e+00 4.994962038101194324e+00 4.076056066386471444e-01 3.856911406156299904e+00 5.387332873716967896e+00 5.888561729145390444e+00 3.409519479131911002e+00 3.801488391727922078e+00 5.167918857887618067e+00 2.301479788744129062e-01 3.473405730278124270e+00 1.385420314525562802e+00 3.445553974535334074e+00 2.903918279423953197e-01
3.363367000766442350e-01 5.103526753787300585e+00 4.485867126566917662e+00 1.281617845072832829e+00 3.530561884146572016e+00 1.847593663012072618e+00 3.765163763034117483e+00 4.350529570637480248e+00 6.129676781813855335e+00 2.725846780672712022e+00 3.603107409418390139e-01 2.158438835601714345e+00 5.712332443736602983e+00 1.357097721001960577e+00 9.253353348403475787e-01 5.067375559763987347e+00
4.533359799782188948e-01 4.849433594634880329e+00 3.264592599341153978e+00 4.424389536024778913e+00 1.663390175530041204e-01 6.561004638714470483e-01 1.673345870580823735e+00 3.174848466199302610e+00 5.407078199632026738e+00 3.688497373775481702e-01 4.831079325467300123e+00 5.213776100616424714e+00 4.928612694665879701e+00 2.545735642396409926e+00 5.567295732019097443e+00 5.611022840690899294e+00
5.730791222337869861e+00 2.115545076210758157e+00 1.807737704904408105e+00 3.101335348257813873e+00 5.048670686335787749e+00 2.972392686519271354e+00 4.832819112837005160e-01 2.357407147769908118e+00 3.310783320574126165e+00 4.332741249803724770e+00 5.230147883951974386e+00 5.547479023744271487e+00 1.122508327067623934e+00 4.732244991599076300e+00 4.369618362353241636e+00 1.355339300882646869e+00
1.381490294177983413e+00 4.194393648459662671e+00 5.152936355351897646e+00 3.736353494865303659e+00 5.222881752741901806e+00 2.096492042428596547e-01 1.965279169876169352e+00 2.563351191478411284e+00 5.152569360207052362e+00 5.111173821518781857e+00 4.781190404893729706e+00 4.992141590750733826e+00 6.077554962278366446e+00 6.236170481993367432e+00 5.728937852674387265e+00 1.187100275254871828e+00
8.585965526443825047e-01 4.420071411620845936e+00 8.787557747351356641e-01 5.064989692287082512e+00 5.702443133690624499e+00 5.072090527568414053e+00 6.275664434403577019e+00 6.118359625393727796e+00 2.556915311631684506e+00 2.967179002382104303e-01 2.035684809839254150e+00 3.469743900956277494e-01 4.276463038460951438e+00 5.857129820524120678e-01 1.148652989104605338e+00 4.943538980845654685e+00
2.161246742016134981e+00 5.269527837281309246e+00 5.903565264046142680e+00 1.024241261063993241e-01 6.251805687690873192e+00 4.510303217807879683e+00 1.468682313749303470e+00 2.506220727481922150e+00 1.322109251355306214e-01 1.679959421141832276e+00 3.263611138654130439e+00 1.232875029846859927e-01 1.918765251669293459e+00 4.804238944802806444e+00 5.510863423789305493e+00 6.277730870306568178e+00
1.703032165594657421e+00 1.494255352495389877e+00 4.755144163124803924e+00 3.169532819943920110e+00 3.281540312684295468e+00 2.082624399123890857e+00 1.396093051791850614e+00 1.493093954857737993e+00 4.811918884936628338e+00 2.336254273197942710e-01 3.617771512540875367e+00 2.237738884391330174e+00 5.960879998402075941e+00 2.535671813160540022e+00 3.167763115935861684e+00 8.027832231489540060e-01
3.162279218123313917e-01 1.328085269543376468e-01 2.177137557062275075e+00 3.966377687337431457e+00 3.433057743920973959e+00 2.390939339556926058e+00 4.762067709916958158e+00 4.740478054724741597e+00 3.180183536052515691e+00 4.494471388519383659e+00 5.396080465539095705e+00 2.523845687775095215e+00 5.051205993742494904e+00 5.469141502490086459e+00 6.110915737069100295e+00 4.073942769204606518e-01
2.604895845818554712e+00 1.753871857987389093e+00 2.309143700205163796e+00 7.719939075484130164e-01 4.482862414969881470e+00 1.892728139789991992e+00 4.640113172608485215e+00 4.810531060332340125e+00 4.475404664884830019e-01 2.275415483303756314e+00 1.413079553959750934e+00 5.821312391052225976e+00 5.891735787723704654e+00 9.959669479678567861e-01 5.162538596329588003e+00 1.407712386997476139e+00
1.798345778597957023e-01 2.471034628497880803e+00 2.485050985935554735e+00 3.667559555540887306e+00 4.093245331898867079e+00 2.263967242812622960e+00 3.668561234805390203e+00 4.318221068617624780e+00 1.170547459042096339e+00 9.746626840117027513e-01 3.779436883453268337e+00 3.365839841701222745e+00 5.674874562150672652e+00 3.731998702421675418e+00 4.443503052717756141e+00 3.799150214976699386e-02
2.757879847097644888e+00 5.891702232548432505e+00 2.741441511708186507e+00 2.832231358863282811e+00 5.299571354029197323e+00 2.338641748500576600e+00 6.170885882772641828e+00 3.666928154883813740e+00 5.203950910078677161e+00 3.535725899917063764e+00 2.463936474694517376e+00 5.342603763910741321e+00 5.764963916990833992e-01 3.321363757642911363e+00 5.356731322533157424e+00 2.969691935675125460e+00
3.402152319230597133e+00 2.546195647680818741e+00 2.763482075023957929e+00 4.615014057932668834e+00 6.159675368999708134e+00 1.973541251110622619e-01 5.070301011057520846e+00 3.471677627840166647e+00 2.302074854968557460e+00 2.417556493845624654e+00 4.485033422708384343e+00 5.743969752976592069e+00 3.330763395469185983e+00 7.014041507466848291e-01 2.502345196684824025e+00 3.443689383195812415e+00
2.985563687496665120e-01 3.251624796969811992e+00 3.921244154887482680e-01 2.467412419614856578e+00 5.515889803764099319e+00 2.802098194522055774e+00 4.772521880176731734e+00 8.221157871384688898e-01 1.612080052558909349e-01 3.135766555508476966e-02 5.826421379448767368e+00 6.105728828899943395e+00 2.435394442275037985e+00 6.741251632480145251e-01 1.575976464446772640e+00 5.586715325376681918e+00
1.439782833727174083e+00 2.841761571456001612e+00 6.672745215521627138e-01 5.219297283759205541e+00 3.146267188184211694e+00 2.459416052826174592e+00 4.681335094835936239e+00 3.756008822264960578e+00 3.944178053149401286e+00 1.471909193446834241e+00 9.839648906311747600e-01 3.596646225441306743e-01 1.030101549196317912e+00 4.564777819195804831e+00 3.872136146147677205e-01 1.997319216747070802e+00
1.676781660404366603e+00 5.014634092512549657e+00 4.432157673479998117e+00 3.730058354252173691e-01 2.616508040066128693e+00 6.051911252560612020e+00 2.395682071116427281e+00 1.682749887712427839e+00 5.968807704574845552e+00 8.718829242163079751e-01 5.239711735498645773e+00 3.965891514090022163e+00 5.242515255744296887e+00 1.212796314319999791e+00 5.034426046457602055e+00 1.160697084200828400e+00
2.987869829602614491e+00 3.584205271811575777e+00 3.362752719332305684e+00 2.033906753319393523e+00 5.132993962329218895e+00 3.342868567307522465e+00 2.744969910733113583e+00 2.603913733486748594e+00 1.800434536945400232e+00 5.821081232349706980e+00 1.828813098339786780e+00 1.226147688855197870e+00 1.213710906748153739e+00 3.753715095612232489e+00 7.257926879734734049e-01 1.532408514207994621e+00
4.014035908083250170e+00 2.111475069121244719e+00 3.667373111124757834e+00 4.316683384412868918e+00 1.849112802120057575e+00 4.886984430248200617e+00 5.226591120975128568e+00 2.353393092658618624e+00 4.049954030913513137e+00 5.207804342423302479e+00 6.258130122685139796e+00 1.316891409565255078e+00 2.007974918294838318e+00 3.055991013925149602e+00 6.843307760471960544e-01 8.535900448520081785e-01
3.755874250261881375e+00 2.223450659229281534e+00 2.635519873215264649e-03 1.093829646836748326e+00 1.414486196516500760e+00 2.478787134845608531e+00 4.409940279933525886e+00 3.205698927769204065e+00 1.405993141512681122e-01 1.469048434918027501e+00 9.465406876758655219e-01 2.229528222240178437e+00 3.329309564959025636e+00 8.468490758114618489e-01 1.790910389576035655e+00 5.585338370493718507e+00
4.464880408270888168e+00 4.862096946708859058e+00 1.695011541844160030e+00 1.940631571889863016e+00 1.070231805154537863e+00 4.321751127464247277e-01 9.400266428204557823e-01 6.061286693955975302e+00 8.694378866906049552e-01 5.262875021188499147e+00 4.880429676622467738e+00 1.705475276180511424e-01 3.929650825233367506e+00 1.500312489189892240e+00 3.586386623325407141e-01 3.613698153118904521e+00
