1.689422304220188353e+00 6.373942388704494366e-01 2.387843003326067137e+00 4.115905579078840582e+00 4.194403489264962204e+00 1.356536911092324882e+00 5.605070371257022011e+00 3.439134730701090881e+00 2.649681157629492301e+00 5.476124861914490882e-01 4.312143226164512733e+00 6.308804006327937142e-01 1.557117475098856341e+00 3.097581161013961637e+00 3.417767199889721219e+00 5.240155489127909405e+00
4.690591399714279519e-01 9.466486962188630505e-03 5.906752475637173205e+00 3.152377675585747774e+00 6.153838531246822896e+00 1.530426097629438376e+00 1.240355253084235221e+00 1.099080440872500564e+00 4.409720373063887422e+00 5.998795143812772679e+00 2.278735352387807112e+00 4.505036121893160050e+00 2.131588479039598846e-02 5.414773619882069511e+00 1.919075631041191124e-02 4.895263671416826057e+00
1.343818361262984151e+00 2.072702889499332901e+00 3.504461599752927370e+00 3.864362779657239955e+00 6.156499484783971354e+00 4.869394883533049168e+00 3.091590603147614580e+00 4.032913143966757374e+00 4.340881225391851395e+00 5.151464552950181464e+00 2.876078910011377499e+00 8.935431934510267293e-01 5.993635912295488311e+00 3.572740967632455966e+00 1.826637803096164969e-01 4.869831298229334138e+00
3.470722119441045805e+00 4.513083154090071325e+00 1.294022416049694924e+00 6.103292389895238479e+00 1.123272952977010686e+00 4.456000675941170219e-01 1.982783974531017623e+00 5.438925388546320683e+00 4.727385877204425491e+00 2.967609254973992083e+00 4.078251029140520956e+00 3.152082236895186185e+00 4.318911268099991929e+00 6.188496812822678272e+00 5.812100259336308916e+00 2.676879468554489439e+00
3.655970938657109315e+00 3.015249770834873555e-01 4.011875652115982405e+00 2.856492328187287266e-01 3.530099504670376920e+00 2.700209365557268537e+00 4.650908401105036560e+00 3.669804914177847710e+00 5.074623883144825598e+00 4.825785208620932742e+00 1.980029429539963415e+00 3.080712689728250631e+00 3.930004963035139909e+00 4.858869916021534507e+00 1.497826750571611409e+00 1.249485668930586879e+00
1.605758736402207010e+00 7.072192924889088017e-01 3.634506507401825015e+00 8.955347701077490674e-01 4.205872844547341671e+00 1.922957857229059764e+00 1.455734975643599549e+00 5.308198352255756092e+00 5.860106489244959249e+00 1.599066927671369376e+00 5.034971750092647191e-01 5.904633275147994631e+00 4.377460415946290873e+00 5.059349802869038903e+00 1.797966076849451200e+00 5.752669631670968009e+00
4.822276221632339599e+00 2.850555815852000130e+00 4.706421728626628109e+00 3.686339305811758837e+00 5.982472030663239515e+00 7.902592088171817020e-01 3.934685844691659273e+00 1.006629175657612230e+00 1.165574064749364258e-01 2.130934557955869391e+00 4.183105670497067052e+00 5.371618379737298277e+00 6.270254914971131299e+00 1.964750284324816354e+00 5.669644994451391584e-01 1.970527479476501087e+00
1.760056210925697195e+00 3.720896650437213626e+00 4.288843160090057616e+00 2.627872100417559587e+00 5.745920496502089136e+00 9.494002514330602827e-01 3.142498282198047388e+00 1.176917069445073460e+00 2.883808145874251938e+00 1.898989086778259949e+00 2.358848063173994092e+00 1.515028939222411719e-01 4.695177008992201806e+00 3.077638696099278093e+00 3.880102386811985493e+00 2.349576288279617398e+00
1.751597850431308334e+00 1.052784013017775244e+00 3.390878882280978335e+00 7.299167914243216426e-01 1.734937625953080653e+00 2.449729250206120756e-01 2.199647534542473082e+00 3.871871379873984775e+00 6.032652730013370324e+00 3.834887399963033516e+00 3.649234403700910345e+00 2.770277293338319957e+00 3.088228806429811346e+00 4.886098348938350711e+00 5.386401268692873501e+00 5.816930567385979245e+00
4.485575033491140395e+00 3.343378414094527074e+00 5.375885585557502289e+00 2.103653121936649439e-01 6.194936463550535954e+00 6.102230649976703170e+00 2.357480204661261070e+00 1.123302777055773749e+00 7.224149775818833330e-01 3.270611122699100370e+00 1.612949702829037102e-01 1.430906612911205800e+00 5.069173961365364356e+00 1.614952114960197527e+00 1.331727987244008204e+00 6.133035082470029487e+00
3.742907194432669171e-01 4.792666029046717568e+00 5.804450498517169876e+00 1.388488364337555625e+00 2.655861427653202878e+00 5.118182445585971685e+00 5.444929785161409797e+00 4.828993513666735460e+00 8.116394142269599543e-01 3.264966661070269449e+00 5.791132480125405380e+00 4.749298280065248790e+00 5.780207927209055185e+00 2.941588613896426896e+00 2.934573834779391266e+00 4.129900000027335594e+00
4.602436967069717610e+00 1.149515837546632557e+00 1.483766664250901091e+00 4.750768631410950071e+00 3.167883345281737650e+00 5.322242636091038814e-02 3.756386424447311079e+00 4.276263028161875757e-01 1.086516836886470605e+00 7.323647683335312575e-01 1.675700741143330896e+00 3.618786232494324739e+00 2.738235267557906472e+00 2.206674941776711751e+00 5.765332941883535511e+00 2.511327446536948393e+00
6.758442841514812338e-01 3.936143692842570374e+00 1.387585206614897926e+00 7.862937001839942486e-01 5.375903597749213780e+00 5.175146041278225084e+00 5.914301017251020198e-01 3.627737373348879135e+00 6.076802715024266277e+00 7.962942648115738375e-01 4.902792279294500233e+00 1.253766386306297553e+00 6.785119872296514476e-01 6.339438577587944712e-01 6.024054945957942664e+00 1.299702416860649246e+00
2.086715754258014144e+00 6.237001159820083629e+00 4.499464507798212942e+00 7.006414629971416397e-02 8.142676158984684109e-01 2.315369606252925205e+00 2.023604419724956305e+00 4.870090967586337527e+00 5.998461243692737810e+00 6.291093889242276305e-01 5.938226864890805423e+00 1.600738229360387344e+00 3.114510015964615519e-01 4.741407766131161772e+00 1.736404944203793210e-01 4.676946119108232658e+00
6.256891282149551259e+00 3.738939007541127957e+00 3.524403471665839005e-01 1.325172096780190323e+00 5.261883252183443993e+00 7.665484906613673211e-01 7.367321498106403910e-01 5.691929165084673059e+00 4.445102569835100326e+00 4.395746721146296387e+00 5.980693220575450830e+00 5.850326748388514631e+00 4.154641708350831131e+00 5.027326682705312244e+00 3.896166916151592829e+00 1.353410623744642383e+00
3.246214903325021606e+00 5.804174831160948678e+00 2.889542796634461563e+00 5.323818530790238590e+00 3.468867464103840170e+00 2.028508650295103966e+00 2.673096145884508612e+00 2.442530666829204389e+00 4.264492108805491455e+00 2.728071522254981729e-01 5.275685688357069303e+00 1.723079370369428487e+00 5.831804616720464018e+00 1.575777224201682647e-01 4.171077264075930380e+00 1.342872817719789058e+00
3.016828719162373940e+00 4.080825461116720732e+00 4.487903381802153646e+00 3.866755531309267635e+00 2.548087960811489250e+00 1.426803382049011137e+00 3.789424376568055752e+00 4.062091148686703512e+00 4.602281003051862385e+00 1.840389913684973067e+00 4.032494592331918426e+00 8.012219636108961485e-01 2.407176810415068591e+00 5.530006821655810256e+00 4.489979684869740417e+00 4.237289148350948054e+00
2.343805004349821086e+00 2.829347863237681615e+00 1.433900345498418494e+00 3.401088997818745518e+00 4.246988252032491751e+00 2.498143167115668195e+00 1.954776588830483552e+00 5.427610694637913902e+00 5.024965531868614832e+00 5.081358823432916338e+00 2.698413970137774509e+00 3.479835764015454025e+00 3.379973201335257915e+00 4.063232598153230235e+00 1.150281817370159443e+00 3.355301507829491658e+00
4.857840298001121937e+00 5.199520409896456030e+00 4.166010751956374492e+00 3.380672405550448900e+00 2.918407411301866983e+00 1.134182953731806442e+00 6.105355061466466005e+00 4.473942719352356434e+00 2.044126638522271389e+00 2.375683714665680402e+00 2.916404690210938178e+00 1.527857582354357480e-01 4.938310346153627961e+00 3.039378931747280799e+00 4.068957260233729833e+00 3.160755690546719787e+00
9.000067555050014212e-01 1.857606964258420312e+00 7.351254550810086830e-01 5.450837593052780150e+00 3.545911262068652370e+00 1.117721849051108940e+00 2.189011257231091356e+00 2.054626524286928380e+00 2.853787899419991447e+00 5.057347053122892788e+00 2.232391671893392715e+00 2.640333570956836962e+00 5.145243226608499754e+00 3.085328768403456046e+00 4.094636625241682815e+00 4.276758897077491461e+00
1.083860062695827464e+00 1.889152557693787537e+00 4.982102684410693705e+00 5.649702118801553929e+00 2.774535640467115538e+00 3.141158051007315155e+00 2.373557314609730629e+00 1.201217929109029470e+00 4.448717657063468778e+00 4.608487796800296188e+00 3.004937843139545706e+00 3.843552482059283015e+00 5.653079540993631191e+00 6.120383996328922827e+00 3.637611322885708987e+00 3.231286424647691558e+00
2.489294792886756369e+00 4.717497903244842306e+00 2.314111948209225833e+00 5.436099229364800278e-01 5.823481411599347624e+00 2.467790392581302061e+00 4.112048066928691847e-01 3.827142235711896157e-01 5.020760181904826425e+00 1.942551488719530761e+00 5.943979093399569535e+00 4.837199956836227166e+00 4.214463717304587576e+00 1.591375522152895350e+00 2.746994301255494708e+00 5.844157059372316887e+00
8.421345891358695823e-01 1.722200004598463785e+00 2.151756446647192345e+00 4.300767522456506953e+00 2.609014406570941080e+00 5.458914010302005515e+00 5.404967603018743461e+00 3.009268272416772749e+00 5.382105570988604981e+00 8.202385540564186561e-01 2.887155677888160188e+00 3.842833826345978476e+00 7.721662834277148724e-01 2.330201450238721606e+00 6.230047727401775148e+00 4.598115460381129616e+00
1.319117235379596575e+00 4.639439419555052346e+00 9.392918657819717687e-01 6.958270726957371810e-01 7.982602324908512070e-01 3.533371502215413962e+00 4.930620673259761944e+00 1.759900960191941754e+00 4.143024773106207093e+00 2.529796133946593972e+00 1.565686484171510573e+00 4.769203759616216232e+00 6.144182165587561251e+00 4.525632800962688940e+00 6.030519583603766165e+00 5.176226308884245064e+00
3.526752411481113431e-02 2.948285633775912462e+00 1.920978383794373023e+00 2.254287923528622617e+00 1.144792302128201822e+00 1.424681117732792546e-01 4.174120470481155643e+00 4.625456490006817134e+00 5.205226983050646794e+00 1.545751841654304126e+00 3.631594033585268999e+00 1.859525885904970144e+00 4.831872766214371673e+00 6.071441598283508156e+00 5.386649920864536867e-01 3.962308511967525426e+00
1.335879081832429538e+00 3.646999709882570606e+00 4.720354945797153867e-01 2.153287147702962478e+00 5.028374586668229451e-01 1.954864075113942112e+00 1.842719021289405346e+00 1.335353434470155920e-01 4.196356052144250448e+00 2.935276675421447656e+00 4.497354005986774261e+00 1.887326727771871493e+00 5.680512768973975390e+00 6.141333523285718243e+00 2.259013316590461340e+00 2.307965338494779584e+00
5.074535763317742365e+00 1.220673236353749136e+00 2.891318849703436999e+00 5.457724267516717020e+00 3.826465798669541840e+00 2.750157543808568139e+00 4.486267308268718779e+00 5.623824737633042581e+00 1.154071120026579411e+00 2.056779377363093797e+00 5.096710364148424155e+00 4.458611492042131808e+00 4.029455032762799149e+00 3.673587108605173679e+00 4.772886688000924416e+00 6.039982658556790618e+00
2.249051325772879917e+00 5.763074200616983056e+00 5.780782643810400856e+00 1.398881452170824824e+00 2.107176685844213138e-01 2.185155565667443067e+00 6.968708485734013136e-01 4.779234705272775940e+00 5.986333986732021550e+00 5.300280255610997138e+00 2.834760723180155484e+00 2.089682959348114988e+00 1.908969580635680563e+00 2.831719451085051187e+00 2.423170234493278841e+00 1.853488066490629693e+00
2.077636688750332805e+00 3.859335417484763830e+00 3.084643343190825782e+00 3.122263709215778338e+00 2.297120734677246201e+00 6.055481240819879929e-01 3.493840437615012284e+00 5.501907998031223990e+00 5.708587284323567879e+00 5.193655970924775822e+00 2.649101309912472946e+00 2.860355626820878072e+00 7.361735176991502927e-01 2.873903121239425040e+00 1.012012830090404325e+00 4.336560181742658671e+00
2.741178220763369033e+00 5.938774109665513556e+00 2.445508977309137411e+00 4.648752444174979459e+00 3.071017885084894150e+00 3.060206524650912030e+00 9.952877423714210359e-01 2.238368027901925128e+00 5.930503497706487437e+00 1.742794637644828004e+00 3.561477772315990276e+00 7.271810413527827199e-01 2.473425397602804665e+00 1.295513835554522375e+00 5.474342939022323939e+00 2.092109343243263309e-01
1.536366983948267873e+00 4.650223097382335524e+00 2.380669926723724572e+00 2.755670380582845080e+00 3.758358194050616330e+00 4.969269040390583037e+00 5.090082585492838874e+00 2.245377024586799219e+00 4.128672179269654130e+00 6.160366670446340009e+00 5.100596404873313006e+00 4.190861642909592177e+00 3.755467852007037699e+00 4.876637512150544529e-01 6.032474244976482325e+00 5.311630559896359571e+00
4.415491144212720265e+00 5.700767075758313318e+00 1.989064253992636422e+00 1.717103131379525749e+00 5.031195121640900325e+00 6.190741594151464078e+00 4.492669550951739588e+00 7.533872729634198961e-01 4.476595637345997858e+00 4.489331976973272909e+00 6.238419200197374614e+00 7.998215777162080986e-01 3.913106763988075443e+00 3.865239112942319810e+00 4.743947085572742139e+00 4.717489147686457329e+00
