2.664257998146050355e+00 7.265858535747220515e-01 1.816053241157818687e-01 7.416859203416287238e-01 5.102527127000315410e+00 6.144404536846820974e+00 4.723932133096285235e-01 5.550086779941049819e+00 6.684670503771602545e-01 3.359408176880961161e+00 1.759770002396362054e+00 5.320387062182859061e+00 2.349186675342817221e+00 5.557306394927232773e+00 3.142620415497625164e+00 6.042919599961896537e+00
2.417100352762799442e+00 4.471988592496097148e+00 2.717772746417523311e-01 4.171967197181070119e+00 4.166817404263014168e+00 1.537297174869114436e+00 3.145961464029619847e+00 3.288948936585214256e+00 1.128198948773601329e-01 2.643147519695379088e+00 5.892996720193043103e+00 5.304913074073602353e+00 6.071575571101260671e+00 6.240102271456996696e+00 2.106672113472548791e+00 3.628496807928596635e+00
2.406864178673812305e+00 8.779966617164042253e-01 7.876759657708553020e-01 3.593403048699205460e+00 3.760115087258034006e+00 2.612373688902868363e+00 3.252432063391041961e+00 3.325866419390457018e+00 1.199074889487523166e+00 3.411091916573031124e+00 6.033530842954216489e+00 3.007541066737509983e+00 5.454576320801813871e+00 3.321857463792058596e+00 2.950116133937583651e-01 2.819887663153632040e+00
4.160666442462039427e+00 3.470096801800505393e+00 1.469247216936238720e+00 4.388088150535328857e+00 5.323542531170005754e-01 5.891894471588396520e+00 1.447379814110670015e-01 1.139163401069904769e+00 3.770817514524136826e-01 1.964988853035235516e+00 4.020192735464377165e+00 3.888759071354976893e+00 3.420021200197092881e+00 2.923948754304022568e+00 3.548335795888669431e+00 5.363787182767890016e+00
5.585861640931669925e+00 6.211434326011311846e+00 2.396673311929733430e+00 7.958326431620736940e-01 5.558688288079943973e+00 1.915628095449205315e+00 3.932531286680275961e+00 3.935693934758567991e+00 2.940535609776897985e+00 5.132629488810297680e+00 1.115850700872232037e+00 1.115608637664908143e+00 7.913582965761815080e-01 4.909116992692887038e+00 3.055975560348181741e+00 3.230273278154675687e+00
5.095590733746899303e+00 4.990721450044291352e+00 5.962435081986398266e+00 2.412353884893153388e+00 5.718252342158685941e+00 5.702229000563080463e-01 2.921034274593260704e+00 6.175038203412985816e+00 5.773341447896083167e-01 5.089401846007890029e+00 2.881541716608361003e+00 2.384522551093033904e+00 1.509206728809210363e+00 1.518030441475640702e+00 2.479774420414206482e+00 2.544942596192244721e+00
2.186398382033269527e+00 1.402601624213352993e+00 6.115690824263082526e-01 6.367257326918568383e-01 1.443553642412174209e+00 5.862290426081702144e+00 4.890212398704009367e+00 2.153971713990468384e+00 1.723126241874252118e-01 3.927737958495469694e+00 6.213990868150220059e+00 1.205474073442339478e+00 2.855615567993219361e+00 3.987745526826964593e+00 3.566419991322318683e+00 5.697101142480382130e+00
1.391991999376012146e+00 1.256783250092152970e+00 5.019364867766312521e+00 4.042201162801632108e+00 4.893400903700567461e+00 1.011085671323631807e+00 3.328093515512096534e+00 2.425421689090823119e+00 3.261008542024883550e+00 4.336820771375728079e+00 1.343859600229461604e+00 1.995538679154762240e+00 4.576621953676407450e+00 1.036941904920066077e-01 5.927833036134100730e+00 5.157397515907938157e+00
5.794717028185668362e+00 1.513249442310411197e-01 1.101315611172732023e+00 1.800869307807527964e+00 2.834677048526116350e-01 5.865509143419444626e+00 4.512296166775015216e+00 3.489592290465719948e+00 9.945449350736670358e-01 4.547671998110757841e+00 4.518062519395471099e+00 1.172254167828161497e+00 5.184954095661295170e+00 1.661915567616617739e+00 3.835988367229364648e+00 4.822060028677954691e+00
4.931845908019965030e+00 5.180862742960544942e+00 1.882889574274682509e+00 3.905908293756666927e-01 1.600403068434988363e+00 3.093116778725979454e+00 1.510722432257822323e+00 2.470215152287016380e+00 5.861093067024241599e+00 3.511276048888891221e+00 5.025774430182093688e+00 2.700232322959890574e+00 1.463315725108772947e+00 3.385579909999810955e+00 4.257922121092000189e+00 3.408155658653008846e+00
2.896451251112248659e+00 1.382674440453879772e+00 4.969866993946388867e+00 2.185571439531010185e+00 6.081447016834891528e+00 2.055327410668549071e+00 3.092321869674605761e+00 2.014455443309324245e+00 2.811259515832895239e+00 7.691824553235315776e-01 3.703345562012225201e-01 3.070170571551069094e-01 1.066221985120170190e+00 5.802789509449871375e+00 5.026234363612455347e+00 4.968741018541374288e+00
5.282338625911317642e+00 1.697653287159045510e+00 1.326098755675976459e+00 3.190796172429660071e+00 7.918287575561395730e-01 8.763115187325253297e-01 3.529470989917506962e+00 4.810465902906230440e+00 1.810645513801771023e-01 1.914212201860145734e+00 4.803539898697718691e+00 3.709404661223439925e-01 5.346336542309257922e+00 5.666656471942658868e+00 1.597260060068450116e+00 8.096424366159525876e-01
4.861830032939114865e+00 2.163661313887824900e+00 4.094626341725692065e+00 5.775962564411666555e+00 3.657641232120781627e+00 2.052039976621224504e+00 2.396314997047417350e+00 4.983959991652880284e+00 5.488830448679788532e+00 1.822133623825682669e+00 5.667362114610861035e+00 1.068267110608856818e+00 6.279315252965139704e-02 4.599684272758365111e+00 5.210438546581865893e+00 4.957889733853480529e-01
2.243167800065619222e+00 2.605450509516586521e+00 5.598334300650209094e+00 4.820474346302687785e+00 1.610096862666863027e+00 1.084604298503217129e-01 4.288693202117124237e+00 3.428745830574649656e+00 2.849277897164906204e+00 7.951647766337996415e-02 1.687448201692673511e+00 1.134505223241828453e+00 4.546998523961763183e+00 3.116839818785242411e+00 6.189801431654469610e+00 1.611607900241738500e+00
1.230868348142857560e-01 2.952404027291159472e-01 5.721334708353441378e+00 1.006914745992272486e+00 5.026755452586587403e+00 3.801770692064130763e+00 2.732992789411189172e+00 4.221438688860541966e+00 1.199805978472655577e+00 2.235970010800591989e+00 4.507358684963487683e+00 2.507495596276031247e+00 2.072092680834697997e+00 7.950978351908845054e-01 3.572239274082848581e+00 6.002310536987099709e+00
5.908572795944464495e-01 5.883456979556002331e+00 3.325545713860828201e+00 5.521959586682805288e+00 2.965156686275549180e+00 4.010252251892177378e-01 1.722061707514986439e+00 4.260532562372920218e+00 3.889973788104817309e+00 4.532112501035506114e+00 5.573604698141285674e+00 7.734693632934831475e-01 5.463386966942218592e+00 3.764885023761451510e+00 3.098062439063888007e+00 1.882844884003349151e+00
1.920058909791068302e+00 4.129092536295482230e-01 2.753277321323766014e+00 3.704622208108147241e+00 5.370001938000448227e+00 8.075139887442901454e-01 1.854783136634210183e-01 4.991927506915232904e+00 5.161095902294942306e+00 3.472371926051228908e+00 2.065196366409391526e+00 5.565980360828973517e+00 1.460016738437515116e+00 5.197793627144643658e+00 6.106259632146705307e+00 2.159795827035794424e+00
4.683192444704568302e+00 8.133811939242828748e-01 1.201533262736486973e+00 3.304914043957330794e+00 2.853376581235284704e+00 3.164670280773585809e+00 4.680973099761482459e+00 4.314044617199534137e+00 3.238010535445091431e+00 4.548203575172813373e+00 3.145815647185575159e+00 8.612536457418090707e-02 3.294027515735118428e+00 4.164429653434409961e-01 4.765320793808268007e+00 1.927352373197177116e+00
5.610703765095117923e+00 2.422119329909548480e+00 2.806229269118535097e+00 5.208064708210710769e+00 6.153118449541018720e+00 2.173171551551929870e+00 2.291791903275141706e+00 1.383981034820347834e-03 7.462573206547230553e-01 1.059567665031694084e+00 6.124482236694787751e+00 4.002587684241391663e+00 1.636574729117111104e+00 3.614043086888203415e+00 1.954974678233171836e+00 7.462356874952823516e-01
5.490539942292470776e+00 4.979970367624717120e+00 4.195192936793511684e+00 2.625022633959620766e+00 2.188920303944238643e+00 4.063052322249442128e+00 6.275921698474169474e+00 3.218382416384158340e+00 2.621107653404300297e+00 3.085766690572746995e+00 3.960605624748960274e+00 4.389257000286366228e+00 2.833793665253122818e+00 1.368955368383681925e+00 2.116121381457918282e+00 3.216638406234209491e+00
4.495125134447729154e-02 4.149325721891748309e+00 5.029727926128419568e+00 2.129390478167277889e-01 4.924057646965788848e+00 1.091718780651204090e+00 4.784232718970509168e+00 5.061452966736738723e+00 4.812619930378251532e+00 2.957489635665944694e-01 5.187699947407778289e+00 3.259200369416373810e+00 1.247550411918693980e+00 3.093467121704131240e-02 6.004775731504153669e+00 1.653169842150616908e+00
3.595684052206662873e+00 1.113785642703712941e+00 4.824971281226764219e+00 3.187625440035603219e+00 3.773170085097406812e+00 4.974257540431878399e-01 2.928075877840211838e+00 4.007063699961276093e+00 1.982699481385311380e+00 3.197332664279075032e-01 3.752768224062791091e+00 6.494954576127547341e-01 2.623615415277011031e+00 7.555068683121036743e-01 2.470690961957926923e+00 6.039783683774574641e+00
2.093138519743094950e+00 6.146226103807842733e+00 4.933373884722633385e+00 3.576509978469980755e+00 3.043205670088022785e+00 1.440101506380324414e+00 6.022645878376494011e+00 5.670166848272330640e+00 5.908859665927700400e-01 1.400894010358440855e+00 4.279271232947980508e+00 3.993364684307387780e+00 5.039531593507696527e+00 3.036612992857475213e+00 1.723394655493562411e+00 3.436972739356736195e+00
4.482039379810960789e+00 1.262353305069685350e+00 1.276101722721037834e+00 2.032123664050339062e+00 2.806496954371067165e+00 4.352136999046382293e+00 5.176220232077181294e+00 8.189711329770945625e-01 6.235158766290681553e-01 4.873035990685064434e+00 3.131964190001482518e+00 1.080504162125747319e-01 2.006011729364885365e+00 4.317066666693925470e+00 5.768851226939835097e-01 4.661363079354918781e+00
2.973819024439634084e+00 1.881549155157067332e-01 1.804449164338680633e+00 5.993147074665393426e+00 3.800637863312614328e+00 5.250167481308907647e+00 2.334678823852105900e+00 6.120139996538134675e+00 3.306122013349017230e+00 3.152165576496239296e+00 6.219918071453208519e+00 1.599662706279947333e+00 4.294046407532571052e+00 5.305650390856015086e+00 5.239680380558506378e+00 5.482585361672299484e+00
1.710432995025328085e+00 5.002816952762246139e+00 2.920379538517738904e+00 2.496106409914379487e+00 1.375537947760952173e+00 1.380544343524217288e+00 1.457018119710187243e+00 3.396796375344858454e+00 1.528456126306563467e+00 6.294470310140141966e-02 1.778023477083290782e+00 2.823349731866486301e-01 2.340413027159487791e-01 1.484889775009804902e+00 5.319007645396012229e+00 4.282505387064894364e+00
1.939512432128328800e+00 3.314231172092109823e+00 1.700404490366726362e+00 5.143635051513316403e-02 1.689723667047704048e+00 1.358216832746532488e+00 5.532772722006346733e+00 3.188359643518780262e-02 2.123431034358136404e+00 4.031961589131244139e+00 2.442851130312370778e+00 1.294503281935091010e+00 3.219640849836909791e+00 2.488285103573389723e+00 1.026482129015548805e+00 5.826029538435526511e-01
3.742307477455254272e+00 2.563817207775514362e+00 3.771035309455969653e+00 3.178109873292709775e+00 3.832309089111635370e+00 5.471422768085838051e+00 5.395904756331289853e+00 8.193515344411000934e-01 1.081175695161273209e+00 4.258375080357036602e+00 1.369160305700505065e+00 2.054267843826472983e+00 6.574267878185796610e-02 3.065751443671596910e+00 3.931455491130165569e+00 3.047808467571644808e+00
4.559115266442057002e-02 1.671602114637981806e+00 2.642502137036126353e+00 5.038462388678849102e+00 4.822280280876442227e+00 5.549828004965925210e+00 1.543459301749971813e+00 1.988369935092716645e+00 4.114506758111397211e+00 1.462525151091800923e+00 1.488181484328726933e-01 2.812833097735499610e+00 2.803174008973416065e+00 2.247687291884413963e+00 3.171796877268777237e+00 5.093559369787887814e-01
1.878603882984016815e+00 2.423721520504139804e+00 5.166930121230918438e+00 2.011288744135902862e-01 4.725153513254043425e+00 7.509621574282382417e-01 5.528432176183775137e-01 1.561855166461487664e-02 3.032536713732367772e+00 4.634547224887593408e+00 1.552205178145197539e+00 6.581411188103333254e-01 4.712556235369449453e+00 2.897417079849420762e+00 3.207674732688078123e+00 4.680997698899034276e+00
9.797550154809371303e-01 9.879916672633023422e-01 6.183486958217501162e-01 1.690529079447400607e+00 6.526140985540039852e-01 5.320635101903060438e+00 8.151933986321590053e-01 3.230421012607625375e+00 3.727540273677800720e+00 5.124340191636956199e+00 2.365599302133462256e+00 3.864495535927898295e+00 2.954224373609545928e+00 2.552794775778788328e+00 5.541977861192915356e+00 1.305014144157205402e+00
5.933632646645842224e-01 3.098600832120669946e+00 4.086047713060116493e+00 3.508867454026630917e+00 5.580042140288452579e+00 1.074375062291020200e+00 7.232926342674578235e-01 4.233370497385203102e+00 5.167628357726683497e+00 2.874647064994477752e+00 4.090283086065316098e+00 2.396820172020207806e+00 2.936310697441950168e+00 4.052371279068860410e-01 5.453026858227805640e+00 6.117084263907434760e+00
