6.025124291021980660e+00 5.277441868301987249e+00 4.896433966316883435e+00 5.426978683790245839e+00 4.139963040708458664e+00 3.934281241064529477e-01 5.521578047848726634e+00 4.307835135188505804e-01 7.129167434673416848e-02 2.829249327214423015e+00 1.517209499377724979e+00 2.221861723807030842e+00 2.037824901646609455e+00 6.370017117369135562e-01 5.103203924573049832e+00 5.195687482599071344e-02
1.451153960474144800e+00 4.658103095862360377e+00 4.228960405717447024e+00 1.232891070317172932e+00 1.853496336410221490e+00 3.208211026276800659e+00 5.042547139354851993e+00 3.026090438713232356e+00 5.999162056737402438e+00 2.145690048641658798e+00 3.830944758817605766e+00 2.055948284812080473e+00 5.746504406187006531e+00 2.087000996568357358e+00 2.005609042868110148e+00 2.933812275704923866e+00
6.208034070711541119e+00 6.031671449596865742e+00 4.058540201926263968e+00 5.209001575955721997e+00 2.428174501940003172e+00 3.333153697076905342e+00 5.866456847325109969e+00 1.505207550972941011e+00 1.160267281601096379e+00 2.956675122218916929e-01 7.683396164820659457e-01 1.594009732170713622e+00 4.613489822884985436e+00 3.770574829490736413e+00 1.960747483892196497e-01 2.309944766297742813e+00
3.724831672334124821e+00 8.599518462342332914e-02 2.449641018165277906e+00 2.539615639452386109e+00 2.761592834051855849e+00 5.563358700900780995e+00 4.615572235154589364e+00 3.387808691187561561e+00 3.858002748345670807e-01 4.468365945682818641e+00 3.584396694530368688e+00 4.069628865933712980e+00 5.707146856031394044e+00 4.411741239881622256e+00 1.455070133831907864e+00 1.954685951206193373e+00
5.648650904338731848e+00 5.509823081206787876e+00 3.384615582452271676e-01 3.077750914915623248e+00 4.503708559132532097e-01 2.839430340457996582e+00 2.188648209364869590e+00 1.288127172620317840e+00 3.383906680122712896e+00 2.565747873756557329e+00 4.992242980294600230e+00 1.952301202522952472e+00 4.496913272580695953e+00 9.666774224687864070e-01 1.127662043265802216e+00 8.114997518095210527e-01
1.697643469062716903e+00 3.578142186955959314e-01 4.961296767357094240e+00 4.257090986787721576e+00 2.884042664391003985e+00 1.529597460524858343e+00 3.287615530328502622e+00 3.842300367327609933e+00 3.568982165743961765e+00 5.942778338319322451e+00 9.381846865251871614e-01 2.346094995290079588e+00 1.012116198725546035e+00 4.673324103969668464e+00 4.979856179691902751e-01 3.747901232510211234e+00
3.345395700835262165e+00 4.929193819851231950e+00 5.480481836087536252e+00 3.778130471490375175e+00 2.850076059908946746e+00 2.599363021902569848e+00 3.729188275294178290e+00 2.131945341698166657e-02 2.399476607520475646e+00 2.956732919620126854e+00 3.412385892019241584e+00 9.901886451235994424e-02 3.052474380996625047e+00 4.982368556862510012e+00 4.756316028591599521e-01 3.925639232622724961e+00
4.836813615875407812e+00 7.474651620534702445e-01 3.043062809284734715e+00 1.633604886148864788e+00 3.055793339897297400e+00 4.446140895018169670e-01 8.873455991361955952e-01 4.306289240228517556e+00 1.465002018913022397e+00 1.184895875975656265e+00 8.469587048104580962e-01 4.017511404787619256e-01 2.219672912359091477e+00 3.182186495971087492e+00 5.105723723579245199e-01 2.085639917989698056e+00
1.818252062107422740e+00 2.249900918444839526e+00 1.430491626201897182e+00 2.449190895147278724e+00 1.147338276695154313e+00 1.570345697922599149e+00 2.896000027884698902e+00 6.512701519762347235e-01 5.878089438264043842e+00 6.023142839265733350e+00 1.516959148081011621e+00 3.567006113346996021e-03 6.117232235418582853e+00 6.123577169843843038e+00 6.804159913424705497e-01 5.501123431683842213e+00
1.516932531513006222e+00 4.984216490579275849e+00 3.057009098669040803e+00 2.009617562678533143e-01 3.718935791544012659e+00 1.730702339341947171e+00 1.022723433406106386e+00 2.560684921425757654e+00 5.922058378377159649e+00 2.832964195245276873e+00 2.209016338513737632e-01 1.631855669673802911e+00 4.106075195708405623e+00 2.071820324633704136e+00 4.561616262020167234e+00 2.005617457662926650e+00
5.106504478665987001e+00 2.509781516429408388e+00 8.052411654731549406e-01 1.873701312097687754e+00 3.676929945827443813e+00 5.320635735333244298e+00 5.193871763908782135e+00 2.517118573033245266e+00 6.531334105132419188e-01 3.882370136681196016e+00 3.384467735719635662e-01 1.354046760761071333e+00 4.557873127469476593e+00 8.276132575100095812e-01 1.030878990911909598e+00 5.436961682742877500e+00
1.751205737681745811e+00 3.126070371662498459e+00 2.531693355098470488e-01 2.763585705533217141e+00 4.748514669790317555e+00 3.255682738397171150e+00 2.446080332069532126e+00 4.450944196988873003e-01 5.269936003787447198e+00 5.617204488894163461e+00 2.440370556155928572e+00 2.591185461647951271e+00 4.315126258119811986e+00 3.731198577506563474e+00 5.305253958050203167e+00 1.988380888499419852e+00
3.275238539295102669e+00 3.417635373961190881e-01 1.969253807075835638e+00 5.310623716383553905e+00 5.637628144781493766e+00 4.608283515314314016e+00 6.276402311521726674e+00 2.908193772035015723e+00 5.063742359393404335e+00 2.382685424134634466e+00 2.925982967892124531e-01 4.783102837983957301e+00 2.529757998187516677e+00 4.987955137944980244e+00 3.901153545141788470e+00 5.360187818663293413e+00
1.174232751010730658e+00 8.880344089873800639e-01 6.129323754430958004e+00 3.885967039440782589e+00 2.566537819903891737e+00 5.561654498508910471e+00 4.275341941692918368e+00 6.755245353186906110e-01 1.878559280979986701e+00 4.824380503570208312e+00 4.200413837736790335e+00 3.937492869435753384e+00 5.087182651462557104e+00 1.235495402680254262e+00 7.695988488124421052e-03 1.764023354763420537e+00
5.147988614034544774e+00 9.826718027710598102e-01 3.767630002778519227e+00 3.943128219176966542e+00 4.261359608346217520e+00 2.949485590179234062e+00 5.682836743373427701e+00 4.736817775675106645e+00 6.096523538834075495e-01 1.250667673473851993e+00 4.622877533928670957e+00 3.526563273258425113e+00 2.251135685835302436e+00 6.255742273868983183e+00 1.484427564039934033e+00 1.737246172856582227e+00
8.893530464464649565e-01 2.385982751907361532e+00 2.700985873701959417e+00 5.781831489438917338e+00 5.610578229295830610e+00 7.970177985012326660e-01 4.754619036111598973e+00 3.567664365359498824e+00 2.537185505913519989e+00 3.973603407955552669e+00 5.835000645759133242e+00 4.824946148394683831e+00 3.814593140753339107e+00 3.920470345128149514e+00 5.674101845674332623e+00 5.200266424657284503e+00
7.114256703757000366e-01 5.637263526775509348e+00 3.362556126420977787e+00 2.470415635045309255e+00 3.287830407546075584e+00 2.624336352938847483e+00 2.208601862488079437e+00 6.009563647077574622e+00 1.389464165843463439e+00 2.606543729549829269e+00 5.825291484956474974e+00 5.058588550725520605e+00 4.257062117362583109e+00 1.695705038498282802e+00 2.324886711489260183e+00 5.123496997594180868e+00
2.740209870971776152e+00 8.886396515298690124e-01 6.599745782548213091e-01 2.587850695215436314e+00 5.652085698818786419e+00 3.321805930227343495e+00 9.191637246756549917e-01 2.261803509238783594e+00 2.050099965570752469e-01 2.534697474317958221e+00 5.008316368653026096e+00 3.338477795112177127e+00 5.303155459590472631e+00 5.947493372452322014e+00 2.458730602370837737e+00 5.548137085694208714e+00
4.224458138877793090e+00 3.335714236514019326e+00 2.326757527671984516e+00 3.622219394700483264e+00 1.104541511699862200e-01 3.644549142880701531e+00 5.037911007731819879e+00 1.659590866677869592e+00 4.135393097915413207e+00 7.002955745234771268e-01 1.144408308483289005e+00 3.690736840749512027e+00 3.444307218320949548e+00 1.314683165940534693e+00 5.995197665471756032e+00 2.278813912732249314e-01
1.271441237848286721e-01 1.365513637277309122e+00 2.309969784451677111e+00 2.014630354614403984e+00 2.176722620622187243e+00 2.001168985223266361e+00 4.074643121306186444e+00 4.058918328312866031e+00 5.755766743929670248e+00 4.618063857036001529e+00 8.988321378204490175e-01 6.117070971959961412e+00 4.931922192701223007e-01 5.898511020548767192e+00 3.034179063474066407e+00 5.083912051019091827e+00
1.131275189696674399e+00 1.323512273887145874e+00 6.020282089599930941e+00 1.811273246381285507e+00 3.047080872707133903e+00 5.059356886860821412e+00 2.309116279610199829e+00 3.221256799522684400e+00 4.448774582154015000e+00 1.862942545020028762e+00 5.217542185347996408e+00 5.836745240344719754e+00 2.746005515659848850e+00 2.010216902743820810e+00 1.358168802920078466e+00 1.162387298395596735e+00
3.526547273358956680e+00 1.354947469437120855e+00 3.338283272674144708e+00 4.515174147381326719e+00 5.868766588202477763e+00 3.451226252320724885e+00 2.199153375732537441e+00 1.334324446405980469e+00 4.541886528201786177e-01 2.315871552648354648e+00 2.305205613299361911e+00 5.631168433086586766e+00 2.549471427177862903e+00 5.574044247246065176e+00 2.172521300305659597e+00 2.279801968497686016e+00
3.558170780152073664e+00 1.431089994189804981e+00 1.929520946219384303e+00 3.071814863483267821e+00 2.503811604530090218e+00 3.470834786785836901e+00 1.878742250871558106e+00 5.523129643689776991e+00 3.604247499476373129e+00 1.593075469079329592e-02 3.161142572080178681e+00 5.108828151541639606e+00 3.243060955852901106e+00 1.895287584813861281e+00 2.733030811411998329e+00 3.060092327561582337e+00
9.678669214706977497e-01 7.665336860774837335e-01 5.424122603195987047e+00 2.466106279014685931e+00 5.177596348881860600e+00 3.005416580392492598e+00 3.262897943990193395e-01 5.713767286890488073e+00 1.926625372523602442e+00 3.954818370480175815e+00 7.528694075479211989e-01 3.897705566111465014e+00 2.562975696489858901e+00 4.072810192623628645e+00 5.631111367856964200e+00 6.371780775290966092e-01
5.505177473687737910e-01 9.097557798551909602e-01 4.016213378456919614e+00 1.525509776202042644e+00 2.093947802474586783e+00 6.245675734245763167e+00 6.108814616552675325e+00 2.419358711212810320e+00 4.219750100781759272e+00 2.261208636744713729e+00 5.974621780003897875e+00 3.550976850605013446e+00 6.243930928437392502e+00 3.441993645648447231e+00 7.106700531561115364e-01 1.442610511330293166e+00
3.854153226654249753e+00 3.330653042964811572e+00 2.125748704013242119e+00 2.506031089427521952e+00 2.663761131355702361e+00 6.127204253381012933e+00 4.285698414674720347e+00 1.679897697779541899e+00 2.651292192220290334e-01 3.242957090006902021e+00 4.443474114930475061e+00 2.619923802524063650e+00 9.769059226535292684e-01 2.463603208629758790e+00 1.897813680819866233e+00 1.562554005563207671e+00
4.028527412404482866e-01 2.434635012576884971e+00 3.526712789544097060e+00 5.728912201128040671e+00 1.919191847043222543e+00 8.206382482439263937e-01 5.231712093919608009e+00 4.073473061666571526e-01 5.684185932940207131e+00 5.967441137789260885e+00 1.149276263689733013e-01 3.683941213300011785e+00 6.234773113861066030e+00 7.386979218218866494e-01 2.266134563876673891e+00 2.558283687739174361e+00
5.876078046582555281e+00 1.127292833366452474e+00 1.946232640514515166e+00 6.650210821556368224e-01 2.696261677339125917e+00 3.732978957657516750e-01 1.925249814049821317e+00 6.260315800702452194e+00 4.879795153633027738e+00 2.199537854149232086e+00 1.866390337829880730e+00 3.158081272280573781e+00 5.668218603850558424e+00 3.909423662297341728e+00 1.158065560934524452e-01 2.851095107383225358e+00
2.418866894617844654e+00 1.603112218502059205e+00 5.767635659031655315e+00 1.380888657786380480e-01 4.638804344496048615e-01 5.614727432882642866e+00 2.832202902720398097e+00 6.237156647393556241e+00 1.944685891472153649e+00 3.099848718308886752e+00 2.088305022646598452e+00 4.708802153526320922e+00 2.567362676409957523e+00 1.619063140510272447e+00 4.794279303342687371e+00 1.141186371131404753e+00
1.827516194892287116e+00 7.333602204846694228e-01 5.688658504377629654e+00 4.890987181610110035e+00 2.254348865102102639e+00 1.921744883214651312e+00 1.393354127743526849e+00 6.047486712091721950e-01 3.252412067606694102e+00 1.199451624760359492e+00 1.465932956066367865e+00 7.508034018008754584e-01 4.242924144976409018e+00 3.115228705499112349e-01 2.107948109757268096e+00 1.167076351577276405e+00
3.662665169020211220e+00 3.563867701141712363e+00 4.126970724653187261e+00 2.585525506921116712e+00 4.950942229727890442e+00 6.018759910877029107e+00 4.723755227747799879e+00 4.384160261507921597e+00 1.114286120490579846e+00 4.247236381631159574e+00 2.989889744932612281e+00 4.240009233297555191e+00 1.737188740263318154e+00 8.626496058943004808e-02 3.276021467035629797e+00 4.460698943771513214e+00
1.884645856156262900e+00 2.410745258258700119e+00 2.199313931963986057e+00 6.205735616213285510e+00 3.605067193782902635e+00 1.506141484117260454e+00 8.291832296440155847e-01 1.701058680539284440e+00 1.865168680064776874e+00 4.995664330670193110e+00 3.442602439401115433e+00 4.272143228918761970e+00 5.584788323047769065e-01 1.767606413248017816e+00 4.142571300547917446e+00 2.384569556922830458e+00
