4.888899830972262883e+00 3.562586124383367636e+00 2.335262247185076578e+00 1.895516517513311294e+00 1.082856197706706380e+00 3.518864025543369856e+00 8.308204295135352968e-01 5.948818407193468438e+00 1.881100045001709908e+00 1.577134154489792328e+00 5.737514829144894968e+00 3.608220969256648036e+00 3.637108054250718592e+00 3.537379984413516976e+00 4.755472718268345389e+00 1.733334059726411525e+00 5.694845027854832376e-01 5.865544471581394248e+00 2.927587012787105980e+00 1.983769286040423685e+00
2.417669266869562961e+00 2.745544662936936220e+00 4.428114440543033048e+00 4.846038296321752092e+00 4.931385578853616281e+00 3.079235730780561120e+00 6.253617884818017947e-01 3.153327317852721912e+00 1.510181139574783282e+00 2.655552331300002677e+00 4.974892448731954353e+00 2.887659288855969897e-01 3.605607080121117747e+00 4.072528043833428812e-01 3.276011610322083545e+00 2.705889825481373911e+00 1.766196439721998690e+00 1.835198277377158460e+00 2.964351991046697332e+00 4.835549406437210429e+00
1.844180304986101193e+00 5.340081930453345116e+00 3.453613009920316612e-01 2.343261726122388477e+00 9.842667675184452181e-01 1.871777021164361177e+00 3.368257776667094916e+00 3.901298305581827552e+00 5.639599875832312037e+00 5.265260925033937944e+00 2.305619949432828886e+00 5.432395978002270809e+00 1.850865146251218507e-01 3.645909144314833039e+00 6.032786752810475051e+00 4.634316535254137115e+00 1.035021499298454772e+00 2.313716940133665467e+00 3.871278654916374240e+00 5.489460960237966702e+00
5.812560741220491600e+00 2.514764994430403355e+00 4.514293012434686503e+00 1.760505426029447928e+00 5.912236080288229445e+00 4.140088659985710073e+00 4.712791324323022835e+00 2.179811324142727713e+00 2.334842737365692145e+00 4.607837220729077643e+00 1.055606470539212971e+00 1.379864284538872554e-01 8.598631866277854918e-01 5.347861187969506602e+00 2.978138220011199877e+00 1.228084987933593553e+00 4.884694188797948478e+00 4.866096316576352110e-01 5.009535578172699566e+00 1.921791312756433445e-01
4.007538823943780137e+00 5.828086375740296532e+00 1.483260174353840943e+00 2.317860241948796585e+00 3.820168419189127640e+00 3.893386665886360287e-01 3.932147286079110682e-01 4.113530363771558673e-01 1.133384086270797342e+00 2.617678590378405001e-01 6.752874090334239909e-01 5.005435598813211762e+00 1.318712576352703225e+00 5.514628658098676972e+00 6.697232406515767345e-01 3.896514825717061203e+00 5.389356663585459728e+00 6.007823641754770350e+00 3.163541417414832857e+00 3.444611942974465713e+00
6.134945108604397568e+00 6.259633947903963325e+00 5.536400900121250857e+00 1.590484740504466643e+00 3.065880246169205403e+00 5.696614600118926397e+00 1.911995995344606847e+00 3.086666875237320529e-01 1.763880099782674238e+00 3.067272328177936824e+00 5.887362301846993162e+00 5.614012455352678899e+00 3.270299177394202950e+00 5.688134348973651555e+00 2.627477748188685513e+00 5.298971387064149496e+00 2.939072036228990381e+00 5.295546666556085746e+00 4.890095238640038922e+00 5.899617620634238335e+00
4.571229354975788972e+00 2.915758685860637023e+00 8.364304842441431243e-01 5.199807943160284829e+00 3.337351364173127610e+00 3.143797156686367167e+00 1.460529971405395422e-01 3.270880587447624332e+00 1.951835266059428919e+00 5.130601279674214865e+00 2.893886204463284706e+00 1.107003580628568740e+00 1.064863520445343825e+00 1.204158168721801481e+00 2.248348032055459966e-01 1.598494855567452744e+00 4.286761183624890670e+00 5.793098885643851226e+00 2.801914420793793603e+00 3.150320501312749322e+00
5.008163945967582187e+00 4.104563899296747920e+00 1.015162679297657800e+00 4.709045037054132798e+00 5.788543157063943845e+00 5.543947032860034874e+00 1.943918673720706813e+00 1.248245204703202438e+00 4.126762036867952510e+00 3.827654134702241695e+00 1.647657923192000218e-01 5.012613503436907259e+00 3.597959156991880736e+00 5.966585089354053295e+00 6.133333708473095669e+00 2.035089392832833965e+00 4.982655857008504441e+00 5.813998139493810946e+00 1.595522916605997210e+00 4.995260087905805335e+00
3.163882035948577531e-01 4.464076531512713331e+00 3.605120474808265918e+00 6.368159741550379893e-01 3.516732932941346146e+00 3.494152223034006965e+00 3.971503303289370734e+00 4.859232005940008037e+00 3.824679871540267229e+00 4.466251317970858281e+00 5.154473666032393098e+00 2.757286171845988232e+00 3.032296186498670387e+00 3.314607550217208765e+00 6.156809208493979391e+00 4.873646282931517248e+00 3.841998678909714027e+00 5.226725184856468864e+00 1.929018400851033155e+00 1.265053797876118047e+00
5.032051191592100459e+00 2.686777436647117767e+00 5.539020234943084375e+00 6.104311239232453445e+00 3.300869883851986319e+00 3.930614650146235789e+00 4.519627955400193464e+00 4.861648815703329518e+00 1.338019913231974778e+00 5.327649181950925517e+00 4.734662485737446858e+00 1.680211039272149431e+00 3.016281100362497192e+00 6.944202545191197062e-01 8.592817760949974515e-01 5.146282851211722686e+00 7.466958915228080196e-01 4.498932473567188062e+00 7.446321525359026472e-01 2.592419803551599067e+00
3.597041803788199044e+00 6.212607194483491746e+00 2.334073642392441084e+00 4.543144549821080069e+00 2.609727762471137691e+00 2.531289057066781201e+00 5.802332518775741299e+00 2.489200265906823528e+00 4.875740992172243438e+00 3.909603055656847292e+00 4.405614897611686231e+00 5.713523267655203242e+00 3.975139886774751385e+00 2.876078530821676082e+00 2.086860594781326128e+00 1.641493050077159843e+00 2.545454158800763533e+00 8.253437729383185095e-01 3.728761484097744550e+00 3.237981706159875461e+00
2.287487101803629574e+00 6.245713700864090612e-01 2.123713241309008293e+00 4.787909145272997713e-01 4.712641073019964821e+00 3.940488580715457267e+00 3.958338962732704108e-02 8.083719092951665575e-01 2.130741551090456820e+00 2.540718073419824030e+00 1.625359331722400658e+00 2.795848964530513570e+00 2.609082890459820003e+00 9.103371478519660664e-01 5.948761853069553851e+00 1.574672802516729808e+00 3.360143049660710091e+00 2.177604063613793883e+00 4.800263700541914424e+00 2.642629642543980584e+00
2.820234564649907849e+00 2.609501481427972003e+00 6.130374714136069159e+00 5.901410871240100775e+00 3.673093425979835569e+00 5.054501488544479448e-01 5.696170307459344606e+00 5.063304609421789060e+00 2.726435428767318037e+00 3.478321741807063994e+00 5.495700521240910241e+00 4.402080240208666062e+00 4.663133024515808245e+00 6.330543837825280962e-02 3.456349236280906290e+00 2.270771870456452568e+00 5.864402938066526794e+00 4.570015159857995002e+00 4.664483736209631637e+00 6.263708533890679497e+00
1.348081507240592058e+00 8.121446693279557594e-02 3.806553976145639062e+00 1.233276560418280932e+00 1.913864432906031920e+00 4.733641242473523469e+00 4.451643186387474138e+00 2.372620889572806036e+00 2.200969990549053179e+00 2.282218325883855314e+00 5.641926464755195880e+00 1.235710272636454166e+00 2.054042290714855667e+00 4.494354409411265294e-01 2.962122717931308102e+00 6.462165632155421058e-01 4.619228387021730775e+00 3.196724810264532035e+00 1.951226438753663750e+00 3.692644953762441506e+00
5.025526768812107331e-02 1.972639540986111495e+00 5.132342003131020292e+00 6.231184584774898561e+00 1.274566476614336752e+00 5.938000046548605582e+00 4.147106897782607327e+00 1.548704737720890012e+00 6.113750712162173251e+00 2.359281345332465918e+00 1.601460478602410697e+00 3.919358502538627942e+00 1.992010766134714395e+00 5.296036127511435154e+00 2.319098714301841557e+00 3.883300201749489755e+00 5.537007521919573350e+00 5.088479519352251401e+00 5.850022590273930234e+00 6.276663202541677755e+00
5.630029910274919835e+00 4.584201187110071629e+00 1.341035570501344809e+00 5.159606553306407051e+00 3.314172615486424611e+00 5.665372714883813110e+00 4.192423364955931042e+00 2.243897350664245671e+00 2.065344235367269299e+00 1.510670732776804082e+00 2.219802562467291907e+00 4.065837744622164962e-01 3.276449607908039907e-02 3.339275021892278872e+00 2.287850033202987465e-01 4.621028382916197330e+00 4.887399678194048191e-01 1.116289067797501255e+00 3.302292573665231767e+00 4.937190089840217122e-01
6.039764716771228947e+00 6.703041637122557628e-01 2.766311389932285092e+00 1.127979933049606087e+00 1.491635166524004852e+00 1.034170117950028001e+00 4.200985425633668058e+00 2.075234809456198981e+00 1.167040174303578093e+00 4.056333652501355580e+00 6.967265264898415689e-01 5.223908752968592140e+00 3.309311559345410547e+00 7.587678369042886173e-01 3.048876746270680616e-01 4.635591406565096051e+00 4.065884843706717433e+00 4.110610925423806350e+00 2.895691358349727018e+00 5.508537003140683730e+00
6.313253001405940701e-01 7.844535387738998944e-01 4.974774633350843800e+00 2.161229453771856157e+00 2.499350970590527243e+00 3.627652631549450835e+00 3.697911669096253906e+00 2.769684428294631573e+00 1.093275111083983786e+00 4.527559687283368106e+00 3.548828476490778705e+00 1.274377240964942537e+00 6.605911397485032532e-01 5.709023586737012934e+00 2.333017540051975480e+00 4.860976260895517598e+00 1.807778510455932741e+00 1.161923591711156334e+00 5.340565723302911572e+00 4.171705471533917020e+00
4.089127529805511863e+00 5.338998749717487335e+00 2.149643414867911773e+00 3.402921184870390636e+00 2.237804338805228888e+00 3.402008107547338955e+00 4.544505974332850862e+00 5.109765933284198702e+00 1.402272466307084686e+00 2.523568330446748220e+00 3.428449488250831845e+00 3.724556000331138872e+00 6.310848300399963806e-01 5.230867767456857109e+00 2.254645998878661572e+00 4.491442470272923870e+00 3.975363911225662683e+00 4.527181367869011375e+00 4.313605310401956494e+00 1.374000431740930554e-03
5.088353683116389803e+00 1.788251176698226086e+00 1.161325632146403608e+00 3.850510163455222123e+00 2.780311909527094283e+00 1.333659262594831807e+00 2.411290781587982934e+00 3.279258150584371201e+00 5.306912597510240331e-02 3.682940683250195857e+00 1.391969286528814020e+00 4.384808115983523380e-01 4.830074089721238195e+00 4.204825529792412198e+00 1.501616079980804930e+00 2.544579786071047067e+00 4.454220684426649868e+00 3.780507002629474034e+00 2.243188469848518718e+00 2.819967786597303405e+00
5.434272462568191742e+00 5.931358223815351494e+00 3.473955525730829663e+00 2.921676344555987015e+00 2.016159928793743727e+00 3.173446335622861492e-01 6.026609384772234179e+00 4.444019945017885220e+00 3.372274050528268674e+00 1.947688378613038118e+00 5.582570369801885812e-01 2.882126875563766788e+00 1.794257570831940374e+00 3.299184553403068598e+00 5.842337604693134345e+00 1.888558208217582468e+00 3.355907216634150814e+00 6.202513139883286009e+00 8.664681246740703058e-01 2.418122375071362740e+00
5.107883653887570929e+00 1.803008985540178521e+00 2.680754040544305994e+00 5.882306371515401366e+00 4.487241789423860538e+00 2.024564696552645593e+00 5.039103471867984574e+00 3.582510416261561748e+00 1.554672772055394114e+00 4.916112897422603822e+00 1.059626255448129717e+00 3.525859876389067171e+00 4.876642251182994769e+00 4.642326297493098330e+00 5.687053263505179729e-02 1.463929855082328757e+00 1.895730026090445941e+00 5.429239029546694795e+00 7.974700548748329121e-01 5.440419489157712896e+00
1.327371996016151190e+00 5.597425989783131328e+00 5.485993055711727351e+00 6.263791970819458044e+00 9.968849982223428885e-01 4.934140368300889534e+00 4.525307747093229693e+00 3.573553836921171456e+00 1.717390234469800436e+00 6.162395656973309599e+00 4.246615017198543285e+00 5.369831941093377914e+00 2.535814918202155432e+00 3.997271259301776070e+00 7.633619131824999071e-01 1.262120146403689969e+00 3.597632075140441366e+00 3.282537765511821082e+00 1.766420490547568223e+00 3.630594406027980448e+00
1.270113643787576407e+00 5.002984485899696132e+00 3.624871022400691256e+00 2.930257761080259815e+00 2.034583479161741426e+00 5.808889447652399340e+00 5.156675316732405534e+00 2.202605353800626276e+00 5.008386641661982885e+00 1.484793640995068165e+00 5.213778743227297952e+00 2.640156597007175421e+00 2.466263369974919684e+00 5.758403583212071908e+00 5.712214880076897039e+00 2.677471616685317191e+00 1.374940632075065394e-01 4.974772815238162949e+00 4.433929512853398869e+00 4.278133538023880078e+00
5.934798233084556784e+00 1.037309800915697355e+00 1.588325595504482601e+00 2.893274707073880680e+00 4.004518223288775935e+00 3.812127056747584231e+00 5.803912964040059741e+00 5.647140411478268618e+00 5.263067742233542567e+00 4.388160063616073359e+00 3.385281874973327998e+00 1.196817647531154494e+00 3.626195205594631599e+00 3.266572157853617764e+00 2.833433453753790410e+00 1.706429388444071105e+00 5.716342124601236030e+00 3.439016865666786771e+00 1.583598978166387727e+00 5.228994752021287162e+00
5.647216923685911993e+00 2.008817636472520984e+00 4.947119283527142031e+00 3.555889386270911778e+00 4.676603770428888751e+00 5.806717314924429552e+00 1.752440514947032790e+00 4.160813927135722512e-01 3.394076773823162529e+00 5.294819303649576092e+00 8.318629888477799827e-01 4.620680028462767375e+00 4.239812734984797160e+00 2.108893926294000298e+00 2.522245731350004849e+00 5.940783710917775906e+00 4.861287263037078255e+00 3.335363343512704137e+00 4.603231911079522121e+00 1.314864607448381184e+00
1.531203566652316939e+00 5.844238570743932826e+00 1.892157478373696300e+00 2.234444066415726571e+00 1.484744567817122940e+00 3.713376967397257200e-01 2.084138119426376390e-01 3.024965159760551359e+00 5.633553611930890881e+00 1.939112024328516037e+00 8.935570418807293747e-01 5.282141161955072883e-02 3.903010720066764971e+00 1.573292405727548360e+00 3.962067194079762267e+00 1.386493362542649210e+00 3.352884103196515753e+00 3.781793891718111755e+00 6.000534815363872454e+00 4.181163694252570728e+00
1.462150420462632772e+00 5.814004451066123735e+00 1.149652704025762473e+00 4.230083359215721650e+00 1.162833537831866826e+00 3.751599924057601232e+00 3.626885945968348679e+00 4.025810705769446329e+00 3.693275825965685932e+00 3.638792077082066090e+00 1.704932849767293090e+00 4.392527113849555853e+00 4.779059196534318765e+00 1.881625971801641040e+00 6.173261687126993635e+00 1.276901186303991409e+00 5.373490286805803429e+00 3.262908346739262555e+00 6.137839325512756794e+00 5.774544772516724045e+00
1.200916495825197883e+00 1.842700469905736105e+00 2.770631395019789167e+00 3.403254825105783254e+00 6.273806560228236684e+00 7.021782107887160063e-01 5.788900508874517570e+00 5.882766968487755932e+00 2.160886393729132049e+00 6.189161691943615651e+00 6.091585202669353549e+00 4.361658667135298373e+00 2.419225823913404572e+00 4.852633134015039928e+00 2.690728823689527260e+00 5.967986606218188328e+00 2.916940380201527905e+00 1.431153938266735759e+00 2.029992658780216619e+00 4.588141115488970634e+00
2.085456861182476640e+00 5.000631766537138923e+00 5.958464674830736385e+00 2.636335460500109917e+00 2.949242973867858719e+00 6.361479168623984659e-01 1.449669734257980735e+00 5.799946991137617580e+00 3.215398338373084197e+00 5.858330868221851340e+00 1.118469768739529524e+00 4.135475399098084814e+00 3.320657138887982196e+00 3.596342907028899027e+00 1.658141465031985007e+00 4.004194720985648104e+00 5.437125509772252840e+00 5.822785200211820111e+00 1.640770059891728527e+00 2.019930204392122786e+00
3.039791844418199940e+00 1.432090158897639576e+00 7.325662975319612302e-01 1.831092876756037491e+00 1.191906930698407030e-01 2.005785319632432007e+00 4.300174248002217148e+00 6.796180359747761024e-01 5.891353659815566246e+00 3.062813640101129664e+00 1.916253407797318786e+00 1.586526644564335342e+00 5.208630296197876319e+00 3.924754556261629279e+00 5.929520710673948258e+00 2.239347880519480860e+00 3.807764575408881580e+00 4.872891567552884773e+00 5.022406921959353454e+00 1.343892890925178829e+00
6.002773729549629067e+00 7.985889292247528859e-01 4.631150677238576208e+00 1.915176403310488995e+00 5.746947194042390628e+00 5.066191407521556833e+00 2.520062185982615777e+00 2.164641765095730308e-01 5.041982820981264490e-01 5.505102393292369278e+00 9.007247469804238182e-01 4.604973873861144540e-01 5.601968405590898037e+00 1.621626028508702966e+00 5.320948556416456476e+00 7.186346535700648408e-01 5.937730969011919768e+00 5.786437753934761119e+00 5.907055114096969817e+00 6.282573383722714899e-01
