4.330779313231844618e+00 8.040788187494792849e-01 1.530827064117549874e+00 2.850900046722181003e+00 9.374317095684646661e-01 2.514449397077988646e+00 6.068619046975009645e+00 4.404364988823096461e+00 5.181934380988144184e+00 6.112898761371669210e+00 3.722515601419407627e+00 1.376611264480434915e+00 3.741281746568505540e+00 5.432648521228120586e+00 3.905975858224962849e+00 3.339920173824291627e+00
2.417593575064020950e+00 7.871730863364181374e-01 1.007837585623598597e+00 1.400977809114104078e+00 4.112704965485418640e+00 4.452392962295640966e-01 4.029565555609519123e+00 5.322930765036649525e+00 5.252525337134613004e+00 3.094756940971184811e+00 2.252978138103364891e+00 3.290407464701682994e+00 4.550406564250703667e+00 3.440718486335777371e+00 8.363557570033293143e-01 2.177510725392996616e+00
3.824925661941247057e+00 4.309371332273874700e+00 1.547639519853586831e+00 5.674307413715861337e+00 2.411937878966709636e+00 1.536014911776424130e+00 2.191782263450497759e+00 3.391925910232219676e-01 2.085964196062607634e+00 1.248681611604856245e+00 9.242622846253802926e-01 9.691895515360969826e-01 2.611369925058920849e+00 3.280932544535651640e+00 4.207054487575045520e+00 3.095970826383898977e+00
2.812613622711021555e-01 3.050640065930084965e+00 6.649480598723368496e-01 1.384896117496206447e+00 1.437805215307159212e+00 5.423197626313460695e+00 7.147017292527351184e-01 4.929654476862630474e+00 1.021233738055989715e+00 7.802450699381030530e-01 5.673279770626441731e+00 2.745281549340181093e-01 4.271965073318352069e+00 4.389695810309385493e+00 4.849391510237077263e+00 5.485756554300498244e+00
3.358187692493523002e+00 1.881622130698326734e+00 2.187189276829804463e+00 6.698587357393323005e-01 1.950637340065779046e+00 5.492202485224082054e+00 4.247502859003378539e+00 2.153378619938936200e+00 5.274513255244007937e+00 4.482121274549466072e+00 2.413701924729426462e+00 8.023536326725876355e-01 5.577331193207206717e+00 5.950158950453740658e+00 9.272495440244048481e-01 1.173290131468402109e+00
8.668958861168672980e-01 5.533867526036027051e+00 4.318618244175501886e+00 3.952848792738457906e+00 3.369079201299572279e+00 1.277380146156472440e+00 9.260734829944382573e-01 5.009664965785990631e+00 3.691892197080598681e+00 4.666249265558412018e-01 9.238268935471981580e-01 3.885940288781570828e-01 5.847271224600759432e+00 6.229576287084029218e+00 5.228781115502526333e+00 9.638642462624151808e-01
5.264512040258187753e+00 8.389932764927990894e-01 3.811506634374222102e+00 2.397727600206472909e-01 4.046157644560754107e+00 5.122864410429751381e+00 5.046093409503026983e+00 6.199761532422269461e+00 2.966272093097794826e+00 4.227689428456601561e+00 4.719626443166948349e+00 8.287918816424063584e-01 3.305451835853085996e-01 4.056235493231616474e+00 5.236619748670335639e+00 4.492332013072068087e+00
3.065759578166813881e+00 3.732602855444013379e+00 3.209616249206464822e+00 3.835929721841067508e+00 6.009504462591761964e+00 4.379741925317105711e+00 1.640440935234022790e+00 5.742404324700579821e+00 4.445401550524314960e-01 4.367241536981027572e+00 1.910988611427070882e+00 5.155279657001854865e+00 2.614421680829617678e+00 1.432725929780281904e+00 6.249301675834048275e+00 8.510375352613976929e-01
7.627271688498616919e-01 2.831068453392561413e+00 4.031543182542464798e+00 4.466415807434795937e-01 1.429244367898727441e+00 9.149133717112225561e-01 2.904607389772741133e+00 7.886370162929596805e-01 9.301140755774819358e-01 1.815151600203122939e+00 6.158102220380341940e+00 2.533097300116311068e+00 2.267833120030284810e+00 3.521033751388911170e+00 5.904598977964677253e+00 4.453764496575551846e+00
3.773065020159901195e+00 5.417121514055775577e+00 3.662495841563742971e+00 4.311977779000182864e-01 1.119217011680675888e+00 4.012381604659360335e+00 4.939964456719174279e+00 2.450254279693002690e+00 2.264182130229637213e+00 1.932108447166410059e+00 4.151645006688904793e+00 3.685669155018480581e+00 4.706200349729472876e+00 2.225485062581679774e+00 2.912331514161760726e+00 5.466182746924759250e+00
2.841970915313978274e+00 3.593520616004733714e+00 5.937715020420711198e+00 7.370202961025835720e-01 1.433545087924159356e+00 2.347185906910979725e+00 2.334431958683974018e-01 5.187893562854910101e+00 2.011425997410016819e+00 2.022080372269113635e+00 2.980990846996721455e+00 4.275385988621391853e+00 5.361498553703515135e+00 3.322573288702475036e-01 3.980233276704365331e+00 4.934148486950747703e+00
8.336755044583449292e-01 1.206024072885463427e+00 3.554469275264788841e-01 2.612262531379482278e-01 1.491457469390764734e+00 4.274488569479880873e+00 3.186579580362352448e+00 4.354849846949284675e+00 2.788110602024036044e+00 5.224531396419820339e+00 9.549929892317695623e-01 5.698772934393376843e+00 3.959942856115514331e+00 6.163105389790966449e+00 3.920579551181420097e+00 4.694739426137778615e+00
3.086358524286643590e+00 7.963375229722438053e-01 5.234171497085129410e+00 3.103353832336443130e+00 5.968154408653079557e+00 1.635203331687854700e+00 4.006340627915935926e+00 2.016973332765297222e+00 2.899739431465507833e-01 5.503325095606289352e+00 6.122777114908097840e-01 1.350357644999308215e+00 1.661825341903551356e+00 4.877322022414955605e+00 3.521364227528761326e+00 5.163166719755855283e+00
4.828020736778123378e+00 7.336861362986706325e-01 2.559902397782820138e+00 3.400547566517832632e+00 2.931519862436871016e+00 9.280990799367276889e-01 1.281269798355540335e+00 3.164547678163631250e+00 2.646896651334330386e+00 4.776200269296128731e+00 4.176394849872838155e-01 5.719979830438978174e-01 2.406077035861587665e-01 1.065717839048886395e+00 1.839028325871767233e+00 2.536878207700402399e+00
3.465840156069541766e-01 3.699839141327618375e+00 3.365527638962406254e+00 2.058944858598307448e+00 3.453815686114763306e+00 3.310492649229408002e+00 1.384940209161431346e+00 5.192041386505318989e+00 2.077484693149073802e+00 5.647942416028661761e+00 2.843416206488805553e+00 1.511974421665393198e+00 6.022327921963664288e+00 2.881256970488867530e+00 4.675745993283163315e+00 3.252128836369548193e+00
5.491822753859398887e+00 4.661377170922812674e+00 4.843067702006896624e+00 4.836555072259322685e+00 2.872938153942840245e+00 3.536331857316913130e+00 2.378148072785309264e+00 4.778788247999881555e+00 1.950913461175665109e+00 2.783882026313632796e+00 4.621380625352281002e-01 2.308894037092414031e+00 2.429965716950038157e+00 2.924477229819348323e-01 2.230085332776556850e+00 5.820189567960411203e+00
1.204743640994197840e+00 4.435439117605917581e+00 3.392915933027234043e+00 4.317019299206083183e+00 4.301815372181839181e-01 3.416156577112146486e+00 4.199788395918627515e+00 4.733776910683873962e-01 4.280235330892713463e+00 4.385538670989732601e+00 5.565500734079202871e+00 1.378280399444235638e+00 5.108982518014302698e+00 4.187119897047581141e+00 7.419760054892576839e-02 4.746858932643849727e+00
3.307389285904566822e+00 3.487934003265665162e+00 1.526548611666296740e+00 3.716224970972222597e+00 2.399476064420941412e+00 4.000755741056431170e+00 4.109580277570201723e-01 8.050602572870761975e-01 5.415068516302826040e+00 4.969497561819117060e+00 2.666719041210758312e-01 1.145715198696611425e+00 2.889122037915687446e+00 6.030851541967925833e+00 6.201861577927926916e+00 1.100440377874059017e+00
1.136263095419449032e+00 2.006262677918337456e+00 3.880009577891231576e+00 3.145458117966814182e+00 5.757914601758957751e+00 2.092354837317917493e+00 3.514552654017305322e+00 4.654648190346580172e+00 2.238714149253701269e+00 3.264500909127466821e-01 1.229970926525086661e+00 4.149862510238602198e+00 5.663686617356072261e+00 5.575824005447318044e+00 4.009428011357152322e+00 4.344577878988430619e+00
5.503301766551349949e+00 1.725457188605723280e+00 3.147017765617708740e+00 5.348097539451850402e-01 4.879744338579400598e+00 4.101898577018253889e+00 3.240550155914337260e+00 2.792211700488360648e+00 1.546872428378702313e+00 2.310799892064023808e+00 2.188904656575592078e+00 4.830280464511012894e+00 4.831720659054941969e+00 5.413754789255130540e+00 4.531298880761776893e+00 4.277607824874844589e+00
3.306956271705945305e+00 2.701973181228876975e+00 5.050290344056883818e+00 5.218923295422226438e+00 4.526641002886566234e+00 5.397476375751593558e+00 1.537312874176404609e+00 5.594308607037796754e+00 2.270011832244714700e+00 5.792656992490696766e+00 3.976323922806362710e+00 1.638930120607658303e+00 1.627580954289232551e+00 3.874042497989432121e+00 5.520620615023439370e+00 3.087015638078054458e+00
4.340399341595650107e+00 2.770276059684410708e+00 5.207399654690894053e+00 1.515331511173198198e+00 1.631294929817286743e+00 5.717063398067563362e+00 2.084539189791286162e+00 3.637089708773432850e+00 4.137947574763549241e+00 5.218811437795002561e+00 9.200807973183524613e-01 4.472328803172347378e+00 1.369089004443746260e+00 5.786615096266613634e+00 3.019462992845337590e-01 4.919785725207066918e+00
2.616713948849966886e+00 1.791389076134842773e+00 1.726233575660583552e+00 2.211864899911588633e+00 5.240128253469560349e+00 2.646381453238598080e+00 3.907633152574554458e+00 4.075611547561065251e+00 5.257294438685940818e+00 4.837759688209300357e+00 3.699156022039327141e+00 4.365988707090151522e+00 4.040243372914271269e+00 1.987860742072276254e+00 4.850022797865641166e+00 1.390533806075511691e+00
6.005926439957485208e+00 3.858756625757632452e+00 5.753257295570703533e+00 4.665191795965991872e+00 2.177400788069015825e+00 1.891399770130209212e+00 1.164145204260704558e+00 1.982641993900382316e+00 1.989235233248049628e+00 1.766439677567834377e+00 6.379595812629660356e-01 5.755972881225750015e+00 5.295453740681464794e+00 5.605950808005737862e+00 4.227307990350589684e+00 3.339858129668102915e+00
9.209136824263016718e-01 6.039637394953085714e-01 1.873431591831177467e+00 4.175847320419951103e+00 4.551250083178919326e+00 3.746856237006647827e+00 5.204716449104740406e+00 1.164854660107547957e-01 4.816570115405994557e+00 1.079702478038405022e+00 6.207683719229963870e-01 5.853281693060372604e-01 7.962697029923301306e-01 9.713279168678307096e-01 9.825041100832476726e-01 4.884241857635686079e-01
3.960921465075674330e+00 3.567589815256233532e+00 3.423690486220480445e+00 4.035661183890048243e+00 6.063318594277437690e+00 1.411528007419784903e+00 3.001811617306574753e+00 2.689673821964408518e+00 3.804200790660344556e+00 4.906139639164773247e-01 5.132741217687662783e+00 6.726974388764378476e-02 2.386151006876872316e+00 4.372355976250172027e+00 5.351092676928049130e+00 1.801481468224789717e+00
3.319337273533519150e-01 6.254574998006560804e+00 5.819418866542490631e-01 3.141459181648701415e-01 1.186818919818150020e+00 1.874803607954009133e+00 3.115372576032194862e-01 4.135438148163936289e-01 4.389470673165100756e+00 7.886262066990346042e-01 4.164646481556658841e+00 1.148587962059382406e+00 4.323916165466385131e+00 4.702623817878531121e+00 5.509131255480159695e+00 2.313378947972049016e+00
5.156335467297644470e+00 4.271975269708717882e+00 2.520345898849401522e-01 6.011715708215442433e+00 3.203929906578645959e+00 1.806232285440809049e+00 4.731278838590179392e-01 4.622962084558158935e+00 2.945860347628512788e+00 6.416625132311943869e-01 8.223303505199902608e-01 3.076551582463770362e+00 5.221757822364067714e+00 5.658138858245583158e+00 4.735802192249281894e+00 9.308160562553450257e-01
4.918873724597021990e+00 2.875587973943805498e+00 1.241073010882765226e+00 1.182183229907541655e+00 3.289731902984208922e+00 3.356372806090407668e+00 6.224409367521701597e+00 1.377660214095035307e-01 3.939728856265731771e+00 2.785463095140016776e+00 4.713664275398665282e+00 2.982506674243216693e+00 1.185234365509788113e+00 5.913798183800440533e+00 5.658414630867287798e+00 1.374683969082330703e+00
8.950228913006644804e-01 6.154125947256223306e+00 1.104126918269437291e-01 2.426951128531844137e+00 3.406526718583993141e+00 2.240479312951909385e+00 4.199164910713327536e+00 2.246489110268333977e+00 5.248009118557192210e+00 1.534724165494327330e+00 5.624235847093453700e+00 4.854645161387509233e+00 1.006118411690930747e+00 3.252371383400775695e+00 2.803672778102404450e+00 2.116066760342673270e+00
2.531229849120937736e+00 4.073160037867343597e+00 2.795506051319514462e+00 3.312395523260802666e-01 3.043082329094137339e+00 1.578410506480579123e+00 4.019706103000431519e+00 3.600924096745905079e+00 2.139110431976174898e+00 3.174991485941899505e+00 5.354087869245581999e+00 3.352485825893502192e+00 2.631174541305942416e+00 8.368503117271025582e-02 2.787436959165138006e+00 2.283640666935875529e+00
2.549729021295786158e+00 1.360849152562641828e+00 4.800468223082349439e+00 2.820134147109905953e+00 2.919532043232075047e+00 5.056799964878489817e+00 1.278431789262807206e-01 5.693440616821175304e+00 2.183258109938086555e+00 4.573380353220602323e+00 3.833371419307015415e+00 5.040237310981071417e+00 2.046501565245929743e+00 1.162791883440966956e+00 5.328989791851316049e+00 4.850233926340693280e+00
