3.007278692637370465e+00 4.709696408801705481e+00 5.962842545796940286e-01 1.565769073693620728e+00 4.251598854633194868e+00 3.821551250584754200e+00 4.952392080861334200e+00 2.544897537889072581e+00 1.636264173905070285e+00 5.964547171308086426e+00 3.283154837425333206e+00 4.926513194784662097e+00 2.696424217205445562e+00 6.123683055917682694e+00 1.596748029586835482e+00 6.174728356972552845e+00 5.071103048418121872e+00 5.746815137189142497e+00 4.335063309029880685e+00 2.939590223734357188e+00
3.407444029381592743e-01 4.056849794022626021e+00 2.172646243165021751e+00 5.543409925342930755e+00 3.680616438765021425e-01 3.209336509733587306e+00 2.903404828288444151e+00 3.063278551043578268e+00 1.548750892624637387e-01 3.860222453800886466e+00 4.037503724740172939e-01 4.173879034377343089e+00 8.978351266838748845e-01 1.319081658487365916e+00 3.564104654095063829e+00 5.606836628775246911e-02 2.112183452978154019e+00 5.409437892271545145e+00 2.539663953129017937e+00 3.155690690807517296e+00
7.133560311953048849e-01 4.369343141606395475e-01 1.064058147047434399e+00 5.731589148873630357e+00 5.994794515564643156e+00 9.491942297037965215e-01 3.222494852585091163e+00 5.148712711104408868e+00 6.064664187459961830e+00 5.950370228723667054e+00 2.936198613192815721e+00 9.103402232462153298e-01 8.744298633032161483e-01 1.603608016965578864e+00 4.337612659978621998e+00 2.063752163253893990e+00 1.433931564934226133e+00 5.858953214762031791e+00 5.745102117910002804e+00 5.191672155005393918e+00
2.010283071651786990e+00 3.506574128822657510e+00 1.852856047040733367e+00 3.551707475574416684e+00 5.476037663836706315e+00 3.779459247958009360e+00 4.937051881407429121e+00 3.585584040642851189e+00 7.814463427361711956e-01 6.242301130262595699e+00 3.711598290749692719e+00 2.629285813032037122e+00 5.030773840666770802e+00 2.380641150671492845e+00 3.641814500566980417e+00 5.795354376111050421e+00 8.179236011967633280e-01 4.742799217012878543e+00 5.211591502938914822e+00 2.069592360743233606e+00
9.662755609414572233e-02 1.249963907834408805e-01 8.270424986988060834e-01 5.406166079142699310e+00 3.923150344691733071e+00 2.594818375171165759e+00 5.838508482675552197e-02 5.567732099343825070e+00 3.018720838446169008e+00 3.633143501073048842e+00 1.879238374132654599e+00 1.482413221651974755e+00 3.819629777112303337e+00 4.398753370627039416e+00 5.374010893798188526e+00 2.498497936393894392e+00 5.452077027059133663e+00 5.201585889239119354e+00 8.067533933855305928e-02 6.801921328162461311e-01
5.994333076590951936e-01 9.122840211306234570e-01 8.342889901484936699e-01 2.633874786987663086e+00 4.277371272528571744e+00 4.141130221690010771e+00 4.539034454433897636e+00 3.721155579022498300e-02 5.412335735394683489e+00 1.536650484460161836e+00 5.745712304506825241e+00 6.186399208348002610e+00 4.396238129130155770e+00 5.333528737000946762e+00 7.812313727635026295e-01 5.144009852928883575e+00 3.749789658965534844e+00 5.881563442863354751e+00 4.531780332209613960e-01 6.158546062738465388e+00
2.787008481931063653e+00 2.697352788444518534e+00 4.601716708480200424e+00 1.581553975801762491e+00 2.079482531670551637e+00 3.620621682070758740e-01 5.308480498413667092e+00 1.798920602147940251e+00 3.827157197776659192e+00 2.879120269524837017e+00 1.158687015414675114e+00 3.777867413973226896e+00 2.877439547951737620e+00 3.522960136263709963e+00 7.030654252045671626e-01 2.597148923251696218e+00 2.556931477667401698e+00 3.266885274587594701e+00 5.443094777759434955e+00 2.832322674655379124e+00
1.923923098513367624e-01 9.953117859492069952e-01 4.186789203742636190e+00 6.011820884150774091e+00 6.040821611042162864e+00 4.175563358325831587e+00 5.911209361201183121e+00 4.374236111691188755e-01 5.605055903243179927e+00 1.542902830423497518e+00 5.317962964867535725e+00 4.958456419475250954e+00 5.998538507936792996e+00 2.962638798584153133e+00 5.672485126965189473e+00 4.835279187119765787e+00 3.457343980207215228e+00 2.706536236990470190e+00 3.794739630149018161e+00 5.710781226656906462e+00
9.162604924048023403e-01 2.871837950805637418e-01 6.430609708270070835e-01 8.463414955162156250e-01 7.819797643461399161e-01 3.054194688424105020e-01 5.280897775317703768e+00 6.035487488965430636e+00 2.051120513011481350e+00 7.184883333525416971e-01 1.341621519655045836e+00 2.773081287119299354e+00 3.233532966297067546e+00 6.259864719619348428e+00 1.640109287837413055e+00 1.587309877174990058e+00 1.991841637489007999e+00 1.054686167525532570e+00 7.360018808855721684e-01 2.593441206977435520e+00
4.341656557722184395e+00 3.105323191952759743e+00 3.981505120125155894e+00 5.665561703635123791e+00 1.080582097053790935e+00 4.330732183994808970e+00 6.871291900091607285e-01 3.828587411269911644e+00 1.191629739231436780e+00 5.439391264030128070e+00 3.670478058640877617e+00 2.351998683118217581e+00 5.100440689967945529e-01 3.463518273230212774e+00 5.847899230458643238e+00 5.019153374011939839e+00 1.528643355482276756e-01 4.977148828889006893e+00 4.145490986373661535e+00 3.809652651701385673e-01
4.253861528120815194e+00 4.910384003906827388e+00 2.895611379508982175e+00 1.084086808239891342e+00 5.532868596427833907e+00 3.504380926051685385e+00 4.868675948503067730e+00 4.381877860223903021e+00 1.850280852495906625e-01 1.459143638102867957e+00 2.212023114241031152e+00 1.377352579746784933e+00 2.363187590149708139e+00 2.563453555448471199e+00 4.960678158913619740e+00 2.760218472018823643e+00 2.530546744450592467e+00 5.564070399747730988e+00 2.579748794171587090e+00 3.307920476551156508e+00
1.053028053197782032e+00 2.500509708430286970e+00 3.574768327170713800e+00 3.564014878840239042e+00 1.348596263742546153e+00 1.767000025355645709e+00 6.252109975612378356e+00 1.154306303724164540e+00 1.340219087567301237e+00 1.948216735882805917e-02 4.356148692204717676e+00 2.277626689934999060e+00 3.989502353802274470e+00 5.903646041578896941e+00 1.850331315957557843e+00 1.191179394178285778e+00 6.082987384195791547e-01 8.626457620359517797e-01 4.245086459423538017e+00 3.794739887978804571e+00
5.437503465642867795e+00 5.305173040755114755e+00 5.689821814842171754e+00 2.568345187584170630e-01 3.427663628397966455e+00 5.222481859547517757e+00 1.974097108910704002e+00 3.927252058356129449e+00 1.061536740358633990e+00 5.105030171390557037e+00 3.138783539709839143e+00 1.040469694740986606e+00 2.465208253412032757e+00 4.009194578261734421e+00 3.710477254466650443e+00 3.424432802002706500e-01 5.218080562983218762e+00 5.078095503298483138e+00 5.961326584095679948e+00 5.740162300396974615e+00
1.307056897680338503e+00 3.059772849805483474e+00 5.468698076307348721e+00 1.949951999874998565e+00 4.844342197358665558e+00 6.188518514104345059e+00 5.727186221396909360e+00 2.235111216247864352e+00 2.712347995778364051e+00 4.389541504383897674e+00 4.367444735817000101e+00 8.319234632593949241e-01 3.804644697568765332e-01 1.263358865021955157e+00 1.827759979157030923e+00 5.020810745292622279e+00 1.785427720464130896e+00 1.191780281617468518e+00 1.051238622530173084e+00 3.515456998294849811e+00
3.939621768057831597e-01 3.352141069927933259e+00 1.689890988646808978e+00 6.152459247546005372e+00 2.170046135387980968e+00 3.893447908054838091e+00 2.825687115606806632e+00 1.657867873849935281e+00 5.285011380546831283e+00 5.973601303478266011e+00 6.146405386521594849e+00 1.188346012057884815e+00 1.774385266236790493e+00 4.693694365073601382e+00 1.872521970551308312e+00 2.102443707095966285e+00 4.368282388368498914e+00 1.748868450597497404e+00 3.654755397756141999e-01 2.228397697321810256e+00
5.861933250182153721e+00 5.281415463730527726e+00 1.939950761732854190e+00 8.762387660746995266e-01 7.618916147682619489e-01 4.380262048151939425e+00 9.431092419160459484e-01 3.869534607446757146e+00 3.942641916691277171e+00 5.096282443133092421e+00 3.034716469249339355e+00 5.683469612764505463e+00 3.805723831372518795e+00 2.636008300468430932e+00 3.568687937032174684e+00 6.162273253187270150e+00 1.225961628446173401e+00 5.196050912045653281e-01 4.934447627337677389e+00 4.356955257554580463e+00
1.320213276539499603e+00 6.081929722257990001e+00 7.211141252661866785e-01 5.627107267739754448e+00 1.867474831413235281e-01 1.227679823977620988e+00 1.205820874743980697e+00 3.144289459281310872e-01 3.422135277582215807e+00 2.113853348848206970e+00 2.267009162567070746e+00 2.256988131895912630e+00 3.411317224460566955e+00 5.151587875134578276e+00 2.059472265799537904e+00 8.748924704014575671e-01 1.632487716166300062e+00 7.393420198800909615e-01 1.324553866896478915e+00 1.809841447113185176e+00
1.713946932651934096e+00 2.875679877005075102e+00 2.292469151559805240e+00 5.746668552375649774e+00 4.584104735003070807e+00 4.827582974977545405e+00 3.306990222310897121e+00 2.840518404410248554e-02 2.160985837760217299e-01 6.220618737754969096e+00 3.530395185828733573e-01 2.343572172555781208e+00 9.464358848633038779e-01 1.115254699934014937e+00 6.618175055901163173e-01 3.701933985341123279e+00 3.021751292718632520e+00 2.091941756564853261e+00 4.308443481815063869e+00 1.197855759591930580e+00
2.682332576099277777e+00 1.697542676044114518e-01 4.647120676221569546e+00 7.997678720129410834e-01 1.367409155714145674e+00 3.381350708941357475e+00 2.697621490282859469e+00 1.297676143070299659e+00 6.648329486439396030e-01 4.547667955140321183e+00 2.043747973230148229e+00 4.309379845644861540e+00 4.359796794040260437e+00 1.886060822238395662e+00 2.964820319316228581e+00 4.147271622912058753e+00 3.306530203900765574e+00 1.817743826726825329e+00 4.285261421267863469e+00 5.664829841549656742e+00
6.105830039426995093e+00 4.770926980752019375e+00 3.110695881158269671e+00 6.276829174235654563e+00 3.339257464104012474e+00 4.257434652003636799e+00 4.982460346252836736e+00 2.288128119482350620e+00 2.451668481719126547e+00 2.722903068645313951e+00 6.208044981809019092e+00 2.549764551756836362e+00 2.158080412950787785e+00 5.885773783368386525e+00 5.627457299079730468e+00 3.266057437127028784e+00 1.014365217666141072e-01 3.487549492632332271e+00 1.428317559445484664e+00 5.264553401378996966e+00
3.865567910769277304e+00 5.822014848420576705e+00 2.389300935460842101e+00 4.382853433067841920e+00 4.328315305089603271e+00 5.164806180178779904e+00 6.068172827261018476e+00 1.667104655776049160e+00 3.039997637116726548e+00 1.130859529379821954e-01 4.714909996027550676e+00 3.323579447508765217e+00 4.664547395536780883e+00 2.138454752313469154e+00 3.188428083569351035e+00 6.105381633436362421e+00 5.002076403650336012e+00 2.713779874061497590e-03 3.973907693318817547e+00 1.392558572262963201e+00
1.801515409504904186e+00 2.398512652206422402e+00 1.883852159899765066e+00 1.420950834444617561e+00 1.746872493760654177e-01 4.988472367276969521e+00 4.917763983584036325e+00 5.996424597377639998e+00 4.198495899517270757e+00 1.780986674715053120e+00 4.048258866148277235e+00 3.037233225323786812e+00 4.788322410353888614e+00 4.460317160944310189e+00 2.530400432979216241e+00 2.920811561596704298e+00 6.236596774522363829e-01 2.867574846065923388e+00 1.753845254779273999e+00 6.043306481093918769e+00
5.543293840635926450e+00 4.040353330893174721e+00 2.841649192642233590e+00 1.042641419223915955e+00 1.505904034893630783e+00 6.218734389298903764e+00 3.064980846627389788e+00 5.265012973081844017e+00 2.883195513131148413e+00 4.350925063967617135e+00 5.498865369505726797e+00 3.363644177826991211e+00 3.822713464074844136e+00 1.393906608205498276e+00 4.016191092050327427e+00 3.509680718528862098e+00 2.341141214578426943e+00 2.208444371237637538e-01 4.975828214354588219e+00 5.422841033371600616e+00
6.272904659745623057e+00 4.487159644434842498e+00 3.907852785192530432e-01 7.712256289542455123e-01 5.736940967488544096e+00 5.052802174824109649e+00 5.581297288000450774e-01 1.347782165176601765e+00 1.762817899997082272e+00 1.765889322091931835e+00 2.716977173399254930e+00 5.812011136741996431e+00 5.897660611011981580e+00 6.015623954828922315e+00 2.513889267001983896e+00 4.430947334470837440e+00 8.782219369780992491e-01 3.619434584767301510e-01 7.929078601535121118e-01 4.858016591749193758e+00
2.872494485957321597e+00 3.986063713712531431e+00 5.724440349909095893e+00 5.889028959148149944e+00 2.813188613235507063e+00 2.229560125474688181e+00 3.587735508606665125e+00 4.615355367417157240e+00 2.580269254931552236e+00 5.137188229883648205e+00 4.565162513642293085e+00 2.708151421946698445e+00 5.346008088474526687e+00 4.873161251408233419e+00 1.161000294896343599e+00 2.028114502031822752e+00 1.210255628361854852e+00 4.532008453883785037e+00 5.295026139468186344e+00 5.925989954381351232e+00
1.125571681413376712e+00 5.807382313221566505e+00 4.315592069248098461e+00 5.690333254263618912e+00 1.375371624337146104e+00 4.601600650042137808e+00 2.125202189499405314e+00 4.194604286376651281e+00 1.238283221819144186e+00 3.666503106885298457e+00 4.555113155502567679e+00 3.678720924814104620e+00 4.746910337012480774e+00 3.192253858518814713e+00 5.121000582972635939e+00 3.206533334789898326e+00 4.167698092760281803e+00 2.092849073055777165e+00 2.965264491553651460e+00 1.841789476794011948e+00
5.717130313513645312e-01 3.149704777013406787e+00 9.560323816558938814e-01 1.173348606047713627e+00 2.203006803288277915e+00 5.596185478917733214e+00 2.613115093275047762e+00 2.285944156648928582e-01 4.396932091291768430e+00 2.969933269285977229e+00 1.350417681724439767e+00 6.214549558302109311e+00 2.552452394784315626e+00 3.808565572696229751e+00 4.304364692865530806e+00 2.909535036362252303e+00 3.717722082505368508e+00 5.714590314404406790e+00 5.551185352495713765e+00 5.229298175339492927e-01
2.354738146564419488e+00 1.893027950341399146e+00 9.562639605991525293e-01 4.090236384208390419e+00 6.027788437694401757e+00 7.670636394297279947e-01 9.633199235026437268e-01 5.273997767255012015e+00 5.246902057980531442e-01 2.136057811830241793e+00 1.855397112802654958e+00 6.134718536580511028e+00 4.375364359624040134e+00 5.612364438222885443e-01 2.049208069612522554e+00 3.569238767760876563e+00 3.420144519095474900e-01 1.237720692926151500e+00 3.356549864211902712e+00 2.756227057184062468e-01
3.032362856494280612e-01 7.194511758482383668e-01 3.053858915483848246e+00 1.041511004829349663e-01 5.980673676942736883e+00 5.149627111472272034e+00 3.875119377814831623e+00 2.138227649849195444e+00 3.851744547984115918e+00 4.928251496412342725e+00 3.718429923721374930e+00 1.790657931962198690e+00 2.504858791403236751e+00 5.942224505411961566e+00 4.273234028578840160e+00 3.066985212512358228e+00 3.025143722461548723e+00 3.195511250445846052e+00 1.886795806996723446e+00 4.320067757273670317e+00
6.117742281696036066e+00 3.206314971452240759e+00 5.369935301615749168e+00 9.363895962132033901e-01 1.712820926246308773e+00 5.860172273240856988e+00 6.015709657999495974e+00 4.799918496448248639e+00 4.182765473555142277e-01 8.477876284919415584e-01 5.764740468528620765e-01 9.482834398743366089e-01 1.677314002921760361e+00 3.349091522609458360e-02 5.355415600911521246e+00 4.381439628141512443e+00 3.186151756309080429e+00 3.017307826859248809e+00 3.895481639540836039e+00 3.026633639399549214e+00
4.288039719679555439e+00 3.390073381397712970e-01 2.272949933856364790e+00 5.857822273736666752e+00 3.152642915246867350e+00 5.719468921830078934e+00 7.496504371024296232e-01 3.577083686644280558e+00 4.695725105642576946e-01 9.049996915369060702e-01 3.682501421249403606e+00 3.648195441759651825e+00 5.399003766769284951e+00 9.272329577551461366e-01 2.511895665896966445e+00 4.870526276560766199e+00 3.899728026814171522e-01 3.362388181847208113e+00 6.223443659780333093e+00 2.366409361489536956e+00
1.119075422452129320e+00 2.119594405074869403e+00 3.774248290474818912e+00 4.592949953305913269e+00 1.965212832095330375e+00 3.637105731125029329e-01 5.194311935656366508e+00 3.081198073644850766e+00 4.405765329019779131e+00 6.188162749498572701e+00 2.575932865440362818e+00 1.559163232955898648e+00 3.133323748995981095e+00 1.850873994596242023e+00 7.448952219275347675e-01 7.059606194588644579e-01 3.308091191966574307e+00 2.444878520000777211e+00 5.631349553574713340e+00 5.948403741543698331e+00
