4.525421527262421861e+00 3.515384397266478000e+00 3.185764661814296517e+00 1.620793467516425945e+00 2.052315911371185742e+00 4.193193311195718032e+00 2.825575745106563286e+00 4.071988795431220609e+00 4.823762588675066354e+00 4.122273518919015167e+00 1.397247945502590127e+00 1.195273475144303266e+00 2.790077014521297638e+00 1.363104258291059634e-01 1.860280422557889279e+00 2.175142226712440507e+00
3.142123058736376873e+00 1.440020111680198500e+00 1.230982359453882680e+00 1.147253387154524157e-01 2.353659326277072861e+00 2.860711473723227982e+00 1.433275928897987717e+00 1.312002968684388593e+00 9.782562685708722228e-01 2.464380821449838166e+00 5.733146828967755404e+00 5.785772831907056712e+00 2.693526047696608305e+00 2.576807388378121733e+00 3.781464791144133919e+00 1.020105941158333529e+00
1.551544395217269168e+00 2.133481670256474061e+00 1.235644476744443443e+00 2.046959257335950966e+00 1.861964815786586236e+00 6.175892067027290544e+00 2.713265438093825921e-01 3.925544020968675163e+00 1.301850570198930024e+00 3.176840303169603530e+00 6.929319674390783668e-01 2.880182093981581204e+00 5.337768421743700920e+00 4.784007826667909136e+00 5.408083980148681746e+00 3.462070647206881624e+00
6.130637856322436186e+00 6.241339130852983530e+00 2.665446351662749791e+00 1.386898974993305167e+00 8.904556145074806750e-01 1.975270247575513061e+00 3.159022034458898620e+00 1.227030009694596302e+00 7.285370305216225528e-01 2.669644097953402184e+00 1.827056976050050574e+00 8.268488640418765190e-01 2.228320120881170929e+00 1.559481092721307194e+00 4.104347046961090761e+00 1.021042274944809369e+00
4.738034731659151788e+00 6.159999022936778701e+00 5.162399498698616362e+00 5.312016821935578115e+00 1.711748482390278436e+00 4.372179444103978518e+00 1.512769568135608811e+00 6.101181954530537910e-01 2.207479968736859366e+00 6.182363289828646025e+00 2.404896031705514581e+00 4.373966064551038535e+00 5.876556584725335597e+00 2.783981728947293011e+00 3.813410084774795372e+00 3.696846141031600474e+00
5.859967868279924552e+00 5.202870700942963111e+00 5.870343016637530331e-01 5.421047699016187771e+00 3.080741800611673131e+00 1.458664058313710266e+00 2.214296825747276432e-01 1.819296073053526530e-01 4.995894815675797851e+00 5.183671611969546511e+00 1.556144005895541138e+00 2.242817076606479443e+00 5.311161500351924580e+00 2.756353804036046906e+00 3.803080809534573170e+00 3.837779179882833347e+00
2.062126325339574962e+00 3.568273979751173552e+00 5.651760985131740883e-02 4.527293882408537584e+00 1.511270862322467767e+00 2.847145762455214779e+00 4.143605310736609759e+00 4.417557696092173081e-01 1.389835374033307369e+00 1.078052204582216955e+00 3.535139563659217554e+00 4.123981256648179716e+00 5.783925424660173675e+00 3.954078826132228830e+00 4.660698952779659621e+00 1.105921502346387530e+00
4.458320081434494764e-01 6.030344389358742063e+00 5.001650340301277531e+00 5.455523105347629631e+00 3.399213322305261187e+00 1.441701873934659872e+00 1.892782557927786824e+00 4.266915149933636076e-01 4.648218337789467469e+00 3.217468920985268266e+00 1.447206212844820872e+00 1.554911627720638512e+00 4.521830014385153085e+00 4.357667251329695013e+00 4.799547592796101547e+00 3.433887915782635747e-01
6.144433933194947350e+00 5.175497340686479042e+00 5.763619956646187426e+00 3.030514136247374868e+00 4.999405756393860756e+00 5.281357502683375671e+00 3.465015021958775532e-01 4.286089781345367555e+00 4.611967056703128343e+00 3.798331367333203090e-01 2.455816577032477799e+00 1.673726655303073185e+00 1.227937998453446866e+00 5.683771563722435971e+00 2.998633819455811977e+00 4.847177462197500120e+00
3.157579815316373217e+00 3.590207594118189682e+00 4.911920184347805751e+00 4.726004247897999666e-01 2.029324938664864408e+00 1.683045691927169685e+00 1.909766647502036507e+00 3.457168597241436991e+00 3.017464801213609160e+00 1.985491179658485095e+00 3.179113772356909173e+00 5.016281874695373233e+00 1.755165113914172736e-01 2.361862539197014055e+00 3.780439294543561424e+00 1.344541504901436868e+00
2.485213337773672482e+00 5.920147175784141957e+00 6.216868812283927959e+00 1.882391954453086269e+00 3.494898330638300799e+00 2.030219351147750650e+00 4.434027483531111535e+00 4.475175348860874536e+00 5.638218464839657440e-02 5.344476858741945335e+00 1.586374160299600877e+00 4.077717104544237081e+00 5.696836409333331019e+00 9.228678088852855232e-01 1.393677393356584915e+00 2.249149497903269790e+00
6.043778359976898606e+00 4.887799004710425166e+00 5.765207943758767328e+00 3.934158508526589326e+00 6.188373257255046056e+00 5.253763600991332439e-01 3.541519111470466274e+00 4.696882956524015995e+00 2.156607451522107866e+00 1.360767844357192446e-01 4.686008018312724843e+00 3.755394093039775782e+00 1.894132348191746695e+00 2.534642033055852561e+00 2.319969622804039400e+00 5.686025761129505973e+00
1.459195787140682432e+00 2.208904687410579548e+00 3.341958637939299148e+00 1.595521961198469674e+00 2.585308731848356079e+00 3.738096271149088157e+00 1.182780783740482011e+00 6.114152292337919903e+00 4.033403793215762256e+00 5.614714585000641911e+00 1.687961705592234241e+00 1.267853802916136141e+00 3.897716425594147882e+00 3.820766261852494294e-02 4.881968100429512347e+00 4.603037828853404179e+00
6.154902688024590063e+00 5.591183032015197618e+00 5.567170982126545820e-01 2.635156714426507119e+00 5.920595600401930447e+00 3.928501805085405252e+00 4.522598597117893249e+00 1.497970121109461150e+00 6.093746766157487116e+00 3.860731728919365668e+00 9.700123561274356376e-01 1.111285643040265114e+00 1.010861385231051957e+00 4.054544401857495650e+00 4.244781171727129987e+00 5.665258446606942222e+00
1.033825010152915613e+00 4.054140547731161170e+00 5.064472296775911708e+00 4.012290856991653776e+00 3.943311742570101419e+00 3.359124865506811553e+00 5.182359533387368877e+00 1.519292414089318033e+00 3.014066773938834043e+00 2.057605180812496659e+00 2.444907852290931327e+00 3.675602266900016346e+00 1.165721121800144422e+00 1.193716174073664149e+00 4.735271293070727694e+00 5.569046024534421990e-01
5.147222326343873000e+00 1.812078345739307039e+00 4.559055123576359669e+00 3.513703800965342516e+00 4.560208822206480939e+00 5.308020780951377304e+00 4.099669742578262444e+00 3.355273619104882865e+00 3.966393892560621026e+00 2.555934263348664803e+00 4.686937963936649076e+00 3.276055539869081823e+00 5.888887429778338678e+00 1.909713990341401990e+00 4.993674701739147181e+00 4.940785761030012324e+00
5.527455253710292560e+00 6.693204186833386082e-02 4.767235810877505031e+00 1.255143488782073935e-01 4.023242037098123447e+00 5.648607380992996418e+00 4.808364613865102832e+00 3.692264500621306400e+00 3.499430448719063058e+00 1.655197798775212226e+00 3.283787923093608452e+00 5.359179055684080595e+00 2.199948156431822621e+00 4.543736741994619521e-01 5.060920490969866847e+00 4.217857842462256479e-01
6.281854755734818108e-01 2.561054891755082163e+00 1.205239131042309397e+00 2.264052505693709971e-01 5.790229207669204126e-01 1.321543965806236676e-01 4.960666937683912536e+00 5.959831497610806217e+00 4.995988348001015211e+00 6.192308691438848989e+00 3.673512399235811632e+00 3.172000416265113643e+00 4.480373663901882075e+00 4.744355994544703137e+00 6.347473629102413639e-01 4.887355921216279597e+00
4.639790094407612919e+00 4.667410455648483669e+00 5.560296110975991191e+00 3.621038275099630166e+00 5.588717100682485395e+00 1.999995057338533444e+00 3.391648946246557550e+00 2.348739342418251663e+00 4.133749251648950462e+00 3.305105312605628232e+00 4.520308058142354035e+00 8.294233489838900297e-01 6.071622420886555460e+00 5.880939475556276719e+00 2.636185013208218297e+00 1.883653774444749907e+00
2.699667963569772233e+00 1.983972076979869215e+00 4.847766701837556980e+00 5.294267734854532392e+00 5.050442257044897687e+00 6.213759369375887687e+00 3.060489326323251547e+00 2.309644115762150562e+00 4.263270866101835033e+00 2.218260466530048713e+00 6.063809783551613819e+00 1.117841843956142611e+00 1.555238304602237109e+00 5.081373752487597706e+00 6.250110952932680597e+00 3.844452633813610465e+00
3.133901229936097543e+00 1.795815750961014201e+00 4.233407913779424270e+00 5.250518058357024564e+00 3.076342906471715710e-01 4.704893118442033284e+00 1.583312772862158990e+00 4.733714579899083397e+00 9.037930298448479949e-01 2.914051774998778654e+00 2.886615082317029568e+00 5.540018281349673446e-02 1.446760702973430401e+00 5.642650981739308236e+00 1.674363493649684953e+00 5.864270714473737156e-01
1.044933332626653222e+00 4.604551728277455069e+00 7.211804939595700681e-01 2.418543909555338711e+00 2.051066968432248672e+00 4.074534604193547516e+00 4.554392715693757587e+00 8.949988750244545210e-01 3.832393482695348297e+00 5.568763316423388510e+00 1.228602318779256297e+00 4.813132587120490413e+00 1.150561235729889331e+00 6.199837993953320137e+00 6.153924820951637287e+00 1.940831848301740603e+00
3.933841657680526294e-01 3.338417567195235858e+00 5.800243741539783393e+00 1.696350496562097354e-01 1.340777655180307892e+00 9.260135130827077399e-01 5.745104146285452629e+00 2.046406124006387550e+00 1.697981122807968868e+00 4.138432494224864588e-01 4.765860022868858792e+00 2.977856463325685876e+00 4.401069957476389405e+00 6.409037086455342536e-01 1.581167887485218859e+00 4.827945946562938739e-01
4.827746270295913078e+00 4.676597353025675474e+00 3.817863219520570617e+00 2.569374396407904104e-01 3.020881966312892186e-01 4.866577797496579372e+00 4.938859922082257548e+00 3.790066867250370675e-01 3.649075998303701773e+00 2.694969021464784564e+00 1.117579850117058349e-01 3.047074786121939383e+00 5.048682467801921092e+00 1.784588605328952138e+00 4.715894977077942585e+00 2.256753765389633237e+00
9.626600229390259722e-01 1.987253286269928809e+00 2.334836836815513017e+00 5.854262021269158289e+00 2.357393497944300087e+00 6.077170823502692443e+00 7.801798139432736257e-01 1.255941412013240832e+00 5.414861766465699944e+00 5.736936688440325227e+00 6.152350371815581198e+00 3.380452990956137160e+00 2.144721730588223518e-01 4.476112832744927772e+00 4.657515142117466311e+00 4.214974397452192711e+00
2.842001142734152275e+00 7.090462473820452471e-01 3.431054095631799417e+00 2.938368505063789549e+00 3.262090398989487827e+00 1.770138544868745889e+00 4.332060455570123203e+00 5.514943313971589767e+00 1.193267871193072205e+00 6.280073964565914935e+00 2.505620209923652197e+00 4.022015559418883335e+00 3.739791008726023769e+00 6.194698969015013379e-01 5.036643658736924323e+00 3.600777369741353429e+00
2.717944938393944687e-01 2.381099522307891458e+00 1.513432750075475175e+00 2.599401573407781996e+00 8.355787594033874388e-01 2.585436666812106044e+00 3.218260155288416247e+00 5.798816145295512925e+00 3.934990700052573231e+00 5.686761864540526012e+00 2.174410924992953742e+00 3.744884015492772278e+00 9.354885910869957799e-01 4.981881588601945410e+00 3.063493302422238607e+00 1.344052649449368531e+00
6.227338818116012753e-01 3.646089389412032311e+00 1.676153063482247241e+00 4.389384247045849285e+00 4.437864961702388200e+00 1.388251599522796198e+00 4.181294895260485589e+00 5.275540830326574948e+00 1.150016123751331221e-01 1.529203341305306996e+00 4.038165312600306978e-01 1.613328798636086248e+00 2.398785763496809331e-01 3.601204698177126851e+00 4.608283494417448445e+00 2.880039605797497515e+00
3.006733346718852395e+00 5.650906621017909082e+00 2.432290232955188092e+00 4.789266310967906115e+00 1.183225513481665159e+00 4.598441977053831842e+00 4.656813674700591155e-02 8.930176879324384087e-01 6.235790269760453697e+00 1.971595455242680872e+00 1.613305363479003329e+00 2.060473228145068614e+00 3.889835423369307488e-02 5.274504153349288300e-03 3.132340413000840318e+00 2.704526606914653408e-01
1.964450625161832942e-01 3.696210843663852330e+00 3.088418407571786428e+00 1.260229637989658036e+00 3.985696366465449891e+00 1.012278303352498021e+00 1.537578614659240506e+00 4.482262711660102816e+00 5.637603315899927026e+00 2.740716572595266687e+00 4.499749459616951164e+00 4.607370656800465092e+00 9.434109791824908386e-01 5.992096440924698619e+00 3.582417399802188207e+00 1.244471112498327647e+00
5.481338455012511268e+00 8.706164793490686060e-01 4.248804373176119142e+00 4.065953544981925738e+00 2.422267960781591789e+00 2.280401657876028665e+00 5.447935967696482251e-01 4.447158571312377795e+00 6.963355977403331946e-03 1.813259730017791727e+00 5.672131053598995720e+00 4.449002051648887957e+00 2.425725261356611373e+00 5.161509497531830526e+00 2.318169405472461531e+00 1.298869190870047374e+00
5.483429965107868842e-01 3.138194120456512248e+00 2.664145049436489110e+00 1.522923708768823881e+00 3.287893341311280970e+00 3.969192371779538764e+00 8.170767821634994377e-01 4.699637026000721640e+00 2.291170646678814649e+00 4.120827062673660390e-01 1.725207172459901628e+00 4.440066701090138679e+00 5.668088060893708757e+00 5.037674749050891077e-01 4.762089249874298602e+00 3.157471254025593588e+00
