1.198000000000000000e+03
1.777000000000000000e+03
1.967000000000000000e+03
1.105000000000000000e+03
9.460000000000000000e+02
2.301000000000000000e+03
2.221000000000000000e+03
6.270000000000000000e+02
1.901000000000000000e+03
1.540000000000000000e+02
2.200000000000000000e+02
2.200000000000000000e+01
1.460000000000000000e+02
2.053000000000000000e+03
1.620000000000000000e+02
1.620000000000000000e+03
1.387000000000000000e+03
6.140000000000000000e+02
1.144000000000000000e+03
2.318000000000000000e+03
1.871000000000000000e+03
1.008000000000000000e+03
1.988000000000000000e+03
4.960000000000000000e+02
1.347000000000000000e+03
1.570000000000000000e+03
1.745000000000000000e+03
2.178000000000000000e+03
1.514000000000000000e+03
1.694000000000000000e+03
1.281000000000000000e+03
1.097000000000000000e+03
1.770000000000000000e+03
2.312000000000000000e+03
1.123000000000000000e+03
2.095000000000000000e+03
1.531000000000000000e+03
2.077000000000000000e+03
2.441000000000000000e+03
1.814000000000000000e+03
1.140000000000000000e+03
2.380000000000000000e+03
1.180000000000000000e+02
5.750000000000000000e+02
2.200000000000000000e+03
1.790000000000000000e+02
8.880000000000000000e+02
7.410000000000000000e+02
1.153000000000000000e+03
1.976000000000000000e+03
8.700000000000000000e+01
1.048000000000000000e+03
1.174000000000000000e+03
2.540000000000000000e+02
9.210000000000000000e+02
1.943000000000000000e+03
7.500000000000000000e+02
2.056000000000000000e+03
2.206000000000000000e+03
1.840000000000000000e+02
2.492000000000000000e+03
5.280000000000000000e+02
7.650000000000000000e+02
6.340000000000000000e+02
2.520000000000000000e+02
1.429000000000000000e+03
8.400000000000000000e+01
2.143000000000000000e+03
1.302000000000000000e+03
1.872000000000000000e+03
1.675000000000000000e+03
7.640000000000000000e+02
5.100000000000000000e+01
6.410000000000000000e+02
6.100000000000000000e+01
4.840000000000000000e+02
5.760000000000000000e+02
2.335000000000000000e+03
1.481000000000000000e+03
9.610000000000000000e+02
9.410000000000000000e+02
1.611000000000000000e+03
2.327000000000000000e+03
2.218000000000000000e+03
4.120000000000000000e+02
2.030000000000000000e+03
2.600000000000000000e+02
4.400000000000000000e+02
1.001000000000000000e+03
1.840000000000000000e+03
2.159000000000000000e+03
6.010000000000000000e+02
1.700000000000000000e+01
7.600000000000000000e+02
6.430000000000000000e+02
1.497000000000000000e+03
3.210000000000000000e+02
6.950000000000000000e+02
2.313000000000000000e+03
1.290000000000000000e+02
