4.127558036771936223e+00 8.910204458594873922e-02 2.712237430674529381e+00 7.134329085619817157e-01 1.285691035844035657e+00 2.988726499824681859e+00 5.611708283753145565e+00 5.627917556486787376e+00 3.315300145217795480e-01 1.705332460641248327e+00 8.786025654508296256e-02 6.644622588932054263e-01 2.811863919317941996e+00 4.371067305523299029e-02 5.958277415082860351e+00 2.594940077621210595e+00 3.396424749588667691e+00 1.436032586122993226e+00 3.296641757376714832e+00 8.398131265814691160e-01
1.610951752237120171e+00 2.908609638105044581e+00 2.150628008040539108e+00 5.250468473107675393e+00 2.852223913288204349e-02 6.189938089082598793e+00 1.151970469403684305e+00 4.963782463606090545e+00 2.839569916136484018e+00 5.911855494669593369e+00 1.572683830199684829e-01 3.791215007617729782e+00 5.194376070057781902e+00 5.913450105700898796e+00 6.213359385892041509e+00 4.254727969924796405e+00 4.342517910548211013e+00 4.996670543295998357e+00 3.532542199452082254e+00 5.230139433411175709e+00
2.713034002285365176e+00 1.763888321407889759e+00 3.119553864362734963e+00 1.377456971820665288e+00 9.666515734772284096e-01 4.117964202366851012e+00 2.370839737294315963e+00 7.274933976796107982e-02 2.199641576649551844e+00 1.725078408465932078e+00 5.809039073119055097e+00 4.912455508027972151e+00 2.877884210066469439e+00 3.762439421073069390e+00 2.800607318554447556e+00 1.311510670828384795e+00 6.152639956748123140e+00 5.956195151743552074e+00 1.586771508032762124e-01 3.503873295402751165e+00
4.344155542513268742e+00 3.537627558088136226e+00 1.175149472898902869e-01 1.752337499669800458e+00 5.178324084740297373e+00 5.901362930279156593e+00 5.684609562367758606e+00 3.958210965942922321e+00 3.292109908011014441e-01 2.508912117238123685e+00 4.562565001250455943e+00 6.210104971060114387e+00 5.038385633092027582e+00 3.393912235800727206e+00 3.805695876482910300e+00 3.721815645494119362e+00 4.727882392012169532e+00 4.192115274818084103e+00 6.160749404600274204e+00 3.645984926280321226e+00
1.500222739888949164e+00 2.840387024436417107e+00 5.205366942368585548e+00 3.561309649865474380e+00 4.397615631150847193e+00 5.701619804192469276e-01 8.526676959486189089e-01 4.228964050167427935e+00 2.841703865818673069e+00 4.368102269897774725e+00 4.118078390196717287e+00 2.652621266037974657e+00 1.229161808390536903e+00 3.999016753364164511e+00 2.712975815138570557e+00 1.511724416263601073e-02 4.327841536541683354e+00 2.347853286728098343e+00 4.820038175247612244e+00 2.485299693785598230e+00
3.937207542195613641e+00 2.932418450102311169e+00 5.132180310743146734e+00 4.961302352466579357e+00 5.749730541495731373e+00 1.274444152298643163e+00 4.527852446024577482e+00 2.255240477568344559e+00 4.514942900743827536e+00 4.091358097589399279e+00 2.261067338552503969e+00 2.246904720660331201e+00 3.172332547392462843e+00 5.018894106360710872e+00 1.266267166288361778e-01 6.243007794910730546e+00 1.459361781366911082e+00 2.167011593389124080e+00 1.344747189402343723e+00 2.131802510591869829e-02
6.578350348349076837e-01 1.172828116771565954e+00 2.185069061548344238e-01 4.336101203563275774e+00 2.981570165791573412e+00 1.853098049815350867e+00 5.085123644445699753e+00 4.606756377805280245e+00 2.818237704676829658e+00 3.952838494278045456e+00 4.961654092553839490e+00 4.883030931104758388e+00 3.789890513149696716e+00 3.772043111474388866e+00 1.377590816051227574e+00 4.506054347686015760e+00 3.976249151635122825e+00 1.732400079735195941e+00 4.014755058787070396e+00 5.704250441946241423e+00
5.207178396795029141e-01 5.015676711100010898e+00 4.352298660350287562e+00 5.562943504814143125e+00 2.419579538002229580e+00 2.971433097097517795e+00 6.064743545958110715e+00 5.639794206116091502e+00 5.457895044190211209e+00 6.281146049021860911e+00 4.597410320337605327e+00 6.124698908796819552e+00 6.100227298501749829e+00 5.780788050482142282e+00 4.288377507919708620e+00 3.125017818736470332e+00 5.560799140703083232e+00 2.401733610651765272e+00 4.666756639020228192e+00 1.611311552331456509e+00
1.821895951723176421e-01 1.667646925257491919e+00 2.717720592482515407e+00 4.891691026377907647e+00 2.949601240063773666e+00 3.955464597698600038e+00 1.289968235909890293e+00 4.826297411054889075e+00 1.909352237431356514e+00 3.748273629990733102e+00 1.771040742322098627e+00 4.088530193341735952e+00 5.875232471678613067e+00 3.682547417163813286e+00 5.203217682455004045e+00 1.882475100466299400e+00 4.132367150355138463e+00 3.385580259128467162e+00 1.155390634548767004e+00 5.222538321587479437e+00
5.804079418797052803e+00 4.160715943022890606e+00 4.500290209295919830e+00 1.684730752825833289e+00 9.048392478130004024e-01 4.462831455769403988e+00 1.830224642870284857e+00 1.824348870630540631e+00 2.114198969431310804e+00 4.285738875702555184e+00 2.178169586818175851e+00 2.894961520667814536e+00 5.169874504165393958e+00 4.659630306804189104e+00 2.013283822894221808e-01 1.141947289963345380e+00 6.029064595960996975e+00 5.246495812362412803e-01 5.374084053073071132e+00 1.486762994822454997e+00
2.891457081067952739e+00 2.925115535034838121e+00 5.407011782400741318e+00 4.009187917587234473e+00 3.911678872149408015e+00 5.146582014398111138e-01 4.783976151373920516e+00 4.519774927133167530e+00 1.292472236653279705e+00 5.992609057912599901e+00 3.506623944044137353e+00 1.779993772432840071e+00 5.467705366355827046e+00 3.928377517872261304e+00 1.132862493933190828e+00 5.371979973912930362e+00 3.117742958750990279e-01 1.016117167525840026e+00 6.547870954888297401e-01 2.173880334129526304e+00
3.652415691537096887e+00 4.067877756394614686e+00 1.979239640497934216e+00 3.596480138850496111e+00 3.232889190866605755e+00 3.008609912606992953e+00 1.377245460932126075e+00 1.570286315228193175e+00 2.741511663385116204e+00 3.521514237696892646e+00 5.527342828127901342e-01 1.085903410835312721e+00 2.269577274361991748e+00 6.414060046679377347e-01 7.841768370560017187e-01 1.274432598236803882e+00 2.062829784630889840e+00 1.924416186439030563e+00 4.815844595795173433e+00 3.613150974466452059e+00
5.396894986097871438e+00 3.816546027692645282e+00 5.904900429501870107e+00 2.602930870260023788e+00 5.707626979344380125e+00 3.749311621996081367e+00 5.558607162521500555e+00 5.620225737702087443e+00 1.919666213356330475e+00 1.219549433618286161e+00 4.674524985032897817e+00 9.354958328740136109e-01 1.808622245103088444e+00 6.388127487901638091e-01 6.221494154488337314e-01 7.556196152655211273e-01 4.481632725726837130e+00 3.512018652424234055e+00 9.316803506698720372e-02 4.823817847537200443e+00
1.319768640387898540e+00 2.555925645951237613e+00 6.752575958642071940e-01 2.741400418760045365e+00 5.966904235466714113e+00 1.591151563646162170e+00 3.739436815422229055e-01 8.575546755499948715e-01 5.259413340252824476e+00 1.757777045952801487e+00 3.096505537764445481e+00 4.933415787786014306e+00 5.821882765610795651e+00 5.666331581994344724e+00 1.150406367103324612e-01 4.573728461105980969e+00 1.926377325406042562e+00 3.984415374380366470e-02 5.706017601516381710e+00 1.047407854657323584e-01
2.036492445112261684e+00 4.575131490443935078e+00 4.576290521284294144e+00 5.541877260336302236e+00 4.588762128077640057e+00 4.042711055780317864e+00 1.811453794092485081e+00 1.824055805912069950e+00 2.261169213243350296e+00 3.352732731517466203e+00 5.924944694145432678e+00 4.187626191370396711e+00 4.724817721082668481e-02 5.118906481944733855e+00 2.813155327915829229e+00 2.786721785667418683e+00 1.533508130223252053e+00 4.715910740202655660e+00 4.367703503299273926e+00 2.043912867142556156e+00
6.188705509174849406e-02 8.113749996839655365e-01 3.752866255969720122e+00 4.155790414334216365e+00 3.946456790762096212e+00 6.211313115075035363e+00 7.006978202392842858e-01 3.452615653196260403e+00 2.843599447269674396e+00 1.282097047921801236e+00 5.118345097180959646e-01 1.809017527832694316e+00 4.419149413348370636e+00 3.093019582093978759e-01 6.280254476201490021e+00 4.036177020653543224e+00 3.374838172546533066e+00 6.200818796538980493e-01 6.215235038715021254e+00 4.204153147762541565e+00
2.597103620899336551e+00 1.281267928399340006e+00 6.222543260695662326e+00 2.825626963506457923e+00 2.640070658015182037e+00 1.633388663070729052e+00 4.848463576587551116e-01 6.242958762759812430e+00 5.289200051868854224e+00 8.933880503895617886e-02 3.011602393811656508e+00 2.495777500687054451e-01 3.571213694512024084e+00 5.137268338769741816e-02 2.699920644628748700e+00 2.014727096362677106e+00 2.748427780530343867e+00 3.847171387137144460e+00 3.311130296800723460e+00 6.165394793232350956e+00
4.626236328700634282e+00 4.135232368697714378e+00 3.119572075177509340e+00 5.968580647352911939e+00 6.135131195383687341e-01 3.010616241296551365e+00 1.173317287870073278e+00 4.376604305328354094e+00 5.517660216580133614e+00 1.891016950335132840e+00 2.738621487604264271e+00 3.927570961384204473e+00 1.138534203587510119e-01 4.729489147944068161e-01 3.405790984752140815e+00 4.588740237387918697e+00 1.481344278524357350e+00 3.392233112487174074e-01 3.991607755493333354e+00 2.481570046055321388e+00
4.372113341300523537e+00 4.050958716077657229e+00 5.185707519746177496e+00 4.644350210057181627e+00 5.350902918390786134e+00 1.241730539417873480e-01 7.274170597522878756e-01 2.284486691682809045e+00 3.736498103486959543e+00 3.698464958056370211e+00 2.608579890694756043e-01 3.645743014210108157e+00 5.153684073402175159e+00 2.154772425896544163e+00 3.470495667201468848e+00 4.291905457643713895e+00 2.093730086866193218e+00 1.404203061743179548e+00 4.051841976002616086e+00 1.448164382808140305e+00
4.523424137883310436e+00 5.397324000485120621e+00 5.195134216179195796e+00 2.208024112482847912e+00 4.215846515567877262e+00 5.414673290756830681e+00 2.140592794567520496e+00 3.841304027034305957e+00 3.190459399730527057e+00 5.186321236806436197e+00 2.954121038006474187e+00 2.217368227192522204e-02 3.426363537476428522e+00 1.155286641248001595e-01 2.545058715072020750e+00 5.077301328742579223e+00 1.562453971155335797e+00 4.939198675345209288e+00 3.815950360452107226e+00 4.127623247721045052e-01
2.432709573486747434e+00 2.803235659565462168e+00 2.912366707349492323e+00 3.262331358433187667e+00 3.263487335286487490e+00 4.579151330729338554e+00 1.047355897079530029e+00 2.837338346251675691e+00 5.279743665873899872e+00 4.462248035647988331e+00 2.083979573809144004e+00 3.871824840410422297e+00 5.988841065327020985e+00 1.272805580045265339e+00 5.648678417764925186e+00 5.366342507956416874e+00 2.077225408687209729e+00 1.663508043850508988e+00 2.824572606369373240e+00 2.053593566238195667e+00
2.375338713574510319e+00 3.679081155898897837e+00 9.500486382983356348e-01 6.238791497610765013e+00 1.274618493351699744e+00 5.199214587133828225e+00 5.060686995843543201e+00 4.176422508735076811e+00 6.221856876942495340e+00 2.830901628808398129e+00 4.482055748079881718e-01 3.638898445093329492e+00 3.428768146678252471e+00 4.327640437845417409e+00 7.592085257287750633e-01 2.679869365080458810e+00 4.558974119736028285e+00 4.780759991344692317e+00 5.476431896016201506e+00 4.373011922743846647e+00
4.185941559190375916e-01 5.855645864425531588e-01 1.453734296456849817e+00 2.316549920519926697e+00 5.764497196827732317e+00 1.835789728973846513e+00 4.900038944830598098e+00 6.201863036546879648e+00 4.554314967340535425e+00 5.625750978081849318e+00 4.832690380160574506e+00 2.731772591546016926e+00 2.954612564395192598e-01 3.919661554396219660e+00 1.403947634092477914e+00 2.792671148621844512e+00 5.046790849228056430e+00 5.013588461920055472e+00 3.801174980180976437e+00 5.008263826447376665e+00
3.014026172268614356e+00 4.747929223629353324e+00 2.582861568179579126e-01 2.933747471314807509e+00 5.755129865446605208e+00 5.151260565433794625e+00 4.248595800155694491e+00 2.258716047863570164e+00 5.204613586892882005e+00 3.071264880981594003e-01 2.763065432520448450e+00 1.164031747515122284e+00 1.637327524943255730e+00 5.690990243218926992e+00 1.705592169533081348e+00 2.439869990561128965e+00 4.294610358589483035e+00 1.377127819019382804e-01 2.045390253551812254e+00 4.689180619428849006e+00
1.080830668298142339e+00 2.193164689477963503e+00 2.885295162098631128e+00 2.958205000655327765e+00 5.737364938294058803e+00 1.817224881602951925e+00 2.745234680184572618e+00 4.672963271768565185e+00 4.672128662379705588e+00 1.485464742293872931e+00 2.522291074554943613e+00 9.259646725017689484e-02 3.938267828919137958e+00 6.241816110176774401e+00 6.408709318530492194e-01 3.033799516586354050e-01 5.097421898389616679e+00 8.127098766347380376e-01 3.743511735154409159e+00 4.215443337195334372e+00
4.337470617407196194e+00 4.315241506008959949e-01 3.152334931406987728e+00 1.037677236289172855e+00 1.414358478670183050e+00 4.654585663365050863e+00 5.581214230504797591e+00 2.554778689669240599e+00 3.030418314015930203e+00 5.260029529594524078e+00 5.272200071428016166e+00 4.243832318720030194e+00 1.667755322555294351e+00 4.660910114731703913e-01 5.173893976647637061e+00 5.854366720392335743e+00 4.545313598534478139e+00 5.753105293377292817e+00 1.089094538491811814e+00 1.111349248776948961e+00
5.999223900631156070e+00 5.184280024894754924e+00 4.999543113904771019e+00 3.622847955744127546e+00 2.394662134338891857e+00 3.064143289088581135e+00 4.633044853356078185e+00 3.114187667213989208e+00 5.468272637350312770e+00 2.613262308848408821e+00 1.119497529936549274e+00 1.818390063664791390e+00 3.699249243278034172e+00 5.160805007005099476e+00 2.589730517543539445e+00 6.758512577892296092e-01 3.698166504467332860e-01 4.863689140394701127e+00 3.745242435278897997e+00 4.949022082353957686e+00
2.198671240251070191e+00 5.777613543439655830e-01 8.351278986806462412e-02 5.020071062542576179e+00 3.662593389587062820e+00 1.894964491691287556e+00 3.228889353200141255e+00 3.700808603533339625e+00 5.965201220272467353e+00 6.982314568078099581e-01 1.352549201961354086e+00 3.123175438640782176e+00 5.373550098551642673e-01 4.484769624124098186e+00 4.313264799911959990e+00 4.509642375136860615e+00 1.501891322756118141e+00 5.597701454748519545e+00 5.781150073264279321e+00 1.916023973671051039e-01
5.729902718390501803e+00 3.879533824873006687e+00 3.860204490866993687e+00 3.733325941432228845e+00 5.026646807531480299e+00 5.366895560560470457e+00 1.952833396233435659e+00 4.785516525844514257e-01 1.684340511490769021e+00 3.507391888535044355e+00 2.186119071823663607e+00 1.869195966967172273e+00 4.245517441781148982e+00 3.962905900407795112e+00 1.976934364491303553e+00 2.640281684221450931e+00 2.833208840649650284e+00 8.739519536668177713e-01 1.254217609354247642e+00 4.265677601192898294e+00
4.259930521346187327e+00 2.651384208218316996e+00 2.382884571121333117e+00 2.358061750717982630e+00 4.518610218484649721e+00 3.404232074744654390e+00 2.264239673814793186e+00 2.382334328392274880e+00 8.361113743449434255e-01 3.162500147723243948e+00 3.482269267483583675e-01 5.562505106956723289e+00 3.999926529399666641e+00 1.847364583347924638e+00 3.116499457093662162e+00 2.408466090323601261e+00 1.920052900044672217e+00 4.715763376637267967e+00 5.148235711721804719e+00 8.922134775557950537e-01
3.006686746482480022e+00 2.289827950013559210e+00 4.477585110945002889e+00 1.900666912987616364e+00 5.199154930267829933e+00 4.183296389482030975e+00 5.295505869523673859e+00 6.202867516754086097e+00 5.635989557673440231e+00 1.167478920296230349e+00 5.422330950171259545e+00 4.529042423493601532e+00 1.568761794012785371e+00 5.515955036552615098e+00 2.430426750379226952e+00 4.136456249616956349e+00 6.256447040136272619e+00 5.519293641003456763e+00 2.516442624131965289e+00 1.241187533278815813e+00
5.172491510722573516e+00 2.653307692529561557e+00 1.602644485166198340e-01 3.998198328308005589e+00 2.863588285164641256e+00 3.105504489053796835e+00 1.552605414081353885e+00 1.782257348267217711e+00 4.669226717465135401e+00 1.009507771743105131e+00 1.173349440156330914e+00 2.103179960197044451e+00 3.173352877366450553e+00 3.658118561732913721e-01 4.391962331649782669e+00 6.099000284236135716e-01 1.099879280259024039e+00 1.738806110375308578e-01 5.646392575870311070e+00 5.844446425181660132e+00
