2.229407704599505102e+00 2.472049567604059028e+00 2.889137116773870861e+00 3.997624092744387347e+00 5.185901460871001234e+00 3.870355096155676300e+00 2.448035802753493417e+00 1.046915407112854607e-01 3.830102405415265476e+00 6.273306151857653834e-01 5.282960532194201697e+00 2.289469725511752873e+00 3.477828932282555741e+00 5.216318028468547752e+00 3.676811015992023091e+00 6.193517604278338418e+00
8.145130594482810071e-01 1.142686422113348144e+00 6.181685762754702829e-01 3.159972776232049529e+00 5.368418948299912508e+00 6.205104141479812263e+00 9.754474659594103425e-01 4.788536190340322740e+00 6.935799841093430729e-01 2.769323299824055784e+00 2.212834920549750617e+00 2.010318853736670519e+00 4.038269078539544310e+00 8.833058786559286890e-01 2.026401658113432980e+00 3.350162717976751470e+00
3.560024241677989032e+00 9.054441835699851282e-01 2.240954180205580570e+00 4.058871147614160790e+00 4.076200745101798084e+00 4.007627422037295162e+00 1.920665365528980706e+00 5.909285465342478894e+00 4.739363470123614808e-01 3.271200548817262188e+00 2.695639866561842624e+00 1.758016383821306761e+00 3.011444919339633319e+00 1.850546087100758685e-01 3.531146360290409625e+00 2.520479305643118506e-01
1.135418246728467029e+00 6.033855373539458888e+00 1.075885255926024797e+00 3.872996746629345566e+00 2.184040532891903919e+00 7.649022670269434165e-01 3.234292468772483886e+00 6.522964003679270206e-01 4.372160563979471171e+00 1.653752232975791436e-01 2.831912917582491751e+00 5.109929869088601251e+00 4.472390297540452586e+00 2.125945170250633787e+00 3.545561255415170532e+00 3.616877083150962235e+00
2.130916173599844754e+00 2.694810733619835919e+00 4.227429470159632663e-02 1.598365723710258202e+00 1.977818874692119366e-01 1.329796308919973247e-01 4.296013228830897646e+00 1.096002269909339827e-01 2.126059165128542094e+00 2.828038071461675518e+00 3.943269066421622782e+00 7.861986174079678147e-01 5.481721826444776013e+00 6.922141341113952073e-01 4.593716112632188597e+00 3.418501761710796671e+00
2.979693898933268414e+00 2.246553114546294250e+00 1.447823369493818069e+00 9.420433332979605279e-01 2.532525184536036811e+00 3.326427064103267828e+00 3.623745608994257683e+00 9.732080473740113424e-01 2.322204211089389236e+00 6.218159477774115373e+00 4.074371780134515397e+00 3.763416023227918128e+00 5.804709215860217597e+00 5.243372158945762251e+00 4.187426807714652810e+00 1.558206027594204873e-02
2.586408486879339552e+00 1.747804929989530853e+00 3.631204564267905610e+00 3.010343700453241844e+00 3.739956481051843085e+00 4.024716117341162885e-02 4.365774219874938744e+00 1.314247844633489093e+00 8.871213752540459963e-01 3.717536071172048207e+00 2.859816283470361653e-01 6.238740181141940511e+00 4.964408767385205756e+00 4.190866810070475346e+00 5.323853511924928061e-02 2.221252920328084635e+00
5.090917873304477759e+00 4.981814255444949602e+00 3.887442761456578300e+00 5.437504023146864540e+00 3.138617990946560798e+00 2.757968522176922566e+00 4.247897468748828231e+00 4.653607690778790995e-01 1.150243753640561861e+00 5.807819760298523093e+00 4.506671213419702227e+00 5.736389953237157613e+00 3.505305461258765742e+00 5.112751355008382959e+00 2.225781160070408493e+00 9.974512014069035759e-01
8.377664843580880927e-01 3.593028482799442536e+00 3.359581482853724932e+00 1.775027601528113674e+00 4.496452490588549455e-01 3.455488741399411978e+00 3.386568400961421088e-01 3.994507571305915494e+00 3.459994645679775438e+00 3.613649625473091209e+00 3.950165056654959983e+00 4.060507323326833173e+00 3.663379622205596320e+00 5.661188729505012063e+00 4.477091106862863157e+00 4.864586507430505025e-01
2.963225066650421624e+00 1.087119005292630947e+00 2.850108418425524981e+00 3.490684308018371595e+00 5.724174433142449558e+00 8.964455838262619380e-01 4.743118156584859690e+00 1.945435992592250640e+00 5.209829561654694352e+00 1.917593226183545996e+00 4.371491376962203468e+00 4.624649247818006792e+00 5.722137702189971087e+00 9.971796867106488271e-01 2.227394874478386022e+00 2.314677810162406146e+00
3.088494014138714050e+00 4.928912234829579297e+00 2.158327791700100029e+00 3.680694471357929043e+00 2.780374430975259159e+00 3.813108761023842774e+00 4.307352200953384447e+00 4.888362440400150888e+00 8.546489214711098237e-01 9.068980194084237390e-01 5.558323060618330480e+00 5.968542608704789920e-01 2.025738722968325689e+00 2.102747577233201604e+00 4.748769020920796002e+00 5.622312149449358643e+00
5.594387262317909837e+00 2.377186588821010638e+00 2.289039735017114108e+00 2.838259605213078629e+00 1.822881576802426018e+00 5.085844543311293542e+00 2.519248256177102796e+00 2.676303743920487754e+00 5.754639381815069843e-01 5.923664874008808034e+00 1.774041685925722645e+00 2.842110469246935889e+00 5.184993299413195977e+00 3.217870353767560587e+00 9.718765199305954283e-01 3.338121156057863193e+00
1.765934488333584129e+00 4.144123134243864470e+00 2.710342825244263842e+00 1.223472564475562629e+00 2.050614483183567760e+00 5.132642703536445694e+00 2.489767783490084874e+00 3.906797265480583814e+00 1.009236222869782873e+00 5.044923634538206469e-01 5.115467889095802079e+00 5.734501129249196083e+00 8.961239197906750720e-01 1.259759417576582941e+00 5.843654186276222795e+00 3.126700612046915850e+00
3.334476114293100757e+00 1.505175763859168292e+00 3.011072945233335130e+00 7.350080000784323664e-01 4.735867195559293030e+00 1.890569525856976796e+00 4.378977868657770500e+00 4.741423053708717639e+00 4.597280414753007194e-01 6.097875244571601350e+00 5.938724345581094077e+00 3.440420373492046775e-03 1.081583122884153036e+00 4.382855805118377468e+00 4.393347441721662250e+00 2.895472730294229802e+00
2.198414793671209289e+00 4.249489532409193693e+00 3.141148932660868365e+00 2.660500163008292507e+00 2.275306854680038793e+00 3.962957540280324764e+00 1.204416847470841434e+00 1.145282785776373213e+00 6.125465710853680967e+00 5.385395230657401555e-01 7.562330169189837026e-01 5.377578432099472394e+00 2.430136927685542680e+00 9.917649442036725604e-01 5.356213282131149001e+00 6.905301888269923527e-01
4.875898971258854964e+00 1.808537650037831193e-02 4.514916656376585458e+00 1.619695952103336889e-01 4.557579710822339258e+00 1.625803600884514477e+00 2.837550524206733371e+00 4.883925186338963442e+00 3.441059848685323441e+00 2.976964394813402137e+00 8.783474350422945109e-01 3.749928571610628425e-01 4.894337668731767010e+00 5.712972572567333707e+00 9.141913130772000295e-01 6.140111326313295592e+00
1.946433374642629444e+00 2.456402859118435256e+00 2.608686728306627067e+00 1.060802949476568280e+00 1.568691453165584448e+00 2.839039567577380296e+00 3.992503212529217471e+00 5.669676562469180503e+00 1.073896681187322955e+00 9.229668999821564190e-01 2.440649642323083679e+00 2.867235605379509167e+00 3.494825931703843036e+00 2.306130135571711204e+00 1.666412604578911161e+00 5.284571443586785655e+00
4.903743882381997210e+00 6.709624356129145761e-02 6.017990168228516623e+00 3.526288250694393334e+00 3.414586655759154210e-01 2.005727494268336741e+00 5.877928885365700573e+00 3.521156764646787174e+00 3.936798195375982523e+00 1.241916191854727014e+00 2.245628209175901002e+00 4.889004623849599440e+00 2.271599032660734707e+00 3.904645070553273367e+00 2.245410515621349745e+00 4.101742158091075119e+00
5.768924827813586731e+00 3.449538724526836297e+00 4.347462260176672366e+00 2.839916971121942968e+00 4.090591446821992605e+00 3.422755199846678753e+00 3.114395757268980436e+00 5.671899040102076128e+00 4.821104237300329665e+00 1.145582097283352585e+00 1.130569601559469728e+00 7.049302791444907179e-02 5.305357920913490233e+00 5.687995212585302163e+00 6.021899630179948559e+00 3.678109709536342975e-01
4.311079862135491325e+00 5.518535006500291829e+00 5.204577595552970060e+00 4.947535874984371418e+00 3.479393476587700373e+00 6.273537671879402033e+00 3.649572828439180405e+00 3.316050687030863475e+00 4.908009360580678049e+00 3.894523606534129989e+00 1.552243311365813838e+00 6.266044753736887962e-01 3.139005441915070804e+00 9.316291601431978542e-01 4.329950396138808166e+00 2.624664654079644333e+00
1.200140513140725229e+00 1.141129582521713148e+00 4.699704588041213049e-01 8.083113612030333739e-01 3.810866889358537790e+00 2.176573349336307750e+00 4.618667289177768254e+00 6.643620732772494153e-02 5.129270087942700229e+00 4.352767832147913296e+00 6.064987915941795649e+00 3.092750404609569959e+00 4.284905256465198597e+00 4.975552363771914344e+00 5.867622073738463229e+00 3.684733724585810943e+00
6.325491706065704545e-01 1.624384419876262697e+00 1.693149053351307609e+00 1.234825024674180760e+00 1.243183622691094836e+00 5.768503804500118015e-01 4.504293610421195027e+00 3.246922599225892991e+00 6.707708894792974164e-01 3.662967224468953731e+00 1.955396551007327677e+00 3.253085632220795276e+00 5.361943873149722428e+00 5.168779186760274591e+00 5.201799895870852453e+00 1.474269056738483297e+00
2.647196421044333281e+00 3.296948944275920113e+00 3.357909228861001960e+00 4.889282879251892311e+00 1.771280103911924142e+00 2.461416990240283376e+00 5.077492837008840354e+00 1.028115612572577442e+00 4.308631709313302527e-01 2.595717784035389553e+00 3.902969088844495005e+00 1.226315458182092533e+00 3.379326477949256002e-01 2.613288122675075709e+00 3.333178658078379097e+00 3.503732666677604524e+00
5.185706339104237950e-01 2.403041975601063029e+00 1.273393868508543747e+00 3.483496733039204152e+00 5.075903191875896781e+00 3.362639067426916650e+00 4.778568938630386675e+00 1.291674172490583139e+00 3.743820187189651483e-01 4.420439966938005227e+00 5.202630614341094528e+00 2.664422548081448738e+00 4.406876413686496186e+00 4.836778682775791260e+00 3.398679072015709846e+00 2.659660888292056047e+00
4.734671811313138079e+00 2.433411099951607426e+00 1.131313366839602264e+00 1.118936076117847511e+00 3.287853454397013486e+00 3.377458491659880657e+00 5.669215685513653291e+00 1.950128448368237288e+00 4.632283888354489676e+00 1.939305575221679512e-02 4.251819809432901387e+00 6.800176843389639236e-01 4.984535222109734320e+00 1.505030819489311167e+00 5.731919252113977237e+00 5.353004688128113919e+00
5.668245494283318031e+00 3.281554301913111260e+00 1.179020925098261431e-02 4.094962713230215212e-01 2.730518457518056330e+00 2.536020438907342189e+00 5.243512094590094819e+00 5.579660777244182412e+00 3.495060794819904615e+00 8.195740164594336186e-01 4.332473730211479079e+00 2.223140437358034127e+00 4.224481972331463275e+00 1.942462412729119681e+00 3.430912284521066891e+00 5.656666432597683425e+00
2.354240262342798484e+00 5.043694567658811856e+00 8.112759186724114446e-01 2.808030052378826191e+00 3.649882957652687665e+00 4.223530549307491277e+00 6.498601959347900525e-01 2.339482536419914549e+00 5.066006030745511701e+00 2.788810893133515378e+00 2.336513152617142541e+00 8.566147900629248468e-01 6.126295994764073605e+00 4.590588413241706967e+00 6.571637280554065708e-01 1.362113465476692653e+00
4.738583563733497428e+00 1.796808114595953798e+00 4.885796986344672632e-01 2.068624962994541239e+00 3.057336564641076393e+00 4.797006152121957356e+00 4.820134265173938282e+00 4.623645425839956857e+00 1.661957154681580340e+00 4.586227249875915568e+00 1.191949405508874626e+00 1.489531091234581162e+00 6.063996348858295526e+00 4.452120103679716223e+00 2.734958553320522290e-01 2.116620610614723119e-01
6.588589344108418677e-01 9.677746730002455555e-01 8.857064426422086578e-01 5.104264612979063642e+00 5.662040018065503943e+00 2.941652465310695241e+00 5.239427424806550881e+00 4.909589041707796753e+00 1.139203045382744389e-01 1.006472550416797757e-01 5.184701826840444561e+00 2.455113440436998418e-01 2.726448530595445341e+00 4.619539203043979469e+00 1.166827124447288033e-01 1.897293172922529969e+00
3.035275175208952181e+00 2.659728323891173307e+00 1.726856301350750078e+00 2.554691515628920051e+00 2.539601538340261033e+00 2.031156954661141878e+00 1.351503907754754819e+00 1.076153861714171933e+00 5.295672083620908133e+00 2.616334315627801832e+00 3.654781903078947902e+00 4.492914860244518138e+00 1.802666006368466745e+00 5.382752391440182471e+00 2.611564880050754600e-01 3.947405265030367705e+00
5.701021701276968168e-01 3.632331613070125531e+00 5.301614682690450664e+00 4.939518953618605046e+00 6.166153818731110015e+00 4.424045451496056103e+00 1.683716162019241347e+00 5.962231649194421612e-01 5.828647547814421515e+00 1.939327429714050810e+00 4.700148380163623685e+00 4.163178071605174724e-01 5.602798264283827656e+00 1.757054064654217651e+00 5.898669028525615587e+00 4.311713283084886328e+00
5.917090215537760045e+00 1.191003456879678124e+00 4.381152035838630887e+00 3.729324754622922455e+00 3.845690204547662638e+00 1.755262709734640936e+00 1.997670055882903695e+00 4.105252455964846448e+00 5.713227386175621980e+00 3.735951697380443637e+00 2.341723745562923398e+00 5.433048032167722141e+00 1.581200673468480256e+00 3.935777461289391432e-01 2.019989268480533173e-01 5.139799368967127968e+00
