1.801591278931196971e+00 4.060482191086444814e+00 4.309894565089787410e-01 7.688993305203273287e-01 2.961154976761293245e+00 4.170944863367516575e+00 2.384432069261237519e+00 2.986918787317332846e+00 3.322239792071833620e+00 4.539092888414951510e+00 5.048106463471514260e+00 5.563529740844098903e+00 5.380226085899471933e+00 7.196432120350367834e-01 5.713373021459130285e+00 3.614211139266448214e+00
9.806766703192425494e-01 9.404153835797037786e-01 4.298740395769611311e+00 1.125539101304350753e+00 2.369918373293018909e+00 4.756832730373436569e+00 2.894747689936333135e+00 2.272947843490750408e+00 4.742413848047819652e-02 8.563645606399082899e-01 5.781728436540680249e+00 9.644712540198957518e-01 5.051487874236697984e+00 1.660882271588350889e+00 2.127254756687567069e-02 6.168130070881638005e+00
4.533172226606504651e+00 1.071547389368108005e+00 2.664866328577739640e+00 2.775922890751425953e+00 3.816172047815617585e+00 1.716718194309836854e+00 3.425467653997710249e-01 5.940456203316887063e+00 5.252682307288177199e+00 2.110503244115345733e+00 1.189550472501884837e+00 6.215073307112373158e+00 5.049078136873718314e+00 4.798937288342639107e+00 9.199205075901707440e-01 1.599101446994351416e+00
4.610309551951175422e+00 2.183690702887827406e+00 5.058227943261436543e+00 5.134324609452222354e+00 4.432163527087793931e+00 1.152459754077521215e+00 2.882657450216486339e+00 2.898559696136183916e+00 2.082610379343565299e+00 1.360856744121562212e+00 2.113469444198919689e+00 3.991540455119469755e+00 5.704038300433732722e+00 3.389318305584875013e+00 6.501543913062679536e-01 1.271147634440366492e+00
2.738203691890500058e-01 1.416950075236941275e+00 9.642036978160957172e-01 3.594503455980875284e+00 1.117531059729852450e+00 4.469281796620586000e+00 1.814270070293818593e+00 3.507603270007547014e+00 5.804678255599959869e+00 4.649019260309263046e+00 2.846447206605092539e+00 5.283809506632537456e+00 3.699327245422272866e-03 3.333286814207630400e+00 5.413789458181072156e+00 4.080224164221442074e+00
3.270499849522265468e+00 2.091046129644869911e+00 3.318573679869996074e+00 4.805535352077214273e-01 3.848662146578059939e+00 4.759411727252351731e+00 3.005570830450079889e+00 1.135455772424617260e+00 3.339199812618979468e+00 3.883641661968140202e+00 5.935124551358535783e+00 3.840847456668533777e+00 3.989785806512542443e+00 4.654290195370312411e+00 6.008231424315320091e+00 2.093377072051740007e-01
4.728233669355203617e+00 2.871792839035964384e+00 1.903073068985087657e+00 4.916173862145574169e+00 3.974734358322745020e+00 4.411274430407925884e+00 1.482540122286702067e+00 4.646689769453536734e+00 1.341791062225302866e+00 8.566047746638432159e-01 2.912269198142942273e+00 3.599629236291206791e+00 2.788189895100519955e+00 3.770046805036312509e+00 1.114187251071009133e+00 5.184384340789820023e+00
4.663276462688647150e+00 1.180712656239512048e+00 5.234337286676733925e+00 2.798114810467028146e+00 1.454774169768005443e+00 3.699966477818436683e+00 5.359269034514031027e+00 6.377314388201554829e-01 6.020604467146017935e-01 2.544038447403925929e+00 5.304519568333733837e+00 4.194646835673244034e+00 5.984034160585770756e+00 5.449072174754776121e+00 5.472515568230664762e+00 5.995124209648912128e+00
3.062053080772122904e+00 5.340484493647618791e+00 2.175679865249624534e+00 5.207954753176005980e+00 2.596322216847310127e+00 2.195757286115780804e+00 6.595278704927531876e-01 4.404542768010839993e+00 3.930536532273428030e+00 2.519663886881039705e+00 1.476813947122497472e+00 2.070616181608576856e+00 5.507459275299042112e+00 5.643058652920971419e-01 3.632040686087442349e+00 1.000115777685406160e+00
1.546042712175036415e+00 2.050177282157694680e+00 4.213887669478696196e+00 1.464242882242560828e+00 4.830634026945445747e+00 1.896541091688765279e+00 9.419308866753656195e-01 4.209615027715769009e-01 5.136252120043000247e+00 1.600812226753916545e-01 4.377958315573123649e+00 5.209328421183819557e+00 5.806770641768272512e+00 2.714105361795827953e+00 9.760945684973140191e-01 3.133713318169558892e+00
6.194574532083351848e+00 4.934286725515816485e+00 1.145503328191130460e-01 3.179681991361385851e+00 5.365608835194013437e+00 3.738408323722562376e-01 4.608696745017923924e+00 5.825608565260497862e+00 5.644619498058514928e+00 1.046820137914026727e+00 4.297883719838715422e+00 3.035527691300307751e+00 4.555403001955226294e+00 5.225814533990277511e+00 1.462040757926696966e+00 2.317117035249006474e+00
4.895937057323044073e+00 4.919110262114088528e+00 6.049621033499710698e+00 4.449240139305548958e+00 5.290996592113640595e+00 5.972616888492171761e+00 3.521227699119253263e+00 2.939827876808547735e+00 3.416704218095284462e-01 5.465719913078487480e+00 3.809799705536103254e+00 3.288988877869099881e+00 1.592720903204468241e+00 2.610630214859299691e+00 6.416176618681503907e-01 8.881561789046354960e-01
4.153097024900708867e+00 1.815754134876619963e+00 6.082613844736972197e+00 1.919711496125383610e+00 3.921553251261157502e+00 1.632868656694445697e+00 2.980061678717291773e+00 4.795157524355802003e+00 4.256034589119174427e+00 9.964140118369714250e-01 6.252563454389683528e+00 6.332769524165601238e-01 6.134720726129696544e-01 5.628394048437161068e+00 1.808923412389948027e+00 3.060263260165866139e+00
3.842571161128003787e+00 1.946943305337622165e+00 6.267549547124534604e-01 4.355445192339963967e+00 5.100670679580984412e+00 4.158773850988241705e+00 2.863974266155016046e+00 2.250624874448698964e+00 1.360826618209746819e+00 4.481716908525246623e+00 6.238631584435933242e+00 1.530059686201006519e+00 3.616558563756571143e+00 5.001658421897609008e-01 1.984266311600646038e+00 6.012127865245489033e+00
9.278705418025521290e-01 3.351910916201559232e+00 1.689335721989082773e+00 8.673705559142481647e-01 2.701652661686301471e+00 4.931037769558455075e+00 2.703306943137292251e+00 4.193559573859911183e+00 2.222243942595219846e+00 1.013334394789283222e+00 6.073790586598873276e+00 2.630104584012423530e+00 5.683371364301414985e-01 5.690574951170509266e+00 6.282685504036426838e-02 5.328354496930302275e+00
2.874980228812018979e+00 5.501570551587511737e+00 6.016256707834679140e+00 2.561173608696555526e+00 3.505184982345458167e+00 5.836775042103860223e+00 3.037708686896336996e+00 4.529294713630005464e-01 1.500092169477935444e+00 5.877412528643407796e+00 5.797661510704407384e+00 1.742385276895329849e+00 2.674148698995805429e+00 6.010263962008676186e-01 3.878441603666924475e+00 5.803230249182650624e+00
7.945853777163813803e-01 4.779239590612887945e+00 3.237787131117811690e+00 4.769443726511728876e+00 1.526271972088083739e+00 8.229372015590979972e-01 4.383030215387871742e+00 4.324225117960099674e+00 2.039663152048345474e+00 3.710506349169098606e+00 1.024637336249007546e+00 3.786862229895761267e+00 5.149868674566251414e+00 2.788030857273617436e+00 2.618925198741561267e-01 1.023412982769781321e+00
5.744911535736267005e+00 4.501683429809257397e+00 1.787323670465019498e+00 5.176014816130957819e+00 2.673140640393414369e+00 2.395581707615629385e-01 5.836644547751965284e+00 3.841121615944333545e+00 5.958077491735776832e+00 4.957003614490421484e+00 1.367687998352386802e-01 4.382279367146785454e+00 4.383701305320535369e+00 5.533412739845926964e+00 4.858635751751419818e+00 8.253581979735171714e-01
3.485557266952730160e+00 5.543307493810562647e+00 5.803712716310612585e+00 9.442731604904919251e-01 6.236972928835511354e+00 5.444505856604192395e+00 1.758226931421987604e+00 5.746875444965891866e+00 6.138531032913079777e+00 6.000031318178468354e+00 1.506160139737482861e+00 2.267813628800348091e+00 1.975834638764021545e+00 1.821109575849527484e+00 3.075622199342175289e+00 1.871884634294525673e+00
4.321868111308091009e+00 4.410275776971988471e+00 4.572192665700217873e+00 3.242106865116285014e-02 1.320674862460454513e+00 3.434466798334955939e+00 1.237175542677227069e+00 4.903257488568719125e-01 4.410976319657056721e-01 3.534875032308391507e+00 3.664616086865006395e+00 1.812309024982541539e+00 3.456484888523164045e+00 6.730006370797851911e-01 5.298857790781543287e+00 2.319998919055138664e+00
1.988294796901560302e+00 7.914211744459969111e-01 1.213145246204436312e+00 2.273102144695500648e+00 1.324830718994744139e+00 2.263456583953529690e-03 3.561875593093532189e+00 5.329884720787051444e-01 6.298386466037959597e-01 2.826909455638964008e+00 3.317452294932312196e+00 4.579281405976150410e+00 3.004100772568375710e+00 1.684007474805637727e+00 4.262524549542872521e+00 3.631563363724361615e+00
3.107898019770746867e+00 2.870749950883908497e+00 5.425033069136403263e+00 3.902340844620218352e+00 5.997666297057960172e+00 3.105346398246342510e+00 3.578588481547571032e+00 2.129755216382242633e+00 6.834144317267920599e-01 8.642374180120692140e-01 6.225694856515119113e+00 5.693272734067385876e+00 3.700055563775960454e+00 1.978439550104322819e+00 2.751487062551484453e+00 3.516907359788322918e+00
2.258847627321923568e+00 4.620231864102570363e+00 4.687640403966955027e-01 3.575946580783443185e+00 3.006578790713429136e-02 2.020330131041033983e+00 1.979782508481031433e+00 5.667541795579562169e+00 5.539136742251927537e+00 2.503844538947335163e+00 3.300854588188583350e+00 4.634962842338825162e+00 5.267189735875913215e+00 4.664928031700834588e+00 2.109909822219316222e+00 2.066069435622049699e+00
3.940301239619980578e+00 4.988443715192467209e+00 8.540079783324678875e-01 5.851583260787921681e+00 2.753218747224399632e+00 4.551459554538331176e+00 2.703725632925000344e+00 2.693826645412862320e+00 8.853578176714749226e-01 3.319490625048161281e+00 3.923254680159613983e+00 4.728536375925859403e+00 5.301591480074405283e+00 4.004373315653429799e+00 1.426070861454871386e+00 9.820122339826025115e-01
2.001109269184007111e+00 2.974352453788491779e+00 2.669470179122628739e+00 2.330481911777577686e+00 5.473414870413618516e+00 4.984357661756379620e+00 2.843139297217490036e+00 4.423352696531085648e+00 5.837580922550320572e+00 3.635511448722830163e+00 2.414382872200085961e-01 5.345327549030614911e+00 7.643962413492894070e-01 5.751251310351670476e+00 4.945181293898297525e+00 5.620470294920840715e+00
6.001658395367321930e-01 3.105635667258646926e+00 6.234632867920828936e+00 2.711103661790327024e+00 4.849560390740248472e+00 6.168602557813427367e+00 1.868786388189914049e+00 4.448570663276602666e+00 4.028444851761878276e+00 5.174116572380421664e-01 5.242856535477526947e+00 5.363543617489942683e+00 3.441645734631219700e+00 1.244448792156896522e+00 7.407770083675214723e-01 2.437822973397944626e+00
1.430754674019919959e+00 4.528592240619910836e-01 6.077243252006795160e+00 2.096707893718101179e+00 2.467038963581130062e+00 2.556069435332780859e+00 1.928259653623533021e+00 1.294660554514756701e+00 3.655521985167629051e+00 5.872814046906952079e+00 5.944409173555312620e+00 3.280132194544627122e+00 2.486317656957801603e-01 8.977786585310723044e-01 5.716079066338226156e+00 5.396586840592070722e+00
1.607566254117311910e+00 6.251699357323242445e+00 3.785648356107684354e+00 4.724707431553303749e+00 2.742743307712288470e+00 8.317985260959993576e-01 1.849900515825332326e+00 4.136265772976680744e+00 3.664488018444978845e+00 2.506707648296807367e+00 1.264361503496841843e+00 1.612300636227037565e+00 3.458939189570332307e+00 1.080642032224331084e+00 3.626809688382267804e+00 4.234931274504423193e+00
9.556471592754743893e-01 3.166644225471946683e+00 4.486049112430206876e+00 2.717795567781000177e+00 2.042696089798264669e+00 4.737660239306045185e+00 3.314189826943267914e+00 1.328828233171139184e+00 5.732848568060016525e+00 5.996423792704252520e+00 5.718359142080942981e+00 5.749586327044374556e+00 8.766517378526019755e-01 1.046185906472856253e+00 3.619811489486624456e+00 5.917730091145817717e+00
3.992306250649589661e+00 4.348770521733708705e+00 2.791520824965131542e+00 5.284416443806532193e+00 9.934254859466907783e-01 2.655195747567649533e+00 2.770510720689204898e-01 2.507671927065383555e-01 2.541183470769959207e+00 4.394484867679373075e+00 4.277577666622590924e-02 2.312314938300447320e+00 3.880155926223034069e+00 8.481800062698770237e-02 3.755520232257352209e+00 6.015245089412323942e+00
5.185502842102007293e+00 7.245585740352997739e-01 5.519802836703238569e+00 1.950402762673543622e+00 4.030087717437918826e+00 1.301242829455823369e+00 2.243846249238503621e+00 4.815563394685464793e+00 4.846033245620154695e+00 4.524953521234909459e+00 4.840621041857374074e+00 3.876499167202394514e+00 3.172638752278333474e+00 4.445993722327301612e+00 2.795539722713547004e+00 7.223435552563015616e-01
6.151927154072977189e+00 2.451104032509402231e+00 5.247666719271772529e+00 2.993821045074031684e+00 5.992194034239473943e+00 2.287719988545876770e+00 9.956893100665109575e-01 2.395710611529125789e+00 3.761643103958476897e-01 3.941929692472412317e+00 2.320325613892340932e+00 2.152178526311606888e+00 4.550720785410844460e-01 5.849303371888900926e+00 4.442533635996525732e+00 8.448057664389121424e-01
