4.578419377482899622e-01 3.650955743464924907e+00 2.503289630286215761e+00 1.008956007573855285e+00 6.784356648423891523e-01 4.042893715816634703e+00 5.111720299791912225e+00 4.885510235743850682e-01 3.023984625716574781e-01 2.239984953640253185e+00 9.198582237259819161e-01 2.139737406842084244e+00 2.894175186768699892e-01 3.437006393909927571e+00 2.837286503969034257e+00 2.455582120586898009e-01
6.189475273034746650e+00 1.755277852013264805e+00 5.355317067807499498e+00 5.716379287389369068e+00 3.510536582245825876e+00 4.619924910021145692e+00 1.881528357689104869e+00 5.134720267909350655e-01 1.030374784278546674e+00 9.920190816972027648e-01 6.225415437120061846e+00 3.014384053284556497e+00 2.208522573948316747e+00 1.788952904693522195e+00 1.921015368546593161e+00 2.156374498020223740e+00
2.043274277052863130e+00 5.188083319313771646e+00 4.446412935994400684e+00 3.328045943748958457e+00 2.296582384866761584e-01 1.791539337080232386e+00 9.292507265387217608e-02 3.937751794272069672e-01 1.907921747992123995e+00 7.123839482341511875e-01 5.300853283203236233e-01 9.216257864479612261e-01 3.330069741614358758e+00 3.667349800899201373e+00 5.217332348657764740e+00 7.660929729984768954e-01
3.730665320124205042e+00 1.931479930797847633e+00 1.640258446907927103e+00 9.179473096453599767e-01 4.735154243213306025e+00 3.598436752480729250e+00 4.997247971176399517e+00 3.057320650647370908e+00 6.124508159786063111e+00 1.219172862998376905e+00 5.509032319348819762e+00 2.885054574639747682e-01 5.294843520011574434e+00 4.027960757197262431e+00 3.657882803109624437e+00 3.382467698277321855e+00
5.980857850697129940e+00 1.086572602629607559e-01 5.027953775555340066e+00 2.058338440087582821e+00 1.777147424678053200e+00 5.388293627836968192e+00 6.292168274501075409e-01 6.022875128926668431e+00 4.619454999066737955e+00 5.201917317063911916e+00 4.819261054858716697e+00 4.854356188780001524e+00 1.025916621185399613e+00 4.018690704249154311e-01 3.907604068070277936e+00 3.372958326147756480e+00
5.948240769759248758e-01 2.112481049403310163e+00 8.271957260423186131e-01 1.703479641840772052e+00 4.113667661073377779e+00 4.463452582507468236e+00 5.945523244474274271e+00 5.527353089554783772e+00 3.042102066209041666e+00 5.979058420306326838e+00 5.156239936145169622e+00 3.482440534763678652e+00 4.370626720345401672e+00 2.174437638166041964e+00 1.463856137428971360e+00 4.463383159094778563e+00
5.054735863918106809e+00 1.522102448851023526e+00 3.659711804914597799e+00 3.917473148217212042e+00 1.331951053558197096e+00 5.423074918460994986e+00 4.110274857223724432e+00 1.560233730560341092e+00 2.825695264633899306e+00 6.261654761508877343e+00 9.418211801338921552e-01 4.375013867357037123e-01 4.071617519098689186e+00 1.456185696539943564e+00 3.442858227879240118e+00 1.943406382209541761e+00
3.989705106743578256e+00 5.099183772522605240e-01 1.195413506918314495e+00 4.201457750787481515e+00 1.450941600907736717e+00 3.001657021103551148e+00 6.008254457820066285e+00 4.445351576082992473e+00 2.629818950027914770e+00 1.967200705954381013e+00 2.350538470606211572e+00 3.697105277367677800e+00 3.798228790301040547e+00 1.652841428103970944e+00 4.919176227159354653e+00 5.878431388234999666e+00
1.700720873669490374e-01 3.295998567050429262e+00 6.246680978178294374e+00 4.186130380626745584e+00 4.090576900874837385e+00 4.164885767625951196e+00 8.764527207003992570e-01 1.507774516562951472e+00 4.353825578933636642e+00 5.834737174480295607e+00 5.001544074901492998e+00 1.821334283184437686e+00 6.232720451158111352e-01 4.995418844874577324e+00 8.990518086294934097e-01 2.013424527497876149e+00
1.490580416991075019e+00 6.618330156425095145e-01 1.479159324486408078e+00 1.679425904980251572e+00 2.010383574977260945e+00 4.922784708205675486e+00 4.408314503315339472e+00 1.363615153783751810e-01 3.456364835508781930e+00 1.795964120154829979e+00 2.075098893069614814e+00 5.990545324135499783e+00 4.542819026443726038e+00 2.947574525943351453e+00 2.720660181659204202e+00 2.512290535856195994e+00
1.206131779323195596e+00 6.094375757905792668e+00 1.986493559641900664e+00 2.044847802612961729e+00 1.665347694442763204e+00 4.103393867996023125e+00 1.011682797832624381e+00 5.284107164285656744e+00 5.638828591610636209e+00 1.194810042240306958e+00 2.403106713658277549e+00 2.376649138980952980e+00 2.464156656341187079e-01 4.451141052644761231e+00 7.568125867942493423e-01 1.257142623699139428e+00
2.880649822728038600e+00 3.335907558596055367e+00 6.580855070712436916e-01 4.419870643017691947e+00 6.218973023683576490e-02 3.824168182274671590e+00 5.762129363923550684e+00 6.076876018772320087e+00 2.410145891576075616e+00 2.323595292402602652e+00 4.301830300239156912e+00 3.304839969587566983e+00 1.981047621149784721e+00 4.862018238532066938e+00 5.279300540646108431e+00 3.499329507312214815e+00
5.074908329827839459e+00 3.684306948864880304e+00 5.791027317965506072e+00 2.262214462495038436e+00 5.930497166956127941e+00 5.905793799900584951e+00 4.088294589246160626e+00 5.319085885516680712e+00 4.807953888748698112e+00 2.480328552262739683e-01 5.498881420327114355e+00 5.302414789913586723e+00 5.868413627402691901e+00 2.284654730173393933e+00 2.596613363567982891e+00 1.467860627270387575e+00
1.595326035365996820e+00 2.317067958125363702e+00 2.061135000371641546e+00 2.742668927167443815e+00 4.766258570467343247e+00 4.004980101175711904e-01 4.514458968333758371e+00 4.351484021188334772e+00 3.705870811413727761e+00 2.874763479818722267e+00 6.018189487729800113e+00 7.188384366082992138e-02 1.692026579245064166e+00 8.960259811924814466e-01 5.474127395041369581e+00 2.432814293822598728e+00
8.581914847515232925e-01 4.677547926930327726e+00 5.802001510217088764e+00 4.626406809800105435e+00 3.090111897788646367e+00 9.999176192995010704e-01 6.016098378629318510e+00 4.441290273631314456e+00 4.642443381971308014e+00 3.555598136413081978e+00 6.022594563863322037e+00 5.719313224188154798e+00 5.616964838285000816e+00 3.187167765365710892e+00 5.410642062120040841e+00 2.119407730601513329e+00
2.973510573728516349e+00 3.620137869449955303e+00 4.953815462076994192e-01 3.328285018692966890e+00 4.099637631394600135e+00 6.255620353642829201e+00 4.538683803274735418e+00 2.562683105959341345e-01 4.715280239950636165e+00 2.179200991109432550e+00 9.968893376118298510e-01 8.284619798534942348e-01 5.281852465819682152e+00 5.888140853491308668e+00 4.909125993962821788e+00 6.085965379704727951e+00
5.402644948421195359e+00 5.180757000566039494e+00 3.478248452840174032e+00 5.936768249933456865e+00 9.766906543005908492e-02 5.684675262345407987e+00 3.150713535481247107e-01 1.901855697066154427e+00 2.888113256654622152e+00 5.219148676310300772e+00 5.766996398519526501e+00 1.848285760934773592e-01 2.932720591576485791e+00 2.224207081813527054e-01 3.130457335511398931e+00 5.670837531142074894e+00
5.481348027987923643e+00 2.935547181355683488e+00 1.441396645672189170e+00 5.188559498538771741e+00 4.962243754489089831e+00 2.313496788388904046e-01 5.686510296865167291e+00 1.074717645304090308e+00 5.104991756952097504e+00 5.752886234728059600e-01 4.650152131929107036e+00 8.952042915521127853e-01 1.172850364740479767e+00 4.699229276590814131e+00 3.349298745116536580e+00 3.948724236792904740e+00
4.196672317932030438e+00 3.184083981012884479e+00 3.361151631972120857e+00 1.137295792201649114e+00 2.657551538865075003e+00 4.811129865830239716e+00 2.838807162011069973e+00 4.667132978813021360e+00 4.958485243785879959e+00 2.344345028064794167e+00 6.141240480129020796e+00 5.937004908806146730e+00 3.463017782523491128e+00 2.816466987766783170e+00 3.482391702041042758e-01 4.462965942312603573e+00
1.078636817985173746e+00 1.773704549950141374e+00 5.636461032071982125e-02 6.026052094030220907e+00 4.959205973999935679e+00 2.476819702207079921e+00 7.290955247366515124e-01 1.893369307181506533e+00 6.222956831390008325e+00 3.189341369655104508e+00 4.063019913552857187e-01 4.160610794575054783e+00 3.110657115113027782e+00 3.186189089172369315e-01 5.965474867965621542e+00 4.173044381252610791e+00
4.212675217472055422e+00 5.492229384238354051e-01 2.348860076255316454e+00 1.926914243726061349e+00 3.050491265071321845e+00 1.869419904874238147e+00 3.253435717384002501e+00 7.274842356520109243e-01 4.086787836535191509e+00 6.092456997651996886e+00 4.432718855815262593e+00 3.174778879938480181e+00 3.211791614665753691e+00 1.352898523618034088e-01 3.478671540229960613e+00 1.769030853785314550e+00
6.107163603357196990e+00 6.471063473357747675e-01 3.720514095700897528e+00 4.134022390092795263e+00 5.743017095488462509e+00 4.931353644450998885e+00 1.463660332230184880e+00 5.823612195513889311e+00 2.923379197177439437e+00 5.958364697091109718e+00 4.890090618075139339e+00 3.291558641728190349e+00 5.987032656814844422e+00 5.672856746780000847e+00 3.152305131265154436e+00 2.974687649379062826e+00
3.279769832691181719e+00 4.718198530513272537e+00 8.033257428830787861e-01 3.244424694385076968e+00 1.022377878063022161e+00 3.799160369629659861e+00 4.157946853477575644e+00 1.450780137113717554e-02 1.963937104611384710e+00 2.140899206969252511e+00 4.273282054012064179e+00 1.922955860737310285e+00 4.963817793066949147e-01 5.004368406799589053e+00 1.207409473814176293e+00 2.039984837945375329e+00
4.375022078686514604e+00 3.145744019115820134e+00 2.114366699006351435e+00 3.494211592368467567e+00 2.882356077899510538e+00 1.973779894141835856e+00 2.815408160010202554e+00 1.699517980554344332e+00 4.697501614513505119e-01 4.353431381343196627e+00 1.547770344907240858e+00 3.860847899654766824e+00 4.706957716699970540e+00 3.539324515950339922e+00 3.130620970334678788e+00 5.330179531185500252e+00
3.018706128876666561e+00 4.212175266771553517e+00 1.243194865473047139e+00 5.080629097185894061e+00 7.884521591744009239e-01 5.706324341618373097e+00 4.294954411915926862e+00 7.576907189369582740e-01 3.867272058516186384e+00 5.055365871808749745e+00 1.471868513314886773e+00 5.149051622503628245e+00 1.325407469976970010e+00 1.622805386176932041e+00 1.562826296373048374e+00 1.404704593124973533e-01
5.725382850001792256e+00 2.136387072525449238e+00 2.313123641316392920e+00 8.717600628103616689e-02 5.563425765549912860e+00 4.335222680939555318e+00 4.845670984705819251e+00 4.705269934230747353e+00 3.690773973113686601e+00 3.660273754871774976e+00 3.097842125298639449e+00 6.167544010514251163e+00 5.945514285157354806e+00 2.217599429904636210e+00 4.112065801375955232e+00 9.156599085155608941e-01
1.281047878047595123e+00 4.372790549085871170e+00 4.956067675306951692e+00 2.221930431671692130e+00 4.154060867667767276e+00 3.083702149669456993e+00 5.367561030454225168e+00 1.860739897147211552e+00 2.569501554578912383e+00 4.609467049838266384e+00 5.869436717590950536e+00 2.465412039120677135e-01 2.396297060248952226e-01 1.542427597941215200e+00 5.806503907467146952e+00 1.084726623456771399e+00
5.684278666933026081e+00 4.750230481249035464e+00 1.163073600873168578e+00 2.935370261583614138e+00 5.124219118309937038e+00 3.101159703737550455e+00 4.086404610995748143e+00 1.176330160981023665e-01 4.723934922823302962e+00 6.168037045659662709e+00 1.751374786376816095e+00 1.892554299416747243e+00 6.190880445108052577e+00 7.102991710781370038e-02 1.429471219994053133e+00 5.090128352655851174e+00
1.325453793545410264e+00 1.585671844185239543e+00 2.334394597415796024e+00 8.198777871579348009e-01 2.317967968256504196e+00 3.225177733485102394e+00 2.205488200111221264e+00 1.862390531423142592e+00 3.259707322891073344e-01 2.319676260523355349e-01 6.210017593940603042e+00 5.406673340691179774e+00 1.069412066916631820e+00 3.425327771270136878e+00 3.018781169706395762e+00 4.815507869133313967e+00
7.430624790476001752e-03 5.665841645073940391e+00 6.005077104626465712e+00 3.034204351397592703e+00 5.402126134976968252e+00 1.134457812555689893e+00 5.457420465952012023e-01 3.189169826616746306e+00 4.713676912677489561e+00 5.825071859400097196e+00 6.204078181801494729e+00 4.649839908981200587e+00 3.707185767557545919e+00 4.629438012915447764e+00 4.211749886827555189e-02 9.633793601692334230e-01
5.721470354347085063e+00 3.172908184672501353e+00 7.721845366871198379e-01 4.133157785567576070e+00 6.190003550827895218e+00 3.072248235857275578e+00 2.287141635945095341e+00 1.204942209240716711e+00 5.192282177731947890e+00 4.187145574955251526e+00 1.524490823289976982e+00 3.687065724893948904e+00 3.992696412392294114e+00 2.217318692758699861e+00 4.829488928695811367e+00 5.989021801604864415e+00
4.774706895208342239e+00 3.136694876818537647e+00 3.963463413260271295e+00 4.830791453045679695e+00 4.184153775072654291e-01 1.537483000719160220e+00 8.860669205744428067e-01 1.819611366963456378e+00 1.832038314828494441e+00 2.250018242041518790e-01 4.934898001273406720e+00 6.206854355374430199e+00 3.277854171672589967e+00 2.446208211518422271e+00 2.984049107712376525e-01 5.400994823416456647e+00
