2.653090900666547625e-01 5.027220955215891962e+00 3.245686361442748247e+00 4.287551570720308902e+00 4.396835594256660151e+00 4.722232471666099052e+00 2.911865652512937608e+00 2.330949826482888732e+00 3.121561698475041169e+00 4.815015035538584343e+00 5.556928384139198762e+00 1.928866713891125018e-01 3.205210267665278501e+00 3.921433425669975659e-01 2.432339940897019659e+00 5.954245855883186778e+00
2.606316765794614021e+00 1.614907260743236428e+00 2.710485097871728755e+00 4.297672668809760843e+00 6.218963710058114991e+00 4.509696189243067366e+00 1.286242795921996196e+00 1.590096912579211486e+00 3.570665743174747497e+00 4.960662993706007384e+00 1.962374936554132920e-01 3.831768299067022099e+00 2.449145018166684729e+00 1.067559052511872331e+00 1.613152494666693970e+00 1.883879488474392794e+00
3.016671638256230636e+00 3.717707941031599628e+00 6.159526431016427717e-01 3.778258580911197928e+00 4.646325622223651308e+00 1.294037139382279156e-01 2.987875909179446232e+00 3.972941218726655066e+00 6.267498813182156070e+00 2.514615585599018210e-01 2.860203432290362446e+00 2.091949310450992527e+00 1.205105874092504248e+00 4.851146181329677454e+00 2.341637716966062488e+00 5.053147062781499166e+00
1.908095123963431616e+00 4.608155334411439874e+00 5.669233953694496009e+00 1.180362246080236321e+00 9.204903372436329390e-01 4.418385269584121922e+00 2.020863262591155785e+00 2.882695362053504518e-01 6.592605189854880976e-01 1.751824182229714033e+00 3.685555203852107553e+00 1.764037655382021397e-01 2.867472721880896636e+00 3.162224674663688173e+00 2.673675394524053783e-01 4.862573719196487509e+00
5.920180042419126210e+00 9.508702412124788728e-01 4.953831080571085899e+00 5.480614970365339289e+00 4.136495053761806595e+00 4.044944553790506880e+00 6.067520188641400303e+00 4.391619998051538687e+00 2.279262455247196062e+00 1.971396383109036199e+00 4.971192285758363028e+00 5.507522406991349762e-01 1.736140088814408955e+00 1.241157317619057121e+00 5.875503424804166208e+00 4.518571994359826149e+00
5.997056086492353444e+00 4.991866863300176149e+00 4.338871129556741479e+00 5.911037853612620019e+00 5.599110077394699125e+00 1.367757089606770560e+00 2.177741069761237824e+00 3.964748791204574907e+00 1.766272860511391984e+00 2.579103183954741141e+00 2.777753544283003695e+00 2.934810710709485626e+00 1.803479737940214100e+00 3.415781119954092393e+00 2.812255291314788574e-01 3.845270478206313403e+00
4.257111112663732655e+00 9.318033604353297417e-01 4.164973919640424516e-02 1.691764097155516344e+00 2.605917161291736228e+00 6.049663217311104013e+00 4.381631136860816511e+00 3.518808418429185458e+00 6.009877745054353682e+00 1.710424384222272443e-01 4.990586212128002574e-01 1.944935055590631956e+00 4.770460542886071131e+00 5.641906340018472577e+00 1.206977224209627442e-01 1.512386405441092929e+00
4.518686651591229619e+00 1.335702545893486359e+00 1.320052278219467468e+00 1.764274779478297583e-01 1.148025154643649737e+00 7.607280558285526295e-01 5.623043291695926982e+00 2.242161352039795830e+00 2.705634641921192962e-01 3.635525764894435241e+00 4.189383981599079654e+00 5.532311402363744079e+00 2.294874352865901024e+00 1.468440881845085366e+00 6.057274448980048298e+00 4.381372762898448237e+00
4.125636701115502070e-01 2.784243143436863743e+00 2.170966674115228034e+00 6.279700595764414750e+00 2.864294530721601451e+00 2.064825277158586214e+00 4.363927960763100522e+00 5.096851018123828680e+00 2.120973099807801354e+00 2.417636494530580826e+00 2.870090482904147922e-01 4.778387694958537324e+00 2.504233239484907614e+00 4.053652482214407549e+00 2.517345241827173563e+00 2.302634258377537879e+00
1.174231341805824780e+00 2.287324178017443366e+00 2.072520990449250089e+00 1.352801260586009302e-01 4.733478053014686715e+00 9.335790100552125992e-01 5.875089692226750371e-01 1.127847471215085218e+00 5.213520808295936781e+00 5.728899615372372800e+00 3.058585872829671537e+00 6.085509953291929897e+00 3.706488431820592844e+00 5.848725506847769040e+00 2.754407029403224794e+00 3.317896448709213963e+00
2.126346961107151934e+00 1.315858732920124341e+00 5.961567541069363152e+00 4.958627744529681136e-01 6.048043219391336045e+00 2.973412953898383115e+00 6.086277133486211355e+00 4.652745393384024375e+00 1.950123757094473831e+00 1.993298561328583907e-02 4.035638608056879129e+00 3.157906871059033005e+00 3.389936436064876268e+00 2.452770665360625824e+00 4.875614820196995325e+00 4.313436986469708856e+00
4.132370119684532384e+00 1.848265631042661061e+00 4.537155728077934214e+00 1.058625413742242616e+00 2.424744447126172986e+00 1.155095153076639791e+00 1.984708840324151069e+00 9.961812020528680867e-01 4.466942056911291203e+00 5.237360608574601173e+00 3.605922164908203609e+00 4.756492901362782355e+00 5.170978857518266913e+00 4.756381626711523758e+00 2.949615234517345641e+00 4.446853794848308006e+00
3.494108106086843080e+00 3.694974237008519680e+00 1.555269368775743732e+00 4.574202387568488959e+00 4.529091794353219846e+00 2.751931295914098463e+00 1.237250828700575012e+00 1.090354831346779019e+00 2.227693456790435178e+00 1.914588153951707783e+00 3.026335049452220982e+00 1.979599833715821378e+00 3.832370328683893046e+00 3.713185591855490131e-01 3.227204506481395452e+00 3.881059234459561580e+00
2.263764231054346876e+00 4.185075858036515051e+00 1.771017348313964623e+00 2.085466994136145225e+00 3.722094869660358629e+00 1.491793144832776807e+00 4.803505053794779656e+00 5.915021286432041059e+00 2.123090071441223192e-01 8.203250792018873527e-01 3.094364859322948358e-01 1.933024118569490968e+00 1.486297724118624375e+00 4.593490263487478131e+00 3.037393646370079581e-01 3.871220004121089353e+00
1.006757467830468711e+00 3.293392005078747520e+00 3.472595695204029886e-01 4.970728469907438551e+00 6.152273128427760085e+00 1.413737448945433739e+00 2.589691846435449474e+00 4.367104775506580161e+00 2.947340530382855928e+00 4.801785314881894529e+00 1.555755641071833617e+00 2.685060699431205844e+00 3.849565936480986661e+00 2.578860699935588974e-01 2.971326937061494533e+00 1.550107379994322576e+00
9.687516546165931830e-01 1.066213810050284039e+00 3.741793124288263162e+00 1.775048451684006601e+00 4.101436193313420908e+00 3.201978867647814475e+00 3.865136900992443003e+00 8.209213709890078592e-01 5.764056704195047454e-01 5.142652563375553321e+00 7.631955236098689199e-02 4.458047607239400634e+00 4.617843041580572461e+00 4.111617646009771754e+00 6.026162367861169322e+00 4.623234850326168321e-01
5.445132902186282209e+00 4.489041733381762711e+00 5.514503527254934312e+00 1.959753292082456744e+00 3.869240175617098210e+00 3.344298890748698572e+00 4.456310290573364696e+00 2.069246380098238858e-01 3.088849182352213063e+00 6.030443526162036605e+00 1.182640545968522749e+00 5.930177047972819082e+00 4.246994293770248063e+00 4.893006070478563174e+00 6.190576255715262377e+00 2.767090826471265697e-01
1.850912591830264908e+00 3.497216163223032526e-01 5.422042240888626630e+00 3.498756626831580063e-01 1.856887440500620379e+00 3.651764230434139780e+00 1.716900371325011054e+00 5.223163137748623175e-01 2.048795929177543496e+00 8.125888634238029873e-01 5.912730270792281750e+00 1.868406134249951833e+00 1.125037971836427703e-01 3.160282962981095789e+00 2.666349240949821287e+00 1.615092537626964919e+00
4.800019935211388145e+00 2.494681614553575955e+00 4.758595148678638753e-01 2.546853085802159633e+00 1.012957362430095376e+00 6.127266921944778844e+00 8.212682333220893138e-01 3.415946031858343446e-01 1.576184179785437456e+00 4.856605268614580417e+00 1.819777141069457871e+00 1.840181250123559709e+00 5.311567374072714287e+00 2.927551749196472208e+00 4.884867612440713991e+00 2.943593419303291547e+00
2.822608114674220126e+00 5.287857240738937925e+00 9.019160996015351817e-01 5.038592885737725346e+00 4.342827796770978743e+00 2.582733993665977223e+00 2.387690432839704613e+00 9.964179701132418465e-01 5.433224892893669278e+00 3.959043862763861554e+00 2.068556758736376011e+00 3.708755807854235531e+00 2.497067643810526150e+00 5.388935765511513765e+00 4.186278381616608257e+00 5.601107757121415176e+00
4.589180104273518634e-01 4.846582056533621952e+00 1.254215403612187529e+00 2.720734744789855331e+00 2.858730317725722170e+00 1.777867198516149383e+00 4.449637602072938236e+00 1.047445828241672094e+00 4.375270267119496737e+00 3.326698185606434155e+00 4.630997563879664547e+00 2.247599841996563708e+00 1.563134533788519409e+00 2.414949808436712253e+00 1.128298865100221038e+00 5.407377032906818259e-01
5.451251071803756787e+00 2.577932703408330362e+00 1.263140106285601583e+00 2.359576348276867463e+00 6.179624272632213255e+00 2.861011538982830560e-01 3.926501500425272351e+00 4.119175591396754044e+00 4.230976272639657587e+00 2.274672855292104945e+00 5.117052741601034072e+00 1.953916826216121949e+00 4.867973841326869611e+00 4.381033856591313835e+00 3.504162197180988425e+00 3.826633281540630538e+00
4.366516214410435914e+00 4.472189529604903235e+00 1.758355294476997122e+00 4.749834160587637299e+00 5.647609830355221128e+00 1.922859427546032007e+00 1.624225614062958956e+00 7.890788634832685000e-01 1.671354335727889939e+00 2.334269259978461353e+00 5.774954093198389593e+00 3.413475276964281324e+00 4.472370919207570239e+00 4.244274191368289095e+00 3.653616708012526360e+00 6.128546155346890956e+00
5.478599468809382422e+00 2.205025458235072566e+00 3.727217122703679664e+00 5.105573162650479446e+00 4.489636273986771009e+00 5.490181267606184967e+00 1.479899454502779266e+00 2.417104819417277728e+00 6.011964977581877534e+00 3.159835594270405501e+00 4.485601921092305377e-02 5.384580278952088683e+00 1.248751676451203885e+00 2.239755835698396425e+00 4.084833839027655067e+00 1.068240704974606103e+00
2.566579339757215639e+00 1.155207678521168679e+00 5.411396652593674084e+00 2.525192556870459182e+00 4.646919219502182230e+00 7.528704853392678142e-01 6.233011527749832581e+00 5.149552003866246785e+00 5.130979587026510913e+00 2.812186618331995014e+00 5.507986182046143320e+00 4.018266887865408421e+00 2.120278365613881721e+00 2.483360078544961436e+00 4.681417796987608959e+00 6.240068810266462762e+00
4.088488063901696279e+00 1.522642326076883323e+00 6.002108320224045279e+00 4.757500630795548635e-01 4.643456542657792063e+00 3.229014768194901297e+00 3.540024474302888358e+00 5.378872611717018692e+00 3.408898911702973322e+00 4.793345056058184284e+00 9.583436688447398710e-01 1.979793185650723153e+00 1.825051494569374322e+00 4.612570914509722009e+00 5.008557286463674707e+00 1.051898715262136408e+00
5.434972605768819243e+00 2.628149803605737134e+00 3.851145186656693920e+00 5.593689982545352990e+00 5.210903663196482682e+00 4.373994069333087431e+00 2.276967461168924789e+00 4.446060080090906474e+00 6.104608639567717709e+00 1.552134965310105974e+00 3.603627977682614780e+00 6.254582224973910698e+00 4.386416095501777690e+00 2.042615849988230092e+00 1.775033988746430369e+00 4.028608385079434306e+00
4.644130066493380227e+00 5.845840573762473902e+00 1.653724524485215230e+00 6.157773546556555289e+00 1.419794297010206430e+00 5.263997401855243119e+00 7.485293940298940463e-01 5.763701241310013046e+00 6.950209276808548553e-02 6.155590080291434951e+00 3.729967844369297403e+00 5.351952630376936249e+00 3.298036283953927894e-01 5.863421481453439554e+00 5.727920318825623802e+00 6.205776450801305799e+00
6.146760553611565037e+00 2.406144943807320136e+00 2.291065508121552963e+00 4.622350409106692481e+00 5.155383629439917570e+00 4.080995571755170914e+00 1.077913988490047714e+00 5.391646937017363861e+00 5.037577033743241728e+00 1.151829133231599522e+00 3.832045301678826288e+00 7.916503369344242147e-01 2.033294052347193404e+00 2.584804002327753647e+00 1.833757267686037640e+00 5.634552800558877195e+00
7.609851913405943913e-01 3.126029511414885054e+00 2.165399969874498787e+00 5.391487546820551202e+00 4.738038338302954955e+00 3.679114193708015623e+00 3.402607531535555285e+00 3.264753979260207384e+00 4.213959461615131907e+00 4.334311817410473999e+00 4.307140075953316827e-01 3.172806538558197165e+00 3.208209281223281528e-02 1.945711072590958546e+00 5.544714520946201652e+00 1.422670629950794963e+00
3.576254176135642115e+00 5.413192449050850286e+00 1.596423123071318839e+00 5.758574837274178293e+00 5.707937042565475849e+00 1.644963706149697336e+00 2.156835652561036598e-01 3.524507523118537211e+00 1.450748436616730697e+00 5.247642238401440729e+00 3.634514906508002685e+00 1.659414372450602471e-01 1.700567390306108040e+00 5.313712710561758534e+00 1.985044097207574465e-01 2.656045718147788559e+00
4.268700654784968407e+00 5.017004800414343713e+00 3.262380085724119194e+00 4.647187507431730369e-01 2.018619895273900955e+00 3.679288390186913116e+00 9.866470733786258940e-01 5.858714870566682720e+00 4.781309410818155747e+00 4.196986423496785079e+00 1.734415205226958745e-01 2.272653313329165981e-01 3.920432133071474201e+00 5.105666603314731322e-01 8.961701128791169646e-01 2.350124190975412919e+00
