3.880104248759261854e+00 2.353328121531230277e+00 4.439957421141132343e+00 1.757713926603315491e+00 4.990277061870193265e+00 4.139844787620264310e-02 4.747267846358987242e+00 2.954931518734826845e+00 1.639228156558195440e-02 4.269148441244491110e+00 5.100343945881078866e+00 5.585224114200015855e+00 1.109798424782392434e+00 6.188718151031853409e-01 2.115674149221792533e+00 3.976791741718949336e+00 5.768447109946941431e+00 1.350176778710107772e+00 1.211295682972654886e+00 5.055517923452834683e-01
1.581696503195827219e+00 3.759194987265805477e+00 1.753161963598229178e+00 2.743813862366087708e+00 4.947595003595545826e+00 5.453198286323415189e+00 2.343834382839014463e+00 4.452217840775603563e-01 4.692853077992641175e+00 5.871073667507545224e+00 4.504742277094731406e+00 1.910582991806695219e+00 1.472980644207530609e+00 1.525939920026815333e+00 3.914205560319869992e+00 3.688887914488305220e-01 4.839088567759114667e+00 1.135768589877616197e+00 5.392254181137263735e+00 9.582037423732125969e-01
4.860365330752579816e+00 5.732522302627841349e+00 3.381122489062873826e-01 5.757172142035963169e+00 5.501478472093613625e+00 3.801343458619082516e-01 6.972482890460082183e-01 1.725960414043682167e+00 6.348471408859606147e-01 5.493119492051644848e+00 5.783965544388021129e+00 1.722363658028592592e+00 2.575415886662229425e+00 5.941307194208985010e+00 6.001934941708969795e+00 3.357346491621868712e+00 5.193729308014119361e+00 2.055041715604589481e+00 3.048216803666472519e+00 9.629986510816043177e-01
9.499821431602279986e-01 3.255460047375818178e+00 3.352517137680042669e+00 4.268210143743640828e+00 2.830995953396094222e+00 1.127352612783214081e+00 6.263878830028687617e+00 3.430542225563738140e-02 5.289968846112859779e+00 1.389141871318688048e+00 4.685471480482237716e+00 2.462139852160568854e+00 3.249613151793722121e+00 8.904332541517747668e-01 4.027401635695911253e+00 1.168324562393870725e+00 1.479929301396036845e+00 1.451023622894059839e+00 2.271571285737904233e+00 4.089801935578605274e+00
1.712067310501350859e+00 6.417699457003153141e-01 6.276896682196789534e+00 2.481637369135119897e+00 1.181248484748208760e+00 4.922471315652904522e+00 1.082655404991026193e+00 5.851954611677907536e-01 5.367858444988998556e+00 2.042919681938377696e+00 2.031933897278372037e+00 4.810833142895095449e+00 4.942352847902653501e+00 1.612499773925156532e+00 1.992045270152456582e-01 4.454485456386648501e+00 1.378404934495655709e+00 2.866843085226211674e+00 4.452719181361664447e+00 6.116088130464532036e+00
3.844000168558476815e+00 4.419778866024765662e+00 1.989192328956857603e+00 3.055634695519275468e+00 5.856036140495225695e+00 1.164744809628249084e-01 3.011451988304362448e+00 4.701910192127194854e+00 3.970166877901423863e+00 2.472790161484021532e+00 4.147798214202341960e+00 2.739040789765549100e+00 1.102108175755415614e-01 4.768638892834816900e+00 2.795504252451736171e+00 5.398346191144068662e+00 5.682692855855314029e+00 3.717583033697460682e+00 3.523391421425563497e+00 1.582423284868001323e+00
4.937761232537899225e+00 4.398720292551556277e+00 3.724673684330908952e+00 1.699425657356549602e+00 5.492432472288899525e+00 2.516081918902341563e+00 2.289901156628475043e+00 6.199442722811306261e+00 8.164134848853521476e-01 1.960923853331608901e+00 1.710111999677492278e+00 3.160748004543045386e+00 5.752870803365799368e+00 5.921760474128573648e+00 3.209360778510347068e+00 5.813683769033523241e+00 4.584993285628732984e+00 2.027757725715888526e+00 2.601459585089324733e+00 1.948753762655584865e+00
1.786280987766443840e+00 2.229441783994899673e+00 4.488588688201016197e+00 3.587474701325387372e+00 5.443537619476960465e+00 1.775019309000628320e+00 3.734728677403944985e+00 3.222656790620766376e+00 4.055678723619211112e+00 9.937221822824060524e-01 5.458326874943101537e+00 5.911556575083094067e+00 2.260749486585287293e+00 2.612955927747060425e+00 1.566443378074720894e+00 4.584592482293622595e+00 4.774811455825158646e+00 2.092662968114185507e+00 4.337649775410707953e+00 4.427707830359158159e+00
6.071559336131441498e+00 1.291541792588829951e+00 4.612057958630839671e+00 1.756985743857351956e+00 3.553894356354337258e+00 4.503762351746441794e+00 3.113226986526086204e+00 5.185877783666423824e+00 5.917886682044897206e+00 3.795938357348271897e+00 3.876737772581443142e+00 3.236096021327951600e-01 2.380390362306798124e+00 2.498553377017336707e+00 1.457765754697458949e+00 1.279673365381451822e+00 1.084802195238970368e+00 5.646817008017638528e+00 1.485908072571023864e+00 2.889929274345544030e+00
4.963485948769982059e+00 6.378168321371012750e-01 3.789312382661469414e+00 1.485835724196521879e+00 3.597594710910252402e+00 5.101674928507592632e+00 5.439207554416141122e+00 4.781314085959916582e+00 3.236773553632736888e+00 3.466455259305748271e+00 5.316802238240166290e+00 4.692862262061742840e+00 6.261824345839349881e+00 5.782057492510190855e+00 5.401300395878712912e+00 4.741562902965920756e+00 6.097578894300627717e+00 1.853416700833506958e+00 4.874853863388453057e+00 3.827084203899198567e+00
5.047698599086435145e+00 2.307426995033108774e+00 5.976052301029442404e+00 4.931208990114922308e+00 4.427317990483579990e+00 2.357224133705354330e+00 8.381095024786863745e-02 3.431438761063872356e+00 5.020077166745192443e+00 7.113115537165926039e-01 2.673059230442407785e-01 2.325065411503095980e+00 3.661136209979078515e+00 2.551387534837009863e+00 4.193412572112118042e+00 8.021958466434488955e-01 3.648331297948468332e+00 5.182810692545244180e+00 1.406087399785554970e+00 1.893600047397672737e-01
4.090335243218159889e+00 1.508949309086763613e+00 6.038432917397337896e+00 4.383136452783870318e+00 4.112641417668283950e+00 4.696776675447320137e+00 9.942405433899788036e-01 3.308368730702151872e+00 5.182581673536307498e+00 4.127159666049093900e+00 9.201121848210357113e-02 7.508669887203937021e-01 5.130358552129343330e+00 1.827592336451881794e+00 9.871808108048760744e-01 1.448880820896306210e+00 2.883453735544345697e+00 4.049893287709194212e+00 4.043344204653345209e+00 2.959837076388156074e+00
1.719599148034977598e-01 2.852861921812086976e+00 3.905260759677135152e+00 2.421058852818321672e+00 2.995076934379190536e+00 1.100058467507184945e+00 4.542009508347701008e+00 4.435188233859347129e+00 1.930271072215090644e+00 2.897333843749088644e-01 5.171603123248074141e-01 1.485360357434739320e-01 5.398632786136213113e+00 2.741195914082524610e+00 2.064417656979284921e+00 2.600608504722523584e-01 5.823530236715278363e+00 3.340474352577733619e+00 2.662409158206410886e+00 1.914254423401629213e+00
1.262810141244036011e+00 5.874656474778597648e+00 4.425617567828694643e-01 2.128230951225400958e+00 4.820979106281912507e+00 5.771517801965909911e+00 6.079504160651509004e+00 4.787044814874314547e+00 3.835901504503034687e+00 3.001041178603980342e+00 1.538775724844927140e-01 5.087547099830064923e+00 1.516680978001762048e+00 3.971287447542955817e+00 4.628989274478086280e+00 3.041739171704925582e+00 1.172872378092502998e+00 4.484343290849447605e+00 3.183650465530750484e+00 3.156111600605061351e+00
5.030950762099023477e-01 1.197234153168243109e+00 2.082928581687021552e+00 3.658867621439704926e-02 1.655526367020091261e+00 4.396957604648966011e+00 6.605211645543191956e-01 1.513250060233820304e-01 3.870655451779736467e+00 3.198320289229440228e+00 4.974838589603105987e+00 5.100889987784969826e+00 3.786347909677474366e-01 5.677945609750057798e+00 2.185010763714581472e+00 5.628547098173426022e+00 5.945060582022881235e+00 4.444108727691484795e+00 1.199388644375848578e+00 1.450499179244366443e+00
4.839611857375952120e+00 3.595735770692496835e+00 3.219413807553830775e+00 4.298047210899668791e+00 7.252871157125897472e-01 4.179457334660751755e+00 6.250177333584285400e+00 2.291062867324973329e+00 1.548064070956752802e-01 6.036197994879258566e+00 4.908637066549644601e+00 4.151909450788661360e+00 3.637743394411473985e-01 2.785829689206833049e+00 1.506605583294577944e+00 1.686390565282160248e+00 5.665649969833231658e+00 2.402522014755930524e+00 4.850411027802913111e+00 2.347510452004220038e+00
1.399903905037722440e+00 4.518495033214851853e-02 4.463758714639879166e+00 1.605085158878630125e+00 5.777607746797492894e+00 3.482591045493630855e+00 1.425973436166511288e+00 6.195611966561931361e+00 2.978466824571415206e-01 5.809547358589859378e+00 2.315596187795589511e+00 5.259034235342546992e+00 6.105831451679271105e+00 5.725548896894882667e+00 1.657807713993253884e+00 5.773841515774726041e+00 6.488886434777016987e-01 3.784637332992269787e+00 2.309215821292196935e+00 6.051986331648222972e+00
2.629918325444764005e+00 2.226169260068042721e+00 1.259655735782871711e+00 1.193708648329538713e+00 2.461520553589960913e-01 3.115012996437613868e+00 4.783314375260087736e+00 3.925952477241158256e+00 4.240430543821786635e+00 3.760006555751708834e+00 1.631213181125736655e+00 9.350902019179943014e-01 2.918233263120905363e+00 6.020986206646772310e+00 3.240889352562095205e+00 4.512649362910792661e+00 2.454270912656041082e-01 8.027195244072102831e-01 2.928322605122795075e+00 2.385637196844900831e+00
1.860796371959179574e+00 9.583034553076219542e-01 5.704704010547718696e+00 5.352979017805451711e+00 4.827393816532437043e+00 2.742668723266839415e+00 3.380824573648345321e+00 2.930406275143352168e+00 7.793970184795778744e-02 8.622307712741681396e-01 2.314281984146711935e+00 5.718399838226313925e+00 5.362425140356478437e+00 5.150655441805588097e+00 1.657285040550951161e+00 4.106701183956441348e+00 6.129705625175152051e+00 2.922445135577786068e+00 6.518629201809560125e-02 6.000914468835449433e+00
3.567956885191377658e+00 3.636345840731201484e+00 5.885052742719440566e+00 5.024474696102846139e+00 3.287130162000828193e+00 3.144517928539337231e-02 3.974624440430125638e+00 1.428229998578964599e+00 3.980095877579464592e+00 5.098413040050526313e+00 2.338552021061138131e+00 3.048671832260351433e+00 3.052144005973925989e+00 2.132437256247973478e-01 6.674948954944686097e-01 5.643082134313811338e+00 5.710701247303480166e+00 1.492785313666836311e+00 3.402308151808281611e+00 2.795373947294068184e+00
4.016293501778458008e+00 1.520458274808443644e+00 5.068832080722621036e+00 3.446171003352811901e+00 3.216777191695762705e-01 5.472631309858702942e+00 4.573544603450456769e+00 5.182873052792810853e+00 2.659440178269892874e-01 5.465105463526900742e+00 5.601204576364615662e+00 5.883281504722955191e+00 5.706774375421131751e+00 4.873482712786334048e+00 4.729445956424305209e+00 3.867933680616607806e+00 5.497638982214009040e+00 2.249330599935377872e+00 4.611694325056116206e+00 3.018423664683531626e+00
1.637383450189683065e-01 5.487864635526224610e+00 1.319744903602289021e+00 2.341869630903380628e+00 3.660713877366210678e+00 5.292721689221928649e+00 2.108041975252209710e+00 1.970823472378742114e+00 2.576392006411384550e+00 2.325979894068356923e+00 4.567720496276146847e+00 5.901205884390305911e+00 6.085380330967848916e-01 1.980618769295886261e-01 7.949146727885948449e-01 8.022210006763429158e-02 1.169478479607360955e+00 4.636532833179415114e+00 2.628349430523526653e+00 6.057394131800312387e+00
4.458941872248026961e+00 4.006028333427789079e+00 4.774920224496860932e+00 7.718021694069228111e-01 4.945703111336211322e+00 2.944041810553095218e+00 5.981563700808330886e+00 8.126985331953876512e-01 3.488282541551476879e+00 3.638656970894762477e+00 1.704132264481172943e+00 4.049785238071957671e+00 5.452184510947338580e+00 2.469377168441608372e+00 1.838267714640497319e+00 5.755627959176215391e+00 2.163740235621762320e+00 2.036456447466755471e+00 3.749761788780069605e+00 2.577182687503358327e+00
4.402555734671337540e+00 3.281327204524115526e+00 1.838191858169702930e-01 5.680751333041262008e+00 2.454916478999061180e+00 6.157041292542486666e+00 3.178421371953346508e+00 5.509179350268681219e+00 3.562211571445572211e+00 5.713814780442279861e+00 4.850245313985434237e+00 4.346491200927923515e+00 4.979186761552801599e+00 1.387240970970239573e+00 5.683019345406474521e-02 1.435607918012175244e+00 2.292059191490403158e+00 5.496915571762795771e+00 5.495824875162730550e+00 5.094224624945761448e+00
2.619186657975112742e-01 4.301336397857729921e+00 8.582855402680344969e-01 1.480020012330916179e+00 3.119826006979945721e+00 3.354984978023292097e+00 6.242071228531944627e-01 4.331744828311651752e+00 1.871935002898120981e+00 2.573700503473979495e+00 3.595190307671187302e+00 5.429247779240542471e-01 4.161632210589576886e+00 3.593092488881507673e+00 4.209981891194924053e+00 1.467376008672432119e+00 5.270948826565348355e+00 3.976394441203015440e+00 5.062253806590255145e+00 1.014466665189968309e+00
3.656458053557754440e+00 2.323192370064360024e-01 2.090639282381235642e+00 6.161314888789568567e-01 4.305965848915346506e+00 1.508849993646571130e+00 3.422644322121629390e+00 7.689548942991714098e-01 4.320813710926089790e+00 3.677594944812875077e+00 3.873828685188358989e+00 9.295987333456302848e-02 1.980711073860913496e+00 3.352972756086154860e+00 6.145015199757489777e-01 1.901334213153820230e+00 1.626217861665774977e+00 1.814084106332998214e+00 5.285550348479707283e-01 3.931065554210408930e+00
5.205091113868445696e+00 7.457660054277502615e-02 4.084294855910783895e+00 4.003337512525460551e-01 1.381229970695144971e+00 1.563178827869167842e+00 2.014547833398352417e+00 3.860589785658679940e+00 1.684868126544722955e+00 3.699751711490167350e-01 6.028957915511654164e+00 4.051011255732116290e+00 5.386353539612223074e+00 5.502052336430747204e+00 3.266845616792748430e+00 5.989443724603225938e+00 1.803209916407073399e+00 6.195755069928028824e+00 2.818080880093585705e+00 1.014877975272059807e+00
2.145854308697844548e+00 3.048892391727794138e+00 1.308696589028108148e+00 3.931316620187247368e-01 5.376391782960777022e+00 4.109245829530391525e+00 5.487036787935754001e-01 2.126035845100463728e+00 5.038318563054597909e+00 2.519657382891057118e+00 4.485864963659977889e+00 7.094883379145836555e-01 2.653753281406627362e+00 3.245441930668599095e+00 2.598161268714666572e-01 3.320646926660771214e+00 5.363631700709656336e+00 2.711795460392129709e+00 4.209579230487729085e+00 2.200983930849015557e+00
3.940163341041182932e+00 3.990497048962984294e+00 5.005986931460643774e+00 5.875252459697894558e+00 3.745835089396193585e+00 3.979035020423955960e+00 5.708236031660943510e+00 1.640014692184884604e+00 1.481116935292637660e+00 4.982801760910023248e+00 5.636736258455623982e+00 2.626553736741255474e+00 2.960457361125472087e+00 1.752187628400105890e-01 5.806436159403473241e+00 2.286160015685610336e+00 4.474557714819730414e+00 5.248407397687669951e-01 4.162544979542729173e+00 2.512849269537002606e+00
2.361954985268766904e+00 5.170749935354138849e+00 6.337760664541017830e-01 3.267568937311501553e+00 4.964623960979897555e-01 5.036415409247907427e+00 5.120589617078427302e+00 1.948679399536035473e-01 2.327724737938340560e+00 2.175568490812152866e+00 4.164870493113165928e+00 5.825872486860465216e+00 3.549695143614707060e+00 1.288521809030368726e+00 2.266309104926991669e+00 5.881354812898653250e+00 1.461580708461039713e+00 3.136067853716792420e-01 1.819520322885930019e+00 1.624775018607478527e+00
3.823984710072769300e+00 8.638881560776304758e-01 2.635368533861135454e+00 5.479047018420955872e+00 1.474780535728043296e-01 2.564870868711945473e+00 2.840543742216282475e+00 6.274244788203647616e+00 3.020811889996038779e+00 1.182180723495618757e+00 2.081862644458040812e+00 5.549044188159298757e-02 4.593352556679064946e+00 4.072179177421644702e+00 1.607951603478815272e+00 2.276144311165224199e+00 2.126499913854753121e+00 1.712831205970194670e+00 5.575950881056614961e+00 5.687153962971289722e+00
9.387876870559396236e-01 4.602736555405202878e+00 5.230092694193354319e+00 3.375421273659395371e+00 1.178651124102839898e+00 2.837497171673547314e+00 1.041595244705088019e+00 5.824594662348490104e+00 4.935389645921165247e+00 5.923410066694022369e+00 4.869984708376187577e+00 5.186244021107182078e+00 1.610494602686942889e+00 5.435409280601168014e+00 5.236374153908700535e+00 3.069211110855074587e+00 3.519843469069805497e+00 2.721411135091594602e+00 5.506080271814261629e+00 2.306361422250629456e+00
