2.402909914876877107e+00 3.786514984142150375e+00 4.811822298821282762e-01 3.141377951620476061e+00 4.780046323020148868e+00 2.712601243319537669e+00 4.923525750447043769e+00 4.818697948099117667e+00 2.879730098736559718e+00 5.996924053711250480e+00 4.902169082711474779e+00 2.932212287394645456e-01 5.333997397735324775e+00 4.872089540915990891e-01 4.511708664832864812e+00 5.965963638243918510e+00
3.037124878163562247e+00 3.065776684595914681e+00 2.844727925956032522e+00 2.224257903815200166e+00 8.318653230360015804e-01 2.283267689509969500e+00 5.658513416922944295e+00 4.486561966108995492e+00 2.904097612696243669e+00 4.992451117140303651e+00 6.117386170776921261e+00 5.360626183452796845e+00 3.779216735907438007e+00 2.875768086074236063e+00 1.483419223572473689e+00 8.662378094746389090e-01
2.593683693530697276e+00 1.668421090134648788e+00 5.891143700099670255e+00 3.045805499090998847e-01 2.497361012579024653e+00 5.869032822813111672e+00 3.195951493015493750e+00 2.610910763868093287e+00 1.641825434706291942e+00 4.400479523829722517e+00 6.140504843747466523e+00 4.258841946466891848e+00 1.584501318487478994e+00 4.112285236527889687e+00 3.972931073460311269e-01 5.996247478385988927e+00
7.611425516618676168e-01 5.658663656445994228e+00 5.406927732300203182e+00 5.367754106959117255e-01 2.767360889343566388e+00 1.395366065422169788e+00 2.348432320032277421e+00 3.002375532121857482e+00 4.068790227108455504e+00 2.764304423014981360e+00 3.836280885818965647e+00 1.889949065424115116e+00 6.044748261488145147e+00 2.077507219647554415e-01 5.574865394316852019e+00 7.647179819175647930e-01
4.340545124507079855e+00 2.216570218825057115e+00 2.443117636083965427e-01 4.544562627246600428e+00 5.575096190583971101e+00 6.190200608019379436e-01 6.308420948454398491e-01 5.499511541349888510e+00 2.547287067961248042e+00 3.076287655251329411e+00 1.962155685612169576e+00 3.880953240595484299e+00 3.614908243400186905e+00 1.442753114555461513e+00 4.838787726873796657e+00 3.089763912036044502e+00
1.092624859123324590e-02 2.756683253108381138e+00 7.591489792176969731e-01 4.108613552115082612e+00 1.960541930692638601e+00 3.942016689594894707e+00 3.674859547759314005e+00 4.297589749134835380e+00 3.200029619761506350e+00 4.550590282736453496e+00 2.489744539372523047e+00 5.453214979748125302e+00 3.868296255430547781e+00 5.373013825860285309e+00 5.558468629903616787e+00 4.087984582446815729e+00
1.713828047573313418e+00 3.442995863849665383e+00 2.997632994180792654e+00 1.815851809178117560e-01 5.480935484783287848e+00 1.418931153643202547e+00 3.139618106276824694e+00 1.383949591132231927e+00 2.957947411433470286e+00 2.414652392410276072e+00 5.511283466326373226e-01 5.385534267855308421e+00 3.856698198696510427e-01 5.755862185377565332e+00 5.635735988223791182e+00 5.884621833933209700e+00
1.988468276579854477e+00 3.586451170335730243e+00 3.207814777372246517e-01 8.250405862499479159e-01 5.671848627976801005e+00 2.002231362678119631e+00 6.110278628512169519e+00 5.110166621530261466e+00 2.575115989965538255e+00 2.052498840602468844e-01 1.166380776924618445e-01 5.080147452098668026e+00 5.244382421820841245e-01 2.034634701167612469e+00 1.280545943224724315e-01 2.742897514851392327e+00
1.486669076195588302e+00 1.587527311449212997e+00 2.862021174433257542e+00 1.020015354089008452e+00 3.370601494815143595e-01 3.522539540953059767e+00 5.424034733660179519e+00 4.645238586829607108e+00 1.641500111746721835e+00 4.707996409395172499e+00 5.283514042469193761e+00 5.806223342053895564e+00 3.967972071581214788e+00 4.980415019731456283e+00 4.915489318922272588e+00 2.344073216899272616e+00
1.696911790709506818e+00 3.417474692286648796e+00 1.957588039132388547e+00 5.477333291985009289e-01 4.262953859662725442e+00 3.176303263316779812e+00 2.284842933925892883e+00 1.053748935869180503e+00 3.576825626084111143e+00 4.719584177968458860e+00 2.060007342263799224e+00 3.082633161106658193e+00 1.200707879860132277e+00 3.677352213037254902e+00 5.893181672102066893e-01 2.501374522392176392e+00
3.287602432087360693e+00 6.082465679060095054e-01 2.095480804975440314e+00 2.655210481167696646e+00 2.333880948232597952e+00 5.630791122231189938e+00 8.134208905289176395e-01 3.931767354653759039e+00 2.227624648551294051e+00 1.777898582877770028e+00 1.076509511656197127e+00 1.050800585259270559e+00 2.134490386869881018e+00 3.372075473652789590e+00 5.339726571396966825e+00 1.202080886785994174e-01
1.451484004951888451e+00 5.326862398903227103e+00 1.197619252082713359e-01 3.740639015918406418e+00 4.485669188396496310e+00 4.341991734000623104e+00 6.090826678906450908e+00 1.341473675681831068e+00 3.930508143620028871e+00 3.478830443221009538e+00 4.462466058566587179e+00 3.177282105992383254e+00 5.770205721381240771e-01 5.162980128732559404e-01 4.171652020397695892e-01 1.600203150095972360e+00
4.751474164932811273e-01 3.832466550147622275e+00 3.052923352419382841e+00 4.077574077409014564e+00 2.693478303437845778e+00 2.553970237026797374e+00 1.191017759962963884e+00 9.862127511212849251e-01 4.226609416311151612e+00 5.518962448584610492e+00 3.821165926636376664e+00 5.994511441875618907e+00 1.962859815203403802e+00 5.865773068771421350e+00 3.807092169038172713e+00 6.132045812130702878e+00
3.921334446772960725e+00 1.052947335938711815e+00 1.816318591168664565e+00 5.834765371005132373e+00 1.498427696209690740e+00 2.235571540118023448e-01 1.163876922800007874e+00 4.895263234523014262e+00 6.223079723186662804e+00 5.395850652041549012e+00 5.119946795409020091e+00 3.998879073655503991e+00 3.708097018803818479e+00 3.263803513116566801e+00 4.057518391551862558e-01 5.190464084298914038e+00
1.784469345332619250e+00 4.482976312185988021e+00 2.966294637923835964e+00 6.272919566665348334e+00 3.747625280921313973e-01 3.782157698554220904e+00 9.137698184131042289e-01 2.946888189386736023e+00 3.075856208574650807e+00 6.042040403600485554e+00 5.334989563198517359e+00 5.226588698103213027e+00 4.810817237774211108e+00 4.277163419455047855e-01 4.606354574235998478e-01 5.418035398759072585e+00
4.935901918217870943e+00 2.036800709197135628e+00 1.001845465862017184e-02 2.126816922415251554e+00 3.916717303352258650e+00 4.942140845439642050e+00 3.929149881511780684e+00 3.172467228978511411e+00 5.993264815910111842e+00 5.093981747664726889e+00 1.296128333226127971e+00 1.859905607089643365e+00 1.914724554366038278e+00 5.131494683843895288e+00 3.370417430237443224e+00 4.571503900317656077e-01
1.261796042084717850e+00 7.557195262099389854e-01 4.923851095582687520e-01 2.489469321657161949e+00 6.008740547691309608e+00 2.248875638945829092e+00 5.641684900389097201e+00 2.550374067864412009e+00 6.250579202500656351e+00 3.306126599311634440e+00 2.828413524975223581e+00 1.843587715469905408e+00 5.462299588733446898e-01 1.625644822306734349e-01 4.916684624649699131e+00 2.477211172019009311e+00
1.375199910359403477e+00 4.048451314973372739e+00 7.687833990362082925e-01 2.990543499565621044e-01 2.372593730907358367e+00 4.009527999758960348e+00 2.071900497907558647e-01 1.267801234253387310e+00 5.493969792750965198e+00 2.207333602237133263e+00 1.235469495827553388e+00 5.902098629751861836e+00 2.121000306571597382e-01 2.649316626313610978e+00 3.481751649509946756e+00 8.975715822176701109e-02
2.365689951129912760e+00 4.454920273284766807e+00 3.451608611685951455e+00 5.297281386551047966e+00 4.560597950397206723e+00 5.751735580512601587e+00 5.927348573284149102e-01 4.500373325932920388e+00 1.618928841911965621e+00 2.491791193716806685e+00 4.159063214430426036e+00 2.748518521066426690e+00 3.903345573535753843e+00 2.669750429929759861e+00 2.693496833598480134e+00 1.622234159843085388e+00
4.819511534511403461e+00 6.527366959886597986e-01 3.903856456849085443e+00 5.589410751543762323e+00 1.256367801572235987e-01 5.618912762158829288e+00 5.575361645585330983e+00 2.012348305336911558e+00 6.118386002626919229e+00 4.899562510328421716e+00 2.410496017546964964e+00 2.279264106268975354e+00 4.420101176372590146e+00 4.552940622616639565e+00 3.881736057859371147e+00 6.200651870689557477e+00
3.867482097479987502e+00 5.393211363595388441e+00 5.608988669495423629e+00 3.001362744804815463e+00 4.871898486369459214e+00 1.347991519761795320e+00 1.523968753877458004e+00 4.980390121194880670e+00 1.802466326976012168e+00 9.221569104663757122e-02 3.194215106367168211e+00 3.051475981647255420e+00 1.095098218670568668e+00 2.143745954325901426e+00 5.438324547135428233e+00 5.942179177552785241e+00
5.172266320982223498e+00 3.624450130969001371e+00 4.822520075496904646e+00 1.199015442049112590e+00 1.024218459357509881e+00 1.193820786156591707e+00 8.183109853367159792e-02 8.247828267657545398e-01 3.918103336491869926e-01 2.545794240911776640e+00 7.471407604925353607e-02 3.941453190205298274e+00 2.287565437532212531e+00 1.577420393841414414e+00 1.976150333673590387e+00 4.300071403168966633e+00
5.738364812275914772e+00 6.169549096188106319e+00 8.423404505124043595e-01 4.274185977480583709e+00 4.337288575764086218e+00 2.378783533428083796e+00 4.661220757355820865e+00 4.801085867826944686e-01 3.279232184692064234e+00 2.650792574329926321e+00 6.251029999736704701e-01 3.350249010123143911e+00 1.603046341934097452e+00 1.136366083420786488e+00 4.180568846744401768e+00 1.600908674550779009e+00
5.040451457060483698e+00 1.498724281633023070e+00 6.166251503336876105e+00 2.559536023523542259e+00 2.764853724956096048e+00 1.146982012184427857e+00 2.833045252751313914e+00 2.755725786604837246e+00 9.860031538486923042e-01 1.234435916393221255e+00 3.344700694965464738e+00 5.680982995963551829e+00 2.358506915830103967e+00 3.979578518810292564e+00 5.749361089759979393e+00 6.774542485245764745e-01
1.865766595693312713e+00 6.018123950275649392e+00 2.493695493017560327e+00 4.093785864767056637e+00 5.653229818107881499e+00 1.501929029699236473e+00 8.615589549393425362e-01 5.597291642627999941e+00 7.870046663342277204e-01 3.705245110879474613e+00 4.380813771880084140e+00 4.089709332920921980e+00 4.102852966113238686e+00 1.908872487794210371e-01 5.512744638307026435e+00 4.778524726144404156e+00
6.222454308401751177e+00 4.487722858202311649e+00 5.595276078033684541e+00 1.425949375579087519e+00 4.143889250345675457e+00 2.418657706694899545e+00 4.546646633281596017e+00 1.779399418389256526e+00 1.422881966063317183e+00 4.439466525120405294e+00 2.126821111902767125e+00 4.130814240122712810e+00 4.573351837793409480e+00 3.589767362355980929e+00 5.646386939670834160e+00 6.930625773023368907e-01
6.400346861946898391e-02 2.899558156128061892e+00 1.603754859722907655e+00 6.025057063016170389e+00 1.227081857110755125e+00 3.009399652875041742e+00 4.631219883270853543e+00 6.164074580856611085e+00 8.365361904976681418e-01 1.023328343161119397e-02 2.776333973079632589e+00 3.754191002460521620e+00 1.601401216322902776e+00 2.213417909955281093e+00 5.109532871337867377e+00 2.923735764009453564e-01
5.079785090373384326e-01 1.751541486880400678e+00 4.517991932863598237e+00 3.545243154448896927e+00 3.747272506497064004e+00 2.611567985642203826e+00 6.077045541501635562e-01 4.680262589738813261e+00 1.231663982605382957e-01 1.477019456222514071e+00 5.770991355308444426e+00 5.974060903554333279e+00 1.934896477367222145e+00 3.974029997302427564e+00 2.439782508816912721e+00 9.548673483542483575e-01
5.663514935108339365e+00 9.989358328889923200e-02 1.825612129135256057e+00 3.987817811871768203e+00 4.004293303787568981e+00 2.660383573676167401e+00 2.463953920460639324e+00 8.791833359645657708e-01 5.265718266708053541e+00 5.974079720142587036e+00 1.292375451878974069e+00 1.803102513540616902e+00 1.191542147149830200e+00 5.765746307399522763e+00 3.139886266645097290e+00 5.444537079347191444e+00
3.396457249078825402e+00 3.492514666763765763e-01 3.682422039940957958e+00 3.931937619214402435e+00 2.576887445340622751e+00 2.011307019233023574e+00 1.100583092684316977e+00 5.727655657200658723e+00 2.925523187239159828e+00 4.576908738007046118e+00 3.015126423209620210e+00 1.097861957629527208e+00 4.944493988553980479e+00 3.355386227971748347e+00 2.142466413065297726e+00 5.112490286192311606e-01
2.286798679846424154e+00 5.273495919945323518e-01 1.008209585235264383e+00 4.765452826625614868e+00 3.556967539623653529e+00 3.861679879679703387e+00 6.008242508703330209e+00 1.778842724838406442e+00 5.265881005777742985e+00 2.391802625473373745e+00 5.617394191697744787e+00 3.152567978107291502e+00 7.941711616709226096e-01 1.791950038481139762e+00 1.249799058989951694e+00 5.600120112530976968e+00
6.266216326575049678e+00 7.472795905160271035e-01 5.693573651673945690e+00 3.302319212115955249e+00 1.447967095421487382e+00 3.821667225466353734e+00 4.533069773898152022e+00 5.974337984406828284e+00 3.901173089563938934e+00 5.760982489513380989e-01 1.366042276424305868e+00 4.153068498682761067e+00 3.754151304432521208e+00 1.561864318222319969e+00 3.960258363378558411e+00 2.156621519164247935e+00
