4.982782126932730371e+00 4.145480845685536764e+00 4.458209208870987261e+00 1.307804460961027315e+00 5.305593729312299445e+00 7.208916780290103299e-01 3.587569565419391981e+00 1.472933182344999814e+00 8.856052207907727514e-01 2.277549697794658101e+00 3.617065578230148404e+00 5.627155515357799231e+00 1.649519634055747419e+00 2.834253478827905237e+00 4.234425942914280760e+00 3.983143314454971495e+00 3.824317718074152772e+00 2.839699216139980997e+00 5.422278661973006564e+00 3.192516916789973180e+00
4.061567591224779505e+00 3.922211051350673383e+00 4.023044496342094156e+00 1.154571751448189687e+00 5.928665290496947016e+00 3.090130695855433984e+00 4.160880048045756396e+00 4.994710317274784650e+00 5.043219849074681571e-02 5.812606604996756410e+00 2.868288303154421293e+00 1.681763154605637078e+00 3.143602784833975594e+00 4.265239068597446170e+00 3.320015053471013111e+00 1.905025227616589545e+00 2.394885019388981115e-02 6.006431301508006193e+00 6.742508260957031929e-01 6.259529701304781923e+00
1.497316693269661769e+00 4.576473265574805716e+00 4.408852592984597862e+00 8.892138392078431652e-02 1.890741863488583974e+00 4.309593249454477082e+00 1.344606760861037476e+00 5.229131987434413320e-01 5.466298130493625784e+00 1.383046576437244379e+00 4.172169549506839381e+00 4.018687648484315922e+00 4.712205609203221179e+00 1.681866243475666156e+00 8.927611801187359530e-01 1.908836314696124026e+00 5.101797349891324274e+00 3.613496906421729715e+00 2.478396171459998243e+00 4.639308931787009982e+00
2.189959811388951127e+00 5.991890394864560765e-01 5.724163219626785093e+00 5.360618740032520257e+00 5.073117076834948058e+00 6.023520016008760081e+00 4.163947617922512556e+00 1.319832437769531630e+00 4.326803193210762899e+00 2.255710989279252399e+00 3.905372052674049410e+00 5.693625049648845859e+00 2.746479419685137646e+00 4.553406191924455726e+00 1.437406117559281382e+00 1.968787951900945021e+00 2.392168792859353577e+00 3.514876983326059356e+00 5.440556856081883552e+00 6.014897049705797194e+00
4.349655489953279996e+00 3.762148640119800547e+00 2.982071456384528751e+00 1.608073997647861964e+00 3.340430302405172025e+00 4.478747650460687346e+00 2.721317858546106194e+00 6.673774258981043928e-02 5.650415611174016028e+00 2.094099194344724857e-01 4.599339616144646925e+00 3.635427522995593463e+00 2.898185488239032992e+00 4.280958007951350730e+00 4.523769556173532713e+00 4.928009255978111014e+00 4.464606818069293048e+00 3.517728542493745447e+00 5.240171220307773936e+00 2.496528523973251534e+00
1.305604441753953182e+00 1.278892129623939944e+00 5.731474246970483577e+00 2.763241482621414669e+00 4.169607263265897146e+00 3.498275699809327843e-02 1.485181982851828453e+00 2.050701633301777349e+00 5.525779968637323236e+00 5.507799332796863290e+00 3.771629904296219138e+00 1.908412242997862940e+00 3.732807909536998814e+00 2.322776245766353664e+00 8.088584140987169491e-01 5.399447101179525532e+00 6.519495600603765206e-01 6.085596095797675353e+00 1.727980725118429151e+00 5.528758098531096010e+00
6.227865308074656880e+00 1.169398831143579898e+00 5.010009329658956290e+00 5.047597259934168079e+00 1.916157991215473311e-01 1.334685030643102843e+00 2.498815165070215061e-01 4.263464465598691966e+00 2.388458500324219802e+00 2.996216378312681616e+00 3.828644078824549712e+00 2.824810321900502519e+00 5.046263400987583303e+00 5.080507706305062321e+00 4.525740986498512974e+00 1.665999641239063855e+00 5.021529544037140802e+00 2.969869496766464056e+00 5.122952141774447909e+00 4.568741600732707298e+00
2.290480746867944450e+00 2.774219618439229595e+00 3.413231057177636529e+00 3.027449394651353654e+00 6.750677840001333141e-02 3.497149214813582763e+00 3.805217571850477931e+00 4.474888376088300923e+00 3.166614608944761322e+00 3.521442090444935502e+00 1.589558345616445267e-01 3.919465706733296084e+00 8.228878527615888228e-01 1.637517772591920995e+00 5.532809958741676581e+00 4.763586845720977792e+00 4.378251223868563358e+00 4.773823759817703571e-01 2.746542473276581298e+00 1.116583439364016606e+00
5.925556754502544266e+00 5.117072858923467749e+00 2.231376197974003439e+00 2.626005327284845148e+00 2.331879431800148783e+00 3.204781632676792391e+00 2.864432448684075982e+00 2.248609711232660846e+00 4.663406205324082676e-01 6.419271701118723916e-01 1.461868736566382942e-01 8.100132295581202735e-01 7.136816937092161917e-01 5.618671067571209043e+00 5.658558416046130191e+00 3.740353086352816270e+00 3.758854623003505591e+00 5.694721272509058352e+00 1.106649544528092610e+00 4.966180633372149877e+00
8.177164587046538147e-01 3.104034190875311516e+00 2.152023117902583937e+00 3.377282809167391431e+00 5.808463851938686417e+00 5.789226485105114506e+00 4.552368279432259079e+00 1.151967817301075669e+00 6.748719447062462296e-01 1.105782153570149307e+00 6.049849671564287767e+00 3.269387628652780098e+00 2.485656234862570813e+00 5.751064509522455737e+00 6.132734412689494263e+00 3.442588373490401144e-01 2.592974579629671261e+00 1.630432595873605672e+00 5.855561573650080121e+00 4.562600625491079143e+00
1.360028667146658821e-01 6.778250534676367733e-01 3.532979308486725589e+00 3.336502161387432608e+00 4.488220117674386778e+00 1.162318549662331613e+00 5.300045728195763139e+00 5.662225810009385851e-01 6.120724054293495087e+00 3.535619753415604749e-01 1.608791502189750533e+00 3.212355893526666506e+00 3.015141507505766150e+00 1.296647313175076421e+00 4.764421038252501184e+00 5.870538922579672914e+00 4.903697772219523188e+00 1.307396259773433655e+00 5.350883938503283588e+00 5.663162424226302782e+00
1.255671832878117788e+00 5.091565987603731358e+00 6.282999176710137412e+00 5.533427372155644619e+00 4.958689515691236949e+00 3.692527873122978255e-01 6.786678573590585462e-01 2.038405218965096743e+00 3.195885368582641828e+00 6.697735659554036047e-01 3.589405447965312135e+00 6.206782711411696241e+00 2.030583008167750947e+00 4.841471205446666204e+00 2.601897344379829224e+00 7.217618107853437381e-01 1.136704032830166744e+00 5.458091220156849666e+00 5.928039180345609616e+00 3.596370792572063380e-01
4.171611658969207603e+00 5.181928532378829111e+00 1.330385330810917477e+00 2.309752965960096827e+00 1.794587528008174226e+00 4.199810174543697094e+00 3.778451668058586677e+00 3.475112413736375583e+00 8.068394282357578273e-01 1.722048746579028178e+00 4.378413779772390990e-01 1.326323520730479766e+00 4.140776450889823046e+00 1.544158671624369150e+00 4.856729619291902722e+00 4.513442801690980666e+00 4.367763352646377939e+00 3.070126051829121128e+00 2.234475575058759045e+00 1.048859456759263287e+00
1.093253810024897715e-01 5.723728893373576376e+00 5.256505934201271657e+00 1.407626254122659404e+00 1.883053616335674585e+00 2.293170850148249063e+00 5.497490011712710789e+00 5.105103560022654641e+00 7.729020872042093870e-01 4.807717391473850910e+00 4.840718459324978795e+00 2.080749859825862469e+00 6.020620135083754931e+00 2.544286072321338743e+00 4.191222663977081986e+00 6.014195102028723205e-01 4.377251130191556427e+00 7.148953831860765940e-01 5.383822534609056909e+00 4.379725006349819871e+00
6.280012808397705371e+00 9.125543109395342078e-01 5.319487229202312761e+00 3.364626533758614535e+00 5.103866795450308302e+00 5.145165136787787752e+00 3.332039052729640627e+00 4.971231754876051845e+00 2.978915805157570595e+00 2.502989564702143177e+00 5.845178845382489330e-01 3.207783778806649888e+00 5.405695574388977853e+00 5.916266720435313431e+00 2.619469636451406402e-01 1.266890655452692416e+00 1.919113596505377828e+00 6.633902450738090595e-01 6.131669200705755607e+00 4.024733789069343537e+00
2.648917829484936926e-01 1.044516227961129973e+00 1.377131604637261475e+00 3.428622408228811036e+00 9.139230668992344153e-01 4.698021498841209009e+00 7.742268731183872266e-01 4.697737126614890180e+00 4.243612760748606272e-01 5.856506734025358263e+00 5.745550192136995804e+00 3.662363307806411061e+00 4.098651369706564296e+00 2.145375368547547179e+00 3.094156563409337757e+00 4.104376798015428596e-02 5.557455333539037312e+00 1.251842794981061324e+00 1.913720416783686984e+00 2.570279619130379611e+00
2.432104996035675981e+00 2.872514771370854092e+00 1.235419785912110317e-03 1.285630131525019149e+00 1.393860871950781233e+00 8.330823737261805473e-01 6.048272554204790374e+00 3.613755484845627475e+00 6.060203300421035166e+00 2.267510082900830337e+00 6.045730764286273207e+00 4.302526231552025848e+00 4.866979836242197877e+00 2.185739919543001619e+00 4.804577820674456046e-01 1.729219321971526169e+00 5.711793671884309198e+00 3.320217920114583166e+00 3.078010151167829722e+00 6.841002470027326421e-01
4.108641070888847668e-01 9.515661368471071135e-01 4.233794692657061098e+00 5.332281109041439926e+00 4.302458208385878002e+00 7.829255904848980707e-01 4.621617232663496111e+00 2.561803350062736406e+00 3.926660707926546312e+00 4.947085829424781700e+00 6.188506520695480795e+00 5.908847160780680285e-01 4.571960703371576784e+00 2.395393128844703234e+00 2.243169446781026366e+00 4.357103633751024496e+00 2.215095067557618869e+00 2.716742769101276433e+00 1.004410928139513937e+00 1.095410719795578691e+00
1.668434033795495708e+00 2.749081803735330176e+00 5.274703570199698710e+00 1.857549682108561973e+00 5.721976671275665005e+00 3.958659945033343508e+00 2.140646556610479312e+00 2.931137730456505164e+00 5.366461707832247185e+00 1.414152006721824728e+00 6.218852940292271647e+00 4.763367367933667218e+00 2.985687868833154734e+00 8.599458460160872564e-01 2.778965861360446432e+00 4.191541424805367733e+00 6.272467839476208340e+00 1.474736439241896291e-01 1.940555047085466667e+00 2.054996284511314997e+00
3.696343607077829496e+00 2.991475696244313198e+00 5.549012467586782016e+00 2.976956236684212609e+00 2.649248158317251356e+00 3.001732623459451244e+00 5.512209023498728655e+00 1.993129239469663971e-01 5.308376149824963974e+00 3.717104572815528307e+00 2.553997114552599257e+00 4.694344713876675179e+00 6.115653936350802233e+00 1.411754559830311062e-01 4.515663101246004452e+00 6.108967047391061556e+00 3.905501647696142609e+00 5.665076357224019254e+00 4.216490400545124473e+00 3.754072083119774916e+00
6.795680967235128156e-01 9.304441293292138593e-02 2.486731855552721360e+00 2.074333107909234197e+00 2.087783026926625318e+00 5.575118185290411255e+00 5.952888376954891925e+00 8.129695752201847592e-01 5.832075275047992946e+00 2.118933434360898094e+00 7.726281590835041291e-01 1.742922813263295456e+00 1.778216562194056660e+00 5.581319117650437533e+00 5.110335031725919741e+00 1.267234499438181672e+00 3.209548161403427358e+00 1.031950731504882368e+00 3.106990722359595836e+00 3.396451137773588425e+00
1.086529563567673273e+00 5.817552525617475823e+00 6.057191705513475632e+00 8.510750512224983799e-01 4.530632889971358601e+00 6.654604944868406369e-01 4.588534181255818467e+00 3.148406939320665732e+00 1.433494905984317391e+00 5.786549734628481545e+00 5.797157626446686862e+00 4.259368755888496061e+00 5.649348213187102452e+00 5.605394405464704022e+00 2.919850913402500581e+00 4.515762755366670156e+00 1.999408337813454395e+00 1.264389690695016943e+00 4.099334383728725051e+00 3.373207553128909186e+00
6.330187332713415049e-01 1.478922645670263769e+00 6.013418143052011722e+00 1.532938906217585773e+00 4.633359437327911223e+00 5.831680976619781909e+00 5.571864530095608226e-01 2.628182828908581126e+00 5.477397370099411633e-01 5.347848441767483862e+00 3.683325850136747626e+00 4.002074208438714531e-01 4.471655708567673915e-01 3.862689271271877445e+00 3.503115164905764800e+00 3.001857712520549892e+00 5.659208704540647616e+00 3.853618423303102336e+00 4.907929893874675820e+00 5.545362421872768621e+00
4.216730693049168366e+00 2.436930602905366783e+00 5.109522241702396883e+00 2.607022824125780680e+00 3.563000746102992777e-01 2.243004746031307839e+00 3.766397268589737335e-01 5.942468374854852353e-01 6.273468221434503889e+00 1.959617928734038173e-01 3.395068410746286958e+00 1.385596200325318605e+00 4.175048083809833166e+00 2.065375974268295778e+00 2.918595140242550734e+00 5.589359065749773592e+00 1.291306534821720309e+00 2.472671146937718056e+00 3.204587721641628306e+00 2.845617067761910146e+00
6.244634983307780551e+00 2.914020481917693584e+00 4.222255154487472240e+00 2.298060398050834063e+00 2.006283739787339648e+00 5.718113825094457425e+00 4.492516943298139886e-01 1.346035279081828628e+00 2.991824143298507099e+00 3.489201022645937122e+00 2.227204911905426021e-01 5.020881828126032786e+00 3.799949960972212271e+00 5.023896666130872823e+00 3.791586461557341803e+00 2.708924220140913164e+00 5.599371346888472267e+00 2.568877427439574035e+00 5.681679496506958138e+00 2.528263206217491010e+00
3.931081603904894806e+00 2.493425623226982690e+00 2.036289646356337357e-01 4.121989894373586871e+00 1.650202081173779867e+00 1.995534796930423127e+00 5.497480762323661452e+00 3.852180284821246747e+00 3.178695753211891795e+00 2.740488335854847968e+00 5.990250828504722902e-01 1.311627178050401632e+00 4.096778174866080313e+00 3.452902503696920533e+00 5.424948799193001214e+00 2.263518164779724451e+00 6.273591129680024636e+00 7.791073660146049518e-01 4.930629501937062731e-01 5.873835874518407607e+00
1.295301200246065543e+00 2.208713205467919494e+00 6.056624479308525544e+00 7.809705199398000453e-01 2.149664392093888488e+00 5.133120423678080080e+00 6.205358444523835004e+00 5.825041109276619666e-01 1.836815890124702699e+00 6.148347969582708572e+00 3.604430635011823814e+00 3.998292860524168990e+00 5.429274674004037626e-01 5.821718386603413897e+00 1.295015504408021823e+00 3.656442748081483174e+00 6.056904147644550207e+00 3.155032709069229391e+00 5.045169369274768556e+00 6.078460377096932987e+00
5.316494639003289002e+00 3.816718478003723547e+00 5.071299799217594551e-01 4.281787125426243179e+00 3.867587970988644042e+00 2.669231763996751550e+00 4.335729293546367380e+00 5.807388637552439725e+00 6.011615208616163386e+00 6.282675121272253138e-01 1.949138080096296299e+00 1.624060896776467200e-01 3.922460903315253766e+00 1.360409282443663992e+00 3.696303792713009351e+00 3.999688865379798397e+00 5.016977699379884470e+00 4.162300203042558877e+00 1.743095556922781508e+00 1.847046655187712050e+00
4.117179521545542897e+00 3.474390977857957363e+00 6.097355962025204912e-01 4.693881005153892616e+00 4.877159372855080832e+00 3.384785048395483553e+00 3.389016232118454708e-01 3.652595852023285405e-01 4.218354867952310627e+00 4.389127064984547633e-01 3.864473204725346278e+00 1.835417099318808587e+00 2.448696501034148376e+00 4.521725069315372103e+00 3.749549937251230869e+00 6.496798963864686138e-01 6.274654166562222635e+00 3.160454580451637518e+00 2.274547553175259917e+00 3.368552961912446353e+00
8.910294102368713220e-01 4.114673466617005282e+00 5.376502941734821128e+00 2.258879366927672994e+00 1.760886677665026712e+00 3.285784075672824933e+00 6.090293990962122095e+00 5.282437371882748423e+00 1.723265012228070825e+00 8.966099217180401038e-01 4.910647244741536355e+00 5.560846501816205212e+00 4.326190133597467735e+00 4.093917858037376512e+00 8.727082328616492246e-01 3.413440376594280568e-01 2.188734494718855839e+00 2.950987201057142961e+00 4.459594794958862352e+00 6.113845670499523877e+00
3.592492967466564657e+00 3.740579010546408512e+00 4.495055328939664641e+00 3.155878008769448795e-01 4.221109976288543564e+00 2.421999256832325365e-01 3.167590908544409611e+00 5.907841881700989006e+00 4.888506062147928155e+00 6.310412933906064392e-01 2.911723586960274002e+00 3.762079045383561304e+00 9.661626320450328320e-01 5.955561766689481118e+00 1.864829091114347026e+00 7.694812964959281132e-01 3.446169419272034684e+00 4.154247546362210386e+00 2.135721021126033570e+00 2.787297744744483108e+00
2.776827125296307486e+00 3.030323928447667292e+00 5.590237063972645970e+00 3.054799982274794878e+00 2.786566823862782760e-01 3.736701641588252354e+00 3.140708391888938356e-01 5.787810436800962854e+00 1.451072019096699917e+00 4.265196011082869276e+00 4.308709906306925852e+00 4.552678029514588331e+00 2.671917986541310963e+00 5.686459616017324414e+00 5.474862868680027361e+00 2.418645702717168611e+00 5.169608574058889516e+00 1.603190342731982909e+00 5.753344744189044846e+00 5.194803049774714410e-01
