3.476002532262891354e+00 1.730406474781298609e+00 4.014695503439494217e+00 6.262126149259480634e+00 4.709983499225638859e+00 4.656998885107703212e-01 1.901713698778971562e+00 3.841401558909008251e+00 1.929332835169383698e+00 2.497722899365713900e+00 4.258812260219172252e+00 2.995051076421482605e+00 5.442800070709114202e+00 2.456791369817597381e+00 5.576048306795879927e-01 4.843625001907341243e+00
1.340343244869314665e+00 4.236539931823484650e+00 1.855073548902030467e+00 8.508709116093129410e-01 4.780570890449338251e+00 1.815386473318092886e+00 8.853268374013739672e-01 2.621598293265714030e+00 1.748186858654323439e+00 4.626828452444084583e+00 1.424648978660464138e+00 3.293501026370178497e+00 5.911692013747307684e+00 1.740425475042931325e+00 4.532701283704520634e+00 3.523790788103203564e+00
6.560555063481782190e-01 5.127385986937919249e+00 2.529051314771017189e+00 2.058306032451544088e+00 4.595328238348850292e+00 1.887168602533615180e+00 4.426711893953173771e+00 1.333665931335726196e+00 1.893368458109592201e+00 1.723198572464793576e+00 1.501324122266114225e+00 6.119291422172072892e+00 4.816661199195712229e+00 5.760311619846254949e+00 5.373313451706418498e+00 5.603459571918751436e+00
1.878803201530615974e+00 3.204844594000622493e+00 1.489765007541747621e-01 9.957230902533368289e-01 5.603325898315619114e+00 1.112250064136059757e+00 7.421521912690268730e-01 1.340757688279334614e+00 5.175833528334756295e+00 5.484104305012304614e+00 3.042100610422339368e+00 1.015604021155345205e+00 5.709316463388701690e-01 4.847023323593449895e+00 2.809855109130898199e-01 1.194300265351665891e+00
2.017749112198145678e+00 1.074979968566423416e+00 6.200646528155132842e+00 5.769781062641963221e-01 2.207002773038205579e+00 3.143557825495631786e+00 2.471140848874527229e+00 2.599578611134927275e+00 1.868586172829959979e+00 6.089204071427182896e+00 5.897551807781195699e+00 1.050887350944654103e-01 5.391742349947862500e+00 4.170789576094179552e+00 3.425028160860629445e+00 7.608311571174899424e-01
3.350920322231070614e+00 3.714658301055324685e+00 4.629378998678951973e+00 9.148730196899769185e-01 6.490529147840361501e-01 4.936950976222687970e+00 1.234439032682878468e+00 3.580614356175260582e+00 3.160888915167525237e+00 1.579112781075425076e+00 4.900419195248400861e+00 8.656678387249158169e-01 4.038580250376522685e+00 1.863291729032072741e+00 3.087429677872267408e+00 3.640888074712452127e+00
5.101935702276212403e+00 1.986127822315712388e+00 2.254266114359927187e+00 5.164602436249122519e+00 6.209113743225482374e+00 4.820926917465510719e+00 3.004996657695976570e+00 4.203256504490299861e+00 1.108412887623979604e+00 4.410693755705636043e+00 3.823778618032526389e+00 4.242111003553149295e+00 1.082140325132396885e+00 2.055944010961226809e+00 4.415778035852730987e+00 1.912521772436968748e+00
5.264105724795900443e+00 3.210243107496882242e+00 5.072926157725732743e+00 1.905468778233667670e+00 3.259491742745185050e+00 8.131777834264072302e-01 1.486540620569590243e-01 2.460581511036139979e+00 9.076567099324966970e-01 3.403058239772602245e-01 1.349088944233868936e+00 4.241005697045212131e+00 2.727981864352282848e+00 3.048667983394657721e+00 5.249130327960031650e+00 6.274710670185908334e+00
5.078478792992026314e+00 1.276355220513931910e+00 2.461792487335522583e+00 3.400335607337097166e+00 4.882663825325937346e+00 1.847757395142689330e+00 5.506751246757090712e+00 2.098524730248658710e+00 5.070788175550861254e+00 1.513965975139278441e+00 3.992570117093224180e+00 2.613443812031763347e+00 2.649949790602229793e+00 1.706803150793435142e+00 3.987739559079352070e+00 1.422255673252892594e+00
6.105188419270915823e+00 3.253054956576570955e+00 2.707474071698976026e+00 4.257306933845718788e+00 8.086688012336074038e-01 9.293379107733489297e-01 3.615741342689845705e+00 5.819964346927152476e+00 4.034020713841665717e+00 5.793218616299613544e+00 9.898689655134355059e-01 1.020421370995474142e+00 2.991407120126763797e+00 5.002345969963627681e+00 3.141842848540655986e+00 1.945489589041070611e+00
4.372654313513716140e+00 5.623463289075875338e+00 3.499418997789993657e+00 3.991036774349465244e+00 2.153724883541605351e-01 5.310981730045157612e+00 9.160296932594677033e-01 4.442700154544023228e+00 3.778826745584241031e+00 1.585705662856916887e-01 3.403953874106495192e+00 5.951999288853223824e+00 3.002796333946881280e+00 4.496917259050989379e+00 3.815115293415262787e+00 4.190699609615887056e+00
4.860462400107683045e+00 1.731184079148131660e+00 4.149970035020891679e+00 3.980508403565333531e+00 2.816343313052614761e+00 3.870051926587248836e+00 1.380746522895204054e+00 3.924269092600232600e+00 1.986038120621515191e+00 4.354152092370929594e+00 5.018932065388001185e+00 2.783998898096889718e+00 1.589364147922301740e+00 4.604816207817751250e-01 2.818587770399585857e+00 5.451390542707973630e+00
2.271766382355066671e+00 2.920951780715492010e-02 2.153289511786932398e+00 3.751500989125279517e+00 4.741775111234439954e+00 4.353183612727248075e+00 3.612551410038161048e+00 1.775997603499666511e+00 2.017631169078605069e+00 6.107118043824061537e+00 1.842516192552281717e+00 2.110637862355204952e-01 4.692455891229399434e+00 3.706812278421658946e-01 3.376162253889252618e+00 5.870005054393933053e-01
6.226071400810693213e+00 3.728583316753462107e+00 4.502083721321278098e+00 4.629337954398402566e+00 2.976327714275876613e+00 3.364879758497207884e+00 5.528662628465625062e+00 2.753992092487375754e+00 4.513409664071277305e+00 3.197959725506536177e+00 4.293670925253880721e-01 1.190596190115901676e+00 6.159286783197485349e+00 3.990966173011743834e+00 2.526778404907177755e+00 4.588494662901415388e+00
3.890403233945534112e-01 6.055032476287382615e+00 3.542079873795694667e+00 5.606643145352073754e-01 4.746583754904386332e+00 8.858236691043249733e-01 2.521035382748389342e+00 9.677119268887742765e-01 5.149887270652949489e+00 7.653634439695478076e-02 3.737638499375388168e+00 5.332154766578519833e+00 3.721648925698763932e+00 6.132472168720523698e+00 5.106336991378420898e+00 3.871113835621812438e+00
3.881307520752175222e+00 3.646298454702564751e+00 2.362736598690825751e+00 3.883441004440590039e+00 2.354389619097917996e-01 2.197867219983302700e+00 7.817791147297854515e-01 1.242599205693402542e+00 1.886297315221060700e+00 1.958936562368359002e+00 5.542666382532118519e+00 4.084793969703413907e+00 2.039711413116708894e+00 1.901147095010065957e+00 3.776385327131289937e+00 2.691957686119601512e+00
5.711124649654204966e+00 3.718127661053504118e-01 5.233264374219998238e+00 9.815692902232137085e-02 5.955872176301019394e+00 4.419653564951629754e+00 3.661561022740659421e+00 1.259708347361931935e+00 4.549049884022726253e+00 1.196936085269067807e+00 5.885932191612663900e+00 3.960965310099845649e+00 4.565959910991788107e+00 3.495893455636805314e+00 1.871441185416865993e+00 8.998880012077602464e-01
8.633489517559203019e-01 2.467655219432840497e+00 5.129129814379749241e+00 5.512754357987094345e+00 1.072903027017281241e+00 5.063073652088016630e+00 3.573279233551847067e+00 3.698936697891808567e+00 3.932763503143826167e+00 4.099216757979394110e+00 3.335140425880402493e+00 7.578434338747743748e-01 7.795682568398379919e-01 5.492273125669426825e+00 1.328031980413024504e+00 2.932151246248321907e+00
3.317337306527931240e+00 4.338245059614314059e+00 5.604562046024096134e+00 6.205812131166979384e+00 4.974304639655358073e+00 4.865810256043773485e+00 1.180366865777758623e+00 5.068452195932455773e+00 3.248963534443371493e-01 5.898008143882197629e+00 5.676602512768925024e+00 2.083049241022420173e+00 2.947846693800834306e+00 1.386029676888666184e+00 5.211832425821850912e+00 2.527650517940124519e+00
5.058424709282405729e+00 9.206537999510007175e-01 3.781053527905721801e+00 5.551301060470703597e+00 4.498825679532343358e+00 4.838897397629685848e+00 5.726150604185712645e+00 1.430445006455171253e+00 1.701313037691757124e+00 3.314572868676934014e+00 2.437460732256087503e+00 8.133185420332519344e-01 5.387119838239839531e+00 3.102569110039073319e+00 3.044909225997033175e+00 5.531040637210228539e+00
3.211658919632003784e+00 4.148821493681687511e-01 1.114399580533851575e+00 3.079565462307638057e+00 1.989631583088670386e+00 3.844110677028217626e+00 1.220573064829798993e+00 2.598514597206005305e+00 4.663446723893946988e+00 3.671289168473725884e+00 3.575050980769539866e+00 4.689804601586441635e+00 5.955917682620732734e-01 5.308244278485758194e+00 3.940228954931600303e+00 5.148872981913842573e+00
5.280553909728856965e+00 5.962392154941277944e+00 1.579004556809157522e+00 1.279978271003954449e+00 4.382340407256533510e+00 5.996450730950227737e+00 6.194200311695221117e+00 7.599322878092460432e-01 2.102388759699674647e+00 4.620044041154835135e+00 3.984249845829435532e+00 4.047734330860566665e+00 1.478651420839357966e+00 4.703413243896402918e+00 3.685948802927434098e+00 1.012334217389263102e+00
4.899760385396253248e+00 1.139220240545347984e+00 3.661634456325478570e+00 2.037581313878922273e+00 1.946308901324293350e+00 2.949936810732571857e+00 9.291895811637657099e-01 4.444144613579718239e+00 5.197770578596666580e-01 1.901167370298424419e+00 2.959714512991341362e+00 6.943005277833661504e-01 9.237062632348449487e-01 2.985961891707025195e+00 7.696313995737242841e-01 4.679474202459301679e+00
8.147232803419622860e-01 2.435185997852955087e+00 3.576742492086629754e-01 5.343846438043999392e+00 4.748754359513535306e+00 5.911056050114598115e+00 9.737822107062839017e-01 3.187022185648060724e+00 4.629729514138895219e+00 1.445813163844699600e+00 3.322872244307808476e+00 7.004869114773557559e-01 3.521685109487631138e+00 3.920631061115033011e-01 4.272879693369302068e+00 2.776388449838052885e+00
6.136866260396192096e+00 4.678951647641829581e+00 1.356652803937178797e+00 2.110089430709282787e+00 3.780578803152183642e-01 4.319747956862136640e+00 5.295008824158337069e-01 1.116351824138919424e+00 1.290974179608173289e+00 3.486476770315103835e+00 4.607280327308801660e+00 2.237909225449786099e+00 1.056435016397870852e+00 2.076329712810414563e+00 5.965466651549189869e+00 4.534487224726528432e+00
1.974314645944621693e+00 4.617816974506481209e+00 1.623233799090248564e+00 1.377065669165804085e+00 9.352643105427845827e-01 3.371590333223271951e+00 3.945135575581281140e-01 5.442331061742802234e+00 3.598290509578016216e+00 5.142752367504191291e+00 4.831085611224685827e+00 6.693644411698169705e-01 1.732947670756237457e+00 1.667529374765090555e+00 5.311060942986535416e+00 4.001464855826527334e+00
5.015392782887025724e+00 6.280758933584014159e+00 5.982002368323334984e+00 5.148635745015588405e+00 5.467720493740623411e+00 5.426489037338161125e+00 2.373286178236615918e+00 3.535926282777861474e+00 4.671270136996204414e+00 1.291226894877763431e+00 4.711178360591651071e+00 3.551266067480911559e+00 7.730155850434773379e-01 4.748145085924644349e+00 2.040336565631635679e+00 5.893472794197712084e+00
1.688757915687665090e+00 3.323784645530654558e+00 2.362594147766782449e+00 1.643311138458680487e+00 6.081069627018022672e+00 5.770489884465196617e+00 3.212845164400353948e+00 4.548130142148009369e+00 5.158071337872814688e+00 2.326009974954088566e+00 1.962713288344498430e+00 6.282469724964237834e+00 5.087733307395559734e+00 9.444501448108156838e-01 4.097273358038951763e+00 2.698993935976566227e+00
2.794111168006914170e-01 7.299839420341484031e-01 4.909020681372173733e+00 1.364703959502253650e+00 2.776360429791452145e+00 1.580112815313445163e+00 4.928825100020892691e+00 4.611508316400295904e+00 6.140101652869270232e+00 1.642947538377447003e+00 4.189794101595248677e+00 2.624439000923322496e+00 3.804146908077175482e+00 2.419603986811627916e+00 3.408436632786222109e+00 1.619892281579415227e+00
4.415654826608953698e+00 2.116433292237267505e+00 3.174463914975052869e+00 3.990828585235263848e+00 1.236732823883126997e+00 6.023379043923174359e-02 9.993179015246597685e-02 3.132066565623724319e+00 2.280023646064235354e+00 1.889370873499397030e+00 1.818074459433808743e+00 2.553227852587592661e+00 4.392232051322083386e+00 7.259645699383499018e-01 5.924427359653940961e+00 1.727807671008851242e+00
4.900075702581094816e+00 3.033541272595303706e-01 1.836844978499201808e+00 1.493694393158652989e-01 4.790297407279435760e+00 5.721726437148319633e+00 2.632367870688959499e+00 2.813009309425528848e+00 2.328855563251596150e-01 6.236347923967871409e+00 6.070244851578618039e+00 2.421991057813392079e+00 1.727750833999696090e+00 5.180673253248613719e+00 9.094301143545605592e-01 5.536708453987031209e-02
4.494788815159889594e+00 6.168520759309470414e+00 1.598428052583580616e-01 4.415741430737261553e+00 1.698906317723879900e+00 5.932540852868016579e+00 3.116496586663687118e+00 5.234752682170210059e-02 2.370409056178643947e+00 6.172945611207144800e+00 5.714440325989673219e+00 5.480250365313410477e+00 4.700070964524596384e+00 1.990682535026950362e+00 1.316003020339763019e+00 5.523837945894484847e+00
