2.962611309294614692e+00 2.634531869499304513e+00 9.109212320463049295e-01 1.612947243579116785e+00 1.750053668257128381e+00 5.374676497303223499e+00 4.031312729314623589e+00 2.431299661289885616e+00 4.317776817432868341e+00 2.892096847770662116e-01 4.779025171389864823e+00 1.595669236127903234e+00 4.072752194262576175e+00 5.985831985149061119e+00 2.127725089012560300e+00 4.994031260791039095e+00
2.991449318813388825e+00 1.826557119308842791e+00 4.354720505467672531e+00 5.154879310651717894e+00 2.779308005641093260e+00 1.754883231960747247e+00 2.875026452943060473e+00 4.450933247708911189e+00 2.637131066037643468e-01 1.594915433132963134e+00 4.837893865753574829e+00 4.025750030648270084e+00 9.959458814966183349e-01 2.987791658705477804e+00 4.062480930197296836e+00 5.962833287263486604e+00
1.518209685390948582e+00 1.388136760693034155e+00 5.959069339261249709e+00 1.617944724509861709e+00 1.951207921453556315e-01 4.536481675360033883e+00 1.436934664407577555e+00 2.862284275656512111e+00 2.537023611150110103e+00 4.690868462803835293e+00 5.834944916150037741e+00 9.468366534342910201e-01 2.814785321576199983e+00 5.055767310757557809e+00 2.317920506290662708e+00 9.989285135630143753e-01
9.875022387614816877e-01 3.546004279052699104e+00 4.281075207659681858e+00 1.534697963359492823e+00 2.764994944888168327e+00 5.392613158506691207e+00 2.972608343539664411e+00 5.226923800526161124e+00 2.681814444876998493e+00 4.822377337784785389e+00 5.339286241948670408e+00 2.790177186994144964e+00 3.639710911332221244e+00 1.135492948659205137e+00 7.446124347340726812e-01 4.227462635060590834e+00
4.676875189560982804e+00 5.681503604230206506e+00 3.591546580948154599e+00 5.956044960187852233e+00 4.386458395898148233e+00 1.016915501811137768e+00 5.714785739620627858e+00 5.330037493911886415e+00 1.757009358017933121e+00 2.025633468497400003e+00 1.789391189525524783e+00 4.982888285750095569e+00 2.656755709112061936e+00 1.604066920187557033e+00 5.131975626916376321e+00 5.616660916186562602e+00
2.545075487834524086e+00 6.102944949679677045e+00 5.869160096910675861e+00 3.809545650014004359e+00 2.748642513269713206e+00 5.906257922745915323e+00 1.437304863965848667e-01 1.071329414886817100e+00 1.755619188053048507e+00 1.437341274202112329e+00 5.377717919232134491e+00 5.477624795164367733e+00 2.463688340130556931e+00 6.212040299812166211e+00 3.111711327416596617e+00 2.474924597832095063e+00
5.989409344539490476e+00 2.338414641069061162e+00 5.716266129316524669e+00 8.506469916698320421e-01 2.888947959301204627e+00 2.569853151698205274e+00 1.722860726998650394e-01 3.830086200442657240e+00 3.289484673934711001e+00 7.808265141090688921e-01 1.637769332461741278e+00 2.619096870943824040e+00 1.642563442520585948e+00 4.275763989766725892e+00 5.672417638451091371e+00 6.116015615199163591e+00
1.766103861476925552e+00 5.959321852518201901e+00 2.293163654314278599e+00 3.209876043407235091e+00 2.023860819411734457e+00 3.854876139282294556e+00 3.984627567188154362e+00 2.273113610748767943e+00 3.173155892411696932e+00 2.490043303742245584e+00 1.723090556464178802e-01 2.343468420754323489e+00 6.966246814177040614e-01 6.255143834167624206e+00 1.183909271114321315e+00 1.568483208325041733e+00
5.660961887082061494e+00 8.543976264381050179e-01 1.552981383240864544e+00 4.259619329163939483e+00 5.406586484707943008e+00 2.902477824644917881e+00 3.199221272686755935e+00 1.775165579109231784e+00 9.899217344573882915e-01 2.226571450316358280e+00 2.850566882800763313e+00 7.764811871306356306e-01 5.708262002588114781e-01 2.612354861368013648e+00 9.450226671808377166e-01 2.231467909800387783e+00
5.137076155626093765e+00 6.329419159636863190e-01 5.300278684437792265e+00 4.513401093090067207e+00 4.980754582907100492e+00 5.515427262326319635e+00 4.623795863501529269e+00 6.256938787148465408e+00 9.681909608123615563e-01 3.744466795440678730e+00 8.204617603930639547e-01 2.960471848756307089e+00 2.733603680785925416e+00 4.520905549407409296e+00 1.191045797697226405e+00 2.200266555530177859e-01
5.889850208030998679e+00 6.118813673493781025e+00 6.090650043765554855e+00 2.268763644748691188e+00 1.573027653457101716e+00 6.123167031914685587e+00 1.329515871328816434e+00 5.967175188304003619e+00 5.498973042627774532e+00 3.415278303716740904e+00 6.206009545771537184e+00 4.097501874818925138e+00 8.999555912998790097e-01 3.788112691416503974e+00 4.402488180987842448e+00 5.293839123263606616e+00
1.050714535947380734e-01 2.734630987265205704e+00 6.883555135514169976e-01 4.766850156586291298e+00 2.876694658379550518e+00 5.990698475590733096e+00 6.163086393175133182e+00 3.399452433590339773e+00 3.007104926235342202e+00 2.907916418683430315e+00 3.267899737594526677e+00 2.219327373620211041e+00 3.626364798498469710e+00 1.459651008688541030e+00 2.802343339681979018e+00 3.201875961384172520e+00
1.258850857642316745e+00 4.343801210356087239e+00 4.298160116404535103e+00 3.315198058797172109e+00 5.265239637549383289e+00 2.058708085186520265e+00 4.733487588302539351e+00 4.523065647252288990e+00 6.098592827022677909e+00 4.647721867341411794e+00 5.458391454760789685e+00 4.855646598440300998e+00 4.344734974822011431e+00 1.072451136255190063e+00 1.841965776727084503e+00 3.751611902890611971e-01
1.842630141870096050e-01 6.159656551327858054e+00 3.021615037242027402e+00 1.173574142049434582e-01 2.030063073460438572e-01 4.736558062614694364e+00 3.492265142584972004e+00 1.784587280384454910e+00 3.618768809764179473e+00 1.773075399549279618e+00 3.195846344697178765e+00 4.435371029244866037e+00 1.110168890933189267e+00 3.490647089295936034e+00 2.879254596842907521e+00 4.438172270725898372e+00
4.055104311441816378e+00 4.962471387142847745e-01 5.734338356656168756e+00 2.529252470753891480e+00 4.906503522137972695e+00 6.100177609033849535e+00 9.347636187980727929e-01 5.458258963674678554e+00 4.857378359028000858e+00 1.130404429253903720e+00 3.898235879477711219e+00 4.606877293046758304e+00 4.877070510387920166e+00 2.680136842219662530e+00 4.405837512341449269e+00 1.845164553477695035e+00
2.089013555267195676e-01 6.695805962683233359e-01 4.453465524907596063e+00 3.169964104743810296e+00 3.877975385012494947e+00 1.716153118516098752e+00 3.163274725677650556e-01 4.762484707876443402e+00 3.463338155292924991e+00 8.792947953965639662e-01 4.427763494138783784e+00 5.499813554369191060e+00 6.752601493950404210e-01 1.541287103102189082e+00 1.653577252395169728e-01 4.943653417642279280e+00
1.749030406057398235e+00 3.436250398967936714e+00 5.909272966265760374e+00 1.483155984905362712e-01 1.418385589612544795e+00 7.578828072294344076e-02 5.750623251251283818e+00 2.531194384892941684e+00 5.850408144816181544e-01 3.773246281542373293e+00 1.807464602830985756e+00 1.978178631478724636e+00 3.234891961942675032e+00 2.758691823670529897e-01 4.779860521302317089e+00 9.529384955941148094e-01
1.128860707396323743e-01 4.760779165401715751e+00 3.207211836637645419e+00 5.859888212455260259e+00 1.929182694505437112e+00 2.655740221140409751e+00 1.771711711379583054e+00 6.660177267218017061e-01 4.265042915932578893e+00 4.521098151151995204e+00 3.323155358436278739e+00 9.248670249719507241e-01 1.329241556917013733e+00 5.094070532437640075e+00 4.584715138194730422e+00 9.816585954684432513e-01
1.036584771688508905e-01 3.676024563119578481e+00 6.050981483381586479e+00 2.467018771627022655e+00 2.235223621694337470e-01 3.369760658338115444e+00 9.802359982465888577e-02 3.108599903203136616e+00 3.401711891936667786e+00 7.782281707740408283e-01 6.019406052568096577e+00 6.171060234936598832e+00 4.066253729461892341e+00 5.918266670069178836e+00 9.620988047550263489e-02 2.006125259792198801e+00
1.968037412406380415e+00 1.144993365061818036e+00 2.981750111746501286e+00 5.080710461622179874e-01 2.542202131852724811e+00 5.042942915845038065e+00 2.126206509308077752e+00 3.067327608016427121e+00 3.804918891984442553e+00 2.337657671957122096e-01 4.041896029796471446e+00 5.067214470441554042e+00 4.361595017974407185e+00 5.814440728939908709e+00 5.558725424709254348e+00 3.877559578482320468e+00
1.303835854679641137e+00 3.651654960469063127e+00 5.965083001073365310e+00 2.345340368507398132e+00 5.843173764004212067e+00 6.070091029679529626e+00 1.920449372249918962e+00 1.428833544343019735e-01 2.411050007312840027e+00 4.980132668518876926e+00 2.715684571782266410e+00 3.690418705255521736e+00 8.801420504555109714e-01 1.283481832550404933e+00 4.259940293553533763e+00 5.062651660483682425e-01
5.645099578700653709e+00 3.186866380236791585e+00 5.754831247837601360e+00 2.134862426175473615e+00 2.175351494388687357e+00 3.994633944373082279e+00 5.528377446046885524e+00 3.389978153006901085e+00 1.491050241159499468e+00 1.466520075595117101e+00 2.324708493964540157e+00 2.613249767751972541e-02 3.876119830585165627e+00 2.010773733727228674e+00 2.996298714575067468e+00 4.041420662572094535e+00
1.261811810658579169e+00 3.769246105773156774e+00 4.745037683752727276e+00 5.533862392866696567e+00 7.381155597498461063e-01 1.503360557553240939e+00 2.672398785532493548e+00 3.558440537164369477e+00 3.976263288963055587e+00 2.197216983292753945e+00 5.657453313422965202e+00 3.782315247168691386e+00 4.404282522725220694e+00 4.901149536201129919e+00 5.761142773880376211e+00 4.678556823737984871e+00
4.085177721512330606e+00 1.824441951970012132e+00 3.064823155870746607e+00 2.022348486874124607e+00 6.700017182861742748e-01 3.703497846555608319e+00 7.871751219250318066e-01 5.020180041431529183e+00 2.846992992595127059e-01 5.760994333089014319e+00 5.600504741829593236e+00 3.924968719985185484e+00 3.551588703615678799e+00 5.220803318810813387e+00 6.129550501415738317e+00 4.216417138470890613e+00
2.451847759061302146e+00 9.905523294336714135e-02 3.807341238534289740e+00 6.201746004636449427e+00 1.313595641236177669e-01 5.582054322179210715e+00 3.928180590208555589e+00 7.959752038717057276e-01 4.285160846400830614e-01 6.225371580300233632e+00 6.131846148881536784e+00 4.909997299344116328e+00 2.481260161538601405e+00 1.637741927625872673e+00 2.991087175678694532e+00 3.054760893883246453e+00
2.710515355460477949e+00 4.227508022431113233e+00 1.853116862851287738e+00 3.796296433131316928e+00 4.599334665588957982e+00 2.175533011166085107e+00 4.984204080348692223e+00 2.883116680226567308e+00 4.321055694988439555e+00 5.930118672139340630e-01 2.031769989243333630e+00 5.825098290766749898e+00 4.827814444518509163e+00 2.178496589756237611e+00 2.616373986610109448e+00 4.849452606805613186e+00
1.227816143675040106e+00 4.044203494567632617e+00 1.460353784293300317e+00 2.569556621404765373e+00 4.146029734288630308e+00 5.806733168916269783e+00 1.730290762648865277e+00 4.018211488466705283e+00 7.461457543121186031e-01 5.414217271355359351e-01 1.026641074009086330e+00 4.643206018874687757e+00 6.056434319152337764e+00 9.325201746186145835e-01 4.915168803095835592e+00 2.642090888346600330e+00
4.320307125463114239e+00 1.351739830016662980e+00 4.200508543650379067e+00 5.509419363525080549e+00 1.437272997955455933e+00 1.735861325184957726e+00 5.145468703146780065e+00 4.965389885557932814e+00 1.260411125393063048e-01 1.460476058056108251e+00 6.070851046472895085e+00 2.714292144025798326e+00 5.888946864721266161e-01 6.066158625897512202e+00 4.008596843874547844e+00 1.988567742307372210e+00
4.230299859369683890e-01 2.750493328798443216e+00 3.362479060439592438e+00 2.885497013548891765e+00 1.922139292615281159e+00 3.486784367801753159e+00 2.900270188547866113e+00 1.699829057278675393e+00 1.576646458237882076e+00 4.540191387309387316e+00 4.847156937164085910e+00 2.025057203704764941e+00 5.161917005510129108e+00 4.341075722114187130e+00 5.689239673916477003e+00 4.597231774289055828e+00
9.698849642265426618e-02 3.631608944627469526e+00 1.066586274951189406e+00 4.664338934545285476e+00 2.510332971483429265e+00 9.624862062443463318e-01 3.654461874502733743e+00 8.065760160696197056e-01 4.301072151398452448e+00 9.951783991412723740e-01 2.915069842674510969e+00 1.895213933781798810e+00 4.583000959488155779e+00 4.029475594954345041e+00 8.827242166730281392e-02 1.150142463802310333e+00
3.762292584303465470e-01 1.927414581808527760e+00 4.119460056168706252e+00 2.788743215523291852e+00 5.070186339999742664e+00 3.934653398753731185e-03 4.364582902284723787e+00 5.600779230083303695e-01 3.440641884462360967e+00 3.512146640115714646e+00 1.760006766018876512e+00 3.336237592621018599e-01 5.906265431251654263e+00 1.200546799730079162e+00 5.519479101781687547e+00 3.058225792447008207e+00
5.516235612647347075e+00 4.141211150905813376e+00 1.471629131654640155e+00 4.056863994583952859e+00 5.663836131716160516e+00 3.640612246521114925e-01 5.868909359278471349e+00 3.156527409211960095e-02 6.242333445135848535e+00 2.065152830661325378e+00 8.180402310423861012e-01 4.918329111605840964e+00 3.385606910512511281e+00 2.871599930714792137e-01 5.254941679329075299e+00 6.254212554845187455e+00
