1.415257349798984876e+00 1.834092101985998147e+00 3.034049857844402176e+00 2.645474887800147279e+00 6.199189936348513896e+00 6.221822746801932702e+00 1.702171327324659034e+00 4.139734384629581321e+00 1.762703809566253943e+00 6.059088560988597827e+00 3.037688795888760396e+00 2.011530063149611802e+00 1.846192565070374325e+00 4.491542022520751964e-01 6.103238822369971395e+00 3.940581943019161315e+00 4.789152621884384509e+00 6.264850766334238763e+00 2.670331896458433274e+00 5.994290730139839596e+00
5.115499220682325543e+00 1.860778473384227860e+00 4.328497232923434801e+00 2.492924778877441128e+00 4.573215693283561478e+00 4.889363842066004828e+00 6.124705487208676580e+00 1.030022765055656375e+00 4.127434814081868630e+00 6.237397142559538921e+00 1.733476671475002728e+00 3.842436044781993409e+00 4.038225131428050396e+00 1.863479793469900114e+00 5.296508305418091922e+00 4.513021986643407146e+00 4.124375397123801967e+00 4.734037541013879746e+00 4.277578963366683418e+00 4.083751128907281647e+00
3.865099948010329189e+00 2.988325923390773298e-01 3.088957845009886682e+00 6.155134878921407982e+00 4.338148100997047507e+00 8.368763551415246971e-01 4.512743965190562534e+00 2.444541913491056651e+00 3.949362409191589762e+00 2.561537111276745993e+00 9.181627226413413556e-01 3.185062186003652318e+00 2.684682873808019732e+00 4.971188072545854375e+00 1.388761599990463724e-02 5.213036731424996795e+00 5.182855530658285304e+00 3.832093322568784100e+00 9.979827275888987215e-01 8.847771321872356376e-01
4.232916561319080451e+00 4.631896583901745856e+00 5.633805102757374783e+00 1.675925529186725660e+00 3.909381032485137908e+00 4.209508312081078785e+00 4.434336936104804394e+00 1.462717763584310937e+00 4.487557404896968194e+00 4.675362654761832992e+00 4.404658774108964003e+00 6.272777516827012789e+00 2.553600868869762230e+00 5.697852890723430264e+00 5.927636542150686028e-01 6.472982127953229581e-01 7.262428951610931938e-01 3.551332397179774336e+00 5.003706001049936347e+00 4.091874841647027417e+00
4.789660818778492590e+00 5.773062228377006555e+00 8.448579170225591073e-02 5.907173221504305793e+00 5.867093890643729992e+00 8.444493985335028707e-01 6.069290514722561758e-01 1.982763472058048260e+00 4.618861245432611007e+00 2.585060885884082893e+00 5.297609094209445146e+00 6.572828974617063169e-01 3.639114894173309356e+00 8.149561934360817217e-01 1.959879972573194795e+00 5.436348310212777868e+00 6.135772445615992332e+00 1.943165341698432691e+00 4.998469116578823090e+00 6.117007987527643742e+00
3.018760245908612028e+00 2.759755796227042701e+00 4.345418566093997015e+00 2.232877712768766898e+00 1.532606796822245931e-01 4.651192753469840291e+00 5.881101344879401616e+00 1.276242745127942557e+00 2.015257360292805056e-01 4.878263002294239925e+00 5.540682821492320720e+00 1.189425635291230909e+00 1.618671860476440738e+00 1.196470132494942940e+00 5.254176492594377912e+00 3.003072833789338425e+00 5.081652020994209096e+00 1.408431836574628893e+00 1.528727524504555291e+00 2.567555697084721089e+00
5.186351838211709087e+00 5.518924463461048369e+00 5.368308519586515448e-01 4.870725615594646563e+00 1.567391708614871204e+00 5.454001658141096165e+00 3.690848922343444194e+00 5.810860025603853396e-02 3.869577102317299122e+00 4.186409405986203147e+00 4.964215439130785334e+00 5.384090397973531061e+00 4.613175558203676530e-01 3.295003869312632894e+00 4.794339510821171935e+00 4.772812455700148782e+00 4.780203674963143357e+00 2.245696004654802458e+00 3.139432966682326853e+00 3.553206189315315289e+00
5.891805702944724388e+00 5.395299060263388569e+00 3.173433476791648111e+00 1.612000667612159654e+00 6.000494915609086100e+00 4.016255284384248725e+00 2.289992531543516563e+00 4.157441896573574880e+00 3.138081486028615696e+00 5.567258781348267682e+00 5.106180372452519656e+00 1.818130369679624936e+00 4.384515325043707890e+00 2.683210119875273136e+00 5.871418365575392428e+00 2.606792760420519883e+00 3.343972394469792331e+00 2.632397106031171496e+00 4.111725227275053740e+00 4.153159635585021547e+00
5.848006172135677971e+00 4.878769743937373171e+00 2.583049340090283419e+00 3.430767482353052511e+00 1.446057427660966566e+00 3.688159446920356022e+00 1.000719847251985817e+00 3.948757269891529198e+00 2.323590066212506411e+00 2.049950567632830012e+00 1.705194345400038447e+00 1.084534457356312931e+00 2.952001335309445640e+00 9.771612448961229935e-01 4.867112684308965598e+00 4.630900868650689617e+00 9.112837467131170710e-01 1.302716574170676100e+00 5.110184839191978412e+00 5.172268724520137084e+00
4.907863667013213416e+00 9.742886352380558668e-01 3.374937743441640770e+00 1.988438394066776915e+00 1.531454067948477382e+00 1.555129013307078090e+00 4.053981025124683835e-01 3.925028073568899711e-01 3.433790664668127102e-01 6.010676119006724605e+00 4.076636201809627380e+00 4.309865381184494026e+00 2.762726139339444664e+00 6.099899867451032520e+00 3.025599952695638972e+00 2.645572295934636387e+00 9.418424310369751806e-01 2.244797227012786944e+00 3.179714041939690539e+00 1.352251922992033117e+00
9.680770118679759006e-01 6.925699403599597792e-01 1.940667107889888943e+00 1.126239006901319728e+00 2.516284362282941167e+00 4.543634432617972507e+00 5.579594565340626477e-01 3.878388985948713064e+00 5.959131994901846419e+00 3.719320730112243734e+00 4.576885303861717880e+00 6.256428954960446376e+00 6.239166403103475034e+00 1.974875613647134376e+00 3.219053139901957294e+00 4.923712310859248653e+00 6.159757778746675072e+00 3.095703412582132330e+00 1.973553688755547597e+00 5.259077517208327279e+00
5.187558721331676281e+00 4.144419484760401673e+00 5.747095564469590023e+00 2.036916959676214223e+00 4.141903215571968389e+00 3.272518639356962300e+00 4.819115106449643804e+00 5.451828237572719615e+00 1.865961348650205576e+00 3.472721203230994647e+00 1.735800077734571012e+00 4.983576034374206820e+00 4.497624092662376505e+00 1.072577902873419919e+00 3.907094755954561904e+00 4.580498707273349623e+00 2.501549471180199546e+00 5.759254865555022640e+00 5.106456953536965493e+00 2.803556145750275785e+00
2.008143842078001562e+00 5.991992812473661445e+00 2.437228472303761162e+00 5.444354395181351336e+00 2.916484537544388606e-02 2.733368438282550716e+00 5.319180589439623574e+00 4.318587154855310750e+00 2.947869842091002113e+00 3.550668034103744208e+00 5.062799286036595348e+00 1.379094076383952983e+00 9.317901643978415693e-01 1.570439169221192754e-01 2.688073809100887335e+00 5.617164816430698870e+00 5.343988861204834961e+00 2.010340592275456029e+00 5.792984409721886330e+00 9.864133110542888661e-01
4.321493456876437378e+00 6.199385484748782815e+00 4.229805479347642283e+00 5.836834282060642920e+00 9.105765618642681636e-01 3.739342253394073889e+00 2.741203973428094187e+00 5.263708171234673827e+00 4.920734974389175953e+00 7.610687546628712719e-01 3.698646968172329963e+00 2.534016288745081891e+00 5.555438242685378114e+00 3.679364655664176365e+00 6.234809191207280499e+00 1.162628870816168725e+00 2.308029681557133006e-01 3.678643887545622881e-01 1.979157545023610743e+00 5.509647501895530652e+00
5.116508375959191390e+00 2.628717428116548405e+00 4.902824556754532104e+00 1.036181747803430309e+00 1.445448404247895002e+00 1.034405382652865191e+00 2.750046960504297200e+00 2.495720311511498757e+00 1.586952121537830163e+00 6.895950362150294888e-01 1.519532442630861846e+00 2.836861428065985624e+00 6.707938413828369306e-01 1.597082743214930600e+00 9.987135344881544752e-01 3.134477211054602641e+00 1.269352939376746647e+00 5.533306102370432633e+00 5.903037886064741002e+00 5.036884529902090790e+00
3.274328861353563269e+00 3.181849225581714791e+00 2.688570118667452657e-01 5.299424601947840152e+00 3.353606821748558620e+00 1.418829739767479559e-01 7.749452737040265493e-01 3.641031730602548588e-01 2.996397228711102034e+00 2.727650110864222183e-02 6.185199710486422475e+00 4.950656498225910696e+00 6.057836814493429145e+00 2.718543424552933852e-01 6.227925110093314176e-01 3.990290378896095280e+00 2.362914334241578374e+00 4.891370144233257555e+00 7.914613445158186211e-01 3.253784755858418087e+00
6.239575369714330577e+00 4.566012402795145420e-01 2.001445258040637221e+00 2.523809766840987123e+00 4.919271834653906161e+00 4.552731020676902496e+00 3.769337919270146386e+00 4.595520700586553708e+00 5.081467051568301585e+00 5.605523525965176113e+00 5.164086362859692692e+00 2.641681484438577754e-01 6.151321929659810728e+00 1.324072002439355134e-01 1.903596544647132127e+00 5.940811018448733272e+00 2.245284284997356217e+00 5.076464984713047635e+00 2.709537604907334973e-01 5.632524639952757539e+00
2.972634207548354723e+00 3.735915078855054361e+00 5.423414802731249651e+00 2.730502363360386986e-01 1.001459631296971242e+00 2.573700437162735000e+00 2.173484345759485681e+00 6.036284110467680541e+00 3.077926494012939163e-01 4.392174598068915081e+00 2.280247200389736939e+00 4.105266942139026654e+00 1.659361682212873168e+00 1.176432305569159009e+00 1.443359743959525154e+00 2.005105822264086957e+00 1.229821474662680769e+00 5.288350436579406733e+00 1.620495493225549311e+00 3.994305973673349275e+00
6.068401665353813534e+00 6.205081966900186430e+00 1.158586023790512565e+00 5.405350169142040251e+00 4.237384695786162170e-01 4.048108789370061800e+00 5.693220361429752963e+00 5.631830360874695574e-01 8.431085103948485759e-01 3.853419211394250699e+00 5.789538958458393836e+00 7.457809086515287955e-01 1.249422769135177136e+00 4.242833639794407752e+00 5.538726560927238474e+00 2.352071017991923085e+00 2.767415451149882522e+00 2.623708242006225877e+00 2.206220444641209699e+00 5.900768892720449355e-01
3.942461171563357514e+00 1.879251972535376680e+00 1.246142650092363136e+00 2.402831037502648037e+00 4.556492538403591475e+00 2.963073433060167350e+00 5.932423395460165061e+00 5.913134241878567066e-01 7.021359290073664328e-02 2.794759794472382985e+00 3.437682311542553659e+00 6.211072937803342464e-01 3.658349193844312008e+00 1.534256936741508648e+00 3.865556542255955019e+00 3.831838180436640595e+00 4.747558757047562472e-01 3.390988395901441077e+00 2.535386128728521982e+00 1.443976188878188127e+00
4.868784872087406512e+00 4.389035847882650998e+00 4.034879429023258690e-01 4.948593497259108354e+00 3.227833141732177502e+00 6.056008783348264757e+00 1.544290269434283880e-01 6.035537919519495809e+00 4.731536325559062561e+00 3.326358736316460174e+00 3.305580478546839007e+00 3.001399759247860288e+00 2.628796215810514703e+00 4.378498915079166665e+00 4.204935336905061938e+00 4.794735932049968063e+00 2.196271267901104718e+00 4.450777511676798248e+00 3.091583753900887466e+00 5.087072865945545530e+00
2.952892286012231526e+00 3.087861016293874439e+00 1.707473702438793595e+00 4.994898865620267525e-01 3.114734684048149127e+00 4.538523838255454912e+00 7.171066564586945358e-01 1.320957269284688929e+00 5.061093025790596833e+00 1.231498824764763134e+00 1.801354730266422788e+00 5.061114142164422347e+00 3.444172269913066686e-01 4.177378161505528986e+00 1.560035840053221712e+00 1.315246944035843413e+00 3.340919665735643918e+00 2.748825301495462892e+00 5.647139458655090039e+00 5.251781664764992641e+00
2.606518893317313790e+00 1.509674675550308098e+00 2.916129451634010827e+00 1.842354579648894486e+00 4.737759664665273540e+00 2.908408754721745204e+00 5.502500253881023262e+00 3.873401159348594636e+00 1.058737407033522038e+00 1.984171965689840889e+00 4.545251182686762093e+00 2.401537820732948081e+00 5.080459831611769062e+00 9.330235219315272666e-01 6.032873587570379392e+00 1.189952923462558099e+00 2.697122974560096420e+00 4.634838721441508547e+00 5.459406047184544697e+00 3.986325546335105496e+00
8.174041915747351505e-02 5.110256359365735968e+00 5.691435617306021655e+00 3.656708917977484319e+00 2.688594604101948615e+00 3.212863561262982337e+00 5.793444471277914509e+00 9.914609238913504319e-01 2.594268149980762495e+00 3.056864076377149964e+00 2.821315651386072654e-01 1.197878159248782381e+00 1.415876136905013905e+00 1.772968301077265663e+00 3.914607406347918594e-01 5.889849525690896925e+00 6.180639998695237836e+00 1.714632720528982968e-01 6.007899520787493231e+00 8.577691617442915195e-01
2.965525237802332459e+00 5.835618282096164400e+00 4.861286692325020198e+00 2.015382370731939154e+00 5.500271835298688572e+00 6.239457418431423527e-03 1.503880893240553851e+00 3.809509096442031506e+00 2.373819051310421813e+00 3.669118785578492581e+00 4.456297065290080184e+00 6.316664120452178954e-01 3.329882211722198893e+00 4.143361148166182062e+00 2.915251284727937264e+00 4.536349746339222833e+00 2.658981953183376490e+00 2.454093303702321038e-01 4.515408339168880403e+00 4.370646206377686305e+00
4.747354391450006261e+00 1.598782368671428644e+00 5.887253384607958218e+00 4.699546474730124102e-01 3.747791061405947310e+00 3.964084992036516653e+00 3.294827174978046891e+00 6.016146475118380188e+00 4.085705641847597214e+00 4.177196061519517500e-01 1.567609761230024157e+00 4.345228462073898790e+00 3.511440932077049215e+00 2.902499199944804431e+00 3.899147171189041305e-01 1.259718969508260289e-01 9.785693073182498702e-01 4.690818360009623156e+00 2.773792119228958852e-01 6.271563767829300140e+00
1.263955583528788784e+00 3.148212698711506885e+00 3.801035007607523220e+00 5.641417931895211346e+00 1.335496905114174737e+00 7.778593729635554510e-01 1.240065131106463658e+00 3.304776400580406115e+00 4.730587840808402333e+00 4.954156705468816924e+00 4.184114919297671875e+00 5.350783000612243434e+00 1.005809103964801610e+00 5.220069962312613443e-01 5.428744577205937283e+00 4.114119236006511748e+00 2.568780564862093829e+00 4.172313383039257140e+00 2.494922481950842208e+00 1.393770508323711965e+00
5.732484551091033609e+00 3.903313686940052651e+00 4.412874775896690416e+00 5.466770121515176051e+00 2.712860134296488646e+00 3.507213522819708107e+00 5.629739677286867305e+00 6.280140671331062130e+00 1.721145939492953580e+00 3.734715415626935098e+00 1.775027911206771947e+00 3.361226900346130808e+00 4.501621294207580171e+00 4.054169811643406618e+00 1.397353451555165771e+00 2.858597336739110983e-01 2.063358256056579076e+00 4.919662574199072935e+00 1.830101155981266547e+00 3.107070525699632046e+00
1.838949139643153874e+00 4.273996803221748131e+00 1.799589741410541288e+00 2.017134113896203118e+00 4.846235985285990644e+00 1.620671284845158544e+00 4.058745874347784999e-01 5.362705800514625309e+00 3.521919000077889272e+00 3.126095789908261757e+00 1.307820727549034112e+00 2.419277853498712716e+00 1.708039512115303027e-02 4.741122334519477510e-01 4.912779641774410955e+00 2.926008647050108546e+00 1.268057240930474006e+00 3.504638641558493334e-02 5.778345401282308558e+00 5.676769948808337851e+00
4.160857999512641570e+00 2.652432217225629163e+00 3.754606154869638335e+00 3.930439467431626976e+00 2.806597414017914183e+00 2.374286597823187517e+00 5.159914666363172309e+00 5.959871853448170498e+00 6.010794749801286585e+00 5.522485023689434058e+00 2.489457266751244902e+00 4.518359029040390773e+00 3.694611172808520028e+00 4.792708859095899498e+00 3.125360773250206670e+00 4.702693998728760150e+00 2.822340858401657382e+00 1.463272240291325632e+00 2.308651473704281365e+00 2.648435000027878239e+00
5.841405870208152606e+00 4.099955827756401661e+00 5.432307620753014099e+00 4.865284694147180011e-01 4.916538234860737155e+00 5.660428405616257486e+00 4.356219286883979969e+00 1.538206653689154546e+00 1.540717464914064805e-01 2.117459093266980563e+00 2.303042458221497224e+00 1.296871342611731981e+00 5.810235060466893975e-01 5.840826492556591809e+00 1.711588806414070962e+00 3.428887729105488114e-01 1.270369440788774673e+00 4.019657954635369457e+00 1.761646889881880895e+00 5.094439774081942929e+00
2.328088750325727929e+00 6.201370878665739106e+00 1.992624862771985063e-03 3.608608493337699841e+00 3.080612448255070746e+00 4.039832114688437059e+00 4.371610625354461988e+00 3.036168879218322791e-01 4.936247409582861678e+00 1.061853573891678726e-01 3.674365461164794233e+00 2.912599395516711098e+00 3.085937742425313601e+00 3.347545486318125985e+00 2.108055224142718398e+00 4.969775065655014146e+00 4.081879024410765666e+00 6.021611221254805080e-02 3.185928010064993376e+00 1.389638052048071781e+00
