5.220542109389548768e-01 4.295070784944220676e+00 1.663220840217325636e+00 1.658095248928367793e+00 2.029787082717827040e+00 2.425517366947132825e+00 1.651292855574006124e-01 4.686658635118837068e+00 2.202151530873487140e+00 3.193159531061711132e+00 5.235730961951536422e+00 6.231628544050008323e+00 5.642318032450301502e+00 1.010754369371317241e+00 6.204802960321397443e+00 1.427461852934275965e+00 5.155497347798299934e+00 3.309639650365389318e+00 5.328375195294277056e+00 3.237633319969506207e+00
1.380675271159064632e+00 4.795087048316728051e+00 3.784751421575847541e+00 2.020082042464266703e+00 5.481170242994448216e+00 1.005724270378889118e+00 2.780308212804482260e+00 4.686293303654219811e-01 4.052853251269491253e+00 5.272334846983786072e+00 2.252430491199461482e+00 2.305898041776933693e-01 5.480785868152365126e+00 4.417967098732057396e-01 3.284460003644641635e+00 1.961162692642602012e+00 2.653246551790202634e+00 6.210071007746956084e+00 4.995002514671104343e+00 2.475434583127121613e+00
4.910841556825108478e-01 3.343246190912820826e+00 3.489331030952591117e+00 3.815167440266773902e+00 4.909378651551294936e+00 5.080310648654867478e+00 6.024057659086735406e+00 6.267527850905908693e+00 3.306432970078623690e+00 4.015224009478382428e+00 2.662888692207820540e+00 4.483227824664536953e+00 4.067198929511690153e+00 4.390801075506259643e+00 2.251317075047114979e+00 1.788382947467343775e-01 8.257453677557903271e-01 2.739771671128579111e+00 1.339443627087439026e+00 2.019439418404425535e+00
3.745076952589881270e+00 4.506099378036870107e+00 5.266412569305477298e+00 1.361377948704540097e+00 2.653907454316423387e+00 5.922464459031729689e+00 3.857600805993272264e+00 2.172847351575468267e+00 4.175687133973124965e+00 5.885602739694125951e+00 4.435338920191781220e+00 3.070544206766996354e+00 1.045237740001283971e-01 1.744578798867143954e+00 6.544090581134947016e-01 3.210710356691858891e+00 4.659364110607058684e+00 1.184585019559014185e+00 4.532041385763545982e+00 9.056826388514537252e-01
2.538955402043348020e+00 1.242886792618444369e+00 4.796668290098426990e-01 1.461542693054019182e+00 8.705530333676518850e-01 3.342384214001593357e+00 2.120763251139552885e+00 4.342865442947488219e+00 1.338126373646214118e+00 3.183642691520315537e+00 5.988705229018880694e+00 6.207267781726118372e+00 4.701523193685721580e+00 3.899442237638687025e+00 2.172559536663680735e+00 4.889186461123421701e+00 9.169222016312749135e-01 4.025753568386216230e+00 6.145522445562910718e+00 5.560229900106687495e+00
5.974112968588761063e+00 4.440938570997389867e+00 3.661052486366414449e+00 4.679611884191355209e+00 4.597627916315509822e+00 2.418889091734229613e+00 2.384866449893126461e+00 2.960984493251839655e+00 5.152063197361830049e+00 5.859950014078874503e+00 1.851997940977972990e+00 5.930621649609760127e+00 4.811498962979507077e+00 3.143160024713864242e+00 3.914539475228742127e+00 3.233241508718978974e+00 5.379487197730739467e+00 8.545375814472466747e-02 2.989435152918108241e+00 9.067816959496144413e-01
5.289588707401332357e+00 9.522803701986621849e-01 1.995278426578105613e+00 4.516237764536414900e+00 1.536604270834765806e+00 1.728786477054329307e+00 2.247196851745637325e+00 1.654274428295174681e+00 2.571879903452252147e+00 5.190212587378475462e+00 9.995296066705400273e-02 2.207078369392374118e+00 6.074174409373091166e+00 4.079321356396391707e+00 3.682867068279187528e+00 1.641711139430672040e+00 3.877131053642870029e+00 5.516196320131438569e+00 3.187500676144759293e+00 3.740239760634410437e+00
3.107243398280669311e+00 1.752013280465250400e+00 5.266155588508186547e+00 3.818455152913617479e+00 1.189479089435444559e-01 5.621452429037785414e+00 5.999908858606482376e+00 5.224713824467016821e+00 5.562075816059524946e+00 1.115124921471951636e+00 5.814199458527824049e+00 5.479913693112936635e+00 5.118593960924715525e+00 4.066826232968968391e+00 1.890516972978337540e+00 2.203543116849111083e+00 2.607452861509217956e-01 2.334449648569842051e+00 5.630016253415789151e+00 2.639057694938455878e+00
3.621888377646459656e+00 2.530104738783548468e-01 4.441205339725188495e+00 7.114533403197598194e-02 2.773042833847601862e+00 5.347597127083008495e+00 2.121492627705789946e+00 2.308124997936259748e-01 2.818193787599532651e+00 4.020156642498264432e+00 5.073786638734087973e-01 1.212417015911029905e+00 3.787401432563597403e+00 3.766265426847980269e+00 4.044403817035732374e+00 1.118614673430701201e+00 3.336915559930567765e-01 5.955993527206799421e+00 5.794334201966103493e+00 3.232445507743260560e+00
3.074263045800075922e+00 2.861685543312384450e+00 2.719058130029499587e+00 3.248478585855038681e+00 5.161830601484050263e+00 3.760273237254664336e-01 4.600199120364465877e+00 2.560640855393093940e+00 5.907211437621314731e-01 4.749427572749304716e+00 8.473388797649560322e-01 3.793256254014929496e+00 6.012293568460067128e+00 1.715007960665462905e+00 3.199720168710539436e+00 1.787623578056841467e+00 8.219419161236074522e-02 6.007164004247434796e+00 2.774821630146191431e+00 5.267803150395498069e-01
3.615631824502771430e+00 2.339763095339705501e+00 3.470515024305964591e+00 5.156825268885990354e+00 5.598795816414815718e+00 3.971388173205204097e+00 5.552176521191714897e+00 5.610334781085740907e+00 1.595538093754905073e+00 4.311983408606944596e-02 4.013954250506272636e+00 4.983465653938667472e+00 1.929701901976664802e+00 5.497059016732537273e+00 1.007810928244099014e+00 2.992142595800604266e+00 6.085964264162197601e+00 8.239048400720547782e-01 6.226867803989977190e+00 4.443523658597860582e+00
6.181088635073769488e+00 3.716386874274043794e+00 4.075555865894553875e+00 2.703352510429236855e+00 1.877551681510997383e+00 6.033181948522337912e+00 2.342020442967047145e-01 5.838810091028635796e+00 1.740959239476851383e+00 5.618959777133816225e+00 7.540039514684309108e-01 6.051791683008387324e+00 5.879372914120837734e+00 3.908289782486868091e+00 4.853526559887642478e+00 5.408874086417950089e+00 1.318006969207770274e+00 1.890317350090172210e+00 1.061585408907459227e+00 1.494375222710961237e+00
1.216799566921670461e+00 1.845950133444521413e+00 3.938743163369848865e+00 4.485059838405424770e+00 2.629999941288952314e+00 5.161194602046661473e-01 3.881331874320375075e+00 8.353224638547117609e-01 9.758294348827148967e-01 4.634089605951392521e-01 3.783110861248093926e+00 3.028766045627405035e+00 3.487157016498163120e+00 3.449071174239899396e+00 4.226312190329500673e+00 3.292382111975974190e+00 4.617476978484073236e+00 3.003987518786467525e+00 4.907624774035395987e+00 4.099306211881684203e-02
3.967143904497243856e+00 3.143452569408983877e+00 4.545532967723854512e+00 5.317779214136352239e-01 4.703404317300996951e+00 8.533396369513697177e-01 3.133914663542609169e+00 2.152768729821989524e+00 2.426961640095863793e+00 3.234656519054982748e+00 6.072320857159467344e+00 1.471550492596714887e+00 5.123933099421683401e+00 4.644176702061317386e+00 5.275345991503487042e+00 1.891391464672596889e+00 3.682395065979702231e+00 2.424423220809159840e+00 4.206219162703631831e+00 3.980360960108285107e-01
4.209453467017373107e+00 5.090424580781526487e+00 1.061956607779823702e+00 2.812644957840981341e+00 3.192453116154965631e+00 2.394011482696699833e+00 4.562092618016706957e+00 1.643488101670157020e+00 3.975596058354097462e+00 1.007620534466192819e+00 4.200502771384112322e+00 3.496076743523623964e+00 5.567224480624918925e+00 1.218492981536555941e+00 5.676655462302456989e+00 5.984339440530582976e+00 9.139111252709944955e-01 1.731212810727732476e+00 2.818559175849599807e+00 5.506026830172391584e+00
4.708331635038745411e+00 1.162593882538283996e+00 2.057749448924437008e+00 1.467776919809477831e-01 3.004832597636447833e+00 4.164205461325647839e+00 8.900469954655572113e-01 2.678788272738829246e+00 3.582875344996512723e+00 1.899014341404928530e+00 3.794592974083808912e+00 5.616878054088721761e+00 3.904273030794175536e+00 5.395880222493305567e+00 2.330997169152508430e+00 1.338928229113410584e+00 1.303767158996098185e+00 3.721252082785856619e+00 4.326699594580180275e+00 1.148713139019525764e+00
2.599123003492281314e-01 3.368193298715079109e+00 6.156045533750940102e+00 2.389807571791513485e+00 5.483757960747585258e+00 7.891415022570837934e-01 4.966427291295407720e+00 7.632439295327624329e-01 1.901283278018330192e+00 5.537299377761309316e+00 1.012436032784036488e+00 4.069954788947851121e+00 6.215037346159943077e+00 5.902773262561463063e+00 5.691422269465619799e+00 5.436412961338326966e+00 4.197403413140456507e+00 4.936148302468109428e+00 6.333567649548952350e-01 5.459619531645863333e+00
5.852841128749727062e+00 2.091945896653850667e+00 2.230835869033195973e+00 4.569917233928812550e+00 2.284009231986618982e+00 4.054475773625804358e+00 1.375626180220462791e+00 1.457872390006227148e+00 6.009904526415235537e+00 4.866725424867509808e+00 6.155093704788213715e-01 3.821561156238187706e+00 3.087028597283195896e+00 8.226539789999363084e-01 4.214779991247568525e+00 3.901580798932601013e+00 5.635090251644582493e-02 2.506157567631717153e+00 2.538727202181765286e+00 5.107029000119264417e+00
5.186571835953748710e+00 5.959735302520788203e+00 2.618146755383734536e+00 7.698788365273673273e-01 4.522908965464081277e+00 4.696051386078091028e+00 5.021460983561023994e+00 5.937967202481098106e+00 1.897544532334207057e+00 2.456269537285240556e+00 1.139097114927333093e-01 5.607780992346273585e+00 5.967723534111780026e+00 2.355834465800329180e+00 1.899627636388647955e+00 4.977693478719313447e+00 5.230538937461609805e+00 4.634995678550271059e+00 4.985117866502881689e+00 2.445955993348216673e+00
4.069122555393136054e+00 3.461204940937391505e+00 7.408219162896289012e-01 1.963461542684557248e-01 2.603158756632691251e+00 2.208485314047893500e+00 5.725953917150649275e+00 1.888113984783998722e+00 4.001129072315102064e+00 3.068261900400013342e+00 9.427471923384120878e-01 3.527030787684984681e+00 5.607033418628787125e+00 2.580259478757801705e+00 1.004452297168832997e+00 5.886730209233118849e+00 4.967223912630268856e+00 3.010955414992988910e+00 2.210458499041495717e+00 5.320743126603441064e-01
4.418924378371253070e+00 7.200819650886520762e-01 1.872780490897085759e+00 4.965714276753524281e+00 3.919342560031127132e+00 6.719384008878050984e-01 5.584086509872693505e+00 2.165042584277592219e+00 4.930491877823924618e+00 3.514221568008963459e+00 4.634983907185445062e+00 1.686596994992270782e+00 4.180771273512197794e+00 3.464506544064047677e+00 1.006760812047190035e+00 4.050658018384007519e+00 1.118836285713851630e+00 2.467602565024921812e+00 3.855114441089074084e+00 1.126086176039385878e+00
2.922962532786923973e+00 2.552926404164058027e+00 6.022769204277746979e+00 1.104160071676295596e+00 1.868809832336270738e+00 5.037575168799455660e+00 9.497330995565657075e-01 7.608252489838994437e-02 3.061908324124148262e+00 5.575407394646621384e+00 2.132295386005395699e+00 6.091956440544731066e+00 1.504011761293857496e+00 5.355741610929137586e+00 5.591872991476858346e+00 4.185843456956108710e+00 3.286765970543106707e+00 1.405983556325321793e+00 1.418585594753494661e+00 4.408649636360929769e+00
3.051307229627577389e+00 4.575326223587842023e+00 4.639030172226543236e+00 2.658789501678439748e+00 1.767891532644535024e+00 1.946508345978954058e+00 4.454535157807489654e+00 4.224703695426288874e+00 7.537330221926423768e-01 2.312947204092986819e+00 3.218184381778184111e+00 3.766714831868368751e+00 2.201367911246557174e+00 4.216647918859750988e+00 3.832129989465247633e+00 1.657063113169264579e+00 5.968767968945080327e+00 3.616295570188551078e+00 5.171279708715971424e+00 1.206267434047672671e+00
2.259104713374933127e+00 1.885883873221771312e+00 4.893461988603395874e+00 1.728977563913986215e-01 2.051493478081610977e+00 3.392157866182314407e+00 3.613281892964873343e+00 5.594988455032436470e+00 2.699134878827814887e+00 1.496104355724906521e+00 3.796146898252232393e+00 3.197133655939129682e+00 4.961397163373216124e+00 4.693763909276830404e+00 2.184582348888940651e+00 3.885959218305357066e+00 4.168164330471147316e+00 5.609296870082626008e+00 3.193661900315051483e+00 5.310897176621624638e+00
3.269817794332505301e+00 2.739103160046465923e+00 3.451703573233956934e+00 5.853739581713001350e+00 4.893270491939007427e-01 3.174587248927737360e+00 4.319278270022015143e+00 4.576137029205187723e+00 5.488580403339187619e+00 9.748796275575530856e-01 1.495628739402964591e+00 1.789201990075961479e+00 5.015303761067317900e+00 1.403449799008380738e+00 5.140842618488932203e+00 5.528735678941353093e+00 7.876426879237988787e-01 2.659352815718024399e+00 2.803101657196673369e+00 4.590574976046846167e+00
2.621327504122179963e+00 9.732394100640302526e-01 3.956776182417936383e+00 2.058018964216940638e+00 2.579515304062790282e+00 2.491984126680388614e-02 4.136784071049474321e+00 2.973646700138296239e+00 2.246096105904754836e+00 2.079261526231091506e-01 3.039564154142189167e+00 3.065260115608992031e+00 7.947292622472426071e-01 1.457750516302583899e+00 1.417531879143347107e+00 5.902843620380330059e+00 3.870944732064960370e+00 4.685132860206565830e+00 4.281482254034139956e+00 4.812492056708918220e+00
2.431673706677176305e+00 3.236205967304869979e+00 1.007654464904465419e+00 4.439127597232408462e+00 4.183427017538758008e+00 1.680414149989904127e+00 2.510980695491816128e+00 1.553268108733535824e+00 1.172084241097350432e+00 5.299050940774446161e+00 1.360263436338202458e+00 2.680162410162523656e+00 2.019174699505050796e+00 4.388459080235699306e-01 3.834135866927504299e+00 5.887864687879648784e+00 5.902372056931015187e+00 5.133156156031406070e+00 3.818500946911898897e+00 1.767605461896288643e+00
2.314034965363855445e+00 4.774914695989900260e+00 1.829307738740781231e+00 6.090866089032761499e-01 1.843941354963398060e+00 2.892554683364357074e-02 4.939534153184494514e+00 9.148427111051965488e-02 3.659951957535671596e+00 2.233759011426525998e+00 2.968849329408536519e+00 3.601741195513278093e+00 4.550794299298498657e+00 8.886202788993329271e-01 4.418366458706247890e+00 4.607265755584573519e+00 3.263957752010238966e+00 6.656057107283180896e-01 2.760764664112216327e+00 1.297660731482028984e+00
3.366540105823336404e+00 3.041425141571049373e+00 5.835181729870056344e+00 4.323703626848175219e+00 3.855678759358995400e+00 8.784555046434903147e-01 3.777271102518031665e+00 7.341482254726492407e-01 2.767554400256731828e+00 5.159537015370202484e-01 4.877745652199702242e+00 1.324559715438607732e+00 1.254609167888679711e+00 2.396595275138204251e+00 5.090503566057046569e+00 2.638940411470898528e+00 4.086899636510183953e+00 2.795967524938334781e-01 3.620593044096338531e+00 5.596565995742950328e+00
2.453463342041473538e+00 3.676982991946937673e+00 2.340358109742299408e+00 4.668835433818348868e+00 5.042611868224965654e+00 5.213907549670691921e+00 7.987176399359484646e-01 4.784789685275530502e+00 4.689568627697436654e+00 1.022464974383287650e+00 4.040006857221881020e+00 3.439819888322894315e+00 3.415432747775169808e+00 4.678661912455218008e+00 4.076115205703949029e-01 5.287242592825430521e+00 2.931604364757200543e+00 3.311163820242977618e+00 6.226909045833513012e+00 1.016740136045656717e+00
1.150149959344302530e+00 4.970717263860305657e+00 1.516116617838511482e+00 7.095490011991719692e-01 1.236012460491577203e+00 1.722908633333785966e+00 1.829432656681970526e+00 2.558218526503461265e-01 4.290146387972265885e+00 1.689633704406354076e+00 2.690931034869206151e+00 4.481776925469968198e+00 6.068926804223857552e+00 1.727367988631745011e-01 2.914530672019998381e+00 3.757448925550786800e+00 4.413444740275976663e+00 5.026196206502946850e+00 1.973213457491495681e+00 2.349430864548264442e+00
3.518227879150620518e-01 4.654896440573286220e+00 6.206873744709903384e+00 5.990383474832737809e-01 3.958941703250995037e+00 2.169565031726046644e+00 4.190705146468316933e+00 1.703691970430140756e+00 1.087246033335696804e+00 1.750809684556863477e+00 2.193953266690163328e+00 6.592369793809149670e-01 9.829112038265951368e-01 3.788146478116975580e+00 1.856567318881415796e+00 4.860228959787609604e+00 5.251395802346448677e-02 6.149559334823755385e+00 2.637340702266012471e+00 3.187965689381819234e-02
