1.747633329387966894e+00 3.625805931612134714e+00 1.161936663205774600e+00 4.918488875068059984e-01 1.452805692060230136e+00 1.174406308223690187e+00 2.106881143242270493e+00 4.110852052786825972e+00 3.071247611348038919e+00 4.045356965004054395e+00 4.026884995623303709e+00 9.586273420642791310e-01 4.954759330143818197e+00 4.398270103811759313e+00 1.961234514978544174e+00 1.337186399642551038e+00 4.102490641335789334e+00 3.944114257495243248e+00 1.989522657858187493e+00 1.738009114293566304e+00
4.534580925759488679e+00 6.826257480323674569e-04 1.152321836451344561e+00 5.878636260553574688e-01 1.174202641777423173e+00 2.610187339077164825e+00 6.120439547946828762e-01 6.127674238254165573e+00 7.087201845058085925e-02 3.787327552993767110e+00 3.851101889898664421e+00 1.977195090265757571e+00 8.457217723902601403e-01 6.495809945117025919e-01 2.256435582742830182e+00 2.462276852842039343e+00 2.322852763780810736e+00 5.174817009295374248e+00 4.130800213230046758e+00 6.144289253391995054e+00
3.308586879495274857e+00 4.342314708652038391e+00 6.773082108519188349e-01 4.753737634234623144e+00 5.195860882024403438e+00 3.784949814721569883e+00 4.050604423508318064e+00 1.667994947462205557e+00 2.788840964358552554e+00 3.999843133406997264e+00 9.841229973169828282e-01 1.931239575728149083e+00 2.275086828805456207e+00 3.694790252920058915e+00 3.436523055532752391e+00 6.120014868366904892e+00 2.306000167672309420e+00 5.279696856241201885e+00 5.288066472244536520e+00 2.487464613453754581e+00
1.073580432024698661e+00 5.844169274774301037e+00 2.016668204554816490e-01 1.513820696735159954e+00 1.322139599467088811e+00 2.563710793462969484e+00 4.162052104431774424e+00 5.365104148754360480e+00 5.074952564229579188e+00 4.504308600168363874e+00 5.597830654307615283e+00 4.576035360715809297e+00 2.731880258655603466e+00 5.115080375937615109e+00 1.222230998941618685e+00 2.438756290561014950e+00 6.053386268466466547e+00 1.556942567786792075e+00 1.095671937700052556e+00 2.170209928292479162e+00
1.201021477096646084e+00 2.079222806948259894e+00 2.159198587143059123e-01 3.205978347755720770e-01 1.553120685949373359e+00 5.395930584089597026e+00 3.372980387950801795e+00 5.595077754979651985e+00 4.411868884959456727e-01 2.410050236944853541e+00 1.163115261283006241e+00 3.246338924694370132e+00 4.747524738712522563e+00 3.120100395020040551e+00 1.779034944354975112e+00 5.153998378703093408e+00 5.892953695187044261e+00 2.512831157331307796e+00 3.257106319759380586e+00 4.307843158963074459e-01
3.018435496970169662e+00 2.686939559818530832e+00 5.835404133390892589e+00 9.090909415103820557e-01 2.794019500904370013e+00 5.462941151661704353e+00 3.103815962653432958e+00 3.521917483501602497e+00 3.479255103622657330e+00 4.064270621730384114e+00 5.215035049727820393e+00 5.089857637527067880e+00 5.231135509538296979e+00 3.929630988847770956e-03 3.600280576950753986e+00 2.214665443635160713e+00 4.468240116488993330e+00 2.201547273551661021e+00 9.427756330596007706e-01 4.416318267394219177e+00
4.203319520104309426e+00 2.683878210547526511e+00 3.171295922096201814e+00 3.644697008830297680e+00 4.888893285771508168e+00 1.610744559207206050e+00 3.999803721120015254e+00 5.576982203549973427e+00 5.603857602313821573e+00 1.545236391212163829e+00 4.970829519318684220e+00 1.687558606148180429e+00 2.989406824163629572e+00 3.272351954565527077e+00 5.046289797328845417e+00 5.657492117053753766e+00 3.936331791048860662e+00 3.856246234052588484e+00 6.080864451034918794e+00 1.300234524274587411e+00
2.003473998095516018e-01 3.764422310142494510e-01 5.257853035482829007e+00 2.668645576745742432e+00 5.086960015950601210e+00 5.910011279985797117e+00 1.022448384684740086e+00 3.829971721033926801e+00 9.530241928883333158e-02 6.124944639652869505e+00 4.974958429981003682e+00 3.963636594607596653e+00 3.574328636281500327e+00 2.875945830606481679e-01 3.505947435084406649e+00 8.856599411289840518e-01 5.986526314858075182e+00 7.989920757573619747e-01 3.467256042556188245e+00 6.191308584843574714e+00
2.013042672141508671e+00 2.896910910167185271e+00 4.540596180586409680e+00 5.099606733169255168e-01 2.184938175950744688e-01 5.254293753429820635e-01 2.715185850202902706e+00 4.923135023572545066e+00 3.174657646033374636e+00 2.401687706729972671e+00 4.866629412150886402e+00 5.643011976279645125e+00 1.526076031621855345e+00 4.312866309585385860e-01 4.406680975020574209e+00 1.353058748957582269e+00 3.822921980505334272e+00 4.006157038320861119e+00 7.635623482121258743e-01 2.775158626625739533e+00
5.784779296692222239e+00 9.891870691309619934e-01 3.341779539936506005e+00 6.055498233781889006e+00 6.176158891176761756e+00 4.253942429206682085e+00 5.127478873055100195e+00 1.739822684921155771e+00 5.869838860667543123e+00 6.464243745907308769e-01 4.219756518966728542e+00 5.965780981376367365e+00 3.463410295701532249e+00 3.884658926682140745e+00 4.178792918311470261e-01 5.168433196860230616e+00 5.285800116450678487e+00 5.539228002557900155e+00 5.230692944859086424e+00 6.067232203691538928e+00
5.603921560905253507e+00 3.665221032082258468e+00 3.976878855646201139e+00 6.231550661595248286e+00 1.263233979969619725e+00 9.737327153469668151e-01 1.961978459966109423e+00 5.547283811800883591e+00 6.055919677005974222e+00 5.413251049616019550e+00 2.982384090396274612e+00 2.551704287424293671e+00 9.716638247083377866e-01 2.789319354981377508e+00 2.503624008058733086e+00 4.558638873916001644e-01 2.242282319201682306e+00 6.052849849068112853e+00 4.675153607013257329e+00 1.561463723276119486e+00
5.473285611114104832e+00 3.200199469213862891e+00 1.654985081438849148e+00 1.840613775916920325e+00 5.218438063434075680e+00 3.471805391208182545e+00 4.559156777253068338e-01 4.309980508469211102e+00 4.600309885598075077e+00 5.864436105214088535e+00 6.075263527367958716e+00 1.953236810060381190e+00 3.775614021561866984e+00 7.213779854879398545e-01 3.846048409626090958e+00 6.008307544063364869e-01 1.202592767974390853e+00 4.172259794467140459e+00 6.147218072306612768e+00 4.164498661332243223e+00
4.802580362244940559e+00 3.018435244146897123e+00 1.806601766341991988e+00 8.936615183942514529e-01 2.358910097596328637e+00 5.815889903792627713e+00 5.223358936833212063e+00 4.883405581337182610e+00 6.030844038707030563e+00 2.855265583687358166e+00 2.028095290343366663e+00 5.876371248649058465e+00 1.400295261026026639e+00 1.437063214254221677e+00 4.900905559109137499e+00 5.733345021243400730e+00 4.842260869591641814e+00 4.023798335444446650e+00 1.671641122095929743e+00 1.247264208852712775e-01
3.178062570621975613e+00 4.057045275104083970e+00 5.351854449529649393e+00 2.661021934391857524e+00 1.672594955200793931e+00 4.024162693127422585e+00 1.003966179206731590e+00 5.594691810635817886e-01 5.833481821709622928e+00 2.393567749451937399e+00 2.265325372550888172e+00 7.705950812915116632e-01 3.207740967354807182e+00 2.058602409334747918e+00 2.147285807713540606e+00 6.236625697867233420e+00 4.997523516001697308e-01 5.364384724178800745e+00 5.169293606524168361e+00 5.469902510354510028e+00
4.443498919127345737e+00 2.373455901675205038e+00 5.170715130117907954e+00 1.033380006507132132e+00 3.983094093434582206e+00 3.265786034179926300e+00 4.013594293412755754e+00 2.435106172382627499e+00 2.502367620804187620e+00 5.076362447695298430e-01 4.757359183521581159e+00 5.686196340169441532e-01 3.340076422390336752e+00 1.202683636672829071e+00 4.682348476511787538e+00 2.927898126853604843e+00 3.407878245786061022e+00 4.959230166950786334e+00 3.203015113337917885e+00 5.314460852340901376e+00
1.409941042071390704e+00 5.847072575760959623e+00 1.997744065519803103e+00 3.281545873220160114e+00 2.592081194177677350e+00 5.883527380365441317e+00 4.559498880833857015e+00 4.965026010201365025e+00 2.033013831087905565e+00 5.143689740645555730e+00 6.055172603824471089e+00 2.366472979065821214e+00 5.495661444907563864e-02 1.184827712241340203e+00 6.151667433695821030e-01 2.198129571198871535e+00 5.431690032244421040e+00 5.655525464736508745e+00 5.056330250150667283e+00 5.117169936280107079e-01
5.211701653702370818e-01 4.825686615993534545e+00 5.813456791380498423e+00 3.288849988638794741e+00 1.497759436996311866e+00 3.460444160467703423e+00 1.956534148966103004e+00 8.663268711150429180e-01 1.491738648445602333e+00 3.113626020176975540e-01 6.748124043990350041e-01 5.364282704120840073e+00 4.801282171032813295e+00 6.265859478028479757e+00 5.686072754304218740e-02 2.976554068088148153e+00 1.261237136507362910e+00 4.337187222297625766e+00 7.611410898920720758e-01 1.953531379624770858e+00
7.012267517880023115e-01 3.550802507664713392e+00 3.493889844231821584e+00 3.538721637196621472e+00 9.480757466220299801e-01 1.545018336527911096e+00 6.252998843736902401e+00 5.715817081378291586e-01 4.453829259160543508e+00 9.023455995270035501e-01 3.734779734606749724e+00 4.565956474587025582e+00 3.475351290412065808e+00 3.392193552153024427e+00 2.749585647187444248e+00 3.236079392912767805e+00 7.446951011931426390e-01 3.050072170371642244e+00 2.475668498793333061e+00 5.138032325063519590e-01
6.049575953087144242e+00 3.200473024013154699e+00 9.511373963477095517e-01 2.203618870118460471e+00 1.388715388350851621e+00 5.234190999668975941e+00 3.671988322585412856e+00 4.665860321980120240e+00 1.625226252151289685e+00 5.492275890888188572e-01 4.358904117363167630e-01 2.787422612568650315e+00 1.951468837534927822e-02 2.737131622798685715e+00 2.774161152863062085e+00 2.975392674474464982e+00 6.001856421770877859e+00 1.734471164580775548e+00 4.593774741654565119e+00 3.572671685171659561e+00
4.295616217146356774e+00 4.439880634702446371e-02 1.538282964028068855e+00 3.779979912765630168e+00 4.505409091705140590e+00 1.878045912506170478e-01 4.403345701184845140e+00 5.833936784010111509e+00 9.394992839821134645e-01 5.285235751629664414e+00 3.918512598487558507e-01 8.510655191538074593e-01 5.476217155191225316e+00 3.734466916258790015e+00 3.188700310790918646e+00 3.806633903512877115e+00 3.697210480425050960e+00 5.373283519437544342e+00 4.394179216902614371e+00 3.730769855221736098e+00
6.279109044341068646e+00 3.786290422329132266e+00 3.896756000131210040e+00 5.953625524945952208e+00 5.517909089926347654e+00 2.200569546366674345e+00 2.741047176650959205e+00 1.762466862740950768e+00 1.760127429023200962e+00 5.915036181168756180e+00 5.874244929686365246e+00 4.663635904082655159e+00 5.086069015552928896e+00 5.747568889557515881e+00 4.349645712421403410e+00 3.258482803718372178e+00 1.250243707686907735e-01 3.782617496015733050e+00 1.346580501372591776e-01 3.575002968609695686e-01
6.040098200351602387e+00 5.055673400426797137e+00 3.419647976118214583e+00 3.128454564922072967e-01 4.319186123322622528e+00 3.960949123312303755e+00 4.211179398144543562e+00 2.421648122368243339e+00 2.092141437442824436e+00 1.495665400639118792e+00 5.516141044519565106e+00 6.016946914449469830e+00 3.553784608286559621e+00 5.281703137482533172e+00 4.968757286754158287e+00 5.846185963157057408e+00 3.730335959003493240e+00 6.224247002288432640e+00 6.241558325873205249e+00 6.204539183837223248e+00
1.742855093740425465e+00 4.760940729101341695e+00 4.439224780713864504e+00 4.057041234811949337e+00 2.203125202349163647e+00 4.990362337786437230e+00 2.619862171020256092e+00 4.736474104381428241e+00 1.745016364667649533e+00 1.624557923371584278e-01 5.356534198492071575e+00 7.508167367243859802e-01 3.269811660010028542e-01 1.593463494422322491e+00 4.676288910670091781e+00 1.504598661155277295e+00 8.830671654873508691e-01 3.227395191024824972e-01 3.822344711687647223e+00 1.219408107544437181e+00
3.178291753309077095e-01 1.653940415002381981e+00 4.245797882638904674e+00 3.238053942481824432e-01 1.261520353927326754e+00 3.851350392601393224e+00 5.671844655816418168e+00 2.912527640226949543e+00 8.654990967930120682e-02 8.230533885133547445e-01 3.290574186660105926e+00 3.411890423615359325e+00 5.416431510226686896e+00 1.015631614993167897e+00 2.197788695904959955e+00 2.343527829276829344e+00 1.250230500096030983e+00 3.372891385200194048e+00 4.032696400731223818e+00 6.178800256108595290e-01
2.431485252914240558e+00 4.874178884210893514e+00 2.561877581605846110e+00 1.859698744415221094e+00 4.213795420134821335e+00 4.468536901521605209e+00 4.294594008989675027e-01 9.341858254703524489e-01 4.482762496566630173e-01 5.248313120986461300e+00 3.415417756650762193e+00 3.614373438215106038e+00 4.111908841494035016e+00 4.394099790498842140e+00 5.115490667708344485e-01 4.116205258731067573e+00 2.326749875658224997e+00 2.390925082095494147e+00 1.964758630556047381e+00 4.485109359219840108e+00
1.288404794174983659e+00 4.442944246423063959e+00 2.454658245944820294e+00 2.933442871000189189e+00 2.671867087614311576e+00 5.895437495373442083e+00 8.343634967245948664e-01 5.257859236642621781e+00 5.445817864359957738e+00 2.641145556941177031e+00 5.571774902229054582e+00 3.880024525026529947e+00 1.579858348536650414e+00 2.945394839386978880e+00 4.502124395641002863e+00 6.248936870871416582e-01 2.272836782855707227e+00 4.427574994140969444e+00 5.440529373136407942e-01 4.725185931413078855e+00
4.407640995473509626e+00 5.475693777627866687e+00 2.141468207714792571e-01 3.126040624363553899e+00 1.682866887886299123e+00 3.157694202793280169e+00 2.483681936370286447e+00 3.706392060993100479e+00 1.458497856287938044e+00 3.516644205021408065e-01 6.051790544288206952e+00 3.629912547654740695e+00 1.303351834010821220e+00 3.763202626300680365e+00 2.432932585287350680e+00 1.726096009866855852e+00 5.169616466573802249e+00 5.661627213378363166e+00 4.426110902048630891e+00 2.487879215619491990e+00
4.614263778537996075e+00 2.779913277019929740e+00 5.246047449059004109e+00 1.065131489432937340e+00 3.026063875354847887e+00 3.975643087412886079e+00 3.833869865954381978e-02 2.021496706547808664e+00 3.133325536331708627e-01 2.051709667529174386e+00 3.979232100287334539e+00 1.550365008490953933e+00 2.446242521500474609e+00 4.828781302595951175e+00 9.965625045378952995e-01 5.568633268267389802e+00 3.490017284860066127e+00 1.890056935505006530e+00 6.093240163484206384e+00 2.710714819189416591e+00
4.561415017329332855e+00 2.369689490352325567e+00 6.529431817191289067e-01 3.432902733232474191e+00 4.663864505541209127e+00 3.309338828732065974e+00 4.016601995414146309e+00 8.145485517813951803e-01 2.897403572956494866e+00 1.019395485656339639e+00 2.927949656344415619e+00 3.552539288841780607e+00 5.346479264086486438e+00 3.897251544960482761e+00 3.363155141991491792e+00 7.893223674549594282e-01 5.260121793340393204e+00 2.869154780873613309e+00 6.253476092867582103e+00 4.725843539925134174e+00
1.907485133135606858e+00 2.918253573013212865e+00 2.405971656975831041e-01 5.682684947312311330e+00 3.197934801909758207e+00 1.984120621401832096e+00 3.837945414127839516e+00 5.627075658485083398e-01 5.255888364871275975e+00 5.200835413261606366e-01 4.131472820288602854e+00 2.776272607733639486e+00 5.419801776424294282e+00 2.066310617729580024e+00 3.632061667379606007e+00 1.989750479513616055e+00 3.962892921341496066e+00 5.485563698984991632e+00 1.662862729766413805e+00 2.559128781132759545e-01
2.416794293420894135e+00 3.838005879623077821e+00 5.572823821296028157e+00 5.176117090046272295e+00 3.099270943068931583e+00 3.476693769033496917e+00 3.645890633052432328e+00 4.139488202525351213e+00 4.594688075725807508e+00 3.958654657417142175e+00 5.979813576561874733e+00 2.859665168328704432e-01 1.129026874285544491e+00 5.881955601460842509e+00 2.738538018813161390e+00 7.950545983621751800e-01 3.558819969065626587e+00 2.835465320021095970e+00 5.488917736773210265e+00 2.672673797076569713e+00
4.063752223428568122e+00 3.994806167732285918e+00 4.581227165863647421e+00 2.522917693823975682e+00 7.522909146965979232e-01 5.786820169932449076e+00 4.173820211838178196e+00 5.354973934184900308e+00 2.859906434047065904e+00 6.792832066218276177e-01 5.313124327105589018e+00 2.634137650467712533e+00 6.110884016872255131e+00 3.508254883001155289e+00 5.242372020150789069e+00 1.847227565344252254e+00 2.574675000136692482e+00 2.145727369237092397e+00 5.636339724162341192e+00 5.294864368225229434e+00
