1.694522475007971929e+00 1.466800549705239876e+00 4.373767701420140597e+00 3.478755270619963702e-01 4.015293908206857942e+00 4.063587389184275089e+00 1.385908474872002527e+00 1.413877107053630677e+00 5.922003275272375689e+00 3.964836402056889364e-01 3.534798367301199562e+00 4.219127655036987723e-01 1.255682775028481579e+00 3.442442361339946633e+00 1.112094394414349541e+00 6.865176511042936358e-01
3.915055806596336563e+00 2.450264249126629768e+00 4.042400829128879991e+00 4.146129684496822954e+00 2.697471650609439831e+00 2.653801077877601777e+00 3.541707424866276654e-01 5.300348610161644380e+00 6.494740744904080598e-01 1.234745349618885379e+00 2.634257118164482492e+00 5.120869156872990047e+00 1.408612337600570585e+00 5.632312046765688862e+00 5.161671482771263086e+00 3.263625027789091582e-01
2.726090195132588434e+00 5.426555015710411212e+00 3.957233083535808049e+00 6.250808038957442747e+00 8.788340397811572613e-01 3.414953121112463297e+00 1.075221577789952754e+00 6.200609396522409611e+00 2.679844673537810973e+00 1.538604309754932453e+00 3.723970966430141694e+00 1.183195328768553933e+00 5.062808201219366033e+00 9.105338969465283094e-01 3.285092729611104101e+00 4.351809642148317003e+00
6.258741806808864716e+00 4.709712683143751022e+00 4.509092893213207387e-01 2.449104169539049636e+00 1.280933160406449556e+00 4.517872815390388652e+00 3.037379792777619159e+00 9.803528803114689438e-01 2.603274900375101009e+00 5.240549848951340017e+00 2.230627315146247458e+00 2.438455378990830980e+00 1.532593038350403170e+00 5.346889918992028257e-01 3.061017993302213913e+00 5.412755174172258599e+00
4.625705339208968425e+00 7.897503142745286864e-01 1.913003530249453021e+00 3.212101207022229232e+00 3.052374162153934201e+00 2.542574592740995953e+00 4.542938929877696985e+00 5.039903000712157244e+00 1.316871332713033249e+00 6.022482467105706228e+00 4.716838224958656234e+00 3.954725110049784664e+00 4.608016133860460606e+00 5.075718265072012514e+00 5.387187064951738158e+00 1.168652584152841900e+00
5.571022131568130753e+00 2.885162403128533004e+00 4.812930991149745097e+00 1.575119685223231425e+00 2.608801938419901045e+00 3.420060512035949962e+00 4.373631764388065335e+00 6.038128674932830009e-01 8.537679335614360987e-01 4.547448696204916985e+00 4.819098650951166185e+00 3.455957304331677360e+00 8.346211062726970331e-01 6.239484531608989748e+00 3.642674482793034407e+00 3.753278476816265252e-01
4.775257091425039846e+00 3.866974053554439461e+00 2.022911417598857398e+00 1.967951065651677434e+00 5.601219632571361906e+00 6.258754598334080654e+00 1.226170779334365468e+00 2.039400395368869745e+00 1.789265732442278267e+00 1.511492643025735605e+00 7.074686798723142100e-01 1.575115930566822975e+00 3.700215071371041109e+00 5.462965769847553332e+00 3.780212843889510843e+00 1.265578923126862598e+00
9.071611433883397524e-01 5.975617257269357774e-01 2.899016158956958744e+00 3.738985866736858288e+00 3.802024560391933150e+00 1.831250952499382800e-01 2.809021644615867341e+00 2.778241541742194620e+00 3.147829451677748303e+00 4.856875026725822053e+00 4.842357890043277102e+00 4.070737932715470464e+00 4.124328793090356271e+00 4.430128813535425536e+00 6.242455018164019820e-02 2.232960826466350301e+00
1.794510351408314053e+00 4.770084487889773683e+00 1.707171850577557937e+00 8.749414656106319077e-01 5.629677641276704669e-01 5.377787056018368261e+00 2.333885347928906118e+00 6.264880525116841348e+00 3.277085125000827937e+00 4.570199772257864446e+00 3.834575767188548312e+00 1.478328925882603506e-01 1.346262739630796901e+00 1.509902688710573093e+00 3.174791044144817054e+00 2.937497668895222791e+00
3.209738514682981325e+00 6.970680105705058249e-01 5.083310528478862445e+00 5.424842457431630294e+00 4.211896712676915122e+00 3.476425623348796901e+00 3.897618325858628108e+00 5.886353977853367780e+00 4.830175172387262350e+00 5.892238518874072462e+00 5.720475747785263465e+00 9.972570150484485474e-01 3.279100177128341453e+00 4.143712618161970340e+00 1.612271436815591930e+00 2.588120312364503128e+00
1.746769376435587828e+00 1.726443102345494029e+00 3.114421427190183778e+00 4.471250702829823176e+00 5.178292146608360902e+00 5.502669160372719581e+00 2.198356000036421953e+00 1.515094214763133218e+00 4.044571449754595704e+00 5.155476650854404319e+00 7.377811066917919769e-01 2.869982810015377250e+00 1.557570782027812406e+00 6.063988673342576519e+00 1.819063450078972188e+00 4.169287245299215350e+00
5.738992165078275143e+00 8.799329357557719167e-01 7.410698148261344320e-01 4.034810845721129802e+00 3.176901566818185252e+00 2.785087209895404481e+00 5.965297579352250246e+00 5.454626410948442583e+00 5.674392539763125853e+00 1.610224956951898712e+00 3.603624093704594911e-01 1.154816570546749244e+00 4.861744848507908223e+00 1.284726356186487450e+00 5.639659246730862385e+00 2.635894579815359240e+00
1.614171488615812056e+00 1.415252377359418556e+00 4.505154286130303554e+00 2.863165115952968964e+00 1.056236031896476524e+00 4.956771581170083429e+00 3.188615504371281606e+00 2.263401957253793562e+00 1.608035913563412134e+00 4.299696291728750452e+00 5.584321058196990428e+00 2.697310958848940232e-01 1.135473791345034122e+00 5.023278260740560164e+00 2.924911117595075716e+00 1.492923766447719958e+00
3.273170193085079394e+00 6.248564703675193455e-01 1.042362255487163880e+00 2.786215918960997406e+00 4.314998398869146712e+00 2.188396551737749718e+00 4.478891986563753314e+00 1.487244833878110573e+00 4.803058288948909293e+00 4.091043504436123968e+00 4.619130450515329223e+00 1.483126462997605088e+00 4.015131848888814581e+00 2.402161738731934282e+00 3.334854494034045658e+00 2.329272835658945606e+00
5.092195773334180053e+00 2.564682760438302900e+00 1.100673819627891126e+00 2.025382078907504990e+00 4.124081984098058484e+00 6.361313094990447281e-01 5.556519426821663998e+00 5.458365366074920288e+00 5.385593966110565622e-01 5.841821083809096038e+00 3.380562828210659898e+00 1.958361449733540427e+00 1.855114526807408293e+00 4.185836679833035312e+00 3.140373699042180444e+00 1.301491860103622944e+00
1.390269747113338727e+00 5.883731465993807142e+00 4.861724438479180677e+00 2.943542757409849830e+00 2.724735766930205472e+00 5.874373468188965886e-01 3.806424721360303742e+00 1.825903030731897136e-01 5.374819877695668602e+00 5.067623825557278749e+00 2.956981049792366090e+00 3.732924679347787045e+00 2.969342735793099930e+00 2.301281844743873428e+00 3.657568169314680262e-02 1.021955440383652686e-01
2.464378610197689667e+00 7.624344354269653179e-01 1.967484676604554394e+00 4.875014938012693477e+00 2.131246956488914268e+00 1.134782971474100899e+00 8.854669951605095291e-01 4.658701890193192696e+00 2.501056586577888652e+00 2.022926356479345156e+00 1.829497748330437767e+00 5.469857317029292787e+00 1.638119587331169802e+00 3.504197107852450088e+00 3.599259386552417173e+00 4.451331945860402151e+00
2.691941326033197690e+00 3.115674680481381298e+00 3.960330332672365561e+00 5.643672549948281159e+00 2.312820905921746384e+00 3.534731576375337081e+00 3.481114913651688347e+00 1.895822934522101821e+00 7.638297449228077518e-01 3.794858431571244584e+00 1.396073947869175047e+00 7.407918615930768613e-01 6.266504154206833377e+00 6.014109214581563556e+00 5.486119584542357153e+00 2.452170352023504751e+00
1.719988950557981289e+00 1.475326506435838292e+00 3.686694617115585881e+00 2.768127843269983845e+00 2.637174929250815758e+00 3.885878418400462664e+00 9.490881818051575269e-01 4.387811310712207202e+00 4.928450769817361632e+00 4.695098857002436787e+00 1.446271378761057713e+00 2.588448361361388450e+00 1.879542462978157191e+00 3.326888026382456953e+00 5.774699518711524426e+00 5.809451725939761779e+00
4.250591879179475008e-01 3.177671850119290209e+00 1.784482716224873311e+00 3.423527103073427114e+00 5.061313877542937156e+00 1.278757175562511339e+00 6.062763795190926785e+00 4.707432747768034886e+00 6.239435491101780862e+00 1.335794141116993350e+00 2.522772145542691025e+00 6.268684206567010975e+00 1.443973994231429803e+00 3.745387294190367200e+00 4.175138369411904304e-01 6.189010069106032574e+00
3.578571783850913235e+00 7.229444144637634517e-01 4.715465842019422205e+00 1.039456813810741398e+00 4.056610937828190266e+00 1.318003330611489943e-01 1.304874268978183594e+00 1.046741353124393537e-01 1.594042777558737134e+00 5.471084374105150694e-01 6.197741380345444639e+00 3.071469187551782554e+00 3.490873818630287229e+00 3.563800461039669631e+00 1.017390457663049919e+00 4.502048935523894180e+00
6.124082942289335030e+00 1.717647074600299473e-01 4.962754103519845472e+00 3.038348240157365598e+00 2.657070462602864946e+00 3.281996260305709345e+00 2.289652393692602317e+00 2.964585137517069313e+00 3.022024641750450158e+00 3.681664902983852627e+00 1.262089207337986574e+00 3.422906878903490213e+00 7.459912963939331343e-01 4.723847383984996817e+00 3.310029002587167923e+00 5.574539683476761986e+00
1.361531308099676929e+00 4.168318091328963249e+00 1.164956865571646683e+00 3.058523886980032191e+00 5.378130224615792265e+00 1.117703309994982241e+00 4.454278839578362792e+00 3.524307312697266159e+00 2.675777032309063497e+00 4.976757111605113693e+00 4.714702989254762056e-01 3.457845301483763567e+00 3.326588574152022360e-01 4.008023086701994586e+00 4.471818303492695712e+00 4.888280531210769553e+00
6.430292444305695243e-01 3.124387100964439057e+00 3.016917286018930167e+00 1.051346031566809947e-01 1.640681582408972439e+00 4.783848005258064973e+00 3.224594395905144850e+00 1.354301352023753902e+00 3.040390570691758665e+00 3.470306803576664656e+00 4.490981409935892898e+00 2.176842698611964888e+00 6.709916411619289978e-01 1.591331932222753709e+00 3.004943118508363042e+00 4.456190942525298793e-01
4.419989878014611406e+00 3.156741810500917733e+00 3.684576482545306675e+00 2.621846217773069032e+00 6.342750655170119600e-01 6.155197615638051012e+00 2.943644097376541424e+00 2.747126510936066079e+00 2.720554470464883856e+00 5.272332367152066546e+00 3.848106652249736470e-01 1.949226165789443632e+00 5.087424926537326364e+00 6.060544014782125899e+00 1.703750372501651622e+00 4.687726843367875595e+00
5.317224845803536049e+00 3.584769766962264015e+00 1.484097386681247910e+00 3.396676211669937828e+00 5.117358310466158855e+00 3.103785647252151669e+00 4.584496558571772518e+00 3.826230803401463820e+00 3.155176049594021759e+00 3.536244672351011253e+00 4.101034063775176909e-03 1.336067887492223605e+00 3.401279213974461424e+00 2.437859887912677603e+00 3.109319227477615466e-01 9.639099025598465431e-01
3.544700943971586860e+00 6.327565026755141986e-01 1.852820243815844536e+00 5.791159269946471788e+00 3.773243202372251748e+00 3.752548520805519150e+00 2.139785105700468648e+00 3.230874846846137238e+00 6.177019077537377889e+00 4.838778696282062697e+00 5.201643027650164619e+00 4.353538023950078717e+00 3.776253299841007216e+00 2.184211302992429826e-01 5.294338803201592114e+00 4.131476106994572461e+00
9.456118719250242721e-01 4.922620478971710511e+00 3.151104559520614412e-01 4.525663971261125518e+00 5.668313393821366120e+00 4.512638358731317467e+00 5.025189566210467973e+00 3.109986049760133042e+00 3.955421840970436254e+00 5.747558147978498511e+00 4.742963431816415110e+00 1.111341842110118217e+00 5.708997040523860811e+00 6.200258139552890846e+00 5.676027101103162664e+00 5.217664973450919064e+00
3.865373438401954242e+00 2.974221181117166157e+00 3.956394104518802024e+00 5.072981702752196398e+00 1.793048938975880802e+00 4.240303471518502398e+00 5.210495746331376132e+00 1.722743414697515796e+00 2.008960834420078445e+00 3.710564633723782535e+00 4.126795491323033360e+00 1.641252417568197786e-01 5.547007951082064459e+00 6.279700099030036675e+00 5.079497434774318254e-01 3.483336653255065141e+00
8.786965878110510886e-01 4.300758886952308124e+00 5.631497141368027926e+00 1.044298029429523877e+00 4.872728459773437493e+00 3.468995372064990868e+00 2.021994735021450662e+00 1.610394608421026996e+00 3.312111194002915759e-01 1.694875090857972610e+00 2.848324402785254783e+00 1.978579840045154192e+00 4.198454268841630421e-01 3.528051291851424853e+00 6.012681753024546438e+00 5.337269342027675556e+00
4.264196090583457277e+00 1.563944605192621129e+00 4.395326063192924515e+00 4.400353719673789854e+00 3.036325668124620236e+00 5.978548576528804226e+00 3.481632887361072903e+00 4.505817322689483762e-01 3.473188280251481075e+00 1.351646135815150584e+00 6.055811157424734859e+00 2.848090848829442745e+00 5.486273760192021065e+00 4.262013425607988459e+00 9.657357675859318258e-01 4.225329503868376690e+00
6.545660885207584823e-01 6.242611618090128545e+00 6.156919813876319481e+00 2.412971695998703314e+00 4.094511598104101147e+00 2.713161822517945687e+00 1.752318129578531058e+00 3.834852023260792553e+00 5.198732375018964902e+00 1.963424893347070377e+00 2.434066553328929405e+00 1.964221519820117612e+00 1.884813654058655197e-01 5.195989679854759125e+00 5.533983833073132352e+00 1.508334112400749438e+00
