1.973952140495897956e+00 5.290609077579659925e+00 2.107538877969450386e+00 8.320559092789902023e-01 3.324855347934722261e+00 3.909565630418379012e+00 1.839982450489308974e+00 3.918521522562169734e-02 1.630923402877460848e+00 1.141626469937335742e+00 3.014812386358152629e+00 6.258765136088723757e+00 1.764414074182455161e-01 4.188746935107325320e-01 1.310309720916311926e+00 2.278283708255397944e+00
2.834121437511295305e+00 5.493434061897664478e+00 5.161995387222166443e+00 1.864478684656262764e-01 2.435237282812638515e+00 3.435535760830614294e+00 2.362251737653809691e+00 3.062289067680851407e+00 3.563292350642250916e+00 9.673380212777954457e-01 3.077786071690436831e+00 5.550889804141872830e+00 5.091959710546353435e+00 5.327815233069285838e+00 5.080025500979210129e+00 3.684746564114069756e+00
1.196947215452273783e+00 4.239472243199192469e+00 3.314936291005312174e+00 3.737548911973383792e+00 4.051789132361135692e+00 4.109887672874043218e+00 3.218452812915284067e+00 1.603777746734775356e+00 8.252925862487083819e-01 7.768502105280419845e-02 2.117556962335271464e+00 4.715730567731529987e+00 1.589924280915299359e+00 5.750702507669039676e+00 5.136646760546689450e+00 2.424022268419526061e+00
2.482155891196478947e+00 3.321004741453402076e+00 3.787655589752925600e+00 2.330875583843650567e+00 4.349055522694533216e-01 2.102290085914466644e-01 5.140930903240896299e+00 2.774061997445402827e+00 5.099299095894201272e+00 3.753114563233952428e+00 1.157320550156452077e+00 4.615647218426706111e+00 4.613172650858636814e+00 4.492249934401955969e+00 4.921060470009288146e+00 2.119890346868077202e+00
5.692370041910930212e+00 5.081255543880416781e+00 5.267055533387465793e+00 4.355355463692736961e+00 2.886901961623184576e+00 2.616971481827791823e+00 5.702429504453114362e+00 3.584568078423675530e-01 1.356099871947360702e+00 4.186373830941564123e+00 6.228462757979818853e+00 4.833133217235491941e+00 5.517387488355266489e-01 4.136738778875965750e-01 1.708160948958312719e+00 5.397797720907142605e+00
3.079511002170177925e+00 3.947575612514971688e+00 1.342434881140380787e+00 2.161873922214028632e+00 2.792554473001791937e+00 3.579078838826229791e+00 4.734368275660219894e+00 1.627415101113085294e+00 2.213345611620968878e+00 5.438750182399328281e+00 3.855917956418432713e+00 4.741915866420785441e+00 6.185707908895675011e+00 2.835725727825502140e+00 5.901823984432703618e+00 3.267925953793766602e-01
6.061412451890735298e+00 5.291169587494976234e+00 2.168271039539109157e+00 5.248484072469524975e+00 4.960291118011222800e+00 6.935905908118424890e-01 4.444344536703455084e+00 3.321983644971597371e+00 6.278861830955215773e+00 1.862023834621259200e+00 3.715021066658125815e+00 1.340495568378917701e+00 5.869193835216450772e+00 5.996415666639595798e+00 6.775165451489145729e-01 2.098900153843120120e-01
3.384670011550079405e+00 5.048417064998351300e+00 5.523283525000824312e+00 4.985602006392316099e+00 2.629713092577003586e+00 2.921987532554858991e+00 3.451664450614916557e+00 5.157312350499962506e+00 5.549019210335173646e+00 5.569716247445612112e+00 4.848671882512596731e+00 4.761239432948016770e+00 3.100627688215536359e+00 1.952208834755130074e+00 3.936477569869057724e+00 3.843099759026338713e+00
2.051454981702782732e+00 2.870253856637688727e+00 5.201961917380280909e+00 9.862350814651932307e-01 1.687364455648874495e+00 4.699891049889783901e+00 2.200047767827017775e-01 5.984947764234382461e+00 8.235400025237706867e-01 4.379532290323574273e+00 3.547269880322234226e+00 2.722224217697592152e+00 5.079393356420601968e+00 5.334361698720070599e+00 1.578871974668862865e+00 5.501605526571914595e+00
1.911802129325173905e+00 6.149120891236222519e+00 4.943129303957678466e+00 1.623026745999706089e-01 1.280962152143902966e+00 5.181705461364837895e+00 5.978100579054050456e+00 5.423596923663648539e+00 2.268239636598512465e+00 1.208332709297012642e+00 1.608876256921830006e+00 5.570391546347456396e-02 4.622941968345371855e+00 4.971954151637929975e+00 4.960745741348837612e+00 6.150155214832832229e+00
4.983950986583034037e+00 5.820764012421197897e+00 2.377050224426830560e+00 1.444483671627881050e+00 4.316520852037671219e+00 5.646228878594096168e-01 2.309410592004236040e+00 1.554808214571755220e+00 5.318072161267298203e-02 5.723119679183439779e+00 3.240491520297039685e-01 8.314783907484543102e-01 1.385805300791348005e+00 1.377875966114479933e+00 3.846240256321313833e+00 4.969008720539120461e+00
5.170606059775054497e+00 3.561711019577240567e+00 6.126308763422698256e+00 3.282804617994209195e+00 4.998380918841752951e+00 3.381216829478145058e+00 3.612819609359992690e+00 5.291223942352224263e+00 2.283154684925641664e+00 4.325970387476639978e+00 5.811364817277079098e+00 3.501842020541817924e+00 2.136609957269676396e+00 3.696885023356797362e-01 4.836099482988055698e+00 2.756882193855744734e-01
2.505169519708141945e-01 5.241876195796185023e+00 8.274330324551426585e-01 1.331159515485252909e-01 2.175934185068657989e+00 4.088962516801245783e+00 1.363955875711204468e+00 5.533095316174217793e+00 5.815752553755900500e+00 4.573732593969208615e+00 5.665844759482959958e+00 5.160364244333496941e+00 4.049915534667555050e+00 2.992156664474300065e+00 4.648853163784922415e+00 4.133459095228019464e+00
5.122738669389977240e+00 5.440020349346577078e+00 1.130312721564968648e+00 1.504780999161250632e+00 1.392133164201408979e+00 4.639941125807786726e+00 2.950776462559697166e-01 5.494377734649387612e+00 7.846792129546124872e-02 1.304221976581148690e+00 4.161137234908778737e+00 4.200035310598409843e+00 3.950669341178735916e+00 5.769354751356873479e+00 1.743439900637107520e+00 1.356590929046869176e+00
1.535970442100741684e-01 2.158395305728774360e+00 2.093538042219846851e+00 2.616870206124639164e+00 1.329222653276483923e+00 6.047755792012411646e+00 4.579166614541307467e+00 2.658102229021722440e+00 4.900277820126043293e-01 5.231397249328905152e-01 3.236742617354784191e-01 4.017190551925654773e+00 1.563156007454988561e-01 6.013540299521089594e+00 6.187799011784074210e+00 6.086141285162119940e-01
5.743909812449866870e+00 3.631270726708069496e+00 5.421688393735650813e+00 3.710072511945034623e+00 3.074441780133644886e-01 4.258052304765827856e+00 2.712316407477269209e+00 5.389976866700795455e+00 3.635647849532395171e+00 3.600358856485175618e+00 1.068168860343204768e-01 7.007214675924087199e-01 6.444042687815086656e-02 6.589652883296601704e-01 2.552419485357874773e+00 4.787132301884644003e-01
6.169423489578222508e+00 4.430778342139116699e-01 2.692794269415850206e-01 5.074756570874499495e+00 2.266542943679967226e-01 3.790835640601005530e+00 2.122613499660798708e-01 3.279421603397917995e+00 5.384608303487270042e+00 3.931399855365515172e+00 6.229998601206319098e-01 4.675495423253447136e+00 1.641018390923440151e+00 5.394865325872843620e+00 1.311228742352004373e+00 1.480004967161099527e+00
3.482230494131095977e+00 6.258487843603708356e+00 5.740630423487878886e+00 2.786256220135632788e-01 2.916529996099121114e+00 5.212180702245680308e+00 3.481811403032528673e+00 5.273632529162482818e+00 2.581291395004422728e+00 4.968848511730221240e+00 4.538546162892628466e+00 4.378564059205573678e+00 3.808358202063063302e+00 4.459263069977325245e+00 1.212952718425434062e+00 4.950148808598454075e-01
3.914448147372628917e+00 2.205276934182115678e+00 9.952833058896106699e-01 4.014293018246200440e+00 2.065636180296921420e+00 6.218026048165234521e+00 7.528073521786882161e-01 2.105047097673663714e+00 4.228821477217340252e+00 4.538143729331022946e+00 1.888950450360185496e+00 5.775387279734405688e+00 3.328827197702237228e+00 1.431925973838160226e+00 2.655590120438195978e+00 3.611836476429494347e+00
3.333150096527963235e+00 4.782579127933985319e+00 5.140777652319638014e-01 3.290253935260826434e+00 5.205230638867726967e+00 2.596775110356093208e+00 5.196946625804000242e+00 5.281895749064381640e+00 4.836107108584767111e+00 3.530387491638475872e+00 1.237440296556256314e+00 2.606275884127210674e+00 3.978132128470710072e+00 2.086006902592511203e+00 3.138897177844837127e+00 4.217882214286741593e+00
2.916678192113206780e+00 4.067528819272156149e+00 5.738764885791744597e+00 1.074961648121534274e+00 3.416599334077978778e+00 3.186271520346511732e+00 2.195218846256052458e+00 2.916375849789421548e-01 4.659694167389716313e+00 1.520117225843830022e+00 5.173137716298560562e+00 2.557876830450566352e+00 2.158799866843135185e+00 1.163778067911773462e-01 2.064718917388934649e+00 4.411972637066646219e-01
3.121305118036665327e+00 1.131035450724256375e+00 1.876840202551894210e+00 1.773880548067591656e+00 3.951439545584565227e+00 2.981928467511659520e+00 7.968559574804869872e-01 4.369427490161860383e+00 4.441696314390894074e+00 1.621235314869994282e+00 4.042585719259813359e+00 1.175884915576495215e+00 1.432031197579178627e+00 5.018139613420519396e+00 3.534010073629476612e+00 5.029590264231050156e+00
1.390532775550058942e+00 3.649105070797960870e+00 1.087514644476466508e+00 2.859596232692127149e+00 2.884592384431692302e-01 7.609831341962509654e-01 6.021031170995042814e+00 1.579192668984388481e+00 6.786331415503473741e-01 3.256919592012901266e+00 2.727066659207265431e+00 4.454411131888902808e+00 6.169031440683121481e+00 5.294884784483085305e+00 2.002372827422820301e+00 4.924231030991431446e+00
3.221257106620774913e+00 5.674255378433405106e+00 4.323086702922013025e+00 2.613272907531733580e+00 2.151403278118233509e+00 2.395940026118356325e+00 3.382767726240370809e+00 4.335913684412065372e+00 1.505798739673323450e+00 5.759104615257474080e+00 2.856788275704740698e+00 1.299635029939808062e+00 2.018346162592666193e+00 2.413728043400908962e+00 5.336945579101109338e+00 4.050484578515513689e+00
3.536397458711421304e+00 5.304484771477902427e+00 3.073589805515800411e+00 8.101004626672950737e-01 1.102018364162952846e+00 1.386346142039333040e+00 2.757296862989432551e+00 9.089962711058371392e-01 1.695873004779184123e+00 3.714407422050059360e+00 1.325569412590149154e+00 6.267042810838187705e+00 6.461545171863883885e-01 7.710759428565192586e-01 4.470118420919607871e+00 5.421753336177225435e+00
2.259191403011121757e+00 6.278412302497554442e+00 2.381370484771327067e+00 3.156627523063205043e+00 3.054709910340682288e+00 3.550456729384588783e+00 1.368042821735656389e+00 5.628704936555571692e+00 6.104285242606978912e+00 1.461261419911069170e+00 4.712740116065892160e+00 4.389383673087597915e-01 2.410015538974134230e+00 5.821878752633512732e+00 4.714169287425464816e+00 1.024288056370114663e+00
4.864661119913248122e+00 5.780365007608928352e+00 7.040589444080007642e-01 4.492982796822106550e+00 2.136272429939109208e-01 2.208949934498499967e+00 3.901874383603600727e+00 3.010356886089788020e+00 1.507808124852543230e-01 6.221557792325483227e+00 6.293600756713124689e-01 3.551146124830895978e+00 4.522136700922992247e+00 5.268996372214425072e+00 1.081993548503826341e+00 3.515829033663529390e+00
5.476585490519918942e+00 1.619526269069528901e+00 3.793409612562012700e+00 5.568986023451013345e+00 2.235957322898185939e+00 2.444412508682891616e+00 4.008805658081540990e+00 5.259331966416537496e-02 4.302005303292935956e+00 4.819299384368392225e+00 8.372521614530230583e-01 1.229312029792799764e-02 7.581679877811866586e-01 5.881315372698233679e-01 2.370011726565625754e+00 4.409312074002380122e+00
4.692767477846693791e-01 3.194784924031577766e+00 2.642452300285052402e+00 2.791883559023248029e+00 2.810491023155037293e+00 5.821864227873918551e+00 8.606030757653493346e-02 1.303394778533435217e+00 1.489526811408931950e+00 4.755942234408681912e+00 3.131470346921646719e+00 4.537403645340864600e+00 1.127290280287455815e+00 3.906475999605639959e+00 3.708876159047237220e+00 5.374641050554338939e+00
3.381718970768615162e-01 6.211852163228713586e+00 5.433818604355171722e+00 4.694227081754585917e+00 5.915268362399969782e+00 3.029626715106572110e+00 3.607823142738522559e+00 4.216264724801811248e+00 4.959555266237620330e+00 3.329831187129536074e-01 4.582320664916937902e-01 1.511231169854661882e+00 3.718720803499394378e+00 1.096335516165499069e+00 2.329090926574922005e+00 2.481996945709971314e+00
4.447473105674997207e+00 1.182452791358790556e+00 2.687382750821330823e+00 3.599661704402321138e+00 5.805611044129770804e+00 1.929920148486958364e+00 6.255583026732403518e+00 3.078923335983420717e+00 1.307305965539566017e+00 2.667958509066163053e+00 2.058932738178225197e+00 9.842738778374980901e-01 2.752849638417171896e+00 2.595622585583498232e+00 5.392795179462318345e+00 4.680616643917805852e+00
1.042581038930891379e+00 2.285264911165971746e+00 6.230751216240598689e-01 8.410247615563853918e-01 1.131517533962408839e+00 5.191747448902447992e+00 1.897457246759060467e+00 2.985134730989297047e+00 4.541680527764732744e+00 4.472910077934103334e+00 5.591081627065745963e+00 2.781313459575753377e+00 1.478050729284161369e+00 1.282017916852789652e+00 2.517946138207706408e+00 3.834530808166615845e+00
