2.471118332540055140e-01 3.128588280706236180e+00 6.105898275928159258e+00 1.372374160944881127e-01 3.043320424659250900e+00 3.234918154581506222e+00 6.096994375030045710e+00 1.318740730531713590e+00 4.419841332778130294e+00 1.398962889225792372e+00 3.174558403672029350e+00 3.835246470059981316e+00 4.031394583973043844e+00 1.484725919554821250e+00 3.714125438121336664e+00 2.977813426838474831e-01
1.042112583537276871e+00 3.965096435717416323e+00 3.398844852166885921e+00 1.870545155738846166e+00 3.970912648630895436e-01 9.276688269408898124e-01 2.003844250450879994e+00 2.834635353144473235e+00 5.071587987347979443e+00 1.058541099818649300e+00 4.457586179185199171e+00 1.732581510747981390e-01 5.539993633219517655e+00 3.144605795694069172e+00 2.829904622011675919e+00 2.347886239642663408e+00
4.788208610135254339e+00 5.661415712318182081e+00 1.568373254635125447e+00 2.120033973932550886e+00 5.151912801710273548e+00 1.377836011186021337e-01 2.618739867974718472e+00 4.167981385438679354e+00 8.593466402870417742e-01 1.105728045972327100e+00 5.499371011987337354e+00 5.060658389240646926e+00 2.101877169085798469e-01 3.123607210496129216e+00 3.473983952081064697e+00 1.413991317784506041e+00
6.641043083984367046e-01 6.246963291390554396e+00 1.045524231457809483e+00 6.252091421004887795e-02 2.877939538593207724e-01 5.987286823586457807e+00 4.115262906394298703e+00 4.983057600022105404e+00 1.712842388305330976e+00 4.304964067268891803e+00 1.275269008747876187e+00 5.182056493457947166e-01 2.841857681153358239e+00 4.884740496194147852e+00 3.784867580129074316e-01 5.880896538489171377e+00
1.425302772209674274e+00 5.640461078925870453e+00 9.380181040328894326e-01 5.482295890970219077e+00 4.009080824694815526e+00 9.392655520758347309e-01 5.371913385247253370e-01 5.721547300475537945e+00 2.186622677611497423e+00 5.265587613751272045e+00 1.227668694427170859e+00 4.269786428177322790e+00 5.795405972421746377e+00 9.368743311413280095e-01 4.352904730324883786e+00 3.777398566560797200e+00
5.474798813043956436e+00 2.313866644168814379e-01 3.852776871996427044e+00 3.889718926467379934e+00 4.058840801742134907e+00 4.202396469520038202e+00 5.486321933507006143e+00 2.270864081915707100e+00 5.155674245035848369e-01 4.079680173661829556e+00 2.786375938554746856e+00 3.555890320677808525e+00 5.717591872413742671e+00 3.571717194058405376e+00 3.806840099186235005e-01 1.566350176910079828e+00
5.766888107097354776e+00 3.575948964723983270e+00 6.817722991456947046e-01 1.745781972913869051e+00 1.224250581014355715e-01 5.836141666570934028e+00 6.102863265196456055e+00 2.441947564691088424e+00 3.911631975339765255e+00 3.770093569743371731e+00 2.631705297758946127e+00 5.176877579168666976e+00 6.346930142905703454e-01 3.414823059536881367e+00 4.769266661077417702e+00 3.646146771896610961e+00
2.601131907243879660e+00 2.497156185436280040e+00 4.046573307626390559e+00 5.354375083640795729e+00 5.986605697885136301e+00 2.551125953141919478e+00 5.076264343335954443e+00 4.394787934456473089e+00 5.733290242870983988e+00 2.010001624110540508e+00 1.970262076730950440e+00 3.396211881453576886e+00 4.936098149188441475e+00 4.636115223696640975e+00 2.008576604424935574e+00 4.429036238956717497e+00
2.073136434887017820e+00 3.432447915275196770e+00 3.562081894422111983e+00 5.099613436371106978e+00 5.076130282103032521e+00 2.792633460303644899e+00 4.423611478716558132e+00 2.415329878247630901e+00 2.366793159741037655e+00 1.932596449518733772e+00 4.200970582610279003e+00 5.701832044325692017e+00 2.436721585535213119e+00 4.234747571462983196e+00 2.145832231522837308e+00 5.325898617506117816e+00
5.740834400115808478e+00 1.783898948107010218e+00 2.477187737552034807e+00 2.391669408003499253e+00 1.209810948751893545e+00 5.850763247984646753e+00 5.204313973414346428e+00 2.395942043285767209e+00 2.916492763059494564e+00 3.822936456318480225e+00 5.497999613261887575e+00 1.487656635759064372e+00 2.480785085167140469e+00 2.572764952251153314e+00 6.767538629715502685e-02 5.535647882127082475e+00
5.705139555946812102e+00 2.768363878384254573e+00 3.281184090721486868e+00 3.856744041510124177e+00 2.665346402190851283e+00 3.132017930210314827e+00 4.322131392925419036e+00 4.874434386726152368e+00 2.810145025666908492e+00 4.615102335448275639e+00 2.030876399140754351e+00 3.643596873107083578e+00 3.047332341351279172e+00 1.437106688999611581e+00 6.224078593953119132e+00 2.606144985997524088e+00
4.144752024318139938e+00 6.102494832778228989e-02 3.268248142597426908e-02 3.321224068648535255e+00 2.049718584605257465e+00 3.247042573247990838e+00 8.887126144865320487e-02 1.366906130061551039e+00 1.039281674391657750e+00 4.568817310450590252e-01 3.768029297876748451e+00 1.486889286854201631e+00 4.727419689969176164e-01 3.706918257503237779e-01 1.282893910172591134e+00 8.265216724313256824e-01
3.723816215888880343e+00 5.588333631888821706e+00 5.025504195860904133e+00 5.559693494124339885e+00 5.200939711551708200e+00 3.783139498399989975e+00 4.140465999118354112e+00 4.225026396701045073e+00 1.060422773071661995e+00 3.094631621739343696e+00 2.053154610321299423e+00 3.000352826705178000e+00 4.442880168832902932e+00 4.312385412820332498e+00 4.947182601604865226e+00 3.714406461155233874e+00
6.192688912622354103e+00 1.603762238121678285e+00 3.225795501774800123e+00 4.234771368447148854e-01 2.046280830267540374e+00 5.890997683397465323e+00 2.843617632980131038e+00 1.877616418705776447e+00 4.928099340180667198e+00 4.540706508266281638e+00 4.428363565489764397e+00 3.179945158354660961e+00 3.195823969398812192e+00 2.159147290726477486e+00 1.174560587051587168e+00 6.039690668391654249e+00
5.624728011175963438e+00 4.861388127386849334e+00 6.700589159141698836e-01 3.528519662509901345e+00 2.547308190642832759e+00 5.621726965021038858e+00 4.158273320878036472e+00 3.453037934107541229e+00 3.811863033827274538e+00 1.408526692923310009e+00 5.117744486105181068e+00 3.589987554528334401e-01 1.005745426342340876e+00 4.336570966083117540e+00 3.206113832860875146e-01 4.107598639655455131e+00
3.309945166886163914e+00 5.853412177843758002e+00 5.657271360318244291e+00 4.769574212684495329e+00 5.945377535468157504e+00 4.163013274091046156e+00 5.379654923160760660e+00 5.929961773714857998e+00 4.685735183885260113e+00 5.471570173508718327e+00 6.193939420605900636e+00 4.777325198988684463e+00 2.367321257868378659e+00 3.694988348082320240e+00 6.787050300765027355e-01 3.469840638079119355e+00
2.304400666336904546e+00 3.955959361517178863e+00 5.879645121905610061e+00 4.684091530765824629e+00 4.444987577660747924e+00 4.858503066725273101e+00 3.443248978220320833e+00 1.671833360602004381e+00 3.810476215396978006e+00 5.252735750164792883e+00 6.142978901429794192e+00 1.340404012159660985e+00 4.036000290091982912e+00 7.807387561212910665e-01 4.198595163985059386e+00 3.964495104312071305e-01
4.059510582192215722e+00 2.636854550932633767e+00 2.195188512401597070e+00 4.779736108099198688e+00 3.774287068071288331e+00 5.802785805783580386e+00 3.182594261639670297e+00 1.295856289824930618e+00 5.880984666601119848e+00 1.267695206782024853e+00 5.941666441712278868e+00 3.950135938297403282e+00 3.030771650729038758e+00 5.986893557637434249e+00 1.759112977164824398e+00 1.295337554439672356e+00
4.936920563242558124e+00 3.813273294056694906e-01 1.232657478322640165e-01 5.573764454112475342e+00 3.158284585701497171e+00 1.593682759468995069e+00 4.949568801933693862e+00 3.050357584421802271e-01 1.347182392281467855e+00 5.846803564191819014e+00 5.413518043393531265e+00 8.472039929768367950e-01 4.373211418682136475e+00 5.314734724460115078e-01 1.934075754974821759e+00 2.338662654306939093e+00
6.121018005401651862e+00 9.984363647644679540e-01 1.694307771484015790e+00 3.651964913069027929e+00 4.924965764146672420e+00 6.254320475418721159e+00 5.211828398953657349e+00 2.055082221690025079e+00 3.346500233975230998e+00 3.310386544582115231e+00 6.049453397832404100e+00 4.962716031504664116e+00 3.530504735864174570e+00 6.276608794298164540e+00 1.811519690417191963e+00 5.867003121487364137e-01
4.716641594470614152e+00 2.650468187605925063e+00 5.981307292915885476e+00 3.078105444843743932e+00 1.993104053383708330e+00 4.633358492577956511e+00 4.771423275802119335e+00 5.542840411893033448e+00 5.658933640025738399e+00 3.557300144321563273e+00 3.230792698421938614e+00 2.344680462009859134e+00 2.900163266563281272e+00 4.472863759433354680e+00 2.234087258260212039e+00 4.870855991992343981e+00
3.355885628068545845e+00 1.390359994484674733e+00 5.127848782426837282e+00 5.776446271005402089e+00 6.238857430463394138e+00 5.144190760629416381e+00 4.332694195026231654e+00 2.317265388248020308e+00 4.582852551021680654e+00 1.911386552199501487e+00 6.564045691301703123e-01 6.002661939738231034e+00 4.735802493712539807e+00 3.240044268524678861e-01 4.766784903131569884e+00 4.529345587390424477e+00
3.236627451362950492e+00 2.888331776976285514e+00 1.522995365753521124e-01 2.289136877662660385e+00 1.743475577982511182e-01 2.730728505329450773e+00 3.727111244520166622e+00 1.918178988499204207e+00 3.436745930492183465e+00 5.599390413858813531e+00 7.750501809023299105e-01 5.976439201312210514e+00 5.365446828703723803e+00 6.899559107336713515e-01 3.362974316982425993e+00 1.375464988251506648e+00
3.452532019056727020e+00 4.899145229135154267e+00 2.546061205953163320e+00 1.310648204190017818e+00 2.469236147990253039e-01 1.665313292244722687e+00 3.401848980257755617e+00 4.116206189470754673e+00 1.806048118950907444e+00 5.411206449188540546e+00 2.848201072370039277e+00 5.571332074416781133e+00 6.228935950360162010e+00 5.419284790400129559e+00 4.380426309404949592e+00 5.836402415255887099e+00
1.690196108551744514e+00 3.014254483966244624e+00 5.170152839117839960e+00 1.146954003360790564e+00 8.742989693535156981e-01 4.897914264608397295e-01 2.529376301744453492e+00 1.776713783135412950e+00 1.732780769360940942e+00 5.185996406274324677e+00 5.197986073500202586e-01 6.978775337220189945e-01 4.671610401581262728e+00 6.574681322346732637e-01 4.790127355902984441e+00 1.054521189599141762e+00
2.194741307088038607e+00 4.945390263039425527e+00 1.200224176314512059e+00 2.586250262665554356e+00 2.025902120346819935e+00 4.018841240113597557e+00 5.879927559747561538e+00 1.012209060462014171e-01 1.980730140810080364e+00 3.123614486639132881e+00 2.576475150375558520e+00 4.752999558271261193e+00 6.220996683216244438e-01 5.345879813351675836e+00 3.016259240414977505e+00 4.619309970786760644e+00
8.526785605089587383e-01 1.493940626454871856e-01 2.294995034913943410e+00 5.926538050033825833e+00 4.498219633397091965e-01 2.866571550438145710e+00 5.194607073854583312e+00 5.071128295707730160e+00 3.656127499446568674e+00 1.441420551056560584e-01 3.134223024013266468e+00 2.146482465469067069e+00 1.369342603667798253e+00 1.387933257634732076e+00 2.098661678305980605e+00 5.249707566141083248e+00
7.479793175101449865e-02 4.839654111649593915e+00 1.132927578567760829e+00 4.289351992467305585e+00 4.400744656648579500e+00 5.586189865154569945e-02 3.309162798096404234e+00 6.152413248299493098e-02 1.608394985476240047e+00 2.792842560212104974e+00 2.886339369955764234e+00 4.982565272154328428e-01 2.601898514236680615e+00 2.604829379860836180e+00 4.973292259185359221e+00 4.746944881722547471e+00
2.139421153765856065e+00 2.050231727130278903e-01 2.454589692009408797e+00 3.482914532666653518e+00 1.129453695776436950e+00 4.975093870601923207e+00 3.950681220416316197e+00 1.851782090132886971e+00 1.408176071660492745e+00 5.969360445495912160e+00 3.549925574262343009e+00 4.464796364432391584e+00 5.095334924914371122e+00 4.453325488856998859e+00 3.156689527213593749e+00 1.257301293968859646e-01
2.905476596306558967e+00 1.177038403235936226e+00 1.335174566787367567e+00 3.727889316787180718e+00 6.260310965030948083e+00 2.048212388439342835e+00 3.418656293149460179e+00 2.985873878357704125e+00 3.444885741412452962e+00 4.885623930687423289e-01 3.916405267733711781e+00 5.580494692682274938e+00 2.041995485944317235e+00 5.274173633555196972e+00 1.386835807980444812e+00 3.421441770393609083e+00
6.111709233962138832e+00 2.832090966350035433e-01 4.725548737762415463e+00 5.298254918270145275e+00 4.749682221284149186e+00 4.344783397001359404e+00 4.247435485432365376e-01 2.848950546299414466e+00 5.682966921597121690e+00 4.984437759143310331e-01 2.963342660205546153e+00 1.624013812403924284e+00 3.152467050208408228e+00 4.821648619438485994e+00 5.657748361857146691e+00 5.767765767857787829e+00
4.194695441374412859e+00 5.219421358252264831e+00 2.742543676428561117e+00 1.154355365387955690e+00 1.030347768667234876e+00 3.685437249083166389e+00 5.926162925927471292e+00 2.546823461461856120e+00 2.848367113265144912e+00 4.892457991976616682e+00 2.740515413774736730e-01 3.215335671978517329e+00 5.451437031054823912e+00 3.946732657231882602e+00 5.032141891582481819e+00 1.782813755515921583e+00
