2.157138852810264407e+00 1.931759611502726681e+00 5.476469422859623570e+00 1.911535497844435438e-01 5.668338943143933939e+00 2.175588132257664675e+00 5.859507730353732846e+00 3.130142105551589005e+00 3.671517985772185799e+00 1.039376977154389925e+00 4.750663537529734803e+00 8.968064048070795158e-01 2.764168034236545779e+00 2.076201376361279660e+00 2.059427989116689339e+00 1.200869350772065108e-01
3.698459386552817585e-01 4.987954509308250906e+00 4.581606678551504608e+00 7.167501816320438479e-01 2.480127639052927879e+00 5.998034205312772205e-01 5.212831839249078003e-01 3.211396941622428614e+00 6.217645025003521120e+00 6.294835657621263847e-01 1.179554219530323911e+00 1.325325699353297582e+00 1.643719559432557320e+00 1.486393588726365511e+00 5.270900392655365252e+00 3.659440510034389860e+00
8.727677339033619308e-01 3.498669721962662571e+00 2.433344381316012051e+00 6.263892483413049384e+00 3.370315154271254610e+00 1.325113471582718194e+00 9.798678930462159098e-01 2.342802904881116088e+00 4.587874565583644149e+00 5.674405702755929148e+00 4.306164314992737552e+00 5.318824364506142821e+00 5.632190189894851429e+00 4.079243996232309932e+00 3.611099156548589928e+00 1.538489948571819088e+00
3.090962779157959250e+00 3.014620066529360098e+00 7.794036728235437250e-01 6.179547262204891034e+00 4.490799594660419558e+00 1.667554571219884929e+00 4.536859457614284885e+00 6.026912146546093751e+00 4.476295900868821676e+00 1.042089757343545253e+00 1.615227532493250129e+00 4.192359821353598193e+00 2.294254743327939217e+00 2.370210662297898896e+00 2.719127800023724006e+00 6.368691321166877195e-01
6.044830125117409025e+00 4.885223676706865525e+00 1.502273152169523840e+00 3.591942142574135133e+00 3.985183951562747851e+00 7.808777245844752413e-01 5.494820568167789077e+00 5.661424349144014379e+00 4.966258795603754272e+00 5.342376015098093234e+00 2.571125011236949032e+00 3.035319425523245407e+00 2.935617928114374831e+00 4.118074879686711931e+00 3.890720248119615698e-01 4.873689866682576977e+00
3.469968333171065566e+00 2.378897996275863846e+00 2.679535138968867081e+00 6.139097502902057357e+00 4.606546361136740764e+00 1.566789518460119379e-01 2.330958509163562287e+00 5.235734191473802923e+00 3.850811118770342212e+00 5.508953708225528878e+00 4.238393799589903921e+00 3.860078960607311593e+00 1.598096203908260238e+00 1.782589444350564656e-01 1.890934558886544492e+00 9.684772237886249968e-01
5.159675777946270969e+00 2.944661726147947522e+00 1.338486034091604271e+00 4.421258940009798799e+00 7.089067517463261137e-01 1.870711594420304102e+00 3.762689970444920373e+00 4.928375147135655610e+00 4.594951173361699226e+00 6.253795858970341293e+00 5.466701630615558472e+00 1.624662051081938730e+00 3.109351271656594085e-01 4.236683322968583632e+00 9.912803966756607021e-01 3.807258632794080722e+00
2.903415186259388658e+00 3.541107766664012502e+00 6.240215771448045956e+00 8.526685988702253916e-01 5.616230183493279959e+00 1.501534011570449190e+00 3.491621574601416977e+00 5.948572545821611435e+00 1.820909244866855681e-02 6.180182466044947809e-01 2.997044263991228252e+00 2.860485723172092154e+00 5.394994522286642891e+00 2.617957561260605637e+00 6.149407209596671642e+00 5.406201098551988160e+00
5.147940471319979672e+00 2.221721429072573084e+00 2.696682328760477976e+00 4.379894554873875023e+00 5.881920337445064595e-01 9.601079599893000971e-01 2.337075425141141416e+00 4.935077741688036035e+00 6.036588616441968647e+00 4.821282958833828403e+00 5.465244283451446528e+00 5.983189721667073968e+00 5.444248981756522276e+00 4.306587563940492913e+00 4.682265544507457911e+00 4.749108463618338938e+00
6.846483412161342708e-01 2.969511456280200079e+00 3.944511327711428539e+00 2.207530248177588528e-01 6.812528340469897747e-01 3.908358478422935267e+00 2.826135794400236101e+00 4.405748178218305000e+00 5.774789742024546979e-02 3.337289590248182058e+00 7.282761798873952364e-01 6.248141713000291197e+00 4.657219595077425112e+00 1.097400609439024954e+00 2.558669278743374687e+00 2.792912061294570591e+00
4.916085792236129848e+00 5.739770694330647238e+00 7.035439560331765430e-01 4.258513075884584609e+00 2.432273633301551552e+00 1.538110654695143964e+00 3.723898728534961400e+00 1.903654923182828584e+00 6.263132941799769426e+00 1.227281130593425251e+00 1.501142920231135269e+00 2.034952379908536724e+00 4.159088307856737998e+00 3.980055774841509297e+00 2.947432365484430328e+00 6.054749580593722591e+00
2.671503766154619819e-01 3.845701754404316830e+00 6.102702245419471261e+00 1.585058383388558756e+00 3.680397663090426708e+00 2.110852111932679520e+00 3.450271064376727370e+00 2.201697752430917809e-01 3.132908871739695122e+00 3.679181159602892937e+00 8.157075979793094733e-01 4.895172394420924888e+00 4.418423307107672393e+00 6.113935662618927402e+00 3.001313572393357054e-01 4.488931808476284147e+00
6.096766778654408192e+00 2.827318193607911478e+00 4.072696014391035568e+00 6.113105886615926021e-01 4.697425452800791490e+00 6.005769212017118441e+00 6.230780652804672748e+00 1.396763752902313804e+00 4.249263832431298127e+00 2.419849690522733354e+00 1.125237776482736596e+00 4.018236035580384780e+00 2.913729494041936707e+00 3.117417688798262976e+00 7.674267538277357303e-01 1.001016096178641845e+00
3.376058348286782529e+00 1.098488059597104272e+00 5.089418096290904359e+00 3.033355925099659789e+00 5.446018387847854747e+00 1.291249607417926493e+00 4.626015900830299898e+00 5.888471173288969851e+00 1.195987109570420870e+00 1.086245893526297968e+00 2.035903862907562367e-01 1.274508894344004384e+00 2.191908610619249576e+00 3.204049173622742330e+00 5.221860763452164989e+00 1.732382969071198486e+00
1.675169050640384683e+00 8.827856687034905114e-01 2.087261286183270670e+00 1.022206955577044551e+00 5.137377059756183861e+00 6.253339522698555975e+00 1.840341085420940326e+00 1.978350552152642994e+00 3.878942572971536773e+00 1.079460440886325978e+00 3.227126034227223883e+00 6.081474245692573000e+00 4.521799136447965495e+00 4.098684488970422701e-01 9.637438408697299730e-01 1.403808677304073438e+00
2.396582319081425272e+00 6.069118196905077589e+00 5.354036624920762932e+00 1.125855092763921483e+00 2.209714899193173210e+00 2.010378817783246008e-01 3.875352676854542544e+00 5.111802000633369758e+00 1.782947796112541505e+00 7.572823152141237024e-01 4.043503375899183183e+00 3.141754494770170325e+00 4.493829064934354633e+00 6.099425104464033964e+00 4.598295116980937181e+00 2.071940092097864561e+00
1.888913903092972024e+00 3.214419578130891519e+00 3.978059729418529145e+00 9.350834598430288747e-01 3.622481261364928873e+00 1.348929053245413012e+00 4.903620035154314660e-01 1.848768448359919603e+00 5.365745456421361581e+00 5.009694535399715765e-01 7.115546457201795683e-01 2.231395866309470399e+00 6.015234554288662494e+00 4.007998063337592676e+00 3.008485642521177006e+00 5.738107505849860068e+00
2.813911750024363112e+00 2.041616639734975536e+00 3.978479396201942020e+00 2.635945848092651644e+00 2.930812791982640442e-01 5.602718167159790319e+00 1.670847047795374962e+00 5.923362817451006457e+00 4.585560890860598260e-01 2.294016587270554797e-01 1.859338943240532727e+00 1.382211046301976332e+00 5.672011294762582700e+00 2.487168599536253577e+00 4.636342492062495602e+00 5.952557465731799224e-01
1.848894560819505317e+00 4.327992918629465890e+00 1.150516557461784932e-02 1.564274019245311731e+00 1.252260641050299661e+00 4.623497581665239053e+00 1.503966956751616291e+00 3.422007941092398919e+00 3.213093521554263976e+00 4.529563708141886025e+00 2.222041011853158388e+00 2.786013996335501730e+00 1.236842474997727814e+00 5.007379777630711182e+00 3.084645677472248160e+00 5.785159694278418030e+00
5.253138858521825938e+00 6.017616051475377148e+00 3.942756217420033127e-01 7.737454850688252339e-01 2.424579990799271112e+00 2.852769434207087951e+00 5.287105092517325744e+00 3.487977614960459105e-01 5.419014549686180793e+00 2.246423249595492333e+00 4.775438098207724913e+00 4.848088278412249430e+00 3.383763838117942679e+00 6.588538593643781249e-01 1.627344823362787851e+00 3.846067766965569401e+00
3.658836530364662387e+00 4.424294140839927891e+00 2.433495954908368564e+00 4.232302039467759514e+00 3.885417965515741034e+00 1.031463271592411912e+00 4.942722568497142532e+00 6.367979628093083377e-01 3.770651472346041810e+00 1.276089436179611292e-01 8.682668641285688771e-02 4.285222606251215538e-01 1.922193660693768402e+00 2.990412182972459476e+00 1.954260687731018242e+00 3.169663290611776318e+00
1.872942248288503198e+00 9.031013968325616315e-01 7.901865610966587461e-01 1.987966795612273296e+00 3.206006487721539955e+00 1.769117661601705915e+00 5.788233147356694808e+00 4.197261962459922224e-01 5.783492922797986324e+00 4.546116896201247037e+00 3.110310930336286361e+00 1.813511578039073591e+00 9.842249929384597751e-01 4.957530476008860987e+00 4.548308280219670596e-01 1.952827638663528154e+00
3.910891184973538381e-01 6.028012859585549776e+00 2.475900023645470682e+00 5.376762149963761894e-01 1.988031054051280888e+00 4.103628479701274756e+00 4.384393411631229753e+00 1.618126318244923256e+00 2.971115776589851265e+00 4.426702800695480278e+00 3.103002398242287740e-01 4.587878584184459235e-02 2.105588447198859237e-01 8.213615757783154780e-01 3.442370034189241590e+00 5.497340937583989451e+00
4.885145263006709371e+00 5.561943050607569994e+00 6.195979590148208871e+00 2.219848668747521625e+00 2.966767100027324577e+00 1.993766226587894597e+00 6.764716165180145735e-01 2.505142261498779277e+00 1.779696806132629039e+00 2.528641008280769320e+00 2.462744285867001004e+00 3.729866402759172139e+00 1.462628309248600100e+00 3.999839552576030410e+00 3.827879402568196365e+00 2.812773731772553631e+00
1.241065786972229912e+00 8.167673367924562777e-01 1.635609483356343707e+00 3.296939585003044737e+00 5.865939729354504806e+00 5.520060530109495822e+00 5.132701127846749145e+00 2.394757068200811523e-01 4.731031809643672759e+00 6.088734476853540301e+00 4.221346814398184044e+00 3.935165876172157073e+00 1.798572929059838899e+00 1.658311992084861020e+00 3.310618254971755992e+00 4.876569817699701659e+00
3.039026566369364968e+00 2.235390363500151967e+00 2.243252086994702132e+00 4.492239755955229619e+00 7.623018298701296214e-01 5.799149825789773338e+00 2.453834327866216025e+00 1.687060594007957270e+00 1.953011987990532328e+00 1.682109048251408057e+00 2.124119473093704968e+00 9.832744357640837984e-01 2.874461472524540429e-01 3.321458136780561787e+00 4.872562521744936426e+00 3.056089562493276457e+00
3.116870799969395200e+00 4.774021984402618379e+00 3.106878295582856886e+00 5.429659681173335528e+00 6.326000135064243635e-01 5.486739444302357604e+00 4.112843891490563841e+00 1.935307634104726615e+00 2.514558291822293956e+00 5.402514182674709176e+00 4.768480294619138249e+00 3.484339281818396916e+00 1.832392512629192449e+00 1.937312246162347096e+00 1.028958122971059597e+00 5.644533605937525955e+00
5.992964471159618611e+00 4.876824124882717548e+00 3.302375621026133246e+00 5.940641685704279418e+00 5.250005175667938673e+00 7.255877442805245270e-01 5.752805694705383388e+00 3.879600418236551551e+00 2.195724107593144125e-01 2.851652851621540474e+00 1.178279528228580064e+00 7.779422328369569595e-01 4.466015197618289356e+00 6.533910274539775909e-01 1.952263350768523864e+00 1.090744638252622467e+00
6.207488181590668397e+00 6.191844481703800085e+00 4.574287317276723108e+00 1.947552763667925957e+00 1.810314764998511405e+00 1.078075091432854293e+00 2.871419886434858793e+00 7.531159791407305848e-01 4.737468467382064397e+00 2.205707917222064385e+00 2.060767752896735416e+00 6.244892866690002764e-01 6.160963887736153666e+00 3.255577760201579518e-01 6.125313383771806564e+00 2.103019915381861171e+00
2.184317604170240568e+00 5.212444054295157336e+00 1.505294604241436997e-02 3.110278620747322087e+00 6.055720645258235280e+00 4.052809510697586326e+00 7.986976144861573923e-01 4.459742743067964810e+00 4.738698738189079052e+00 3.558011652988757767e+00 1.989923736712983615e+00 9.577464852166355236e-01 1.598426316622124643e-01 7.372030872753161379e-01 5.234199041081085468e+00 2.612023766760351862e-02
5.821400710378765275e+00 7.002994875793412677e-02 4.773184881862578166e+00 5.252566601713942518e+00 3.699155928029323803e+00 9.710221920530833772e-01 2.824823842900539894e+00 7.034912922424367832e-01 2.353620537627252318e+00 1.766472851596409877e+00 6.000837961238357776e-01 3.383478367805587084e+00 6.280225642908526140e+00 6.267792159107828942e-01 4.103271517280219882e+00 3.868887228783914001e+00
6.069539936024216153e+00 1.708147977454963051e+00 4.826171056994959407e+00 5.117355850598783285e+00 2.100816486154331919e+00 5.042539263172567843e+00 5.399066319302168182e+00 3.578792568875837077e+00 1.040053708634261387e+00 5.909715234929239003e+00 8.736960937922926274e-01 1.684647474809104928e+00 4.425258284861201652e+00 1.931278363118062336e+00 1.502749177403346792e+00 1.790659931396766824e+00
