7.858996135646987291e-01
7.743727213102784557e-01
7.415377332205380645e-01
7.644087824020083799e-01
7.463953854304274937e-01
7.697230986285589216e-01
6.477222579796981794e-01
7.687883435302528268e-01
6.524383368588331233e-01
7.348318152108604950e-01
7.506933612240110909e-01
7.597911039796235722e-01
7.470777207757582916e-01
7.686536130036285552e-01
7.419363050048402020e-01
7.696455175266462279e-01
7.310224851090938447e-01
7.343049679691618925e-01
7.727668214188716522e-01
7.371671371532718675e-01
7.385528104606834399e-01
7.504579944784913748e-01
6.802567094184118757e-01
7.781326684450063924e-01
7.575701325068330272e-01
7.585834250727490069e-01
7.603466426232752262e-01
7.811987519612287878e-01
7.030194081354856905e-01
7.697153365807164471e-01
7.336485113537450919e-01
7.357973990486799121e-01
7.667470880173246073e-01
7.473468909782835512e-01
7.793125718404841917e-01
7.498734733223035853e-01
7.626891561312584278e-01
7.708273086682899677e-01
7.266193380162538906e-01
7.405568849871755344e-01
7.396392932661173258e-01
7.569319897855510959e-01
7.954348182205848161e-01
7.769508732532599549e-01
6.664412730340825153e-01
7.744683644445727877e-01
7.620640732925756389e-01
6.767968492650785484e-01
7.253891901831842626e-01
7.774634549653621773e-01
7.564845799037016594e-01
7.446491864502486902e-01
7.600090022260908018e-01
7.368794641488307651e-01
6.987685570765406196e-01
7.405820697552261134e-01
7.532551003134361212e-01
7.669255089120620150e-01
7.321741710058643493e-01
7.298146472004450880e-01
7.609229915676340994e-01
7.233510065206195661e-01
7.519312851280520738e-01
7.103531067846889924e-01
7.626136701446010191e-01
7.307552930941514369e-01
6.830373512751884979e-01
7.807030239091703461e-01
7.467147699182694609e-01
7.696404872730834290e-01
7.704419211380756360e-01
6.994877673904076332e-01
7.649448885161208578e-01
7.614649457940928512e-01
6.776743887971948821e-01
7.757054192570767004e-01
7.739321569418204927e-01
7.511143802612396669e-01
7.740221649946993354e-01
7.728210667765861297e-01
7.449423161301107488e-01
6.830574935383482149e-01
7.699075872721358182e-01
6.457814248172738525e-01
7.633893652756190695e-01
7.888256393873056549e-01
7.446702528155402234e-01
7.301331827563182220e-01
7.636051961174639136e-01
7.515777937838057365e-01
6.985730190685904839e-01
5.310307764200754566e-01
7.041686494994835455e-01
7.364474291509894854e-01
7.291484561995773550e-01
7.602806409906373020e-01
7.630468925333443453e-01
7.291130438268671465e-01
7.644665059030102405e-01
7.569590526198455294e-01
