1.111191787486930593e+00 4.421154550583176857e+00 3.481122796631533234e+00 4.469519855898334448e+00 3.103674622661237947e+00 1.640682387538527687e+00 4.518953920499445331e+00 1.253670386373111567e+00 4.760063317377299263e+00 5.247889923154533953e+00 2.285693621309543566e+00 1.421670602477556944e+00 2.932184492006255638e+00 5.577436047635266014e+00 4.543929789588228019e+00 4.293015693223538598e+00
5.234215362801236893e+00 2.062286653438416106e+00 3.282452349891694432e+00 6.645435580635142836e-01 5.412760327692143214e+00 5.613522140100966062e+00 1.828413098909323686e+00 2.100898220805231809e+00 2.070542572402399806e+00 5.229844596920855126e-01 1.894366899930527870e+00 3.828879656663195519e+00 1.318646078793520138e+00 4.031055882197269291e+00 4.752091259193631068e+00 2.549797039538450605e+00
4.551593726651821825e+00 5.858837310723653324e+00 2.231901064505639631e+00 5.474057402846846720e+00 2.671887819290752475e+00 4.748552886449597388e+00 5.533005792834114089e+00 4.188026052418257983e+00 1.525368364015286637e+00 2.464001613588814088e+00 3.356448452268391058e+00 1.995147472664356547e+00 5.681307746538102776e+00 4.198321007601592214e+00 4.235350100556257935e+00 5.969799432154928809e+00
4.269938882793366197e+00 3.855016836116276213e+00 2.123064427232823181e+00 4.536790064807030287e-01 3.351166654064899220e+00 3.253151296035313944e+00 4.599655783130225828e+00 2.048915377022572759e+00 5.282199533107239553e+00 1.328546107952353283e+00 6.220776642883265595e+00 3.556295167985801253e+00 1.801916121304480756e+00 1.020730155756609109e-01 1.569715015959604498e+00 2.065377374512470610e+00
1.439483263671751112e-01 2.079376072045790558e+00 2.561477135890753987e-01 4.300130414182650185e+00 3.508543485704147979e+00 1.710716817572264903e+00 4.454761900968605914e+00 5.879566944381768856e+00 5.164515867188558040e+00 5.058477184933275694e+00 6.002008313360505554e+00 2.860863833156551905e+00 3.493303322642396402e+00 9.056356906644914828e-02 3.884585376313488769e+00 8.463277424979049890e-01
4.713102020627952804e+00 1.230997758002943865e+00 4.438566946399180146e+00 3.153945688494188992e+00 2.232075834501807687e+00 2.246916385785318937e+00 5.171364843537865852e+00 6.243037388403585020e+00 6.940558199695054942e-01 5.530719718508831484e+00 2.504411430001080019e-01 5.599017735000733076e+00 5.441983649408432377e+00 1.433968803048254470e+00 2.487824282473762416e+00 2.465722362852504457e+00
5.658509238186917756e+00 3.095318531879356794e+00 1.592890544475790371e+00 4.842707038127636032e+00 3.115711563427762787e+00 5.619034376232598937e+00 3.331798636673090286e+00 1.785319550526455856e+00 5.783249894776552047e+00 8.067652495660078138e-01 6.036448421660439045e+00 6.063441639999882504e+00 1.931646505033461247e+00 3.980805334531286377e+00 2.276436663371250724e-01 1.429698078399533667e+00
3.035897533121384217e+00 2.084738621412594917e+00 3.567741229074747000e+00 1.075705422274022410e-01 5.593734644271851408e+00 5.813934867651371796e+00 4.355929273467554208e-01 5.985622068710469534e+00 5.534703975572964119e+00 2.799747953623010766e+00 3.395041472267652516e+00 5.114609821960644176e+00 5.378720132778951779e+00 5.949410357255917603e-01 4.054783756381506343e+00 3.269170154660718364e+00
3.676691701036892468e+00 4.073792986643769432e+00 5.802855941657321104e-01 3.002554908365007713e-01 1.829947749911200017e+00 3.169336814973271466e+00 3.587737856588616214e+00 2.632221379042433806e+00 1.400760632619931778e-01 5.683234793700996379e-01 5.880589203420524491e+00 9.177566978300707445e-01 4.241278634262644509e+00 2.345828222817315734e+00 2.680630384531954125e+00 2.919710205083851484e+00
2.301259806407042197e-01 4.336355930496100797e+00 5.758669648533820684e+00 1.541317646414967157e+00 2.923507018514387656e+00 6.273350205259671242e+00 1.096513248322261935e+00 4.775468865908496952e+00 5.647661757206124733e+00 4.055090617218789717e+00 5.447866447066846973e+00 2.390525429892334852e+00 2.167351893603015167e+00 2.164723410154805183e+00 4.261317789736328798e+00 2.687869812190709418e+00
3.529545434862637610e+00 5.952483095605400898e+00 4.626716768441993533e-01 4.429788267516509670e+00 1.090508793838026236e+00 9.928453757604516206e-01 5.979301182347242616e+00 3.036547894139881354e+00 1.353912733230243914e-01 3.154949373661460221e+00 4.053291618856752265e+00 2.766219807205255510e+00 6.003854870625475293e+00 5.754995975788524731e+00 4.936647527929548751e+00 2.927232896628041203e+00
3.109508531901400641e+00 2.689847074297079921e+00 5.262354681344344698e+00 5.554087215263949773e+00 1.705161954884375719e+00 1.902028002839701859e+00 4.377512392074471848e+00 9.583234095402983765e-01 3.906847486327833519e+00 3.048044924374460507e+00 4.009716513631100376e+00 2.794517107301464076e+00 1.448898758314649093e+00 3.865829684985353509e+00 2.047148995853830478e+00 3.509329186686588109e+00
5.650295110657341802e+00 3.600548012553244526e+00 6.371341543428705734e-01 5.777902195036100252e+00 6.134355282983093183e+00 3.904683581399316594e+00 1.214402580628572537e+00 2.370318036236427339e+00 5.618118268502285240e+00 3.939298669180847590e+00 4.453426184136415777e+00 4.038392002791752589e+00 4.177782087053479643e+00 5.849525762308021903e+00 1.146491926236746783e+00 4.559716216210935258e+00
2.092654059769488484e+00 3.885209515966653981e+00 2.880809370840561989e+00 5.931757924692014905e-01 2.795095578696016769e+00 6.117495580720175852e+00 1.339521449962487232e+00 8.609458689923145114e-01 5.216489421767373180e+00 5.795037246472563019e+00 4.211562592975840680e+00 1.583901195111210969e+00 3.599119604156091778e+00 4.342758865615774511e+00 4.239004440514675842e+00 1.250604095776317592e+00
2.773519600894148507e+00 4.899016650871005574e+00 3.954854770861615521e+00 2.651181647461542390e+00 6.223976653581855256e-01 8.601554879662984820e-01 4.198232645671124530e+00 4.302403527353595436e-01 1.687494865020404911e+00 2.305626050003400263e+00 2.541705257072755408e+00 2.741219477241841673e+00 5.413870919628489986e+00 3.245174504646913149e+00 9.356374586393910731e-01 5.560434136463075383e+00
1.014429051230715473e+00 4.644012939349445368e+00 2.957923328668882745e-01 1.741697848999866238e+00 5.241951630268487428e+00 4.689678472354440686e+00 6.246451719945058656e+00 6.150108552756866409e+00 7.620296042456820018e-01 5.362604645158886019e-01 3.232779603112836408e+00 4.483799883834128863e+00 2.053169060332903140e+00 3.662054946701416736e+00 2.646733644489734694e+00 3.018731438243099863e+00
4.332680147278725968e+00 4.132877209475444680e+00 3.798971802512494111e-01 1.964807219987774189e+00 6.134524153116752920e+00 3.476130882437030944e+00 1.511750857376000123e+00 1.340788329046385563e+00 6.991412759676689515e-01 4.039081795737149982e-01 3.966311672641693598e+00 5.215219069786372064e-01 6.132945534794794762e-01 5.617475482464604930e+00 2.064883958241058082e+00 3.733037734250936435e+00
1.407076668081743254e+00 3.149490530738987992e+00 5.125811987508400946e+00 2.458626394509305868e+00 3.895700496898705456e+00 6.079065991359270171e+00 1.161141743335177834e+00 6.537129045402650940e-02 2.722607438201879226e+00 4.222713501263384295e+00 4.539638379927992129e-01 4.433323207072437100e+00 1.784412080032696246e-01 5.215557038974144355e+00 5.033434889272242252e+00 2.808066730803294053e+00
4.168295402619799361e+00 3.600703372259140611e+00 5.663660834010111778e+00 5.178222131982828103e-01 3.205986292451318498e+00 3.453888906168045114e+00 4.610379602622021733e-01 5.853652469648954693e+00 2.235666006223385960e+00 5.970616571894367119e+00 9.861985049837397321e-01 3.866902612321261312e+00 4.880768003968579016e+00 3.042162717596871513e+00 2.458940496072747450e+00 9.447083754813518919e-01
1.025001663238876537e+00 2.156543965822131259e+00 2.674010532290943321e+00 5.151501877089390113e+00 3.071312868774534355e+00 4.524922607143862407e+00 4.311496473037297328e+00 4.191233402580884615e+00 4.380092128167041743e+00 1.970289717929201226e-02 2.253305654029811311e+00 1.986593273476126464e+00 3.852683307397770096e-01 6.064597778220222501e+00 2.741976857601688522e+00 3.224359763874964813e+00
5.503912347026967744e+00 2.949047512342649835e+00 4.847011236796987532e+00 5.690080565803584456e+00 3.115248320011517968e+00 3.559849145124320269e-01 4.398695119369733675e+00 2.962036374192405397e+00 5.870693081496748178e+00 2.866462799869068157e+00 5.488116365508221683e+00 4.140524170043976326e+00 4.275350808995213470e+00 1.606989597444578033e+00 2.476447876420650562e+00 3.570989015572984204e+00
5.284781040810669239e+00 3.656304553940702640e+00 4.447288933151552826e+00 5.849076108087690962e+00 1.949565255103215433e+00 1.914984272252143960e+00 4.987671060303954462e+00 5.639070309135695069e+00 6.165427926491597432e+00 5.630211558223492396e-01 5.108893461524095514e+00 3.484049023235417764e+00 5.885377302185582415e+00 5.164699366151153104e-01 1.572288515483561078e+00 1.962323852610928121e+00
6.189755492119286551e-01 1.027139176660780251e+00 4.102811571515826650e+00 2.574813185854020858e+00 9.938703232375901697e-01 1.549708673932015113e-01 4.639301232247857953e+00 4.729838111933525546e+00 1.917219643178910415e-01 3.475279614802971651e+00 2.441302125339289697e-01 5.330634457452732455e+00 1.464043663034028553e+00 2.705801222406492013e+00 3.171153330035714202e+00 6.018511851580901961e+00
6.198927649626417846e+00 3.683423522316866983e+00 3.013049231018003482e+00 1.808268007662743981e+00 4.730514165522054171e+00 3.812053173643338955e+00 1.966158590543878537e+00 4.231127737925524102e+00 1.298450757304882908e+00 3.079180992268697459e+00 1.528254349781738852e-01 5.643257570239078369e+00 5.816486279979388385e+00 2.450356412754379348e-02 3.205228095051593673e+00 4.101589010270279001e-01
1.766953457664485055e-02 3.356486350909190453e+00 3.456008002728307993e+00 5.748813941430926278e+00 4.892530228407331983e+00 6.904174247844855339e-01 3.657488187414394076e+00 3.680494450662200823e+00 5.427170746525444400e+00 2.525636659911435711e+00 1.597173192402310482e+00 7.167145119868569836e-01 2.620031252680512068e+00 2.346596123088461550e+00 6.022256907212052646e+00 2.242915879631488973e+00
1.981886070333681804e+00 5.123263971679896667e-01 1.364691349767162443e+00 5.200163439004058752e+00 8.371616391342794339e-01 4.057948156210862578e+00 5.738040080093189665e-01 6.089195100476894496e+00 1.315018315767192636e+00 5.016499742157509267e+00 3.203867180168141093e+00 1.156927635253424347e+00 4.679979895414664526e+00 2.215742330749226330e+00 1.788632341649206925e+00 8.274233925048556371e-01
4.269426138502498524e+00 7.346327355860292618e-01 1.656134539289199292e+00 4.924314931527461248e+00 1.780592250414891442e+00 2.177122169069325874e+00 4.271285643592082515e+00 2.375090224008334694e+00 4.694954375299911220e+00 2.076123964519073439e+00 1.423165011353726417e+00 4.344387379512832048e+00 5.025395970838384407e+00 4.858817316462776148e+00 4.734316592214657504e+00 5.302002227312098803e+00
2.051680716121641268e+00 2.341539899108073364e+00 4.333257468807468094e+00 2.528513776152168102e+00 1.507136672544584055e+00 7.754002360196237120e-01 1.749140104584981925e+00 2.674951722325215719e+00 6.055524048855549069e+00 7.225705916671822104e-02 3.584680770495030089e+00 5.550585901107107922e-01 2.166661915784820813e+00 1.619633930032734259e+00 2.448748318914408806e+00 4.593683791179188347e+00
5.975248035545013714e+00 2.158950633800576835e+00 8.510168592100162410e-01 3.586337881249817894e+00 2.723501122296036137e+00 5.002197155601584733e+00 5.782130612977952389e+00 4.695145195108906044e+00 1.535527604353116082e+00 3.231335778732594477e+00 4.759789984668439722e+00 2.782369578407795085e+00 5.701070621533503413e+00 3.817389202099139123e+00 1.491618098711021689e+00 1.031165776932336353e+00
7.370371778955568942e-01 4.891320587607769887e+00 3.302213792799166825e+00 3.731138815694685640e-01 1.084824346473404866e+00 1.707285597168991087e+00 3.405027999830059215e+00 2.628690422952555839e+00 5.711400289724683610e+00 5.277691166334018469e+00 3.119434634874844736e-01 2.587927133743265884e+00 5.340194090228700396e+00 8.257615224033370005e-01 2.244258570907556649e+00 6.477303294159758584e-01
5.542269476336322498e+00 1.834199991293807175e+00 2.248411489590719459e+00 3.647210811824394217e+00 7.402574498848675244e-01 3.765216976217401257e+00 6.096711163003780243e+00 1.574704775461976514e+00 1.446162359817453780e+00 8.152388164006236781e-01 9.016374133482115694e-01 1.126147080610087059e+00 8.921593998036455586e-01 1.631570083889150480e+00 2.889525759308346764e+00 1.290045405053095173e+00
1.140425571399924731e+00 4.311919988947918725e+00 2.988328596682134908e+00 3.637869021464176233e-01 3.197031974995948822e+00 3.422017307984486667e+00 4.911125690046828751e+00 4.660863744659446417e-02 1.225564114696826579e+00 2.389689599024684696e+00 1.481922604133858679e+00 4.346396787341027412e+00 2.312531066666793755e+00 5.776621229074565989e+00 1.091337224582639598e+00 3.982636362402446562e+00
