1.834515412879219598e+00 3.840967871044159487e+00 1.128847616075188132e+00 9.286221190492438549e-01 6.245725604555838473e+00 3.427727558383323103e+00 2.520701290583265308e+00 6.157118440589466779e+00 3.139292017208054286e+00 1.129265995372830567e+00 5.415216812277602543e+00 2.813427413423346124e+00 2.568809222292865790e+00 3.457731637010790671e+00 5.021182322510937546e+00 6.089562641603074589e+00
1.721618148732704912e+00 1.207767778135200976e+00 4.074262579487363034e+00 2.496666912804084593e+00 5.353709238967652162e+00 5.327814583228543954e-01 3.935635265320803100e+00 3.109038102390053737e+00 8.036876123843668396e-02 3.897645990134602556e+00 1.354302317001873313e+00 3.321377670901247692e-01 5.741831634674482210e+00 3.733643001266965022e+00 5.197052270533667695e+00 5.041359903931289521e-01
2.321816254510529198e+00 5.510454117561553566e+00 1.716563028636187038e+00 5.242312053602224964e+00 2.663950168194161527e+00 4.888684164515560759e+00 4.250169727863885250e+00 5.180763270781370444e+00 5.789259486721716641e+00 2.922258874016429697e+00 6.175960111347547965e+00 9.677655591777345467e-01 1.660710058056696692e+00 3.744492097707665668e+00 6.233108429318403587e+00 2.198143764377233911e+00
3.016544327814283832e+00 3.746853266535068450e+00 1.700403551786092482e+00 1.648625348197693685e-01 2.744992095620693018e+00 3.564706010846764528e+00 5.987472152790388469e-01 3.258695815060220990e+00 3.359710340592877431e-01 1.817417063165119417e+00 3.954983056848361933e+00 5.628285075263995019e+00 1.668806336279663016e+00 1.655400158849390513e+00 4.298976656165500287e+00 5.937780599629958189e+00
1.250005494308659815e+00 4.107836614820151055e+00 2.023217351803276554e+00 3.417100241768677549e+00 4.095989167895475624e+00 5.737632791495150819e+00 1.875082240287591073e+00 1.932704248359991273e-02 1.980106495726726257e+00 3.432210161777901614e-01 2.350306094270567581e+00 2.479183840698754526e+00 4.778155400757883697e+00 5.412929912371426511e+00 5.848459566690364042e+00 6.467407576148888060e-01
2.375599183897243449e+00 3.543807891208607952e-01 3.310867895724351140e+00 5.285407175388150414e+00 3.434456213785429757e+00 5.437378907829879537e+00 4.643497421840660500e-01 3.645490918327452867e+00 4.993310830033840908e+00 4.706761518508244535e+00 3.814285912226533792e+00 5.747989106559010075e+00 5.999106556310366045e+00 1.502028662868873043e+00 5.544510183458203123e+00 4.290118569264999238e+00
2.441888037893322316e+00 4.596208310817531562e+00 1.822338323485707123e+00 1.456568664103283783e+00 3.678982598279712857e+00 3.117993967220350715e+00 4.299826146753338740e+00 4.922387915197280250e+00 6.151075545766179431e+00 9.596989995464629830e-01 3.956529006699730733e+00 8.494359871547533247e-01 4.895367998028371304e+00 6.139832122088710875e+00 1.826515859359944205e+00 2.086770376129065685e+00
5.684847916288836345e+00 4.525959545441805787e+00 5.983737100844791712e+00 4.654821929399274083e+00 5.022175312230058530e+00 5.835183278320075217e+00 5.166089298246614447e+00 1.487801213029581016e+00 5.467390877812349004e+00 2.461510865914529500e+00 3.689768493481112355e+00 1.965188039986701440e+00 3.647824600469965262e+00 1.776979295445889617e-01 3.501162807598637183e+00 7.936657812476607399e-01
4.004088637098152326e+00 8.703362469082904784e-01 5.808726669663658804e+00 1.287250203752613231e+00 3.889222835009595869e+00 6.969856550237079063e-01 1.894092630767454155e+00 2.042954265005814118e+00 4.149960408980536641e+00 5.931337914383210119e+00 1.319819490503986392e+00 5.259774650519053463e-01 5.095729780033283474e-01 3.519367707219011043e-01 5.394430745460834231e+00 4.274039538639452296e+00
1.053025853602550965e+00 3.606659693574677750e+00 2.813811025921443498e+00 3.079764109561543783e+00 5.199270230882108379e+00 4.387306920078764882e+00 2.843539360705339414e-01 3.080262452991616939e+00 4.004096463932758532e+00 3.062320726215433275e+00 1.831759936442808545e+00 6.406679188686443815e-01 9.383439696298645494e-01 5.941082104095712246e+00 1.432798128804712467e+00 2.446951125051908260e+00
5.250650904549832632e+00 2.318749803224775086e+00 2.216344634276122827e-01 1.659609871195018987e-02 1.119188515798192479e-01 1.344177428023383358e+00 2.684872935290505414e+00 5.066549695368260053e+00 5.164997347434788999e+00 5.842227760129786951e+00 1.464358492580417836e+00 2.383649268274227406e+00 2.974804380843653617e-01 1.233663154967841846e+00 3.441821615718087396e-02 3.766608553581220598e+00
3.463265134451477545e-01 5.443086948456724583e-01 4.789603659970313565e+00 5.387093208136778166e+00 5.848452337566787840e+00 6.262745751613698175e+00 4.286528318422188732e+00 5.738434975820283945e+00 1.994158019900571066e+00 5.221387411529585520e+00 3.145728984521273475e+00 1.202606700732821610e+00 7.028310462392006741e-01 5.101626254589717746e+00 5.474001282707281923e+00 2.146920126295193132e+00
6.019533386046324708e+00 2.304170247662489235e+00 1.369777947907786286e+00 9.663839335053402424e-01 5.467083268491156112e+00 3.889684603684903763e+00 3.257474228837134778e+00 2.680543922021932257e+00 4.450451518301725251e+00 2.167210145113731112e+00 2.578777177135580523e+00 1.152851262795983267e+00 4.380965469975501847e+00 8.404170910330320821e-01 6.229767232305809976e+00 2.404130241396221557e+00
3.676459647381919105e+00 3.998021753958478808e+00 5.504135155496364673e-01 1.573647413238036252e+00 4.126758353912314270e+00 2.806129582893968077e-01 2.157039680821988714e+00 6.199141244864117439e+00 4.909494420675525994e+00 1.235685590764398656e+00 3.129830935316928020e+00 3.515133111297533031e+00 2.330583889408503584e+00 1.926288632845779336e+00 4.578964761284123774e+00 5.816188904937472870e+00
4.124737124207094041e+00 3.026929489505773674e+00 5.614870945382179457e+00 1.907260371847109282e+00 3.398809025391846372e+00 4.049194186998830602e+00 3.070707156815022376e-02 4.341513280135202990e+00 2.872446717987469533e+00 3.413478699117420412e+00 3.502719783537947773e+00 5.816718237978576234e+00 9.302772233536922286e-01 2.063595534791472286e+00 2.098238537777897150e+00 3.381263057579720233e+00
5.320706704970485923e-01 3.801661708761248648e-01 4.222609865674334273e+00 1.678922188608143573e+00 6.025112433039768511e+00 2.284983207939616179e+00 4.804211683540753342e+00 5.973294397731973682e+00 1.633584293434893642e+00 4.076887016433191846e+00 4.554151705706728670e+00 2.783751234428025967e+00 1.528653370855602711e-01 2.547205960531262470e+00 5.161535596610243637e+00 1.732495527554086090e+00
5.698433275003787379e+00 3.381808868423437975e+00 2.828845126723079639e-01 5.776894548870153301e+00 5.928403208553772785e+00 1.630369583182970983e+00 1.248312179701152269e+00 5.163511829856460622e+00 4.288144844713473347e+00 1.133538617283124106e+00 2.653626257193920424e+00 2.505877406623239434e+00 3.898815472143604577e+00 3.023700245638459627e+00 2.947401796206384983e+00 5.866113804981571533e+00
2.479133298653497075e+00 4.268366588465031697e+00 3.769138888982357827e+00 5.032917685426220311e-01 1.028284107150530424e+00 3.403545699606739916e+00 3.841790137225871593e+00 2.133621313187596957e+00 4.959434948328114601e+00 3.246027414918922105e+00 3.893408008121912456e+00 4.842455400836486845e+00 3.712492456206966107e+00 3.357320021642168140e+00 3.263578544798482195e+00 7.268977376611093777e-02
3.016279030810416817e+00 3.135202152103626183e+00 4.860897310801029825e+00 4.806417342004807303e+00 6.131236876951223991e+00 2.550161274602509742e+00 4.383703457610687693e+00 9.469209436963497151e-01 2.288881052284652995e+00 4.666930792007855544e+00 5.876999639784518337e+00 4.831106999718542405e-01 3.029669024026676372e+00 2.208104297796520399e+00 6.110302895298835857e+00 2.204068966058027712e+00
2.848647130499798230e+00 1.497538174433078906e+00 5.392782512232530134e-01 3.277079736083887695e+00 4.106099231662557081e+00 2.242856342329640373e+00 4.971709299719926811e+00 2.093365618165440534e+00 8.354525092121669605e-01 8.208434087117976174e-01 3.181422014233125317e+00 6.110157474494403829e+00 3.710123661933707684e+00 1.866641867680839839e+00 2.874518886516171712e+00 2.809792313719009726e+00
6.041069745571058247e-01 2.228759046625185258e-01 4.761608223797699324e+00 5.741916948682794342e+00 3.149944780284750223e+00 2.262279535237889494e+00 4.828621272975730072e+00 5.011582052429562673e+00 6.232782850521378926e-01 4.291731446887124157e+00 3.920086142372298799e+00 1.909791085703790081e+00 9.547411712377206205e-01 3.264617526830261518e+00 2.381915346916107373e-02 2.054560184074676055e-01
1.415017113220187417e+00 2.556381956931070398e+00 5.408311687841457882e+00 3.465267064725969348e+00 7.809995188252388809e-01 3.144025700802886014e+00 3.900946506703001582e+00 6.265624650572554799e+00 1.771911332327242405e+00 2.334766301498119923e+00 5.388386251042127206e+00 5.288274400763357974e+00 1.548742485328886476e+00 6.036604585862004768e+00 2.258110442932050432e+00 4.939571792508476999e-01
2.639161027496220946e+00 1.834814806433776146e+00 3.125687042024158480e+00 4.145720989036697723e+00 1.889418849795540201e+00 2.712120776267871403e+00 5.051730838524219891e+00 6.173543041698213329e+00 3.793394372061970721e+00 6.181970520812829939e+00 1.462142378484010186e+00 1.504674547923511074e+00 8.502422006179555236e-01 5.762476998919031423e+00 4.279541797183862961e+00 5.216253033956679275e+00
2.845738631765326154e+00 6.055883153053229329e+00 6.889164892375387872e-01 5.954209043635205312e+00 3.285520959648332351e+00 5.434121559593196871e+00 1.535145058296301546e+00 5.865630491740498442e+00 4.211658874996714985e+00 2.707648274860771309e+00 3.642531824460777834e+00 4.356807327592887802e+00 2.117005067249851269e+00 1.866063366290017456e+00 6.089801673471148646e+00 4.704061086974385297e+00
7.046997665905084807e-01 1.479756571484737826e+00 1.267468270988757695e+00 1.436920562207681717e+00 5.907466926795049034e+00 5.921496627591254835e+00 8.458342903156778059e-01 1.146814870787092426e-02 3.891449125737073800e+00 2.068475710310094140e+00 4.588935435096005655e+00 1.945165028677242391e+00 4.900998608330986883e+00 1.849250753872045294e+00 2.550963841595641934e+00 5.359475109555865480e+00
3.676426660828441495e+00 5.574085364028900536e+00 2.959927699258956935e+00 2.929406426019960819e+00 5.879527751357087162e+00 1.667032746402074217e+00 3.669861545443073858e+00 2.794119696403142061e+00 5.128571377104370610e-01 2.995030506522164515e+00 2.942243860431931757e-01 3.655750070066688950e-01 4.692373553647484208e+00 4.494838748108132442e+00 4.486163734246154888e+00 2.153611483009303385e+00
4.375339047177061680e+00 1.763013034884953756e+00 6.010567944672317253e+00 5.030447671461649506e+00 1.881349059910033539e+00 5.619923109207983769e-01 4.258280134581971410e+00 5.296156917820734833e+00 1.248283302001216843e-01 1.737481640859879883e+00 4.725985746086991846e+00 5.512371666989231977e-01 8.812644935992501871e-01 1.073337477265485562e+00 2.092996458692645056e+00 9.883392149429007789e-01
3.280467795390474617e+00 9.660029498998017328e-01 4.934757192870358189e+00 4.217320167235869555e+00 4.213347636415772257e+00 3.396242803116181763e-01 3.625202434330996759e+00 2.109958000043870019e-01 1.217396269787444529e+00 1.732246204861537242e-01 1.671006680457816751e+00 3.771876635187095150e+00 2.822611593854256640e+00 5.973968587771177674e+00 6.249265175388365456e+00 2.646681843207733031e+00
4.039668473716245600e+00 6.034082986252331970e+00 2.569788571817017697e+00 1.158776947494015053e+00 5.097406540856014523e+00 4.884296503345157525e+00 3.921779606610391156e+00 3.471337210616635360e+00 2.830957040950220716e+00 1.394253561247007944e+00 1.258281583074108423e-01 1.220672701978047892e+00 1.272127693258176713e-02 3.312056178965875120e+00 4.513890039284293110e+00 9.536948761907382277e-01
4.614173253885011650e-01 9.036153962644414284e-01 5.229645606757400422e+00 1.189478711583530135e+00 2.657202723079132411e+00 1.989793131745162702e+00 5.392754177021696016e+00 6.781572884573731919e-02 3.205804337928160219e+00 3.800093406389884798e+00 6.479338925452230447e-01 4.115417505365929429e+00 5.725281578668213633e+00 2.172035886387770010e+00 1.983867768470759518e+00 5.091709377330416730e-01
4.588522313704480382e+00 1.219632795502910927e+00 2.690461790483881899e+00 1.749087489317603161e+00 1.568161258604659380e+00 2.418803947402093257e+00 6.703410768060737990e-01 6.186366380518508734e+00 2.449977418668689122e+00 4.354427105691207611e-01 3.891963903983573836e+00 4.637166297076772636e+00 2.313859780248975540e+00 3.121094038480704214e+00 4.671157235945102570e+00 1.082413011617213039e+00
2.862760842701141950e+00 3.528300959633581257e+00 4.073623581962150020e+00 5.625043422730813703e+00 2.496423166281048101e+00 3.829609323493563977e+00 6.034940107070810633e+00 6.801245659837666935e-01 3.776060980555633328e-01 1.392268330670838328e+00 3.077315193590266063e+00 2.689090697360823956e+00 4.640268895670293325e+00 5.999527595076854958e+00 9.635368738943225209e-01 1.696961390042770468e+00
