2.121002266608212228e+00 2.542891529315818744e+00 1.751231553044027001e+00 3.641281072129632923e-01 1.263928070377750013e+00 5.711203453139644282e+00 5.366068291729117590e+00 6.257604723523663814e+00 4.315702729883008182e+00 4.084415693435754058e+00 4.974263353762270690e+00 1.635629299600438902e+00 5.744440589189745872e+00 4.773811322615287622e+00 3.066559005941519533e+00 9.228233265242630212e-01
1.512506708633690300e+00 5.867531721932298439e+00 6.126693026877153336e+00 3.225388983182424951e+00 5.925253216647138998e+00 4.406737536158733093e+00 1.682412073847142642e+00 2.252395661853892062e+00 1.389751794412961150e-01 5.546922160327585338e-01 5.762614330862500189e+00 9.248053945073007043e-01 4.181245687174222070e+00 5.830929996429161655e+00 4.151184084853012379e-01 4.446846961625592343e+00
1.164717731716307325e+00 1.669116960224040325e+00 2.533870355374562511e+00 2.092151542254009122e+00 5.153005369478871778e+00 6.082732850644855915e+00 3.910605222992315610e+00 6.278222498975939703e-02 6.076716107001631784e+00 5.289748222496974073e+00 2.736708940990639216e-01 1.291587924214616656e+00 6.182463394815709279e+00 1.913695494614690018e-01 4.185487644852727840e+00 4.068852843971823674e+00
2.047445148962088624e+00 1.639681295858510079e+00 3.551119640022458501e+00 3.057217682194047548e+00 5.600676573498396316e+00 2.380138666420084537e+00 8.388884355086935196e-01 1.541603615545014128e+00 1.326861378771665156e-01 5.750932350567280693e+00 3.910809956168962653e+00 1.865180923562942850e+00 6.224470379661289243e+00 3.263440993282337832e+00 2.726322453524579359e+00 8.119093595098813010e-01
1.721768210465549176e+00 5.138365557451247234e+00 5.907405164526053909e+00 2.856198761598012226e+00 1.716035115821246126e+00 6.260504099200741024e+00 5.263223055413615015e+00 3.466202712792845197e+00 3.149814678934427015e+00 2.951548993558436251e+00 1.319630841969572366e+00 1.181453970332494885e+00 3.143641471246977570e+00 3.889402357508997543e+00 9.686515801485015564e-02 3.578889723048133575e+00
4.101325723451827443e+00 3.005199514110286074e+00 7.240569575452571183e-01 4.212485910579663262e+00 5.587909699419860488e+00 2.289148942944775555e+00 5.945262798430457352e+00 2.650034657691629825e+00 4.902012610443861718e+00 9.956473186414077636e-02 2.810944128065532954e+00 3.648536570756824027e+00 6.250746175610945699e+00 1.210869508245132842e+00 3.738748714390619288e+00 5.410083853353999217e+00
1.660224306484626045e+00 1.385256838118100298e+00 9.375719880582723542e-01 2.781764990104444113e+00 2.480504591340457310e+00 7.775427119646874941e-01 4.189932456144092043e-01 2.501254751350873828e+00 4.462355569592075355e+00 6.000370259143071872e-01 2.407892170475161464e+00 1.385704076373724669e-01 5.117396499444200053e-01 3.676577537266731532e+00 5.210952703020282684e+00 4.784992660027171496e+00
1.931759404337532127e+00 6.262942857490739534e+00 1.950680926189504394e+00 4.396807052221166856e+00 5.290990055921419355e+00 9.966366131776838166e-01 1.839155876175309512e+00 7.970659986394996732e-01 5.907121885524990734e-01 3.171001338235681644e+00 3.064340982968102534e+00 1.991132127342547076e+00 5.811670469540587192e+00 3.934249460739030813e+00 5.685508226328852110e+00 4.151786128092020078e+00
1.721889718389793877e+00 1.681444204028744241e-02 3.858495270310868808e+00 4.515913788129309658e+00 1.638902326541073595e+00 1.841072221183743807e+00 2.447884783131716091e+00 3.971580094136506922e+00 3.341400553216711256e+00 5.792287101825670526e-01 1.410970933089499058e+00 1.249899365465965625e-02 6.123023860432551535e-01 1.398053037311291824e+00 3.014654846914087916e+00 1.105872650495022480e+00
4.735963630248782863e-01 5.534167082907869073e+00 2.002838388630187705e+00 5.307191546409585570e+00 5.375752552525636219e+00 2.363107250437740170e+00 1.714355843437151083e+00 4.732880902475140594e+00 4.612293323739106832e+00 4.196354436835648127e-01 5.592120116804735197e+00 6.031329147204052887e+00 8.837495714349267173e-01 1.707874523624693497e+00 4.446920335946081160e+00 4.570531355418655295e+00
1.173378499450486556e+00 2.621955954276448342e+00 1.937879930623312319e+00 5.875828883524944479e-02 5.078817801787865349e+00 4.546153815439897272e-01 5.687290467920453896e-01 2.589625572419083088e+00 9.669968346462035624e-01 4.861195693339153134e-01 1.903160115250825513e+00 1.126222292845494577e+00 1.018622931071802018e+00 3.540344829069132171e+00 3.376542342298551880e+00 1.001314749515522573e+00
5.243328111087084409e+00 3.215598712474037058e+00 6.823408045168928293e-01 1.024090335078945424e+00 3.557814573965381921e+00 3.523762491214921244e+00 3.950855823782042364e+00 4.345367727040065020e+00 4.053909299549359524e+00 1.887504703498030345e+00 2.719525794296434817e+00 5.105727808597705142e+00 4.667077355874271305e+00 8.428942937861925166e-01 1.746575146626701214e+00 6.173357709998432696e+00
2.839776129660169790e+00 2.068172194662083740e-01 2.169413790492502159e+00 4.972269476882687833e+00 1.961925355427664330e+00 5.869398720143061965e+00 1.744409876557192485e+00 3.258431985886345306e+00 1.495479401935163821e+00 6.217749901583531358e-01 2.928569664614193435e+00 3.224383180406007021e+00 4.736892912076499762e+00 5.152559793366306984e+00 3.711283888008357845e+00 3.159926923869117665e+00
1.792155780697236578e+00 5.490755105588819518e+00 2.495860711248722996e+00 4.359558954868000491e+00 5.829484685385743603e+00 5.237228271473458818e+00 6.232398875543338157e+00 1.968963330474284623e+00 4.006106317631626723e+00 4.943227154972659854e+00 2.952103304889966751e+00 1.401205416736847065e+00 3.120860036980678487e+00 4.225269385418579660e+00 5.281596948284190240e+00 5.108544850505467139e+00
4.125082521524548795e+00 4.509478486209228087e+00 5.559811792768402761e+00 6.229745572982706037e+00 7.038816932464295184e-02 3.068518891940678728e+00 2.322979871968569032e+00 3.592261513086423275e+00 2.935911761317159918e+00 3.568546976221129263e+00 5.388649338372429654e+00 4.488217051800081236e+00 2.073959593438599924e+00 4.532640511418569718e-01 1.235423177459481936e+00 1.520268921609032375e+00
7.227185749815763227e-01 4.993273094517213018e+00 4.576666287889313622e+00 6.127740625031751875e+00 2.014050414841133119e+00 5.309974172752675692e+00 1.996949444938065810e+00 1.800836323814314799e+00 3.906617045703507873e+00 3.898618600680130886e+00 1.976366777618981052e+00 5.089229413158914639e+00 4.407073524945105625e+00 3.497459327488662062e+00 5.065691789096562481e+00 5.317393298760386244e+00
3.870118152470783723e+00 1.961960091127929573e+00 5.527279929374127043e-01 6.032124391119196183e+00 3.230845293915390215e+00 3.995523236487826590e+00 2.517206801862315602e-01 5.988922068074889360e+00 2.480998984882353930e+00 4.936277647594765838e+00 8.697383838163270653e-01 2.366202627037372608e+00 3.741528109377808775e+00 5.908486445352179040e+00 1.701359132631017124e+00 3.755831797429039387e+00
1.050818250984097757e+00 2.971111218221950789e+00 4.727695319507437155e+00 6.186880403797812455e+00 4.241118125279560225e+00 4.845334374161154756e+00 4.772677692643462422e+00 8.145292096313440366e-02 5.681125746344332761e+00 4.112610678209734083e-02 4.883965317889896518e+00 4.214775358379839076e+00 3.510394589386424347e+00 3.347309968850684658e+00 1.506638838066252983e+00 3.715808301741718722e+00
3.786293815964703491e+00 1.148411888828436256e+00 5.012590309443979208e+00 1.886254958826247385e+00 2.270728623710019711e+00 1.280715940943607523e+00 5.358977407787490321e+00 6.233383999663706376e+00 5.612178625533251974e+00 6.123395007679209634e+00 3.935692202061173983e+00 1.534081108064515364e+00 1.391663426157701000e+00 3.349590635337550970e-01 3.000863088552272906e+00 2.470816815321586812e+00
2.804479793407906651e+00 1.877852928109181807e+00 4.852043838176708590e+00 3.700948460746682045e+00 1.179708910518401765e+00 9.323562373313761809e-01 3.135774517163497421e+00 2.846190967154061724e+00 1.280747345643975077e+00 5.957447499691272519e+00 9.982177935706543215e-01 3.619649916465705441e+00 8.015243393224253943e-01 5.209564655153575252e+00 7.814268960148809118e-01 5.250070848280406821e+00
8.152433793102547011e-01 3.512149811992438586e+00 3.374318885528496459e+00 1.287134285108887388e+00 2.791108183259524367e+00 2.463216048846574857e+00 2.773393896823495464e+00 5.028217439158248148e+00 8.920387354865277896e-01 9.614243511772357920e-01 1.608287398831430126e+00 2.071480547251557613e+00 6.024896083203032937e+00 6.590066509230901870e-01 5.616973412793681286e-02 3.797863710375198210e+00
2.491348431379831752e+00 1.905504806768268056e+00 4.851475251889932672e+00 5.463454155894964970e+00 3.690644202249330208e-01 3.877229072973373381e+00 3.647861117326150371e+00 6.223131515168152994e+00 2.902415705628039966e+00 2.599897726989562674e+00 2.628752951495558765e+00 3.675886629423613439e+00 1.883231685528508337e-01 5.765793933390265913e+00 1.705597164466799542e+00 5.129097687159515750e+00
3.414902302825055802e+00 2.058030945073708207e+00 4.050981239439438220e+00 2.940081354515196921e+00 3.144811881266292186e+00 4.387876713554356378e+00 6.051110774411366577e+00 3.693246265566427322e+00 5.334054610531986818e+00 2.646145382915321864e+00 3.291447715231644366e+00 4.615733720696809428e+00 6.676999435948705042e-01 4.936291771063707756e+00 5.996544742369034786e+00 3.227349203237920072e+00
4.629819950739086920e+00 5.733869222379172292e+00 1.033078130446134280e+00 4.081513204572515541e+00 9.737365890972414784e-01 1.330475755516662195e+00 1.153584036441739763e-01 5.950764343112075139e+00 1.284005136815673520e+00 3.917053806358088419e+00 1.056948069016445668e+00 1.484879033562565898e+00 3.258474504891885060e-01 1.412949067200541142e+00 3.103717321056601364e+00 5.451372989666884550e+00
1.449956947283206565e+00 4.890031429514826833e+00 4.432334287196211697e+00 1.288085298538599099e+00 7.108387775456377344e-01 4.233291310374228011e+00 6.271696403229333860e+00 4.174695844855745186e+00 3.240931260015825988e+00 3.721677381833646159e+00 3.488321332203732084e+00 4.579020613049753941e+00 3.082854192366659252e+00 7.098433186330271871e-01 5.990020960317594678e+00 5.768527352281676457e+00
1.673580856390725513e+00 3.394411641261604107e+00 5.283562556425039247e+00 4.734533592783156664e+00 4.340076063080902102e+00 1.414404051348994829e+00 1.575679522875791383e+00 3.543717209114161104e-01 6.095152170690412707e-02 4.103880123096246835e-01 2.203872773006503305e+00 5.952209244780677366e+00 2.694881074939869059e+00 6.064988094805179308e+00 4.324566276141919019e+00 1.198295149171431234e-01
5.001982830806564806e+00 2.039376390774014780e+00 1.319719306103585454e+00 2.103524469041263778e+00 3.990598197769299027e+00 3.765657846568659206e+00 1.055194580632313750e+00 4.522049877628931402e-01 6.029287216648227421e+00 2.699178176336378687e+00 4.572160516554671261e+00 1.185812448340763048e+00 5.894554081534917778e+00 6.251356792539283225e-01 4.575008217482904982e+00 2.098039350816596649e+00
3.018077270699537351e+00 3.644524735127490978e+00 3.596177763739297539e+00 5.815200904628535783e-01 1.638113229396094050e+00 4.183649426128352111e+00 5.601297826384477041e+00 3.322174956499852172e+00 5.154496160303856378e+00 1.374302803999402522e+00 4.320589832918406259e+00 6.225505774605760045e+00 4.623591544159868505e+00 1.327816149437747173e+00 1.495718557727926667e-01 1.195441530999015178e+00
6.110628411322205800e+00 4.078672505495150702e+00 3.486216499490534471e+00 1.358450651457819180e+00 6.081036576059346555e-01 3.868699294424034818e+00 4.459427429848970448e+00 5.424447772665334178e+00 8.914113613589573770e-01 4.485896753321730657e+00 2.067835655389415273e+00 4.025972211685165725e+00 5.447201754822025066e+00 6.039327568138752156e+00 6.274024725265410218e+00 2.767616494037337560e+00
9.253835966190017137e-01 3.461727378688125079e+00 2.038565706032555158e-01 3.511055913027960163e+00 2.930299964806372337e+00 2.818913340555291303e-01 2.352672146977128786e+00 6.265263734505793991e+00 3.155811152563718469e+00 5.899055393286200655e+00 4.494255225295673561e+00 9.569336550704649058e-02 2.488176154940869633e+00 3.179782141320007249e-01 4.235160615547872709e+00 2.666310637015068874e+00
1.247017587703502572e+00 1.454646331986426233e+00 5.560212798488570307e+00 4.942483342696035287e+00 5.734893967056645891e+00 5.204437660890563144e+00 9.635926144524289416e-01 7.947062795492946252e-01 3.336024089664627379e+00 3.228332796460630094e-01 3.116337983754033480e+00 1.289792999243416061e+00 3.614177672824733012e+00 2.976602984921919437e-01 5.828540410027873264e+00 3.066544325146017602e+00
5.911688707762690065e+00 7.109707327383308906e-01 4.562897703371855407e+00 2.312489435380900460e+00 2.624796398442974521e+00 6.224426673990484993e+00 2.886801300939957349e-01 3.844813168667713832e+00 3.600780514052341008e+00 6.089944439415260646e+00 4.559930948844878706e+00 7.440330994339080517e-01 4.812142773435963861e+00 1.544018750823312525e+00 5.783245592264274038e+00 1.273612931364084266e+00
