4.215925612202821249e+00 1.814797021037700464e+00 1.353194119921654837e+00 5.091476654449088590e-01 4.536553786820812562e+00 9.545300940824498204e-01 5.255013943552054201e+00 1.963568620594879688e+00 2.749236086612593333e+00 2.546347750555308931e+00 3.127178272606474962e+00 1.398263215906612456e-01 2.561874901074059352e+00 9.402659332339257103e-01 3.130712625885290645e+00 6.363182054159685075e-01 5.946609069881413356e-01 4.342256611553132473e+00 3.477678952938483281e+00 4.097263730963012662e+00
4.393676266361116411e+00 1.227852917783735176e+00 1.923213319372967689e+00 2.825398650127656452e+00 4.317505227804919188e-01 2.860519477143552258e+00 1.980836741755795494e+00 1.298285296995653315e+00 1.284798872643322820e+00 3.889275639953208685e+00 1.796995488672520694e-02 2.621661118256097378e+00 2.122396811024600094e+00 6.235269196245388557e+00 3.284925922979090362e+00 2.862870196336189110e+00 5.873935189632609521e+00 5.592987312888147322e+00 3.083394940313011201e-01 1.765092372729513359e+00
1.769575988165288383e+00 5.410854597447710468e+00 5.932566685533948281e+00 4.481168803232884912e+00 4.044555083480878110e+00 1.569146462417331689e+00 4.921466209596617181e-01 1.472781305372487193e+00 1.603391494867701272e+00 1.781843815288650212e+00 2.346578243214925585e+00 5.736566644872015175e+00 3.010484453482917822e+00 4.702513905160855323e+00 1.161677810364984520e+00 5.127881791847356929e+00 5.061723743962265765e+00 4.804368131941594733e+00 1.046127859605876065e+00 5.453151770948207577e+00
4.056964707315529495e+00 2.958958500527172131e+00 4.420488300314497465e+00 3.746307320988669254e+00 4.181790914030687034e+00 4.553216065876563690e+00 5.180799605518761730e+00 2.884529619404340384e+00 2.121080276639012219e+00 1.816409325441704192e+00 1.420107665925167240e+00 5.129429715621980357e+00 3.087676218140144702e+00 4.973875974994678373e+00 4.747621428265911270e+00 4.298005794497897547e+00 2.795595794863201977e+00 2.154399849428651204e-01 2.533229568441297541e+00 2.123746512800444020e+00
5.865917704057639348e+00 1.925028624757357365e+00 2.240802806140530734e+00 8.509578673908630986e-01 5.210992232049989958e+00 5.981040455159141622e+00 5.171444938895401577e+00 1.580697993346420194e-01 1.981094797635799765e+00 4.314890939562169514e+00 5.286632143967213260e+00 5.510473358430553859e+00 4.914941210353139134e+00 6.264286985487554027e+00 2.112987450522387789e+00 6.799530753352891477e-01 8.809494412630103355e-01 2.682237771213095812e+00 2.778527882208286393e+00 5.458164961317260477e+00
2.486227047874701057e+00 3.824475973408052898e+00 3.430309249400845584e+00 2.016442855447039495e+00 5.749342668493086173e+00 3.883887808630333893e+00 7.463239862906734245e-01 4.454364595359281864e+00 3.599555996002081315e+00 4.582538753379603591e+00 2.357900994394424465e+00 3.146373719817038950e+00 7.307425578105585240e-01 2.442398416261965188e+00 7.570584133012084882e-01 3.357567254374917542e+00 1.994234703468308889e-01 4.149497884827880512e+00 5.287576798384471921e+00 4.998269890652386194e-02
1.567603131087646151e+00 3.122059989750603837e+00 1.608676292583075540e+00 5.575116825674075294e+00 1.124649361007849846e+00 5.649929876280779695e+00 6.657213042220827548e-01 3.581828891596894326e-01 4.980637762843071137e+00 1.879424729066371924e+00 5.971533361318065225e+00 3.828550236990055922e+00 2.438013303222709371e+00 3.638559742772022432e+00 3.329285384595584318e+00 1.257247019399122312e+00 1.818911363582706553e+00 2.806316684316908727e+00 1.361094329625973209e+00 2.467160412557008353e+00
3.537026926221029793e-02 2.075240716405965191e+00 2.681862766295863398e+00 2.988403095592208736e+00 1.254421304140264315e+00 2.527985081813425072e+00 4.674573238950905818e+00 1.968651347430833143e+00 1.791366326309043133e+00 5.710692401613568503e-01 4.942619403127392452e+00 3.617505255378924200e+00 1.950205072899875713e-01 3.583284440699295637e+00 3.700582781369621266e+00 1.335394516539223142e+00 2.763597525889079254e+00 2.192298521631109942e+00 4.070575510683296372e+00 5.052277311720582809e+00
6.024767323968349686e+00 2.002867176389781623e+00 2.595682791475868445e+00 1.049394521546235026e+00 4.710149424605998725e+00 1.964176485901269142e+00 1.724528296825645013e+00 5.803758462355200543e+00 5.553257423045416807e+00 3.877830341365920974e-01 2.677813205494784743e+00 1.545263535167762825e+00 5.582495964229755359e+00 2.606300970893244529e+00 8.020450692255632896e-01 1.349795154389150431e+00 4.684317825213985209e+00 1.395274388597927739e+00 6.115298301247898749e+00 2.700740013116884164e+00
2.219718204418391849e+00 2.384711709524744538e+00 2.304983932468435359e+00 2.714876399792180428e-01 2.602768403873463310e+00 4.294390377550151072e+00 6.201594280982773100e+00 6.217359825127786621e+00 5.697271513351159555e+00 4.333239744512694891e+00 4.880677926031071756e+00 4.998668018221090747e+00 1.148245104603107469e+00 5.221609561719082748e+00 5.955196054802254224e+00 2.568387488360862836e+00 2.008386689822057036e+00 4.834575929938039529e+00 3.784418080589140310e+00 4.388477286255062282e+00
3.262749275173943975e+00 2.748384896975000768e-01 3.150307946540946258e+00 1.406993645422215389e+00 4.994183447517578145e+00 3.085228884084242562e+00 1.358892892038475742e+00 3.886496517111865057e+00 7.295240843164489952e-01 1.451473154788973652e+00 1.151904308080237582e+00 6.029115794309966025e-01 3.738392937480111033e+00 5.927148171142488486e+00 3.611170006481922989e-01 3.004784068710492750e+00 3.923337848187741894e+00 1.003506798029833336e+00 6.035754979129091424e+00 2.433515571635074703e+00
9.591595660838492243e-01 5.223890038816231041e+00 2.586978446676090559e+00 7.815769864996796601e-01 7.851174823051114693e-01 4.444818103976635904e+00 1.470534533095503971e+00 1.519537067966631738e-01 4.424774281067651138e+00 1.609771136047985829e+00 5.450877483185546879e+00 4.457207492384621439e+00 1.175483721173023799e+00 1.619885520260104128e+00 2.119476798260400585e+00 1.232567742396895039e-01 6.117490105375212650e+00 2.988141684668323528e+00 2.704016370765339516e+00 5.470599220712125899e+00
5.026632970523106536e+00 5.827716714788824248e+00 1.103013082598721217e+00 6.037006953005286114e+00 3.886452680423044370e+00 4.629365823098956945e+00 5.812588212722070047e+00 2.353524269664856838e+00 3.226866010141614005e+00 4.174619256084886487e+00 6.057363589730775377e-01 5.978694315300061568e+00 3.715161048463635041e+00 4.552942225245640628e+00 3.885334554358782722e+00 2.461566118332234598e+00 2.771685351487706672e+00 1.978209606072874882e+00 1.314691263140038480e+00 1.785376326611187281e+00
2.936470050692363998e+00 1.975428644218702567e+00 5.148468756697625048e-01 3.696212162504260323e+00 5.096136975299238259e+00 3.703451364784143163e+00 6.267742282231253625e+00 3.132390075036814103e+00 5.300805016687471394e+00 4.832089833400409762e-01 6.702425126697209024e-01 3.334599895536472847e+00 6.333041619547868928e-01 2.311921187718900317e+00 4.644866467675329069e+00 6.207944001299059877e+00 2.527338825351240104e+00 3.644885040637038554e+00 5.593411224885196376e+00 3.374951069837516915e+00
5.029860866822908338e-01 3.592237619891075262e+00 2.518314031557554955e+00 3.807432284696339320e+00 1.479674580861432276e-01 5.921004533984204343e+00 4.888991002104730477e+00 4.404947117005190371e+00 5.307960133347846110e+00 5.570582437812096721e+00 2.632012493045636781e+00 5.056975326588859510e+00 1.760708103228534549e+00 5.304818420283337055e+00 3.118112673581262762e+00 1.745804554711160028e+00 1.565061546969781059e+00 5.017228435679165877e+00 3.751563301968870778e+00 3.460870324685998867e+00
5.670970424586011305e+00 2.382241782235976491e+00 1.992025312858842989e+00 4.873362062047029042e+00 2.135500737447977748e+00 2.253938879456198308e+00 2.959530817754554732e+00 2.186399474962784417e+00 5.624502545013012611e-01 6.255721648430188964e+00 2.501377985613209454e+00 1.538497651707970260e+00 5.060827561889718496e+00 1.051657412150043713e+00 1.397849914033062246e+00 2.678063243597761822e+00 9.943914504960502665e-01 3.818453290219046892e+00 5.469203417987538174e+00 3.671393682613656728e-01
4.059428186580483988e+00 2.252601205480311841e-01 5.009089509333866985e+00 6.252957765962852132e-01 2.225226482853839727e+00 5.185344723176831039e+00 4.939799298567797869e+00 4.027797447567503575e+00 2.959609659236034140e+00 2.077672540666832546e-01 4.678373219102621050e+00 4.798255793123652246e+00 3.299392490397659916e+00 2.985398448249602765e+00 6.495395209832337535e-01 4.804821061636448398e+00 5.624926659934433637e+00 4.281967987003834075e+00 1.548637087863010908e+00 2.841631234691862851e+00
2.500293028133764750e+00 1.315666928034018024e-01 3.608599689956774714e+00 4.223452737726424822e+00 2.172836174095063466e+00 3.975255879373603030e+00 6.953386781729861132e-01 4.672752647176395158e+00 1.163649395644162921e+00 1.413379507267490842e+00 3.149678877087233708e+00 2.878915508289659808e+00 5.834696606890543258e+00 5.610475424696394597e+00 3.035500045065023578e+00 1.039076778771371057e+00 4.262675637860744438e-01 4.046302134600553657e+00 3.053577608317513459e+00 2.282881747348556534e+00
5.664129820998423881e+00 2.411871770850437358e+00 1.460806576440331517e+00 2.400726457794934543e+00 5.176069386674432060e+00 5.801182041315899873e+00 1.773831031884298248e+00 5.352945497562399346e+00 5.667421722850127352e+00 1.533655972021671809e+00 4.835343707246407163e+00 1.049793417484235380e+00 6.393518272008934522e-01 3.602404974138916138e+00 1.463111141522177805e+00 2.162393941111069751e+00 1.960950018069463452e+00 1.782231556354344493e+00 3.477885942244887563e+00 3.004617612193096754e+00
4.217513197491189914e+00 1.438863418719383835e+00 2.840694236583115817e+00 8.345856312087046591e-01 6.117588362554100989e+00 6.156285762790052019e+00 3.847508751517473069e+00 4.539566286378128979e+00 2.283080550420688137e+00 1.845485391054829005e+00 4.024865995733078350e+00 5.483735395621535780e+00 5.089045339544576940e+00 4.705989865023790131e+00 4.651451373885672425e+00 7.913551861120381448e-01 5.490965979710383138e+00 5.626973023970677446e+00 4.214779288472005447e+00 2.743301841472683300e+00
5.587796721573810022e-01 1.210561025602652441e+00 5.528873882590791489e+00 5.203913776451478235e+00 1.537670552666570989e-01 2.556831127431316464e+00 2.401656945559175860e+00 1.703356153833971431e+00 1.077487792401601752e+00 1.785399360447847528e+00 2.200346889112665405e+00 1.229562317073620514e+00 3.698064633729135409e+00 1.603128680071513656e+00 2.988558447449484401e+00 4.048546428675792619e+00 7.726117554042715163e-01 4.127667330090137199e+00 6.222403257886024441e+00 5.504981951331298085e+00
6.071687482753302056e+00 4.362058890805001532e+00 4.361092998416388755e-01 4.413825901085281167e+00 5.981768853367317895e+00 2.417142700448791537e+00 2.082544870517549551e+00 5.282900432282043868e-01 4.475239628375308421e+00 4.843238546093908248e+00 2.380989901171035594e+00 7.868030685877262786e-02 2.026295821971449307e+00 3.672247649511054535e-01 4.600768163714183956e+00 3.106430584283142782e+00 2.118761444854237119e+00 4.589003651695174213e+00 2.257118208412599802e+00 4.189166124435960703e-01
4.345447855818054705e+00 3.445029678169619025e+00 3.603852953966440342e+00 3.432754139380556069e+00 3.892600648876547886e+00 1.460714403675696049e+00 5.202499669073987754e+00 1.889641772365635353e+00 6.091648397670050841e+00 3.658973928831648958e+00 2.343384912784706398e+00 5.957449035631584344e+00 5.132289937293282200e+00 2.161235003392412146e+00 3.239571987899820371e+00 3.576065186516951933e+00 1.866526479239237979e+00 3.532101348551295317e+00 4.499683591318435205e+00 2.674880356189226038e+00
2.825064333609522915e+00 2.092225650135331461e-01 1.552755220523824420e+00 5.900685971450025491e+00 4.719758434212099729e+00 1.137518506100644311e+00 1.059192194317159608e+00 1.588766340953909229e+00 3.196684209597324688e-01 4.394571584492890648e-01 1.380117138951985289e+00 3.795882015102805873e+00 5.864709373874150700e+00 2.517855578926269544e+00 1.341114283419928332e+00 5.827125970337929672e+00 5.254324214120893011e+00 3.395392989335521694e+00 3.399895350002529959e+00 2.157938000459175498e+00
1.794991194271361667e+00 4.191522257851873157e+00 1.210013596573071171e+00 5.971584025250592731e+00 4.757574021818149035e+00 8.503474543786382345e-01 5.817289107924258573e+00 3.323692734760071765e+00 5.265177343271510324e+00 9.383433261950934190e-01 5.831902105879540166e+00 1.305741498192502847e+00 4.586430769004774533e+00 5.265098554008877940e-01 3.049003909767046938e+00 5.292308035132447408e+00 5.230005936083083062e-01 1.651770153673888020e+00 2.266672033083919402e+00 3.603180100725655866e-01
1.198373427690558657e+00 5.207545419130788389e+00 3.653571503434364653e-01 3.268460277015306392e+00 2.734927962366676013e+00 5.252395727261677472e+00 2.835650616580216887e+00 3.099711132147803916e+00 5.161855380981173802e+00 1.548204184740665790e+00 2.539664283675823864e+00 5.222365351599489003e+00 3.763089176635340261e-01 2.395065017646229311e-01 5.192708268449863773e+00 2.283178391062358870e+00 2.980619920251553756e-01 4.496853810475250235e+00 9.886595778600357765e-01 4.846448650445729124e-03
6.274557465473971973e+00 2.909433735805119436e+00 1.214611040077296922e+00 1.853944206744272183e+00 5.976201113171593526e+00 4.939059492333315760e+00 1.284033526784923884e+00 5.118051304001685509e+00 3.134192289900122330e-01 1.374389742015277527e+00 3.310914350702550912e+00 4.645166676445323439e+00 4.485850547849002723e+00 2.185762746396081813e+00 1.096010806026936679e+00 4.860217466524451524e+00 2.711685680000296639e+00 3.500390374816930272e+00 7.569255926964705283e-01 3.487179244286689794e+00
2.771494085600729296e+00 2.306094581060543103e+00 5.423982862684377793e+00 5.187953758370398294e-01 3.340137955978136119e+00 1.954951789945721163e+00 2.144993488576178997e+00 4.642455171255079449e+00 5.564397476663772935e+00 2.074847071094813256e+00 9.143478830529719881e-01 4.466755862606331284e+00 3.595326704415504171e+00 6.142375967275093274e+00 5.757682698140960120e-01 2.137789200982258109e+00 5.755325191434700116e+00 8.629011244800143254e-01 5.785482228244555714e+00 5.102539288367260895e+00
6.686823051009812557e-01 4.800248137660286574e+00 1.707325866132456627e+00 2.748731647767842290e+00 1.561511623091129009e+00 9.853214033476971334e-01 5.251496722608267609e-01 3.204956755173914207e+00 4.653540061585628607e+00 5.876672313964161454e+00 6.214643208169492006e+00 1.661591031262931617e+00 3.168223089512629098e+00 4.385258347499310094e-01 3.566017648862649381e+00 4.332615854729530702e-01 2.761545501947554673e-02 8.454563780803425743e-02 4.929845735923778172e+00 1.459304080931935754e+00
1.991997371049099907e+00 4.655326085886956733e+00 1.492200717696008372e+00 3.068275077513620275e+00 4.269913210627977129e+00 6.007476241206513023e+00 6.240304515197616197e+00 3.270094843622419756e+00 5.273715468837442799e+00 6.220730402290977956e+00 3.950178492628594107e+00 5.557519954748548763e+00 6.202599834495277520e+00 3.436665177150438844e+00 1.758067179973216154e+00 3.327813884814605938e+00 4.036902276153971070e-02 4.383778278487681312e+00 2.805253242883016362e+00 5.587947643401359521e+00
4.043759529044781864e+00 4.915336199568516307e+00 2.961389958670040734e+00 3.668300501893741572e+00 6.269862812441091116e+00 5.999443156148530853e+00 3.676545722764998914e+00 3.713977649027762507e+00 3.133515513838658784e+00 5.390988975857387899e+00 5.893315056500584959e+00 2.824768950370885712e+00 3.300222296604201411e+00 2.432279692772981061e+00 2.630676631073482596e+00 3.572629671356482461e+00 5.789737857886642303e+00 2.933882338052734351e+00 4.602897625281335614e+00 3.868758223783497652e+00
3.344756913253685848e+00 1.342991157213738518e+00 1.501656948533363956e+00 2.385344044802415464e+00 5.426759303874042040e+00 5.403890743927470375e+00 9.658624651592028210e-01 3.034404881449970670e+00 2.534937585597565324e+00 5.160316487747107494e+00 8.075704268793865159e-01 1.475749544391731671e+00 2.841495818468787515e+00 1.291671317420800769e+00 1.808895732256037947e+00 2.943425986761348145e+00 5.930276043255538809e+00 2.239285022051908935e+00 2.806062648503961476e+00 5.361897456855275301e+00
