4.559079594511636913e+00 2.663151014784774784e+00 1.651376792529491322e+00 4.432320392036439571e+00 3.747552945101928490e+00 1.749427963882485892e+00 2.534613193502273987e+00 3.452280872423716840e+00 3.336816277891455407e+00 2.794291642386276031e+00 6.065522660181925652e+00 2.688983018955753312e+00 4.899278201190613302e+00 2.920041700462547407e+00 5.403042945916029183e+00 4.623824743563110573e+00
3.149679767603675629e+00 1.853885057218902732e+00 2.448455586305742671e+00 3.886041504804943258e+00 6.166818627025965061e-01 4.941414974684687600e+00 2.109309151254039061e-01 5.398617390700349183e+00 3.716163968017670016e-01 4.220528365061291254e+00 5.856939373533553983e+00 4.817601492480863890e+00 3.474938918258229092e-01 4.707483412806422685e+00 1.890190380124886937e+00 3.932933004253715836e-01
3.600129646676549555e+00 1.102919818738073543e+00 1.083541016814649982e+00 3.402289417345235378e+00 3.081787227020385433e+00 2.893307936619943010e+00 3.646292335965347853e+00 6.195926342443056622e-01 1.662449058950791647e+00 6.206231145510305858e-01 5.249540206408355836e+00 5.417960084209379801e+00 3.183871618210012411e+00 1.614099585217213084e+00 1.793512768333763052e+00 5.290029432146921451e+00
3.432303450248558985e+00 2.932328941311861836e+00 5.547682498470880574e+00 5.131574975238484965e-02 5.469645272305561079e+00 1.700696175313429981e+00 3.021928265031958549e+00 5.955440611671301843e-02 8.322415695982048334e-01 5.721896537451765852e+00 2.176484080605439964e+00 4.099124578585602308e+00 2.122311107648044093e+00 6.304547207173425427e-01 1.640160421475750807e+00 4.335335966060901214e+00
1.922355416306261444e-01 1.483042305830609697e+00 3.874323688756122319e+00 1.455698054543728803e+00 2.518784770787614757e+00 1.645767875388215451e+00 1.863365971406572452e+00 4.149708358868177349e+00 2.320278526030181254e+00 2.008052576946929513e+00 4.941076898155629671e+00 2.365117149838654509e+00 3.788931446198064990e+00 6.793793948738437172e-02 1.622425091748918247e+00 4.558549341352324369e+00
2.723342387814482457e+00 2.895437260164862359e+00 1.268969892797451093e+00 4.600257222903589849e+00 1.829178872348649731e+00 9.241536657092086493e-01 5.704939319221522531e+00 3.943610083152075951e+00 5.269245288197041965e+00 3.682438702695178812e+00 3.641343150603625123e+00 2.862268695529373908e+00 2.805840928873127638e+00 1.602916769300765987e+00 2.443257543347326255e+00 2.288553384738047036e+00
4.822120428039530005e+00 4.434090939267355758e+00 5.105794003653200797e+00 3.074991680182361353e+00 5.941977535775254893e+00 5.200227124801028111e+00 9.147616143634061947e-01 6.249451111063438091e+00 5.629246629740356056e+00 3.362458656828660075e+00 5.418305752700587341e+00 1.718253191547302272e+00 2.396364734045113298e+00 6.065523871074089080e+00 3.722621865028161725e+00 2.970101045682803864e+00
4.310617482350933116e+00 5.548340205925458513e+00 1.201154977933099222e+00 3.515317918948898335e+00 8.915370597573978317e-01 8.403445787279557877e-02 1.737366081646216642e+00 3.206650884974553861e+00 5.546151811894488581e+00 2.669430534205856187e+00 4.150562681003806986e+00 5.663864797746023250e+00 3.719241086917748351e+00 4.881799031784107790e+00 4.576399625788392656e-01 6.077861378589310526e+00
1.915694216572879860e+00 2.381216608240757093e+00 5.020269200190803360e+00 6.108813288201001335e+00 2.773841286129220318e+00 5.882407719918504974e+00 6.185435980732722605e+00 1.964521340779081582e+00 8.779334596607345498e-01 4.573806145898384745e-01 2.583077770539696338e+00 1.233708121596363005e+00 1.868148443805397685e+00 3.563437587568647036e+00 5.466948523897969814e+00 1.726926829897900417e-01
3.046712985143519070e+00 5.105953805630319309e+00 5.044526521229379945e+00 1.664730269051852174e+00 3.165109116694392988e+00 1.154874903922565421e+00 5.158999501353931372e+00 6.011569417085281586e+00 5.932763922376875776e+00 7.868935835566156500e-01 9.334605961604499624e-01 2.478651602149896771e+00 4.344033012906190483e-01 2.110513956572092731e+00 8.508545606894437618e-01 2.690188121430832080e+00
4.663644966701269823e+00 8.392107027347042725e-02 5.111757195465537862e+00 4.405775199768931394e+00 2.025686018258545218e+00 4.945094948344057606e+00 8.657687418192272499e-01 2.484358443847744624e+00 4.335053730450493248e+00 2.356878849519652430e-01 5.864100883312312718e+00 5.874966063033774333e+00 3.257611986094283374e+00 2.244152999793627146e+00 3.859618719072460014e+00 5.023781176197725351e+00
5.305254790835632228e+00 1.259795782752908544e-01 1.216436294886426239e+00 1.102482048343083720e+00 5.965405447076195244e+00 5.812335797178620922e+00 5.090148964607798199e+00 3.336293427424847913e+00 5.282509836798544356e+00 3.611565362458175166e+00 1.433337178747888574e+00 7.678293024826716717e-01 3.054840172956174160e-01 5.480169926360814792e+00 5.570865767012347369e+00 5.082925423050194347e+00
4.456711002584464509e+00 5.734789174971856696e+00 5.234762673534020472e+00 2.912246659936065907e+00 8.274783285817588485e-01 5.900417907913284132e+00 5.236072550277949489e+00 4.949874444299761755e+00 6.355341583682900808e-01 3.596330372075350557e+00 3.662919577803136040e+00 4.310907657451699571e+00 3.010235810428469438e+00 4.648745817380405931e+00 2.036956888975705926e+00 3.954265914676036164e+00
3.025863901563151437e+00 3.113982184240604578e+00 4.987602424371019083e+00 5.717993842241448910e+00 4.334714175400027791e+00 1.998111218235138375e+00 2.175655354169371503e+00 1.001399352934575715e+00 1.199265937714426133e+00 2.754518803424501616e+00 5.239466502934454262e+00 5.057653685431282575e+00 2.608514831219756469e-01 5.435911425433586075e+00 4.106055365822546044e+00 6.122261815311216715e+00
3.161057992137338513e+00 5.270475550795245212e+00 2.882440554108458564e+00 2.291200880655942795e-01 5.338469357080155575e-01 1.216308927292895498e-01 4.928431379285279412e+00 5.870761159161422826e-01 2.349549905169703856e-02 4.251731601541143490e+00 7.522164900082058958e-01 2.077933191272169022e+00 5.535179529474010707e+00 5.030818929660397565e+00 5.977456430587047898e+00 5.012149813983635127e-01
2.862680503525222964e+00 5.799278547582281007e+00 3.705410585501989651e+00 5.377434402083908438e+00 1.468025961227434451e+00 2.659708907715763626e+00 4.509586573421621836e+00 4.167127968764873458e+00 4.130688929528847808e+00 3.928380268280753373e+00 4.230257344705924183e+00 2.929851259562742172e+00 3.427084217925953524e+00 3.060677552329258422e-01 1.692870508411896902e+00 1.039159350886412980e+00
5.134879857620497035e+00 4.080698684698915280e+00 4.370569503985477056e+00 1.426302245892860088e-01 4.564405918464872869e+00 1.144717969092079679e+00 2.076191762688858855e+00 2.337965817484864317e+00 4.018508432107291917e+00 3.831943223819631150e+00 2.630867591757611645e+00 1.080222269004739832e+00 2.442122046982111438e+00 4.334516477107513310e+00 3.737922001976033748e+00 3.473845057651220092e+00
5.642241740064463329e+00 2.690591261112653676e+00 3.476799901552063421e+00 4.412520284556707750e+00 4.759564199120166705e+00 4.566073054593656977e+00 3.332265392803574144e+00 3.299823879814891558e+00 5.215321168036415322e+00 6.166866766961333290e+00 7.624138506878730404e-01 3.956426699293070115e+00 5.025962607545341188e-01 2.006929423237633792e+00 5.344407369370602900e+00 5.650829485316008594e+00
4.323656780399865340e+00 6.009583860555391510e+00 4.954039845656921237e+00 5.356724517903590360e-02 5.387311351652103397e+00 1.994838192937049115e+00 3.165167551668026213e+00 2.932000802590813304e+00 3.009283634348727254e-01 5.643297111178928738e+00 1.150816666202173905e-01 9.477195673516669583e-01 2.607345303457052399e+00 3.791603814570606357e+00 2.278914971042926396e+00 4.602121064738378564e+00
4.848233661430565000e+00 4.688467037369498769e+00 5.068352013471174367e+00 2.539323070508635816e+00 1.919806713880425120e+00 3.983649281216761651e+00 1.253860476548226410e+00 8.809694254110169709e-01 2.950880111539216366e-01 8.506580176332100285e-01 2.316288561282869640e+00 3.038437509584653640e+00 1.939937145870740620e+00 3.857250402400933975e+00 6.146734753854313560e+00 4.971879501528587042e+00
5.941321615429378866e+00 1.632413511462454947e+00 4.204696373506994433e+00 5.038742229898962144e+00 5.771395121554284025e+00 3.239962102142072808e+00 2.639324599567132612e+00 5.718720058374996418e-01 5.802082195565393397e-01 1.595763725011973611e+00 5.539914153919466955e+00 3.566258745851474288e+00 2.876200958996071755e+00 2.964707573535666274e+00 4.099171479799423423e+00 5.601663113423602347e+00
2.045979165873956340e+00 5.297501726439485248e-01 2.733047989211167206e+00 4.557521904455247963e+00 5.554213495108572651e+00 1.057913605496048515e+00 5.952244409175168727e+00 1.530657906295812110e+00 5.060817774221102461e+00 5.990743455228611403e+00 5.043795303884396120e+00 5.618986086390552970e+00 4.561473028064925828e+00 4.289913752340824615e+00 3.781028982058984411e+00 3.277532169581512944e-01
4.935647294988934952e+00 4.003738553303409775e-01 1.812410521910948091e+00 5.975795393266960076e+00 1.739219204881492065e+00 3.065156138883823544e+00 4.030075108024564479e+00 3.217297428848097773e+00 6.680539259122665330e-01 1.928417104185895514e+00 5.599675456630903270e+00 3.305797563792285843e+00 1.958198696660018889e+00 9.580924546979306955e-01 5.967667272116220722e+00 5.578794193842240290e+00
2.404794937316562020e+00 3.923981777835051865e+00 5.130712883214169295e+00 4.804727165152584689e-01 3.456502210383399998e+00 2.842052802092815966e+00 1.658882718966629088e+00 4.761186092599865916e+00 4.684952859296746652e+00 4.439388126831328663e+00 2.132013168035174822e+00 2.463722236514328742e-02 4.763893802479746142e+00 2.701313043243476208e-01 1.290324033357357313e-02 4.802984845585459794e+00
5.718705305578576592e+00 4.182094267042219649e+00 6.057368332306193537e+00 1.688952648217678210e+00 4.261716069886156255e+00 2.150769616216198887e+00 2.572465621676329750e+00 9.578651826730003593e-01 4.000444551379556124e+00 3.479413406850996537e+00 2.072504037437099544e+00 5.904648803658641754e+00 3.011133750249759711e+00 5.745893154429897010e+00 6.016395460826879038e+00 4.821238400673067304e+00
5.276622929374487292e+00 2.480798970198872411e+00 3.179937227729755289e+00 2.950752176246321135e+00 3.090762702642077531e-01 1.364991479352470449e+00 1.559772583426969339e+00 2.320161937601899482e-01 1.412789174351586352e+00 3.783866863326889707e+00 1.882296820663042380e+00 5.674846063019688636e+00 2.479603479684390877e+00 1.544975272425175072e+00 5.690826246708623692e+00 4.801120220694997442e+00
6.031522646103919527e-01 2.000502465551082132e+00 5.791842849528694437e+00 1.596470862209620201e+00 5.727653181565892204e+00 5.249572885515498832e+00 3.133674422827316342e+00 8.418214452640482293e-01 4.469096917875006625e+00 3.410162528988478048e+00 7.839516990782853523e-02 1.097723778931096739e+00 1.731306146213646757e+00 1.599348626540411322e+00 2.562620277786536338e+00 5.886782643251947889e+00
1.189703758774615316e+00 2.884462340149370529e+00 2.646654962516912679e+00 9.292268344069253005e-02 6.121860979817505211e+00 2.407900314705348599e+00 3.324562758109385729e+00 1.362420541767703108e+00 2.284714329756895257e+00 1.766811753802173035e+00 2.318177143374646310e+00 2.565713922711480688e+00 4.707839001871818141e+00 1.398855867394140251e+00 3.463822564111696867e+00 5.006187191875728359e+00
5.794007986828746404e+00 5.959410662327725206e+00 4.358830454915659791e-01 3.775327777734506007e+00 3.675174708871043805e+00 5.120514892073720903e-01 1.948572299094513571e+00 2.383307222871891451e+00 4.175801088634889524e+00 2.939902156517394616e+00 5.047842073992164558e+00 5.306652751014436648e-03 1.208762413235147548e+00 1.427043666279206757e+00 5.819266101269402469e-01 5.563136579043996832e+00
3.407577704176869116e+00 2.474203252317307644e+00 4.515264432759495961e+00 4.500058632568320505e+00 2.123857865171979942e+00 4.797868607706984534e+00 5.740635772823575067e+00 1.943843706773169311e+00 1.250202037586595205e+00 1.576201418837558155e+00 4.470479301951315598e+00 1.797997159165090619e-01 3.683921840086555211e+00 1.762511411357404079e+00 4.334848350636706371e-01 1.021904182913282444e+00
6.056184506197114459e+00 4.738130376917767173e+00 5.530223981763026764e+00 4.658312648274652190e+00 2.170143398943684687e+00 2.767997348588111972e+00 2.968749231815032696e-01 2.091636868814147565e+00 5.117648410973064443e+00 1.970337618624018683e+00 3.113773931879284529e+00 8.407926244493475476e-01 1.684435681980032684e-01 3.451489638797793913e-01 3.859657705095068003e+00 4.701524983892760190e+00
5.408126008790340222e+00 2.993031776730818549e+00 1.965686920629099999e-01 4.133030720696933003e+00 5.956520141624938702e+00 4.414242682500817416e+00 1.798079824250397252e+00 2.925073734347849896e+00 2.815279037870408452e+00 1.943753644718636542e+00 1.252862756580926051e+00 4.340781878483684686e+00 6.850972218600837049e-01 1.648384404722190499e+00 1.158161127042892646e+00 8.769754944486637394e-01
