3.502962065799956282e+00 1.285319923259638397e+00 1.628917861954511492e+00 6.063324061443227997e+00 4.369886773469441321e-01 1.066973321264410579e+00 6.011811391907368574e+00 1.975412477953778057e+00 4.312709964800941265e+00 3.812627869586119322e-01 1.458005810762628807e+00 2.271319482413753477e+00 5.243115000436856299e+00 2.938305472695331488e+00 2.080356814359174411e+00 2.210974159842368447e+00
3.915435071835555281e+00 1.129992529642677823e+00 3.007756853046085865e+00 3.323066584471593643e+00 3.295259790956692303e+00 4.569774507543959530e+00 5.216015813690967562e+00 2.239951763504074655e+00 3.044630268049473010e+00 8.467317630968772268e-03 3.793976883864113692e+00 5.587421335096843578e+00 4.189120657947385418e+00 8.105538618934668982e-01 5.336317023979465501e-01 1.957638872535677255e+00
3.659169592984729213e+00 7.162039259272171554e-01 4.544175395728009548e+00 1.932100574746712596e+00 4.077012837624952368e+00 4.254715202743933333e-01 1.139782226893260898e-02 5.997091916058947092e+00 8.401590116133657027e-01 3.594317638504142653e+00 2.563722816481374789e+00 8.250940865089284593e-01 3.954603240757680993e+00 5.568608267498420084e+00 4.343053331789287874e+00 3.853661893636976643e+00
8.215827354396165738e-01 3.612964916451773534e-01 1.771044211618385322e+00 1.913760936169356608e+00 6.575005101812584352e-01 1.414537462491179731e+00 2.589120750894256417e+00 1.051412021019228149e+00 1.687057251306563588e+00 2.930277368066448451e-01 4.373310456067909691e+00 9.616521603084917658e-01 4.086733578116748866e+00 2.539311413564445119e-01 4.467078861014911695e+00 3.967126266682918789e+00
3.446491677587500746e+00 5.038623142485121775e+00 4.848908448938924032e+00 2.666558347858685174e+00 4.356552514013194433e+00 1.959279189120104903e+00 4.952535097762354788e+00 3.583013382825416038e+00 4.284430312191600088e+00 5.928314073364195025e+00 4.442821358164914969e+00 5.433515186391814744e+00 1.540330309213165494e+00 3.489754278856109782e+00 3.797957358581816489e+00 3.608061916619991205e+00
1.309473306949874072e+00 3.061441483856034207e+00 1.354669638343952265e+00 1.723620279144015388e+00 3.412887190086794309e+00 2.711621990143962435e+00 4.853313726551967022e+00 3.643277075785475438e-01 3.721629329651356066e+00 4.078271207475046012e+00 3.258122129265809797e+00 1.099097695624913218e+00 6.458484581340719899e-01 9.892025851113642743e-01 1.650682633489578555e+00 8.537213005938365518e-01
5.102903481870855629e+00 1.632055556710695354e+00 4.603378068662788536e+00 1.140315553629190459e+00 2.634391072845854609e+00 6.111089706693169532e+00 2.787212520333175458e+00 3.862174967652818758e+00 2.325790483244547513e+00 6.228858998402606734e-02 9.123537413735363089e-01 2.120687548299647673e+00 1.948020815675409523e+00 3.287930293589852448e-01 8.809521679923819626e-01 2.459037456914348052e+00
1.130084801126737259e+00 2.811556983095763851e+00 1.557996542882299718e+00 2.398848058521526383e+00 1.007293233216185885e-01 4.677936020444972698e+00 3.316643135510087159e+00 3.916885574327880093e+00 2.236870921336860718e+00 4.531958133683787970e+00 2.301155663372217663e+00 4.015613603286319666e+00 5.901528206329934356e+00 4.930344171734413194e-02 1.977213349658079711e+00 4.483835978518591503e+00
5.135324133950262215e+00 1.757083092663070278e+00 1.425552320351575641e+00 5.184856969515868386e+00 3.922242966729906133e+00 4.254497839839713080e+00 5.947684732888999903e+00 4.884273631872655841e+00 1.546074610109569258e+00 5.566265295819763814e+00 5.698867174713394768e+00 2.470885104389099141e+00 2.976934158147038101e+00 2.796303554026760008e+00 3.365358689027481365e+00 5.254206657278321480e+00
1.510093838569626534e+00 5.520013360154216286e+00 5.769378246537756105e+00 1.862501430496748656e+00 3.369804577985360261e+00 2.494128318015966350e+00 2.803737347128560042e+00 4.669570079655629868e+00 3.841075568004113538e+00 3.450693378158627311e+00 2.305035371532551558e+00 3.002007676781857093e+00 5.853810196305811786e+00 3.105016972605549874e+00 1.298616648315235184e-02 5.809214673310714616e+00
2.442023699079800991e+00 2.788759791077942474e+00 5.506914109652142564e+00 5.648632689000544715e+00 1.131610521482212750e+00 4.250961201426530778e+00 3.178092808395129865e+00 6.206544761229043639e-01 7.065374870376622818e-01 2.112606599778809269e+00 5.944290435640630754e+00 2.396297325662142708e+00 1.520164127826256761e+00 5.997545971794900233e+00 5.918995667978967035e+00 5.401016974785335378e-01
2.852275923013382730e+00 5.497293008419617877e+00 4.675359498038892170e+00 5.483174075947981230e+00 1.443752224752780533e+00 2.518484792922014215e+00 1.441680725376723204e+00 5.575076652858664161e+00 5.761040877742951594e+00 6.227221435080469547e+00 4.099817560334427236e-01 4.029842257015061158e+00 3.291648067819287427e+00 2.840878989271145461e+00 4.353682019739068210e+00 1.404874779311661159e+00
3.250020721594264028e+00 5.749280559237474719e+00 2.856825813298836447e+00 3.082267405562066465e+00 2.288492955290527542e-01 6.110150571867114522e+00 3.826054988456465633e+00 5.206384097702390079e+00 6.148550308004411491e+00 4.906129709601366962e+00 1.519948095595975213e+00 4.538101049004356291e+00 2.620556634584659594e+00 5.893484949156697184e+00 4.703509890663757353e+00 4.774508098674791867e+00
3.959669325749429980e+00 2.603999047157210978e+00 5.486993362151413756e+00 1.491571932294171399e+00 5.058922424384290295e+00 8.047637770042562755e-01 2.463852215505770271e+00 3.935077752172101984e-01 4.084090184304322690e+00 2.827677774072322237e+00 2.380142912195906568e+00 1.094426441229821245e+00 5.704994965900662685e+00 1.297048324554193055e+00 3.252810652755493415e-01 5.653800931443974775e+00
5.908766620965351102e+00 5.325180776406461369e+00 7.522922428237772685e-01 1.864495233975433264e+00 4.057546947468392950e+00 1.154686356682770310e+00 5.620438486899868025e+00 5.009397579616614138e+00 1.502882818987000491e+00 5.592444193596055158e+00 4.969392827963959647e+00 3.733680502449137517e+00 2.239807257132553353e+00 5.090206858828179470e+00 5.579078395029764964e-02 2.722943435623331077e+00
3.647111583901766263e+00 2.733072684133482699e+00 4.516521596645658221e+00 7.403078810079277705e-01 2.508769777514765487e+00 4.157102205782292614e+00 9.727705934055105308e-01 4.146435586406073348e+00 2.100639260739985748e+00 6.067518708209422407e+00 1.383239752350140073e+00 1.009230217302948818e+00 5.470332733961438265e-01 3.701417269049545489e+00 2.430864204696463471e+00 5.662091526804301500e-01
1.955311107762705669e+00 1.642326454765523414e+00 3.202407036717235922e+00 1.136857699693812007e+00 2.611126420959236416e+00 2.075600362104331964e+00 1.006572358385630306e+00 1.756099587866112310e+00 2.008799854288746189e+00 1.363129828305637226e+00 4.104921839444470422e+00 3.320736368796925131e+00 8.492741298702575214e-01 3.266131783430122226e+00 1.451578124144062620e+00 4.859413610935860994e+00
5.392368565645610623e+00 2.257602339123848889e+00 3.286751230975717974e-02 6.098705969116057446e+00 5.891412338353308797e+00 1.676777961048781407e+00 5.776074839806818462e-01 4.306365575501414966e+00 3.156786585997995331e+00 8.111854083416329964e-01 2.795228767496080735e+00 4.093514863576529272e+00 1.725962643665403251e-01 1.244148286031243833e+00 2.271511482358218537e+00 6.013112418717089902e+00
2.461843039973475866e-01 4.276531171741937420e-01 5.384183690292267954e+00 4.742513318437143188e-01 1.683543254805448974e+00 1.677988582850164834e+00 1.975784901253546444e+00 1.394150299594987485e+00 9.618117229440942273e-01 2.158226496804059646e+00 1.409711276473529784e+00 5.024937961421625410e+00 4.770542510853243989e+00 8.885352125215482122e-01 4.333404357919905525e-01 5.255586539776153643e+00
2.348517974215550641e+00 9.899994870057494678e-01 9.972549739718489237e-01 6.192586738469829655e+00 1.721346621778801600e+00 3.611567816876942505e+00 5.919483680189335573e+00 1.109676664000172952e+00 1.485661592734668357e+00 5.068955029534440548e+00 4.753220419653253259e+00 4.685610778396757659e-01 1.854909685984737600e+00 2.092232184869108613e-01 8.582991305006379967e-01 3.745630938415517530e+00
1.412331831118583292e+00 6.003003997937675917e-01 2.770321846042891334e+00 3.801252337546316085e+00 4.447851112132351403e+00 4.320374444489543109e+00 5.028748078405021360e+00 3.321800296650649909e+00 8.474190439599026403e-01 1.806254728525734432e+00 3.987614981823337068e+00 2.629719668673066391e+00 2.635044696638693562e+00 2.607909545717292943e+00 4.726610253762010494e+00 5.519397593972257710e+00
4.826494285276506702e+00 3.993105453924609805e+00 1.382405318816479767e+00 2.280101030604372081e+00 5.488682571118407516e+00 1.355345428357626725e+00 6.636383786492636716e-01 2.483751686795965252e+00 6.069764958185431603e+00 1.365914147562859338e+00 5.626774774068772800e+00 1.786595555364513199e+00 5.279210710706868426e+00 3.000426672216861324e+00 5.252711668199415485e+00 5.538057490685793560e+00
5.433586835225185041e+00 7.253753890329346365e-01 4.305166741802119112e+00 4.900194064872254347e-03 1.986154345654915998e+00 4.391535170262407028e+00 3.695818329168736316e+00 2.575307441692887611e+00 4.267573534225074461e+00 1.385821988033105079e+00 2.783666960374166166e+00 5.737213993999800365e+00 3.828081881039525403e+00 2.772835804307006935e+00 4.661816519859100616e+00 5.726598881237640271e+00
9.903892436610873817e-01 9.356703573859236345e-01 4.582059720535887948e+00 3.366448758916455564e+00 2.393807474058367468e+00 2.968803920730659129e+00 2.674471225148578934e+00 4.851266723166989259e+00 3.205754425277381081e+00 4.422712121291089815e+00 5.529516217434797376e+00 3.689575055033765150e+00 3.951014586307009413e+00 1.855054503562663770e+00 9.642340480386469848e-01 2.461376799304887619e+00
1.021955896217621840e+00 2.166091663908082499e+00 2.228640852371357894e+00 2.821312223787474961e-03 5.706598301056135192e+00 2.471406295958067378e+00 8.006165109809251224e-01 4.992667514248249283e+00 3.341238087218921571e+00 1.101920167601912803e+00 1.482150275760057978e+00 1.199116856585020097e+00 6.234764243081438728e+00 1.592330673487686532e+00 3.778984936223139357e+00 2.108188806447144792e+00
4.214602987991960398e-02 4.657220276754812094e-01 6.080067050792703043e+00 1.910007997707163119e+00 5.279517647346501086e+00 3.156557051677219672e+00 1.739292796986682543e-01 6.173157680597420871e+00 1.977325889695394356e-01 2.011241509406191508e+00 1.908753001133145055e+00 4.349617011145280543e+00 2.180230362620511730e+00 5.624866270863795314e+00 6.240979793858743463e+00 4.932527135520005324e+00
1.613369124759207185e-01 4.874965773354852594e+00 3.239499673719243411e+00 2.612733635781999908e+00 1.333518150371814315e+00 3.360506520493180993e+00 3.516223250026552449e+00 4.979699965166290099e+00 5.552249736659530477e+00 4.473398074160816584e+00 2.157540887028345011e+00 2.843479256408424583e+00 2.383831181099782093e+00 4.358207250329251714e+00 9.980638085824501404e-01 5.524796840577932855e+00
5.139579176654541115e+00 1.138140206866219861e+00 2.587836759755786087e+00 3.940434243652843449e+00 2.024065564296862796e+00 2.545271652182294453e+00 5.191263789606938239e+00 3.833642154256950096e+00 5.444734067035366110e+00 5.759913202152177059e-01 2.092503846361194242e+00 1.644720063829702594e+00 4.458431621802606548e-01 1.033520709104023938e+00 1.254871566723631870e+00 4.405900621294170372e-01
4.511503918737152508e-01 9.096925733029437300e-01 4.682464445212342063e-02 5.208635807927491923e-01 3.278566558315386459e+00 2.276176025671541758e+00 1.185179960155212653e-01 2.084391932564641614e+00 4.538834459822255418e+00 9.485163633834804431e-01 2.235757926981420951e+00 5.772412627128979068e+00 2.746046167318595188e+00 1.579705957346742240e+00 5.483092807410650416e+00 3.794088463152047730e+00
1.517957867228206803e+00 4.722665726642498285e+00 3.988396379901444799e+00 2.447414844609564710e+00 8.537071556918698345e-01 2.930189891647366096e+00 1.096687626586283909e-01 2.305288801923907727e+00 5.604319753934460024e+00 2.054000070291853497e+00 2.778915302609779481e+00 4.389995312732459354e+00 6.132993807634042227e+00 3.349114073398056779e-01 4.863826899571038531e+00 5.173050430512724951e+00
3.025658441741524651e+00 3.974460349917005697e+00 5.953844539025440419e+00 2.870143107493381862e+00 6.190880522238169092e+00 3.076597750140828591e+00 5.605113261486604159e+00 5.470445930426124370e+00 1.392618356016862124e+00 2.352807180928222497e+00 1.854358252516737027e+00 3.982158763795841772e+00 2.056464269220450447e+00 2.787553225997301265e+00 1.913460026547666670e+00 8.648319398175248474e-02
2.729199012288273107e-01 5.508249405637201335e+00 2.037278582537318972e+00 1.466745476623303457e+00 6.250340428866046238e+00 3.895515386665193702e+00 5.620201585815741474e+00 6.236826651315219294e+00 5.518909067566077020e+00 2.002181898684872063e+00 1.834595125534403515e+00 5.466629656597178588e+00 5.929565305685305709e+00 5.137380769676394010e+00 3.674522078902004107e+00 5.392935644045713239e+00
