3.135720422375156247e+00 1.309151335650476922e+00 1.634274157081683443e+00 4.653693060117907176e-01 9.799954167420482642e-01 1.815783494110549290e+00 3.103179565222409675e+00 4.407390572845645949e+00 3.115404327212355218e-02 6.106711864619094321e+00 2.855977071785912091e+00 2.344944026094511358e+00 5.559243032481014701e+00 2.144640340687760383e-01 4.482376182396124342e+00 5.487885294148989956e+00
2.710361958894417889e+00 3.247776215978100400e-01 5.811194533694300501e-01 1.704572055379039774e+00 2.912788935890376241e+00 2.232304650665680734e-01 4.583278133285303646e+00 6.494080743281204215e-01 1.064725790253650883e+00 9.834347038288269172e-01 1.652414397026820581e+00 4.552646971568039547e+00 3.218359554407918544e-01 1.913305162964801909e+00 1.516209648479721617e+00 6.187921231297818458e+00
3.247924324078225844e+00 2.356044761986407998e+00 4.372260475326493534e+00 5.106169303637937418e+00 4.499380029828055960e+00 4.997011703969400642e+00 6.035207423069146593e+00 5.720442940007682608e+00 5.268951281647265894e+00 5.592468885482228202e+00 4.966319476729105453e+00 4.454157732185969110e+00 3.422233470884785689e+00 3.926076787305410321e+00 2.684093494396990742e+00 1.573994033048895236e-01
5.382763869167665582e+00 5.884969530193032483e+00 5.276731315816491019e+00 6.018444868760545852e+00 2.727559124939049617e+00 1.510191337464375172e+00 5.118130864686903259e+00 3.315803678577450508e+00 4.459750922293304609e-01 2.771825800911317472e+00 3.341929150446724783e+00 5.020112704041458151e+00 1.818656487500443175e+00 5.470489761550363816e+00 6.181999296902362495e+00 2.614525015607857661e+00
1.622627411321817759e+00 1.528052315081096291e+00 3.791338915848563751e+00 2.556202014857043903e+00 6.217081584100886182e+00 6.071205840755871996e+00 5.521219332465451046e+00 1.619786431594447018e+00 4.852736653890199925e+00 2.049876641957521617e+00 3.042515637541460816e+00 6.146248808963918009e+00 1.947986916778635669e+00 3.423672446644072109e-01 9.841386796493338807e-01 1.073898741658896983e+00
4.300325566757743800e+00 4.838280280639935427e+00 5.376875835610748666e+00 1.898478695659870708e+00 5.465436234590463904e+00 3.662179051067633306e+00 6.227445612187553436e+00 2.779835498971255703e+00 4.815722080096170643e+00 3.577905724939681731e-01 2.420348367567183523e+00 1.035100713881472512e+00 3.888754582552196859e-01 2.848349565720535104e+00 5.454758193530669708e+00 4.161861666796973225e+00
9.441142882180207918e-01 3.308766764763928364e-02 3.129889303011384794e+00 2.536963903383120833e+00 2.662031322551406731e+00 3.680271063524920283e+00 5.912561420471885043e+00 4.380904382739236880e+00 4.834650842316167818e+00 4.153269289587838919e+00 5.356701606741967048e+00 5.812180221297868599e+00 4.127346393771585298e+00 2.975716012200138927e+00 1.207255084328987094e+00 4.213310520902726175e+00
4.720893273527657641e+00 2.399420222338120023e-01 2.736667439971083304e+00 3.808988140548734247e+00 4.519441704281978112e+00 7.341175519765724689e-01 4.384079739285416388e-01 2.126393066488585948e+00 4.401024843703332579e+00 3.669349699383023911e+00 2.598563077047592262e+00 5.989467880891766960e+00 1.542892379048882656e+00 1.308225399188293059e+00 6.260131361643637149e+00 4.123752610304628696e+00
7.822565570560104931e-01 4.278422117822429982e+00 5.470679449803260930e+00 5.146113301544302798e-01 1.445267598962754363e+00 3.405007155133183527e+00 4.777470405458633884e+00 1.840382511105364660e+00 1.994568208831016598e+00 2.797784877429606576e-01 1.356775022568249778e+00 5.033192459721114176e+00 5.568800541497983536e-01 4.990432819140533383e+00 1.278238089061033866e+00 1.242439472204689199e+00
5.015563261758258840e+00 1.305641575747701566e+00 3.357496852205861249e+00 2.421033560003853946e+00 1.655109376188493409e+00 6.104683788511684028e+00 3.540755908518536721e+00 4.007432614394172532e+00 6.155789646033101192e+00 4.670898805329395387e+00 2.420562629471003646e+00 3.861769999660286778e+00 5.881142772672031116e-01 2.902006490708138653e+00 3.496388427492271411e+00 1.594900704736738950e+00
3.929216437099369852e+00 1.999702454788356842e+00 4.804047557676487834e+00 6.079487876588846040e-01 2.821085929498546863e-01 1.310869544801815056e+00 6.111635018624822280e+00 3.774883872646169203e-01 3.973035893614258018e+00 4.250742794349992693e+00 5.870391095575498319e+00 1.755326018134241606e+00 5.433820050251493505e+00 3.246361056562207192e+00 5.630662108027267188e+00 5.522812409140627210e+00
3.427516315587959550e+00 3.211600591067996557e+00 6.163253079331856288e-01 5.012291204673066325e+00 3.864062163765669577e+00 4.659582853313525064e+00 2.104196496157749507e+00 5.568453530183155920e+00 3.275498465153697580e+00 2.370970699735767351e+00 4.308274365818209328e-01 9.222707929967016716e-01 5.417125039940215103e+00 3.498616371568257222e+00 4.569100156049764827e+00 5.446730251859555061e+00
4.947742304697273497e+00 1.677636943265879754e+00 2.347152854843662428e+00 4.481965282505113279e+00 2.555369025054422760e+00 3.516722560900935157e+00 1.841994630608090322e+00 3.207636891810078605e+00 3.001577968674087327e-01 5.291843410021893845e+00 8.992837214694776593e-01 3.083379093904740298e+00 3.387196206968792200e-01 1.549399960959411127e-01 5.687485344848539626e+00 4.542565204206116647e+00
9.401131236056865514e-01 3.368075415271321038e+00 4.074480318475819374e+00 2.294273252040932576e+00 2.283876111324455671e+00 2.545186341619661174e+00 5.664787806540696913e+00 1.156895712305828633e-01 1.087212370742169698e+00 2.757377627561744315e+00 4.382825303885912405e+00 2.879985048584199347e+00 6.879225375260553665e-01 3.911664060195525039e+00 2.581170638581784083e+00 2.022867297523897268e+00
3.739134759885089032e+00 4.108109104646320731e+00 4.078707500714226164e+00 4.464455488174481346e+00 5.612111600195801131e+00 1.905177741545742709e+00 4.779628836680960724e+00 7.456776128750497445e-01 2.041859633866551782e+00 9.038157092068642706e-01 5.757244097758688284e+00 1.041552501214632720e+00 1.275734222845196886e+00 2.235311818369056347e+00 2.176121092881102559e-01 3.049249708236482448e+00
5.760650710121632656e+00 9.515467113437395819e-01 6.086387628114294790e-01 2.657021744941173491e+00 3.653150038977895253e+00 2.371118711807282953e+00 5.099441225385136001e+00 5.789942472285988240e-01 5.159018602312482216e+00 4.058911486983920014e+00 5.227613687469570891e+00 5.455803561941515722e-01 2.095836167741756739e+00 1.200329453979199101e+00 2.089534653563544786e-01 5.414269568280857037e+00
3.987691054326984563e+00 1.386595837058628211e+00 2.534144986218070272e+00 4.082699538901529479e+00 4.894608383407378582e+00 3.081511083300766174e+00 1.665918755794361106e+00 1.401351727771186439e+00 3.772398297479226947e+00 3.578858372960063150e+00 2.186352272688992127e+00 4.078452577726733530e+00 4.194272080209151987e+00 1.032135232183554852e+00 2.613485572757756614e+00 1.854913726058057932e+00
1.284786430990276118e+00 3.619201253272022800e+00 2.033064165300196180e+00 3.687005707202298144e+00 4.714818890093012804e+00 5.328379849050508987e+00 3.196112869730903583e+00 6.159152019653336696e-01 1.221985832742834288e-01 2.920373225995293698e+00 3.854908975771947688e+00 4.251367555030003409e+00 4.470122814667202071e+00 5.186436509918723736e+00 5.304255967228097113e+00 4.644655011903912722e+00
3.684278484375630214e+00 1.839836610281612828e+00 4.601345137917912886e+00 3.626681977189819328e+00 2.534775351779506636e+00 5.071758027739970309e+00 5.296078690442084458e+00 4.789676635131947968e+00 2.656927686481938444e+00 5.573047871590662616e+00 2.797826774624617929e+00 5.077976118826645013e+00 5.505514861367390989e-01 3.496313458813776087e+00 2.705510771645016632e+00 1.476153081457405092e+00
1.304189758259387988e+00 1.528597607644865963e+00 3.216675629879580001e+00 1.555568517616442659e+00 1.524219169570099286e+00 8.753277011941279495e-01 6.217573206777249339e+00 8.541715011284748416e-01 6.076354212850318071e+00 1.511188108475960412e+00 3.949159055801904294e+00 2.027035672398545429e+00 6.254562177822249325e+00 3.579950120765566624e+00 1.368078391092251600e+00 5.347429161010237131e+00
5.261948146841387342e+00 4.195335680740248208e+00 5.065976364884644534e-01 5.041691304958624276e-01 2.566149280899753471e+00 2.699978507659372973e+00 3.496982409396417690e+00 3.024079356152274745e+00 4.574098554973660136e+00 6.528000292019349171e-01 5.725175657850559929e+00 8.981124001701192849e-01 2.457549268853840285e+00 4.178297914922019629e+00 1.431297226456553107e+00 5.679513247071717785e+00
1.321787298062739868e-01 5.176259743087294751e+00 1.254687838336807637e+00 9.703166136742363834e-01 1.847315420520785345e+00 1.191295806801480950e+00 9.088561934679023624e-01 6.048649897115714325e+00 3.419024124877751425e-01 5.368932976291366010e+00 5.781606068068176896e+00 2.590606347188286307e+00 5.570519688254590207e+00 3.635301547331112548e+00 2.158128994637280584e+00 5.817040555394986434e+00
4.687192608016193418e+00 5.094103669693033076e+00 1.967431028503806134e+00 8.341934098830339206e-01 3.182890165671433902e+00 3.484568896941857119e+00 5.574261340151626776e+00 2.456807921081751278e+00 3.771506162242094895e+00 1.206170595239993260e+00 1.153579988180378324e+00 6.841596168637676945e-01 6.116701943205841374e+00 3.666458327291439279e+00 1.170811151018930074e+00 2.608826336260186896e+00
9.230563856255783461e-01 4.572193975609727623e+00 5.487542827216830510e+00 3.274854521270572860e+00 1.631902277909854648e+00 1.089835036429069315e-01 2.827007652167068397e+00 4.335879992261710392e+00 4.051623306103810052e+00 5.010976578147880112e+00 1.974475990060118535e+00 7.372898461356616195e-01 1.402681863634402504e+00 1.932376739654413644e-01 1.890664697141574813e+00 2.202382917539880580e+00
3.891996693757530767e+00 5.135184670336142787e+00 4.402999933866854398e+00 5.953155265191719892e+00 5.492260398636108487e-01 4.701483518787833993e-01 2.510703379989053019e+00 4.245171339419757217e+00 1.971319429218440167e+00 4.174114839007351918e+00 4.747582236961763513e+00 5.483357066602430940e+00 3.958229561204046343e-01 5.383237828775777167e+00 2.381849788242178523e+00 4.381617657793078990e+00
3.463637813896173201e-01 4.852606271355431211e+00 1.026303059759332115e+00 4.943217799388876621e+00 5.063227959740046025e+00 3.781408741472279011e+00 2.240623299491739218e+00 1.255732470795005939e+00 1.768214754798604349e-01 7.553252749823730072e-01 4.322120979445911004e+00 5.586682317644320328e-01 6.116243656951231955e+00 6.067272371987238344e+00 2.803139151653832872e+00 3.510875828798249110e+00
1.457624859663687877e-01 3.960264697034257431e+00 4.309357512897867282e-01 5.275156527935696837e-02 3.350604682117622524e+00 5.357744396975870238e+00 4.678299488878972845e+00 1.729019500175559831e-01 3.744187907817055017e+00 5.227997633399080746e-01 5.753279065056489117e+00 5.231974531692309860e+00 2.435942142344949435e+00 1.378544472195691872e+00 4.200004204913994066e+00 4.969500563089549239e+00
1.431776048655569955e+00 5.372442087923237963e+00 5.117250620647564752e+00 6.091959059042554969e+00 4.839711985090379365e+00 6.778954131377263881e-01 5.836926465304620670e+00 4.847481282298957694e+00 5.535923419697836856e+00 5.877123058828348512e-01 2.123220079422846851e+00 5.900494176833732674e+00 1.455048168470231884e+00 2.588284867273427992e+00 5.049778802375108455e+00 1.741034033672520298e+00
2.854259317301193644e+00 3.779797450423927341e+00 5.193567890795639741e+00 6.434018188129164706e-01 1.165321324820538962e+00 3.774455810417479906e+00 2.663674363320817307e+00 4.496684865988841651e+00 6.222531568919650091e+00 2.806599627817030651e+00 4.760938475901443034e+00 2.587034595938426662e+00 2.805630566043447960e+00 4.814899296888855318e+00 1.727362630375962826e+00 2.210223657666861019e-01
5.471113637340265790e+00 4.063805878419092465e+00 5.855812229611017550e+00 4.402399811215985892e+00 2.148248724634461482e+00 4.910640269710865979e+00 4.613990653894445515e+00 2.747100019088941192e+00 1.748263903236099370e+00 8.203024769835789431e-01 4.983500108495380054e+00 1.144236870950743112e+00 3.742494137148266731e+00 5.597074211024888335e+00 3.068235692980500584e+00 2.180227391554212524e+00
1.304969498589598764e+00 2.150894778980109390e+00 3.223618051606406354e+00 2.791305662176414071e+00 3.492569502925223723e+00 2.669758583313807776e+00 5.612013506167608412e+00 4.729417551405338926e+00 6.982344385732226488e-01 1.243954595381453254e+00 4.451723718472025415e-01 2.399566654297274670e+00 4.823500361244028589e+00 8.651067010858699557e-01 5.324275698488518671e+00 3.687798776530524236e-01
2.756525555163265917e+00 3.390627797822225453e+00 5.031753822240308871e+00 2.855009751255688788e-01 8.443966377178155902e-01 2.531947448281159918e+00 5.807416987862693780e+00 4.441740836330371422e+00 1.664417971899822879e+00 5.959041067817594239e+00 6.196444367924224039e+00 4.229863882446843526e+00 3.964436140079615978e+00 8.023019862029517890e-02 3.936077091217867530e+00 5.623191131594889924e+00
