1.652716572868258238e+00 6.150472572485343292e+00 2.587535762052003641e+00 3.453848310458847326e+00 2.449464501068026490e+00 2.299639122705359640e+00 1.115677805963303237e+00 6.477137920835769336e-01 4.121350677141593088e+00 7.369388348592039728e-01 4.064355117344993218e+00 5.366776883350776295e+00 3.024707889578763798e+00 3.950999741616409988e+00 1.588743679030418798e+00 4.075458292004760175e+00
4.733780642633108826e+00 7.815709554318648333e-01 5.211042979423602395e-01 4.007083899031180785e+00 3.421209981811439427e+00 5.104321857004757712e-01 3.542997002362803904e+00 1.337114529339786528e-01 2.756001304891720238e+00 1.630858458181943249e-01 4.545076407303151100e+00 4.409118325803277116e+00 5.634024624657718583e+00 2.172903346228131749e+00 2.872301462085573132e+00 5.469514111043368487e+00
3.666487329811073170e+00 3.362532735889734337e+00 6.208050740003367096e+00 2.260547299618593797e+00 1.299924985155502810e+00 2.117975684028010175e+00 1.014844737457127055e-01 3.740042762245300967e+00 2.996436379046156784e+00 1.980908617951257167e+00 1.568100311774792699e+00 2.423970697427289434e+00 1.417432627919122057e+00 6.040479113866228822e+00 1.968250392719016917e+00 5.615744651776240381e+00
4.675328159132772221e+00 3.065992623216173829e+00 1.345411900297392771e+00 2.809500641027138812e+00 3.044803102903077985e+00 1.740035936528361526e+00 2.518978385070641757e+00 1.051259282370656134e+00 3.740579480719782968e+00 5.871593168992044198e+00 7.803694659841688974e-01 1.428185577726968969e+00 8.548690425691533867e-02 2.269184202820760277e+00 2.734481557746614833e+00 5.804600796549463482e+00
5.412122910630397854e+00 3.132814877119208141e+00 2.231554834263441034e+00 1.856222034032430024e+00 3.781068163062770715e+00 4.855001643959158564e+00 5.508729169574838380e+00 3.705263717010962576e+00 4.645911732199877520e+00 4.413112969712980949e+00 1.419060373221177729e+00 3.073655486840895179e+00 5.778868282520394750e+00 3.064464140635162259e+00 6.214909710525295061e+00 3.929546580470405726e+00
1.033406480608066946e+00 2.868944755600284502e+00 5.877210809673144354e+00 2.385540569699294178e+00 3.854620481161348700e+00 4.275630139672012220e+00 3.667370667093558190e+00 2.140495242548551003e-01 4.152337811248862032e+00 5.660610699976048821e+00 4.700971889903704515e+00 8.219849501072156173e-01 3.986863949093436332e+00 3.290972634879180347e+00 1.415246826091918653e+00 1.339743368873711482e+00
2.498108706581884775e+00 4.502059223759887985e+00 3.737491045867533668e+00 1.613187793497070199e+00 4.786847077374065229e+00 1.389746894642125641e+00 5.981677169441285358e+00 3.220112194693505625e+00 1.586189214894299537e+00 4.792019635347497974e+00 1.603281316401025336e+00 6.530161482995254507e-02 4.461387658996726735e+00 8.296944487948609837e-01 4.256065866118936114e+00 2.137617380807044665e+00
2.053113784083235860e+00 2.447852782535618221e+00 2.707938155546772752e+00 4.016599921107722793e+00 3.477374884498817931e+00 1.911596573435496271e+00 4.333641869243339606e+00 1.929411283031149393e+00 3.259473724373407322e+00 3.798075393361957097e+00 3.488241731008019375e+00 5.177019162513618156e+00 5.220831430943644769e+00 4.996831540794568483e+00 1.194815028882541430e+00 4.357470372013837689e+00
4.585450096478293602e+00 2.278004357104778332e+00 3.030771187927042920e+00 4.240116727447404088e+00 1.097763142918292800e+00 3.118885478949995793e+00 4.930038697407193027e+00 4.744143663937559374e+00 3.449879939030460640e+00 1.024021255200435743e+00 9.137640653406322588e-01 4.746449221358720827e+00 4.617897613847627092e+00 6.241696873008360846e+00 8.323564974540483830e-01 8.984192814670447502e-01
2.610590248859308904e+00 4.564766164039391061e-01 7.258081482258869066e-01 1.664312735053851355e+00 2.202339475742010333e-01 7.809465370723938094e-01 1.744987347675027278e+00 4.111598039954177608e+00 6.664121610614043290e-01 2.826230827438027227e+00 3.023847890266793126e+00 1.262802744744657257e+00 2.282900924332423198e+00 5.485358069078927201e+00 4.811779891446568591e+00 2.938862719869680173e+00
5.792889544590689610e+00 3.879963977717801438e+00 5.211212549789604687e+00 5.000529107621924041e+00 1.589233646192277138e+00 5.410587756058826692e+00 4.462513265611379509e+00 5.475279153303331370e+00 4.589809705350686109e+00 1.159536731251910924e+00 4.385416280613631201e+00 5.332562155641537238e+00 1.268114968045182867e+00 2.528234386440447512e+00 1.948556735031552467e+00 3.402645119800445705e+00
3.818766488454018670e+00 5.188344568069027218e+00 7.393831986249421728e-01 1.817297055268805916e+00 1.926176200090492063e+00 9.713936707585263397e-01 3.626118848020668306e+00 3.586280660434567835e+00 6.456310734734608259e-01 3.851457729212548031e+00 3.769552765312385922e+00 4.432265186684282376e+00 5.452433950039816679e+00 5.741084801568042906e+00 4.140974991398289617e+00 1.972747377345866138e+00
3.630577677795475466e+00 2.943265940686887294e+00 6.239570835710813057e+00 2.619021802535853816e+00 2.885973587136435814e+00 6.219013632801633662e+00 2.945192972356536210e+00 4.323435187348825259e+00 1.275131808600173500e+00 5.347544095914996909e+00 3.261147022403812823e+00 9.041879862787369770e-01 2.606520374861563738e+00 3.523487788281498556e+00 2.130222743027865739e+00 5.817765494152358219e-01
3.130625084027350624e+00 5.286564798162051382e+00 3.055170989338391152e+00 4.227988572260517941e+00 1.242031189333824281e+00 3.248096043571383706e+00 6.200407689056584459e+00 9.945327600752983388e-01 2.535810495446147339e+00 1.591675828076843102e-01 5.259102445070725551e+00 2.117687514021148854e+00 4.118691839981552860e+00 1.821481019087004549e+00 3.077734006290008928e+00 1.274706981193259203e+00
2.763925267799169028e+00 2.988388776413791081e+00 5.585833499615722175e+00 2.223607520856691888e+00 2.616349584687003293e+00 1.918178418926194784e+00 3.631448080565154335e+00 5.313420838144651270e+00 3.517786063168539368e+00 5.951163419124739562e+00 2.293274056550161699e+00 1.759130895113480753e+00 4.397184383824523479e+00 3.318029288808206356e+00 2.075837064058895454e+00 4.222401212315999963e+00
4.888467008951287163e+00 5.376193628672014668e-01 7.016630141855726421e-01 1.147377266454071787e+00 5.632372230930188239e-01 8.301194405155837286e-01 3.141829495124282889e+00 3.881404453954137579e-01 1.885488562801014734e+00 1.062667557512986027e+00 4.243019650834715328e+00 1.834887994690923785e+00 2.661070154990275771e+00 2.398722904071863282e-01 3.191336926459258372e-01 3.136395822034294234e+00
6.128162999075802198e+00 5.963828113027583200e+00 4.943793161413317705e+00 2.530920873723758291e+00 4.396449885279283265e+00 6.154156625615521570e+00 2.922325672845513367e+00 2.886681026892504720e-01 5.949259315613814714e+00 1.692792371209769886e+00 1.265633921323535915e+00 1.691460025165111736e+00 4.531449497163057671e+00 3.047877055608695596e+00 1.699565903570199765e+00 2.970244234307738651e+00
1.291156139716871154e+00 3.020797502508369092e+00 2.271687142483384214e+00 5.147660621761391830e+00 4.572244748347227827e-01 4.487680078238669434e-01 4.832839100052474635e+00 5.240972585392404959e+00 1.071273015781267768e+00 2.713737682300092935e+00 1.177493431264835078e+00 3.652192404850541085e-01 5.979587536270621895e-01 1.321269483870297634e+00 3.464280339878405446e+00 2.745183525165680205e+00
1.784444533386579046e+00 1.524791359124253454e+00 4.655027319594361224e+00 6.725434176959679267e-01 3.117859372441854404e+00 3.401456750348415881e+00 4.215633833714252710e+00 2.795482697017340534e+00 3.854793787197376975e+00 4.406019163695627405e+00 3.929197837569441826e-02 2.998578865139450045e+00 5.426736353869808793e-01 3.954706286331426845e+00 2.083461562392639743e-01 2.247920886537325469e+00
1.987358018933946369e+00 9.869037087615010195e-01 2.573755636528018975e+00 1.200332579154040902e+00 5.690193874813149755e+00 2.866398186362391076e+00 2.591548071246173035e-01 2.922952314668047502e-01 3.946763369193066140e+00 5.429565491860498305e+00 4.084717791364347761e+00 6.023150184640105875e-01 3.693111574282880838e+00 5.419628452316991307e+00 5.612990132194919379e-01 4.932586101789850908e+00
4.386684498731155735e+00 5.093788998528907541e+00 1.047661189049055919e+00 4.276117753804359545e+00 2.984369582778084951e+00 5.902842099902287920e+00 2.597590220950781514e+00 4.310383775718986676e+00 4.370510812421768421e+00 1.968423079339887583e+00 3.072832174766547020e+00 5.016768251689732949e+00 5.355445374209751641e+00 3.852166123862684977e+00 5.403072683048156577e+00 1.933061441233667188e-01
2.705645335732469015e+00 5.269790986275611822e+00 5.605336255221381236e+00 6.279018118515666380e+00 3.663958767595146160e+00 4.904477095349539795e+00 2.855339367591919419e+00 5.163205909546310757e+00 4.194757332035435660e+00 3.124064156234155343e-01 5.939419452129075516e+00 7.975914539828269367e-01 5.799290046560399148e+00 5.893881624209925896e+00 1.779262017620366620e+00 2.346429723330211381e+00
3.478834534659260402e+00 3.694592564850732175e-01 1.668150034449655816e+00 7.235974063347654084e-02 1.428825979180491812e+00 1.947420193473555106e+00 6.036638896073685423e+00 6.281950356136182023e+00 1.669627302073424913e+00 4.189426930574771113e+00 6.112661868966523748e+00 3.481863210523162278e-01 2.662853610742915489e+00 5.926217481808126131e+00 4.628459036289601869e+00 3.682821349839318525e+00
5.041383018134593996e+00 1.311112560261978643e+00 5.476079873861740666e+00 2.617331983861414191e+00 6.053909013617914781e+00 6.666866894957205192e-01 5.106859083386100728e+00 5.559913916454285676e+00 4.575031931069408309e+00 6.159976777949117910e+00 5.705023176062321788e+00 4.438586924133555378e+00 2.689062892364951995e+00 7.392078113774376291e-01 1.538014035959471837e+00 2.059126978291984933e-01
5.982703807486244862e+00 2.245554938548531609e+00 3.204657074558580732e+00 6.055197242139497282e-01 2.810999593544670105e+00 2.721265973431808982e-01 3.325915922143569237e+00 3.314857433171265910e+00 1.306154443060651094e+00 2.071917180385900892e+00 1.836160400134312809e+00 1.634447218103815547e-01 3.177522069911404401e+00 3.689164404132140529e+00 3.302173463105687823e+00 4.278727721908417436e+00
4.653720992096320508e+00 3.515747694039510485e+00 3.475979325292189781e+00 9.782883367165388089e-01 3.281706405939702087e+00 4.143604851891946161e+00 3.518266980807000177e+00 6.047445448394714873e+00 2.981226740274706355e+00 4.074635476992399141e+00 4.408645289503239084e+00 4.055459786490933638e+00 5.182039419317654882e+00 2.286826544576476383e+00 2.840476126730603124e+00 4.686762032177247406e+00
3.134981531291176626e+00 5.564695473081537197e-02 1.565898556651213469e-01 3.118763392532666878e-01 1.238193072565656916e+00 2.648168703257238743e+00 5.999041413197237382e+00 2.603022848227238395e+00 3.660628622306269619e+00 5.218274050447958778e+00 6.080836085500952670e+00 1.184813095405262251e+00 2.142869454442392740e+00 3.296204380829998559e+00 1.598415307306412014e+00 1.003026513583675339e+00
4.615812528018319760e+00 4.256011498964514139e+00 4.388873640212043625e+00 2.299620442398416120e+00 6.195046059371587255e+00 2.024203682256448200e+00 6.478703468062378956e-01 2.647785473218770669e+00 3.131886719756754367e+00 1.685366775324904198e+00 6.015863035171385320e+00 1.671342416403697184e+00 2.289711371231845760e+00 4.265315857579655479e+00 2.662787721087535253e+00 4.030107107559507407e-01
3.146386683111521254e+00 3.699027032727225883e+00 3.142460120156564063e+00 4.626631018538581941e+00 2.496612795072940649e+00 2.167093102793385295e+00 1.558444239280669219e+00 1.709867409110348513e+00 3.437404434890647842e+00 6.190845687962132082e+00 4.584188896132496360e+00 2.449050656567680395e+00 2.639783379198569424e+00 1.201583425537168681e+00 4.534074285820051564e+00 5.072030933199104474e+00
4.026024469683025409e+00 5.924454193984282746e+00 3.478519682526698631e+00 2.336263549424786756e+00 4.081828986933694559e+00 3.359854913135840615e+00 2.840699110360804358e+00 2.052474364679279517e-01 4.122115934642167190e+00 4.806678085061879990e+00 2.028887712966808810e+00 4.576855566612752391e+00 9.278285105552522838e-01 3.986609902758349921e+00 1.574807293989915813e+00 1.284966213431593340e+00
7.044887342738030689e-02 4.131388774816152853e+00 4.476711122856078973e+00 4.540231662017404801e+00 1.874881889801509605e+00 1.870386083803457167e+00 5.364773825583990075e+00 4.820924722279962715e+00 2.768976275551928157e-01 2.139056287285693525e+00 5.046555568501883471e+00 3.032979002681858827e+00 1.952318760781133200e+00 4.453375891562803446e+00 3.710317122997217165e+00 7.515954338969829118e-01
4.464775391602169741e+00 1.682664890223633525e-01 7.095856926871493275e-01 2.260685854817336526e+00 4.999246573639450908e+00 4.614265155036652466e+00 1.298858453175178784e+00 5.467010757099002305e+00 2.514405516505851423e+00 2.362386061824552019e+00 2.547084982502542783e+00 5.248446229522784279e+00 2.454455394563535453e+00 3.773072912825933933e+00 3.942007550220273160e+00 6.016292335803515634e+00
