1.324726757159139900e+00 5.429198451780740342e+00 2.300963259400258920e+00 5.809206429065876698e+00 4.471209108848334779e+00 5.933769759425651102e+00 7.885091421747343343e-01 2.410018944904100735e+00 5.298150785211928948e+00 3.460553489333827670e+00 2.186050604720576107e+00 1.327153652307476506e+00 9.636101782076555988e-02 1.077426086556899198e+00 4.072368530265832121e+00 5.128699610812180509e+00
4.905816459952217379e+00 2.116537440990536645e+00 3.911689871088271708e+00 2.661097426228794305e+00 3.115583806675501055e+00 3.128549716657416102e+00 2.846931244064791588e+00 1.486448352508368043e+00 4.790420501523867003e+00 2.879118426441765521e+00 2.839404393983000929e+00 4.463926088927034463e+00 2.354360348756955990e+00 4.856910645079728361e+00 3.764422328749768010e+00 4.237143792647135143e+00
4.484249523721691943e+00 4.852794876726732376e+00 1.054223197538309620e+00 1.264042362180753720e+00 6.157259488635316913e+00 9.887561274936157441e-01 3.000416237713295242e+00 2.334153414252798875e+00 6.164516791822034492e+00 1.559196371182287155e+00 1.031958367366024865e+00 5.388269393669857799e+00 5.914734485445682033e+00 1.899853613887049208e+00 1.230476243971410311e+00 1.864560295611469964e+00
3.929890341557351174e+00 4.287696975464362903e-01 8.276674329949039732e-01 2.153552090319525991e+00 5.537221562539577313e+00 4.565992475092741087e-01 1.558714736962298342e-01 1.976658084337174603e+00 5.001089585686707473e+00 4.319166777475415664e+00 6.068654381990803870e+00 5.297407016452776674e+00 2.045251433254744247e-02 4.802679152277440799e+00 5.812848495063451359e+00 5.514630690449036088e-01
4.955902855636264981e+00 2.509286087849695868e+00 1.786156214899344175e+00 4.957757389954748906e-01 3.677403330857777153e+00 3.006789239206785425e+00 8.035415416816957812e-01 5.103545870610283197e-01 2.189187601693921792e+00 5.127855198799942116e+00 1.318869213815119901e+00 4.002070541812471127e+00 9.575748906509854441e-01 1.985229777689115460e+00 4.744705227001617232e+00 2.573013211560299052e+00
3.215919040468640411e+00 1.260556910257800478e+00 5.324632594836793409e+00 5.567794740525864761e+00 5.442516203631292626e+00 6.259477567849724977e+00 4.766584871298003456e+00 3.293110807257136674e+00 3.310937276063649737e+00 1.185417251606873057e+00 5.622051481559518393e+00 4.615078713485992523e+00 5.863777642730385153e+00 4.446760885950810760e+00 4.857605502069788805e+00 1.762940789025943866e+00
4.568878211011764279e+00 2.765243231235422261e+00 6.004174219434258220e+00 1.706794614810852373e+00 2.588786809366595776e+00 5.191351015916112921e+00 4.717155221374117247e+00 8.848028016412670116e-01 2.528160121757246248e+00 2.058227998973488404e+00 5.528813382401629006e+00 2.753032830538910680e+00 8.316951824323985665e-02 6.340697492825770887e-01 5.299013448117100289e+00 4.266419492597329111e+00
3.691664797774050655e+00 3.144137911454418344e+00 3.312871596945141217e+00 1.436925153332738958e+00 3.779008182703553764e+00 4.961733129097485318e+00 8.698768229774364036e-01 2.796051034914561306e+00 3.543131953726029959e+00 4.735799854309175223e-03 4.480667576073022573e+00 2.757758773764129034e-01 1.912475674169305639e+00 4.055988636398670799e+00 5.395251330593285877e-01 2.149628437642018941e+00
3.142343414290028836e+00 2.146136404890297111e+00 4.926233349401157646e+00 5.162108955847632963e+00 4.133016892327449732e+00 1.644514398764358454e+00 2.492684587944729913e+00 5.157622109373678043e+00 6.731269546295215456e-01 4.321067491296442853e+00 6.222262362858314688e+00 5.586933363777383477e+00 2.075084472829967552e+00 6.264922409927859093e+00 4.440459805754958800e-01 3.538644716475396190e-02
5.910213298243909286e-01 1.436661520415219551e+00 2.080912327708151377e+00 4.288039961243026443e-01 7.569802778223180262e-01 5.844982114309941856e+00 6.164022068174611846e+00 3.995627362519830861e+00 3.319123843107893990e+00 6.170082161329793813e+00 9.469915438813503172e-01 4.590155245790110250e+00 4.247971948742895520e+00 3.052297861686591673e+00 1.185423724785732658e+00 1.491699549915445733e+00
5.648208211188400441e+00 5.844358076725025164e+00 3.903502533602357882e+00 2.141063072918718113e+00 4.433601902983198784e+00 2.127226319749847772e+00 3.138079734963973855e-01 4.042482909691115012e+00 4.805638209140467021e-01 3.226013037549130935e+00 4.274989074984724802e+00 6.139918483867475629e+00 9.974351950397423172e-01 3.425823199087767001e+00 2.989604831082490755e+00 3.564478882994547515e+00
1.566647844667401923e+00 5.691295584253666107e+00 6.198177844225543076e+00 9.461647609683625226e-02 3.591220159722463556e+00 4.075810286845044317e+00 2.853026919693015806e+00 1.161680080418415528e+00 6.062284125968983695e+00 4.061093442576808599e+00 3.225806487217075524e+00 6.424391127516368427e-02 1.130336027113688857e+00 4.693477972451580271e+00 5.695208507384008634e+00 2.217952723450876906e+00
5.381550715783006034e+00 4.217889189183868126e+00 4.958705675286999792e+00 2.516575942923115150e+00 5.862850372599628379e+00 2.541763638781810997e-01 6.052082532811725590e-01 4.172051764012374875e+00 4.302121629304672012e+00 3.878462669979554911e-01 4.919048787021876201e+00 5.593349224449597479e+00 3.111827671299348008e+00 1.867937975031776776e-01 3.813219887688473531e+00 1.983849027237837293e-01
6.063183939446605830e-01 2.692241974782429992e+00 2.715310527053646616e+00 4.774184566082235293e+00 4.608102765135200229e+00 1.349513600945940084e+00 6.117177909574198047e+00 4.242952674320748407e+00 4.255380354550721833e+00 4.496393532585012842e+00 5.977347310547040493e+00 4.919015151456621382e+00 1.160528973273716957e+00 1.717795684007951129e-01 1.304960709603619540e+00 4.450272394439972246e+00
5.457446685653261298e+00 3.377589848605327294e+00 2.498025360766749914e-01 1.905248769570242695e+00 5.846662303356841006e-01 2.200053235830326248e-01 4.736802287378389376e-01 3.914950981738564817e+00 2.804448375017846384e+00 6.047773016593421147e+00 6.352176183320409897e-02 6.239741968229879365e-01 4.956782444504074792e-01 4.414370606714432377e+00 1.220956425663091816e+00 5.857944642337948871e+00
1.168179018776954292e+00 2.620682573251471137e+00 5.750172081543643898e+00 2.681519210129745368e+00 2.580672513277068258e+00 5.471887812873866608e+00 1.569169649934597510e+00 1.084943208859500408e-01 2.577044187588802160e+00 3.342040406718649770e+00 5.307894904592345142e+00 4.243202662522428170e+00 1.167745227036389277e+00 4.139559679186203489e+00 3.915423544543894518e+00 2.537417866222267726e+00
1.404108698369601615e-01 2.020635806305563165e+00 1.467133767048531157e+00 4.705104464589159541e+00 6.252380176246038701e+00 5.897058702607772540e-01 5.712984416500710871e+00 1.004306549150191658e-01 3.462520404744886982e+00 4.348760506315176855e+00 2.010166719153061887e+00 2.436536967936233644e+00 4.691372492552819407e-01 4.770460240991226009e+00 1.154061931026694410e+00 1.393537130543147873e+00
3.412517184797985714e-01 4.463438599126907214e+00 3.275465745838616272e+00 1.648553856921876504e+00 3.093065516489611255e+00 2.071204805927134629e+00 1.350469630404737442e+00 1.905863553570657842e+00 5.461427358359604689e+00 3.004158161126761484e-01 7.752756760959629290e-01 2.779562100007037517e-01 5.307805790035318161e+00 2.839161801128347928e+00 4.718583635213313698e+00 2.400575437434149695e+00
4.535769724539890468e+00 1.610211638345625529e+00 1.396004214362042140e+00 1.535627731943573382e+00 2.869668309289130081e-01 1.346774687287878303e+00 3.262561078654570235e+00 4.966619327615395818e+00 3.655841656886487989e+00 1.699218395934735781e+00 5.144346677876532326e-01 4.785575505795208073e+00 3.354473682371871934e+00 2.754384037983500289e+00 4.623379138272013300e+00 3.077354027971261008e+00
5.932607112377258574e+00 6.262947921472132862e+00 1.919739563841296626e+00 3.581432479280954428e+00 1.115110039494247696e+00 4.774735360341060719e+00 6.208788459342022392e+00 1.104208625239815778e+00 9.176017595020626860e-01 1.004435070012250908e-01 6.062450277385124764e+00 4.606187146705327251e+00 5.983090180948794412e+00 5.730923155393823798e+00 2.426910774109968028e+00 2.842809901485059410e+00
3.403667385311009763e+00 1.502787272279642039e+00 6.115330528520595443e+00 6.189684044212508063e+00 9.238670233186973002e-01 3.086311832931573296e+00 4.915154983660195320e+00 5.968252928399448543e+00 4.906936352243195243e-01 2.322146177969312664e+00 6.226614124290155594e+00 4.576996175534804756e+00 3.899488608209735752e-01 2.416829687631071533e+00 2.530291312589142638e+00 2.565431957546621788e+00
5.461701633901304698e-01 4.561523493999088075e+00 4.366849871444546061e+00 2.328650466784222939e+00 5.625307444819205749e+00 8.961319541365424524e-01 3.205171488914809963e+00 1.773275786552341637e+00 5.069840908275009994e+00 4.714380852820276857e+00 9.463505758495927012e-01 2.225814528101834444e+00 1.000153077981231542e+00 3.957223838661350523e+00 1.148552612045792731e+00 1.598211524300044317e+00
7.068295832883008112e-01 8.166019691331719565e-01 5.393039640697127268e+00 5.186229888110629460e+00 5.587657181018159669e+00 1.606499740223104045e+00 5.504056891863994494e+00 2.582485578003124171e-01 5.014168231194299885e+00 5.239838470141025439e+00 3.921948349033709258e-01 1.916524977727341206e+00 1.499804312005146745e+00 5.905631719283102044e+00 5.747455788888109929e+00 2.073438437099514253e+00
3.325622627126642583e-01 1.326196540877177199e+00 1.698095290171301119e+00 2.051528983936651951e+00 4.011867976156056947e+00 2.067293216382188881e+00 8.195165574282972099e-01 5.892415668238546900e+00 1.555238129062688879e+00 1.119639001300290815e+00 2.065570285944045903e+00 2.688515001150305395e+00 4.915773568065796795e+00 2.767587345624805906e+00 2.242505289515101197e+00 1.270633522233764134e+00
6.524830164196826487e-01 2.901644581009593882e+00 1.565874026208362579e+00 1.556628220006285090e+00 1.822890303310173155e-01 1.123597084659671452e+00 3.267488268914087723e-01 1.301773879118323984e+00 5.839055708207437689e+00 4.398224472626769632e+00 3.597688234311667621e+00 5.300300309663375842e+00 1.994220212618776467e+00 6.128302326560940649e+00 5.616654017903684348e+00 1.812957815725109390e+00
5.983381970161905095e+00 4.356883681854023749e+00 3.445614815486144789e+00 5.872116231395832386e+00 5.762823234989331134e+00 5.843641454836308036e+00 4.201247966590726968e+00 1.845072373316570397e-02 6.157531305940432631e+00 4.350307824389819444e+00 1.178186969906463544e+00 2.403850278661765039e+00 5.127677916766383959e+00 3.438368478485069879e+00 5.118070105693912630e+00 6.084155891538241434e+00
3.732707992452165779e+00 5.222865531653363647e+00 2.314125385590734219e+00 5.000065151548716003e+00 3.856667317672163531e+00 4.585880995529773685e+00 6.194896391789016299e+00 3.859867326031761525e+00 2.331052331936972699e+00 2.475912745793571457e+00 5.631768143204068267e+00 2.429694621143101863e+00 4.129577512415470331e+00 5.419442813263914083e+00 5.774850146670846840e-01 5.743481457064865126e+00
5.759827780081960391e+00 2.405764207708263935e+00 3.196367042972636519e+00 3.907381792308899371e+00 5.396628658399194478e+00 9.996162641675743199e-01 2.208021951911861791e+00 3.051880734798825934e+00 5.791337886780514310e+00 6.215791943842717160e+00 4.269899304223007341e+00 9.368574586881138755e-01 3.830382407435193315e+00 1.628830839195940294e+00 5.001682759680990742e+00 4.343908763398326434e-01
4.233518037799472999e+00 1.057062982962679420e+00 5.591212335843222192e+00 2.122954066245719584e+00 4.840332350045885690e+00 3.586102602258625982e+00 2.662292449309886067e+00 7.760838741561744136e-01 3.261765249961718460e+00 1.453391233875087840e+00 2.730636401207739983e+00 2.616269389686493252e+00 2.630914449310179482e+00 5.730828045452568631e+00 2.615586604845087759e+00 4.633381543754903298e+00
1.271296385614636426e+00 2.636792371974938654e+00 2.136481569012186998e+00 1.474476501955534369e+00 6.271655709503501264e+00 1.555548557336706494e+00 5.232795146140452047e+00 3.865048540378263286e+00 3.024353515566132522e+00 5.094557787782572511e+00 6.218049962783368301e+00 2.196161348187663176e+00 2.161944305059049665e+00 3.908668113385673770e+00 2.598694125073308214e+00 4.184916326941362286e+00
5.595096391268854497e-01 1.895169460909170267e+00 5.763925081260304673e+00 1.586086282589529439e+00 1.190417849825231994e-01 5.246488608747843507e-01 3.044068335272934522e+00 3.039531250638335180e+00 1.217892750030962423e+00 3.915254673012047881e+00 1.133423382617618769e+00 2.221380544080540975e+00 2.608206297103722093e+00 2.548016686754617233e-02 6.796360460238347612e-01 2.616971877519678635e+00
1.366430073491134989e+00 4.306891180310837619e+00 1.932731116471178012e+00 2.334343467470413880e-01 2.627121790711030247e+00 4.494591323525629067e-02 2.039565392858312620e+00 8.767007815987960528e-01 5.638343969301593539e+00 1.890215747249872180e+00 2.543994280821789911e+00 4.456759065561267441e+00 2.766082711667073646e+00 1.243555492358858094e+00 2.519942317174002522e+00 1.304971589395530762e-01
