2.427832798227648414e+00 4.098548571101127358e+00 2.362454461780087556e+00 1.371394807669022997e+00 4.767004870954532514e+00 3.269682580684010187e+00 3.747219521516981899e+00 1.595116767627670518e+00 5.714013272253740006e+00 4.430534197789779860e+00 6.135050041585679015e-01 2.953744695704101364e+00 2.612099704159044911e-01 8.851606067308683823e-01 4.404710106998309449e+00 1.395031439452521393e+00
1.633744505194526297e+00 3.401083253331944167e+00 2.446026681304473704e-01 2.525238912328710228e+00 6.199514312628024548e+00 1.074810644750117783e+00 2.551980289913578392e+00 3.105038051172775759e+00 4.509120699679860955e+00 5.295309614508318941e-01 3.333093122923937113e+00 5.247562282070339812e+00 2.865924329567309137e+00 1.715007936023595914e+00 1.052923306330415532e+00 6.160222272748142380e+00
3.801629804177963923e+00 2.221109167444631716e+00 6.213867541217948265e+00 5.621079714958582940e+00 5.915426851765006155e+00 1.011452072504389843e+00 4.437347757127263925e+00 2.185934704682164220e+00 2.488149077062844050e+00 5.036374284097922427e+00 5.473037599497274641e+00 1.585327630779762131e+00 6.809776720009148576e-01 5.803706715976614916e+00 2.103938732714655924e+00 3.998260703141952810e+00
6.252723818616368945e+00 3.050238254650109671e+00 4.418679760708251081e+00 1.816080754455604795e+00 6.171346435872552938e+00 3.032109804202232084e+00 5.795207987506289626e+00 2.954436857957664309e+00 2.345280227326640432e+00 1.688038798229083204e+00 2.115369822277192391e+00 3.973720018680182431e+00 2.629223045025873784e+00 1.137508348119953938e+00 5.448584748185148818e+00 1.148904130962853598e+00
3.632032380041057440e+00 4.356418526812334768e+00 3.285774168766479431e+00 5.679915048167293534e+00 5.917045221250649689e+00 1.914505270579375473e+00 5.920914936753882252e+00 6.010623069672681673e+00 2.817586508741418694e+00 1.841560272545272881e+00 4.620206413722131700e+00 2.212281468166955367e+00 7.527456611757401550e-01 1.403007449143564678e+00 2.818473869573156598e+00 5.813639509949931616e-01
3.566831739053395012e+00 1.562211744078665365e+00 1.924377813738052279e+00 5.950685310165562569e+00 3.355996466253528876e+00 1.816346858227608330e+00 4.532726665975310709e+00 5.961912689956822220e+00 3.082254077208090415e+00 2.409195160166166083e+00 1.791372841112352177e+00 1.843718422110578736e-01 4.033563609292278862e+00 5.849081290536704003e+00 4.226194835079190248e+00 4.123138487528636986e-01
4.562039877493917484e-01 2.572117220940116855e+00 5.587274878302104675e+00 1.785147130515044589e+00 2.408641866274677579e+00 3.741732176309762625e+00 7.091574640658768192e-02 1.428190079833309145e+00 1.084679160080578741e+00 6.417749835633098643e-01 3.454010543076774464e+00 8.128515153564419560e-02 3.022755097786548273e+00 8.082380680832635944e-01 5.424906658747676858e+00 2.114511438984914449e+00
5.958578795830690389e+00 1.269340661466163533e+00 3.919009968294111079e+00 2.829860326071428123e+00 3.264553741636616824e+00 5.199680882690374872e+00 7.964372683340132930e-01 4.296453049292616733e+00 2.670785614489206705e-01 5.553675692715757783e+00 2.017994562242311662e+00 2.807371641761559289e+00 3.542823693836294918e+00 7.042534188930897887e-01 4.799698735297620589e-01 6.018622381284482792e+00
3.045490358193237990e-01 1.796846445781473678e-01 3.836084796357403626e+00 1.917205193671120078e+00 5.328153351569909546e+00 1.449475552826755331e+00 2.961174666934106803e+00 4.445233531257415827e+00 1.117312085636751467e-01 5.254240956992070721e+00 5.704765156928736758e+00 5.419556501761924494e+00 4.235045347973859897e+00 4.998434736190930039e+00 1.474395214009279087e+00 5.493081722304378189e-01
2.857578397450502905e+00 2.004909621916409534e+00 6.257990112110430658e+00 1.927184225733160894e-01 2.741189660725027941e-02 6.758385754625285680e-01 8.094839028734049924e-01 1.540558324439716520e+00 3.324925582988009332e+00 2.331819541290774289e+00 1.132279960987796708e+00 2.734867849629480485e+00 1.514248936768496812e+00 1.265753595248564345e+00 3.697820090556866113e+00 3.677032864813887802e-01
6.219612992048447531e+00 1.047262630469318889e+00 5.395638647816593192e+00 5.032468860214380335e+00 2.061700419901291603e+00 1.812348138205696346e-01 3.208825702128419888e+00 4.698662860392479601e+00 4.367874942204833744e+00 4.868840265553162183e+00 1.669379206053127618e+00 1.709553220440353627e+00 3.312667873542078478e+00 1.769561647838302720e+00 2.810426676734536944e+00 3.758265399650318361e+00
4.673967873758997360e-01 4.137364326203177289e-02 3.370218233988179435e+00 4.929936687148256169e+00 3.249430739065314988e+00 2.127554174234641771e+00 6.271057836728500812e-01 3.702782675604252116e+00 4.596636248150079318e+00 2.488338379670866463e+00 5.507875001636832302e+00 4.552426348539793999e+00 5.385533490129731371e-01 5.111279700792792369e+00 7.822030656662115611e-01 3.422157467988374613e+00
2.248874285059666356e+00 5.402499598639579403e+00 2.639927196781892249e+00 1.053777495760610750e+00 5.755195622319376980e+00 3.452245885336895359e+00 1.530326673755474154e+00 3.233898287301497643e+00 4.152885901497817223e+00 1.625899341406686460e+00 3.851488523142754250e+00 2.141623391208613114e+00 5.380037158207764847e+00 4.261468068800844833e+00 6.024522864285484225e+00 2.959519872452788025e+00
5.742535857806236876e+00 4.928087626429280554e+00 6.145990914937079275e+00 5.693970150418221188e+00 2.661658786772230112e+00 1.343987577251396948e+00 3.249175378478402099e+00 2.029859248665678850e-01 5.143338391296176093e-01 3.211993442359314610e+00 2.667744399428730873e+00 2.895405992063301071e+00 4.883136199743153938e+00 1.120047861840994363e+00 5.940073158228184269e+00 1.201077120208998927e+00
1.458949383479746675e+00 8.458172378838004768e-01 1.557000535467374158e+00 5.740739549437904543e+00 3.292783902076108937e+00 9.036674448330536125e-01 4.639416388238759570e-01 5.785762707101599345e-01 6.265965728758232878e+00 2.531381540439033184e+00 3.346703283625949599e+00 3.466419648314461366e+00 4.514220589994544675e+00 1.534524282218648894e-01 1.853112559402151138e+00 7.886867888835316087e-01
1.943259172435939375e+00 2.136238237056889755e+00 2.166807947323166061e+00 4.917059273988127366e+00 2.618767084736463580e-01 5.703660312921657649e+00 2.283874235450616297e+00 1.689478063237191963e+00 5.433420567671149115e+00 1.382893062002238604e+00 1.025202492207970328e+00 3.173431812358662452e+00 2.694988093448238864e+00 7.804859729223556641e-02 9.868895614688683038e-01 3.721809303900470489e+00
5.133457823063338310e+00 1.806893886345720013e+00 5.483289206464394994e+00 4.245806731530094247e+00 7.544047909985867051e-01 3.719394388250084393e+00 1.379509991756072251e+00 2.330542423452530265e+00 5.640056782346196229e+00 2.649264969016490445e-01 2.457855975825444794e+00 6.175296278893975810e+00 2.059571521162577135e+00 1.680061303165459430e+00 4.890632437114808440e+00 4.979239370039090673e+00
4.020417560432452575e+00 6.239311041611894204e+00 6.281397072113115598e+00 2.672943992449788309e-01 5.310294888777884914e+00 4.174120424144149410e+00 3.666039592148849557e+00 5.355858947126116432e-01 4.413488685659412880e+00 9.552329490486097807e-01 1.590893056793563770e-02 3.740625829160394211e+00 5.201038191071441830e+00 2.023026845653907557e+00 3.510881695654364698e+00 1.247422436469065143e+00
2.406114005383972909e+00 2.544593762069319531e+00 5.304990903052228646e+00 5.293865478633867916e+00 8.093939959664236961e-01 7.333131375677494068e-01 3.502558149981397584e+00 4.653969279239646539e+00 4.599281760078087977e+00 8.868039223596958509e-01 5.964507917859160457e+00 4.131075733342756351e+00 1.868732304150027224e+00 5.929102572500688950e+00 4.886390775490421667e+00 5.625336843491812289e+00
4.429046042355675894e+00 3.951443899527434578e+00 5.282729383076262941e+00 8.756037192980423711e-01 4.230047045032200081e+00 2.204218155258075740e+00 1.820989553361636704e+00 3.565085092554215462e-02 2.573942305176101897e+00 4.629259622859575596e-01 3.231958803277671155e+00 2.842683699315939894e+00 5.751654730040007379e+00 2.658004443535918693e+00 1.253392530169074703e+00 3.145607207976858888e+00
2.145209414032860362e+00 5.942007640627274156e+00 5.069642866511985702e+00 5.550935463331923003e+00 2.640676711737263371e+00 4.711367979571190467e+00 2.462680151511851268e+00 4.810728795316660644e+00 3.518671085933620102e+00 1.283206075295847182e+00 2.628147445329547804e-01 2.654492540317812677e-01 7.569240763319428078e-01 6.753685267054521102e-01 1.685731247650901654e+00 5.236916513631706849e+00
4.685965849524511562e+00 5.184441748629820879e+00 2.598046450667395035e+00 1.613627905239744864e+00 4.131757454078589298e+00 2.377797642097138731e+00 3.466861331244258881e+00 4.828814166566220756e+00 8.839955437167149599e-01 2.848216163549416535e+00 3.868591757229805417e+00 5.440307630429123797e+00 6.661760264237970297e-01 3.225366057841662748e+00 4.295625289401751701e+00 2.126394605541793492e+00
9.029936607051587405e-01 3.098675116330354751e+00 5.782218119779205523e+00 5.983386697211141581e+00 3.464061931223357593e+00 4.048180145037393984e+00 2.558175244814583915e-01 1.204545244010810423e+00 3.705245968368910514e+00 1.731705114630979203e-01 5.121858556269527796e+00 6.143796448294517987e+00 4.566099551012245072e+00 5.190685871020170872e+00 2.525554077701050115e+00 7.522680163837504042e-01
5.789653759925310617e+00 6.272039848941485474e+00 5.005495596804269809e+00 5.065964866515284548e+00 1.184472167107567309e+00 2.812361093065584239e+00 2.013846918850028533e+00 1.250435944347181527e+00 1.159649090355294510e+00 2.776922461292980593e+00 9.705456211433508562e-01 4.821053551635691825e+00 4.800211187534415558e+00 1.952680596360042875e+00 4.971170652595576556e+00 2.125524383577283682e+00
5.925334294143514313e+00 5.852760396935566156e+00 4.494416738549492862e+00 4.665868611964430812e+00 3.736614697045468780e+00 5.931768083605367003e+00 3.928180140981486268e+00 2.323256049503736598e-01 2.717358295261935730e+00 1.883851657682213521e+00 3.615262535371214225e-01 5.350110087826522864e+00 5.162815501519301797e+00 3.830506349631424445e+00 5.203246613223296180e+00 2.001520601397291710e+00
2.072117115794400277e+00 2.034451643431310686e+00 2.069678701020642442e-01 5.394328650273839010e+00 4.990539490515010890e+00 4.312592300406699053e+00 6.526894265115114058e-01 1.590971704964382560e+00 3.472176670023980005e+00 1.137057522978033752e+00 1.635820754715049841e+00 3.939311076336190265e+00 5.895191864676575300e+00 3.366649494578299873e+00 4.475544274318174587e+00 2.712561384851120305e+00
2.875943359222282503e+00 3.610769204868518933e+00 9.441906389039137482e-01 3.431779985303361702e+00 1.090111113817741728e+00 4.804682478066697904e+00 2.411328959715550724e+00 2.182125054523651464e+00 2.452595679853863064e+00 1.585847357019054549e+00 5.058583087087170860e+00 4.164389049742253768e+00 4.423502574311503288e+00 3.820561977788391239e+00 3.410647652169057853e+00 3.015292107827744594e+00
5.621289629109448072e+00 3.641782928935584973e+00 3.371451281746094542e-01 1.137684121850438407e-01 3.777505464804202351e+00 4.352604731049710018e+00 4.802302085785976615e+00 4.226036477812197489e+00 4.659886191815947321e+00 1.112932807384190217e-02 4.708923879088894537e+00 6.250332419818158236e+00 3.769926117592738990e+00 7.670753642049611409e-01 3.586381482074893601e+00 3.404866201330620346e+00
2.932054009653191073e+00 5.711372153750621017e+00 5.441110656946752222e+00 2.029485964954965915e+00 5.365015417569315659e+00 3.867241378313910793e+00 4.162116303896195468e+00 1.557739188790959295e+00 4.432222621844990940e+00 2.514618053215100346e+00 3.966673259742123925e+00 9.337623104161241194e-01 4.844291715758758166e+00 1.924389550511493852e+00 3.317314048997935139e+00 5.330511956325026723e+00
4.934013404685567927e+00 3.139070748288248502e+00 1.648541233720086652e+00 4.952161529401774231e+00 2.482805163550554806e+00 9.104025942948978933e-01 1.960214912134257803e+00 5.232000935594337321e+00 5.553250760984800749e+00 1.550475736053428033e+00 2.429131385377985897e+00 1.086832942653527923e+00 3.162129619137689751e+00 4.900542974901236803e+00 4.772785804764177797e+00 3.172186354519553664e+00
4.843812745225506866e+00 4.988055905231813192e+00 6.619484732607426869e-01 1.027983234648737865e+00 4.103784216909063254e-01 1.580613806732868332e+00 6.303766389854424945e-01 5.408066199809258734e+00 4.388166582961630979e+00 1.417180282027182825e-01 1.112656440025394433e+00 4.484023297683660481e+00 1.025449522545784697e+00 3.364578541007731793e+00 1.579107462324981226e+00 4.382425798755726909e+00
3.539084782348113745e+00 4.649820856464682350e+00 5.852184165294930906e+00 5.778355849386074716e+00 2.007256691281174898e+00 4.933701947892823902e+00 4.234026162604015653e+00 5.218076173710348264e+00 4.435205239991534931e+00 2.577993700946837885e-01 1.961787082543642979e+00 5.462121908377956636e+00 3.153602504152789976e+00 4.631479423532663398e-01 2.689360962733939875e+00 2.036714928834444827e+00
