4.428744470569165870e+00 1.298918784924530279e+00 5.671254443284525770e+00 2.611248085496709948e+00 4.990115841118257123e+00 5.110144830201858390e+00 2.311830767441203971e+00 2.531529374045965231e+00 6.193701073867299733e+00 4.968805772732273418e+00 5.693465883514905457e+00 3.135838578577256452e+00 6.220759000258024862e+00 4.646422073953838883e+00 5.927019811723001297e+00 1.169920709503145861e+00 1.351247991169169049e+00 3.171195452329181208e+00 1.046479004741759811e+00 3.813164600151834893e-01
4.735628674749682965e+00 3.265983732117011318e+00 2.325139595377396340e+00 1.931580060766243001e+00 3.807433777611692882e+00 5.932877505217053482e+00 6.362540407798512598e-01 1.874418297011858137e+00 1.696089894927180985e+00 5.918303869822739038e+00 3.212480441083425564e+00 4.618422225260236935e+00 1.137540381422217362e+00 2.681451882532337461e+00 1.076591769679938082e+00 3.325316070496796339e+00 9.410325804810416583e-01 6.225661536010232311e+00 5.619388246287102540e+00 5.164970631968829329e-01
2.682935929308722489e+00 8.044268025619597529e-01 2.099935025874146710e+00 4.524756060295780813e+00 1.549019996951328304e+00 6.229811982890339772e-01 4.221482497744739604e+00 5.411758271676895937e+00 3.399860833577325714e+00 2.021233816693683849e+00 4.861926787758983792e+00 2.836961621519287768e-01 2.786183311017326414e+00 4.369673904293216005e+00 1.177616928374881633e+00 3.670097524110555565e+00 2.752749434831368802e+00 3.423401775192761676e+00 4.617159190136089109e+00 1.308210291929727154e+00
2.537660251129482347e+00 2.815141857974651440e+00 5.712018922183380587e-01 2.640003456441868845e+00 2.507075080962878566e+00 3.894046497174145749e+00 5.257384061773275441e+00 2.328709027397580567e+00 5.021390245713426737e+00 3.789147807136138829e-02 2.500938471878334735e+00 1.125523602789085809e+00 4.026719455332689712e+00 1.041517680866257400e-01 1.276056161671665024e+00 4.015883627145675483e+00 9.263624961477757713e-01 1.205923104199879026e+00 1.368340549185195654e+00 1.924444213157747052e+00
4.456336967259125537e+00 3.577092784101840284e+00 3.656168464918968297e+00 2.668095133778697559e+00 1.236785310033425400e+00 6.221585124826723323e+00 4.939582678775828128e+00 3.436249213862961227e+00 1.395434210649608042e+00 5.789934884371180424e+00 2.590470879376982172e+00 4.989433798202870030e+00 4.651399118180684411e+00 2.208734463258504199e+00 4.267531507185584161e+00 6.015093452142025399e+00 1.621664891006432185e+00 1.197081669607604537e+00 4.716274347438402792e+00 3.341711385684872138e+00
5.296877987134192445e+00 3.804982301020571001e+00 3.144908587137253964e-01 9.513886045752305565e-01 2.288816738124194172e-01 9.818051023380151010e-01 3.308468938660748204e+00 2.186234263219093421e+00 8.742417362672978420e-01 5.907107080344439431e+00 4.249533029874976719e+00 6.032721589839464826e+00 5.629364084994900708e+00 6.495028395500913598e-01 5.132068602879883201e+00 5.984349802684675979e+00 3.799347094252218671e-02 3.251262011963085286e-01 4.601656626147870632e+00 2.503589349410817455e+00
3.873507655371997593e+00 3.439447524787806021e+00 4.772037445073974204e+00 4.710319615501388779e-01 2.305971848238689503e+00 2.714294778032159794e+00 5.532169339067555036e+00 2.767459241613445808e+00 5.312717512077730575e+00 1.663302675566180833e+00 2.516916012979074080e-01 6.200116665768380386e+00 3.417149252792343050e-01 6.206032490100727550e+00 2.192452037344753801e+00 4.039262027376001596e-01 5.664943858183665526e+00 2.655224993270838496e+00 1.789233695067356411e+00 1.176074165490863521e+00
3.858918303993316812e+00 2.155923989614738190e+00 2.539066134325790092e+00 6.126459852283151486e-01 5.785695406508054361e+00 4.856416267688132393e+00 5.277653203826861095e+00 5.961311181912269497e+00 5.756558818283608936e+00 1.057424180787502443e+00 1.390062193148731806e+00 5.288183012029595176e+00 8.704242302648245166e-01 5.353314383313357183e+00 1.514363988679428286e-01 5.379302968323558254e+00 3.791878055348135490e+00 2.399953576388496046e+00 1.399764145340223642e+00 3.874443904995830135e+00
1.110096261652489869e+00 3.729665946401029775e+00 5.357647511317771283e+00 5.438628652231070504e+00 6.244809061228624891e+00 3.022194414736629309e+00 3.189202508627311250e+00 2.139864544575474703e+00 4.446066370207171659e+00 4.714229133882208878e+00 2.206770137647283025e+00 4.531748418442515636e+00 2.887012578135239593e+00 2.269089530697379065e+00 4.244430690826412889e-01 2.497145830385827825e+00 5.734048325083231923e+00 4.988271314717644955e+00 4.442963225505332403e+00 3.203624651828637759e+00
1.366351243663435078e+00 6.035636188173679528e+00 3.107030134053553549e+00 5.165248311005810500e+00 1.158243627780101592e+00 4.392240696692257806e+00 5.305789718849388548e-01 2.178712431900607926e-01 6.426004089589990032e-02 6.275812192786806243e+00 4.907554179986274967e+00 4.027229750534479180e+00 4.400327894390242633e+00 1.860800889120573398e+00 6.153229978355043706e+00 1.115970197243278283e+00 4.640807104453163134e+00 7.410827097020336041e-01 2.510533320958175274e+00 4.537405858584150131e+00
5.551968714881904354e+00 1.761513320224229462e+00 4.446803864829576014e+00 2.389521093295852605e+00 2.932284270396040782e+00 4.026715482565705884e+00 3.767159213709785792e+00 4.846586832806321077e+00 4.522606579704254059e+00 9.485915693983973940e-01 4.329686741431541641e+00 5.529107587929811274e+00 5.989722891896113843e+00 2.552751136855354819e+00 4.396854933980554492e+00 2.567121800315525171e+00 1.788265752339104342e+00 4.106023195378172730e+00 5.295317699608474982e+00 3.172853085869351109e+00
1.771821815960095359e+00 2.809645191506713116e-02 1.811439466434751511e+00 3.980316443403048687e+00 1.518530763347143875e+00 1.020726322726370483e-01 4.308777739241725691e+00 1.573171977900425622e+00 2.419926587408609109e+00 4.972850682154244417e+00 3.673789549421717204e+00 6.164695141875519147e-01 9.440933318449523659e-01 2.181286011500481514e+00 3.177073993429793575e+00 2.373794233634403117e+00 5.362652320118050042e+00 3.825850213417450352e+00 1.303758621329365930e+00 5.878195087213493153e+00
3.183672787619782341e+00 3.956592864202660209e+00 4.982128212827106495e+00 4.674739142216912668e+00 1.720662380531421398e+00 2.580150352578507444e+00 1.551869132122038586e+00 1.367935952993667881e+00 3.446969070402807311e+00 1.338254308732353515e+00 2.881265811139137600e+00 3.541902997984038848e+00 4.610240314501409920e+00 3.730447175819710193e+00 2.590950307670462749e+00 5.149768185722364278e-01 2.573961582616789645e+00 4.719055413406080035e+00 1.216962947077649071e+00 3.755836389500711192e+00
4.609062571362653848e+00 4.416160919605293778e+00 3.967380160327134586e+00 3.605127442795677428e+00 4.729783404485404574e+00 3.988168711678071965e+00 2.936090667947923283e+00 5.022207741424784544e+00 5.743678118774355745e+00 4.857473850874023391e+00 2.412405758695876923e+00 5.150760312232169902e+00 5.081989435092710394e+00 3.919662253595269874e+00 6.822245641996760313e-01 3.495758377291190655e+00 1.874176828913043602e+00 7.266930230989435691e-01 5.461581462971769163e+00 3.385419719271434147e+00
6.079163396914718298e+00 4.027579013777577543e+00 5.388830798185496818e+00 5.004113216286160792e+00 5.034833717250719154e+00 7.607286012756442339e-01 2.400290827632847623e+00 5.528426930719251509e+00 3.106435071132984671e+00 5.847548362975225622e+00 1.341735462374440635e+00 2.142155283512308994e+00 2.768498606566572318e-01 3.828356244052343094e+00 4.442303413805657186e+00 3.048623532222614063e+00 6.114113403961217941e+00 5.357814100564522342e+00 4.036255583874721609e+00 2.730278620368543852e+00
4.768033786095759119e+00 3.177083010580225242e+00 3.392283471839515396e+00 5.554276250831266637e+00 1.249411441714059379e+00 3.159601458633709115e+00 3.040492365034378253e+00 1.389834050626687301e+00 1.807694115967267479e+00 1.194570931995822649e+00 5.372971161938462359e+00 9.268372503002845209e-01 4.230472341689852200e+00 5.329703135474984421e+00 5.451967805846816617e+00 2.327387187799115242e+00 2.670699021239032245e+00 5.329386470533481912e+00 4.089184480634031615e+00 1.129854116159286326e+00
4.437888627551784815e+00 9.195707110330527678e-01 5.287364021128762914e+00 4.842380813280227514e+00 4.718792360844179967e+00 3.981986530205698926e+00 3.162140419403418057e-01 4.964380495330008358e+00 2.069660751227908602e+00 3.620427859282527194e+00 3.311309582353563208e+00 5.425494505521528232e+00 4.048025462281205300e+00 4.279517988501661208e+00 5.066174037006586417e+00 5.528787993304115744e+00 1.353528290509142140e+00 2.680557290824999050e+00 1.508536125164493535e+00 2.349167155701160414e+00
7.863521352705550305e-01 5.195371661687129716e+00 3.177988587570913293e+00 4.049886737559958760e+00 5.528371621246220613e+00 7.644671221870230626e-01 1.109219711124547425e+00 2.228776853797505841e-01 3.682283192472066702e+00 3.824834216071821391e+00 2.780217679153815791e+00 6.233404085735646305e+00 2.742875241834535682e+00 3.075890439536196119e+00 5.405945387702011828e+00 8.440213838362681242e-01 3.634671155464425318e+00 5.701795893727570341e-01 1.444424501235175073e+00 5.401393354154019555e+00
2.505725160227429527e+00 9.581870353980387334e-02 5.154361146343059197e+00 1.483513478640243521e+00 3.852180586753496394e-01 5.990928825484777676e+00 2.394671521729968777e+00 3.952237662894027448e+00 2.124092567664109588e+00 4.777473999918353975e+00 1.465355217129643561e+00 2.016921460386055465e+00 2.461437016329536820e-01 1.513895685791151191e+00 5.800908782317273804e+00 6.132644959869438805e-01 3.387524380597867757e-01 2.778218431082062789e+00 5.374187214688115333e+00 1.423917373110784590e+00
2.685779103908596088e+00 2.261311137328977594e+00 5.957933061665802166e-01 1.110161140964982751e+00 7.388709633822593270e-02 4.094530906432622075e+00 5.409993223351079017e+00 3.748049684272305893e+00 4.606140251854131229e+00 2.958859789292294540e+00 5.385136418219862442e+00 3.510989027847962518e+00 1.608302511378668420e+00 1.792349231544262844e+00 5.484061097638271320e+00 1.209322448186393339e+00 3.453274791464590709e+00 3.647358293367684912e+00 3.159380510899175931e+00 4.948991715748815245e+00
5.741293186242724111e+00 3.361927459015263686e+00 1.501837544081219944e+00 5.106669074650848295e+00 3.538530267023062503e+00 3.027931617934779496e+00 3.130900366203201113e+00 3.391122649160501989e+00 3.251368378642391921e+00 2.341017862786193948e+00 1.745180712619834207e+00 2.386364948739651659e+00 5.348469581548530805e+00 1.388242248110770349e-01 1.310978583256809049e+00 4.698246673580404931e+00 1.041343527203535624e+00 5.824421242178931202e+00 2.705686241513496348e+00 3.449613226399540267e+00
4.769239723085500593e+00 2.392446774893572048e+00 1.983497261602169548e-01 5.167949053335446408e+00 3.310271362129416639e-01 2.450452806872284395e+00 1.591183778565927076e+00 3.283934825120720991e+00 2.202899706956865877e+00 2.595767623350490716e+00 2.700111747209058777e+00 5.073154368608363995e+00 4.882963769189600178e+00 3.934730629156753867e+00 8.532876438776395567e-01 1.514838288116034049e+00 4.846532313119002566e+00 5.796563594027483113e+00 3.798472010695954637e+00 5.770205587685523163e+00
4.970803162362555483e+00 4.756443823101675683e+00 9.647736282006706965e-01 4.858869802676775151e+00 5.557381088599089303e+00 5.944599822647668397e+00 2.894786215058560597e+00 1.501597876060902115e+00 4.965378461318107561e+00 1.661199745597317312e+00 4.297127229185862873e+00 1.652615709620723683e+00 5.431131607217566604e+00 6.141204306235063193e+00 3.974501382103547975e+00 4.766208858376689506e+00 1.773553902001439031e+00 1.882327085829884838e+00 6.106409608998088601e+00 5.610581730861499139e+00
1.737318248495379525e+00 2.260709892543975474e+00 4.453701124730370609e+00 2.608847884856748886e-02 3.867004378797350927e+00 4.486857601034595078e+00 5.800910639159115867e+00 3.609098240991857054e+00 4.509357466989547980e+00 5.403383694183549579e+00 6.034250907330053870e+00 4.918823089205802468e+00 5.064334215364676872e+00 2.950547262010552174e+00 3.114162827794076271e+00 4.120696550546144588e-01 4.159231233608866596e+00 4.548339725330206029e+00 5.983241667850303536e+00 3.071337775235966294e+00
9.338086179974139922e-01 1.341887085523666423e-01 4.727006691376351100e+00 2.026813458849638927e+00 2.948122142120294331e+00 5.116546905822217717e+00 1.636186246795706012e+00 1.707066697278355472e+00 5.960087032806234753e+00 7.328762295654396297e-01 4.336781587325135412e+00 1.433542598501016618e+00 1.727181042741901262e-01 4.454644874931667609e+00 1.646893659849129721e+00 1.038653662361321839e+00 1.602962635851051143e+00 5.610568418698188786e+00 1.888710394127892211e+00 2.216986684854871381e+00
9.263904215740587089e-01 5.320367774476783218e+00 1.268874345290353034e+00 2.330589406195275326e-01 6.262031668964843867e+00 2.178075889408682464e+00 5.503940564874764130e-01 1.957112031062667290e+00 1.785527731536299956e-01 7.086020666990432426e-01 4.793835342436177704e+00 4.917347892031750156e+00 4.227429199088178713e+00 6.212210422754399497e-01 5.491521121686036899e+00 5.753304389229891846e-01 5.844278650577619416e+00 4.605151480456617819e+00 3.644779354575356400e+00 4.591192042895769099e+00
4.713243225388220881e-02 4.021525918520506337e+00 4.233185343737265960e+00 3.848969663552046505e+00 1.804149948439284445e+00 4.058303897708576358e+00 2.280861562455461566e+00 1.786224527580200228e+00 1.924758715449357949e+00 5.402126370881261685e+00 1.264247268706754745e+00 3.254884419449796340e+00 2.094435847702992071e+00 5.479008205978632695e+00 1.538342121499050252e+00 3.466893919987257267e+00 1.084825836330507443e+00 5.745542289277676851e+00 8.036510152528045792e-01 1.650235044786616534e+00
3.975131679372332805e+00 2.774140615028710233e+00 3.093694689885186033e+00 4.589194966485218963e+00 3.223969917696166032e+00 2.948793929917258527e+00 1.916997897828197628e+00 5.815054124391139112e+00 1.752276470275500486e+00 3.050900616345942673e+00 8.306170255647048473e-01 8.649118880343483751e-01 6.450028757379816513e-01 3.747195411949348909e-01 5.312054460175731130e+00 1.733308554795705669e+00 1.194770337625476575e+00 3.626982933243158236e+00 1.924378034318761088e+00 8.058860674286136838e-01
2.657636321371697807e+00 4.852065024295146856e+00 3.671642744972247296e+00 7.644071818043678412e-01 6.121111854842862243e+00 6.055348003689939418e+00 1.612465302383812693e+00 1.264975598415613689e+00 3.981715133245700144e+00 4.340966592728030093e+00 3.422098651820057125e+00 3.254438622392974434e+00 1.603274179503723307e+00 6.137984375814172999e+00 4.384394801916319473e+00 1.980845955198939690e+00 3.266071866029718773e+00 3.705022937963950991e+00 1.595751461482298461e-01 4.958750996154495994e+00
3.767022533120109262e+00 7.435686625742028433e-01 3.674100623195792004e+00 3.239027646153759932e+00 5.099688040830944402e+00 4.323667216479256226e+00 4.089769616390054985e+00 1.526900617849554553e+00 3.701035238093786095e+00 9.337882233098513396e-01 2.194761564664594378e+00 4.507518108048160776e+00 1.320085381123441648e+00 2.218909093783397957e+00 4.595114402916782304e+00 1.444725394036328048e+00 5.911713484502231886e+00 5.974575748401829145e+00 3.776556405834251007e-01 3.492173597787263883e+00
4.074202582741172307e+00 4.197723836042707823e+00 1.384410530356008584e+00 5.856216528303479052e+00 2.836838192518956525e+00 5.980853950927258467e+00 5.284422869735785788e+00 5.221333112826378020e+00 1.795122763791430209e+00 5.430953013176788247e+00 3.632882438513262424e-01 4.440285289456120665e+00 1.602254743728252828e+00 5.292895774630482109e+00 5.485125794653463061e+00 2.732485106375985406e+00 1.349124739545688900e+00 3.116589763467771057e+00 4.997519802987389070e+00 3.289513989455376652e+00
2.104586403794236116e+00 6.134572150778534905e+00 4.739015952988854252e+00 1.789270554893435339e+00 2.405566323653970606e+00 1.505452782943905721e+00 4.479371867196371149e+00 1.059441157614502416e+00 2.851228457136249617e+00 5.505394531049064177e+00 2.730334221399908223e+00 1.154291100494771571e+00 4.053681617313297458e+00 1.362170287640828148e+00 3.994874614910622679e+00 8.651672012350308805e-01 1.979101311902209392e+00 5.535370227567627310e+00 3.080074179399843626e+00 6.200145345299037380e+00
