1.319369960267815722e+00 1.638058451985590636e-01 2.627784053217954163e-01 1.682253976819615637e+00 5.179436908760980174e+00 2.255604880969663384e+00 5.291257024769508099e+00 1.574104767271589544e+00 1.979783890768195498e+00 3.948008665808871331e+00 5.928819922807813114e+00 2.700183255449270181e+00 1.689321307250859494e+00 1.282545535390418268e+00 1.774413111231018636e+00 1.721792726115081607e+00
5.841966097218066700e+00 2.284548023984618315e+00 3.788092741160002497e+00 6.281283203813298854e+00 9.238701882068752758e-01 4.823496336034430065e+00 1.165482142170141566e+00 9.159771400681088194e-01 3.422639487230347832e+00 7.492164240499521455e-01 4.252077859306758079e+00 4.025020898109299416e+00 5.044175518901511168e+00 3.315496117343515792e+00 5.714885122778709636e+00 2.092891748372432303e+00
4.597316932953445345e+00 5.716035436287890015e+00 5.512854364138216390e+00 4.577598833271469658e+00 1.006265921130729130e-01 4.704194440474933181e+00 3.886082012492479532e+00 5.771664855405802541e+00 1.547410169122904300e+00 2.739487681223487403e+00 4.110433738410633531e+00 1.460869539101143255e+00 1.594615918563446755e+00 2.919246042202582103e+00 1.762206844985256815e+00 2.347817036280011482e+00
2.440324433746060562e-01 3.971943723690501304e+00 8.249447235637280551e-01 6.147130120250751339e+00 2.649838810965343239e+00 4.466744070563863467e+00 5.329398017848151703e+00 5.291664748400738416e-01 3.901049489431586359e+00 3.776480882730342437e+00 1.518758415660826255e+00 3.524374386984074903e+00 3.123641802015242774e+00 5.202890015377374056e+00 3.461191632584447841e+00 1.967010868162529347e+00
1.459974764081157783e+00 3.852644330735672806e+00 1.596522051401997100e+00 6.267431256412383078e+00 5.660869388001893654e+00 2.339664699035645334e+00 3.188011849454437385e+00 2.397224837891531735e+00 9.164547144175725357e-01 4.095205750737067163e+00 2.120814658921121865e+00 4.477205993490135150e+00 6.223037302919607328e+00 2.687239258303447453e+00 5.684496773057467145e+00 3.297135775647741962e+00
4.874437600132094595e+00 5.371157025816613917e+00 5.016624595135980691e+00 5.298251736713457838e+00 2.129720334064071352e+00 1.499836743738813150e+00 5.256089772912543090e+00 5.926497510546715475e+00 6.174969420922083785e+00 1.105172163248800521e+00 2.027312249947093858e-01 5.717815642556850264e+00 2.068616511062337793e+00 2.766685161595542120e+00 2.497269159112134318e+00 3.576640568769578366e+00
5.975151495579649641e+00 5.317095200618985551e+00 4.289354842211125174e+00 2.228673221389686765e-01 2.825474601988928192e-01 2.411783471295501080e+00 8.213420827614905662e-01 4.728486637086254940e-01 2.685500642380215020e+00 2.602967677965934090e+00 5.926766583695805224e+00 5.186723728293585189e+00 3.851031611607979022e-01 5.609435216413498182e+00 5.131482920723562380e-01 2.846460055500283914e+00
1.878110477972620762e+00 2.366311729997057522e+00 2.880782097621048976e+00 6.250894866800690508e+00 2.903502900859158853e+00 4.647236645020313084e+00 4.028160555965829559e+00 3.047503618130209535e+00 2.357241911282260904e+00 8.176295619018242311e-01 2.738678174610038152e+00 3.236391836554706192e+00 3.577657085997364206e+00 5.203844630251669656e+00 5.530134136000687484e+00 9.517481177382624002e-01
2.667086753793006082e+00 4.718093995096505289e+00 3.186576459841294451e+00 5.836330095568323273e+00 1.560437943016751206e+00 5.813190595858693577e+00 4.155959657284070019e+00 4.832132534951544045e+00 5.650102805026149255e+00 5.906212780692773556e+00 5.308930772484221627e+00 3.604312803485547168e+00 3.271997831334337192e+00 4.882296637803535955e-01 5.091683461199168370e+00 4.683911785118316295e+00
2.661262191449291770e+00 1.168876177135496963e+00 5.553077957196819625e+00 3.854997218535028414e-01 3.673387611394475005e+00 7.026072633586570859e-01 4.415768520035376454e+00 5.051523356794908048e-01 1.374271850182452015e+00 7.055785278200527033e-01 2.266440790540132255e+00 2.289178945919695174e+00 4.432101483948764020e+00 1.088995252867962726e+00 2.980330259088507905e+00 6.768232915817086470e-02
2.100950915254883533e+00 2.630537869370530579e+00 3.054125364346606641e+00 6.078763454241014053e+00 3.752500859127073873e+00 3.287352835889171931e+00 3.473840846170651364e+00 4.159116502604977228e+00 3.923115688859466932e+00 4.237028293633585463e+00 3.489490636448302485e-01 4.759815124764879890e+00 5.135046719845826502e+00 2.285099204381843663e+00 9.120070310040545580e-01 2.463994672228590588e+00
1.576534488283972024e+00 4.195031760340608429e+00 4.175299357927989702e-03 3.264268311463840888e+00 5.342540349266484689e+00 3.187025048040120545e+00 6.151286445362690536e+00 4.120036619714932513e+00 1.283049258241467427e+00 1.464628030412945758e+00 3.116139559670247472e+00 1.808793894147654457e+00 6.126646041161170508e+00 3.281576432998291271e+00 1.712352789491802474e+00 5.271865835308533477e+00
4.960159805403519861e+00 3.731438639442731908e+00 5.009383897572583955e+00 2.903782125166046946e+00 1.425036672829750994e+00 2.673207117908460884e+00 2.047177390206051939e+00 1.999772751613607680e+00 5.575689617948565768e+00 2.471586412088054019e-01 5.637814045750379144e+00 1.443405509889874150e+00 4.682674000168428385e+00 2.431003661419563588e+00 3.382417096710793047e-01 5.196502273415804396e+00
5.080051133440061761e+00 3.385187200181777545e+00 3.641789178465269394e+00 5.559315078624516460e+00 1.807189038171757911e+00 1.274158348089929005e+00 2.383703529477720018e+00 5.249965449244258231e+00 5.506450011325985550e+00 1.803443864469874258e+00 4.270874080429310382e+00 5.116120280286112987e+00 2.323853059777272190e+00 2.405991099052491755e+00 4.966686861571020017e+00 5.266465340452453070e+00
3.056373212366468195e+00 1.190043113961339660e+00 5.710248676979509774e+00 3.817907838062698733e+00 3.318362140196243537e+00 4.545352531712782529e+00 1.491473122199441947e+00 6.144480709258099971e+00 9.507137567278802770e-01 4.102872049715116098e+00 6.823317019549248741e-01 3.018280796663217025e+00 5.502143495887984237e+00 2.770068813926739537e+00 3.823509093578230100e+00 2.856120569323715941e+00
2.633398830718546857e-01 5.097527537865566671e+00 2.945778807915529485e-01 3.156399031560200630e+00 5.932634358054137635e+00 1.171907464494954754e+00 5.625164781155842064e+00 4.496553822068250383e+00 1.486681904406127464e+00 1.879655126183112035e+00 5.755488729988743835e+00 3.968297486469531954e+00 2.406084121709074264e+00 2.176631277252585317e+00 5.152717567131624321e+00 2.237033985327696151e+00
3.568964549773226302e+00 2.613238886669407290e-01 2.477266389530778046e+00 1.310931374349239287e-01 1.318177950199221904e-01 5.487554442468740135e+00 2.130603771238448463e+00 6.074393312530453670e+00 1.777403977099986543e+00 4.762675663405112836e+00 4.452156769633019096e+00 1.073130642395514034e+00 2.344175364606301049e+00 2.476105937925818790e+00 4.351501041732155350e+00 5.344964118528688246e+00
1.828424660911692090e+00 3.682329017593823473e+00 2.894036420375613261e+00 3.875058792206163449e+00 1.008767440675865101e+00 5.520890942702883386e+00 2.154351077121071434e+00 4.049157545513953904e-01 1.236616380115066693e+00 1.332215896049528503e+00 5.324525279271543177e+00 3.180205985983663108e+00 1.075120827299401505e+00 1.805863327673402630e+00 5.693451256116513370e+00 1.439028719043571991e+00
2.830099682366246094e-01 6.269893146300915820e-02 8.296133087321876098e-02 2.928192179632183034e+00 4.060436807460562569e+00 6.072678927748683009e+00 6.122994236724384365e+00 4.012367302509669997e+00 4.694576555865754286e-01 4.496026107230440827e-01 2.799262834352459262e+00 1.920235732692022967e+00 3.703641686968263347e+00 3.170699936741217417e+00 4.770290409916247754e+00 6.279875085282755620e-01
5.793220051829163886e+00 4.719919591355995259e+00 2.120644783781082399e-01 5.621704935930566194e+00 3.090807200742546890e+00 4.086794944759166270e+00 2.102808914629806125e+00 5.364444215256393145e-01 7.928187568312616840e-02 3.287866915833397297e+00 1.148880114264830693e-01 5.335641747898359100e+00 3.386602007057443853e+00 4.729292392378422250e+00 3.559070424196375537e-01 3.945826653814930030e+00
4.269701508539124113e+00 4.200149216331523938e+00 3.989662377794834125e+00 5.156271646233277828e+00 2.331530322793923027e+00 5.012139862391736145e+00 1.093406183363910378e+00 4.338443050417553515e+00 1.095396662512512664e+00 2.249325100175813663e+00 7.941714467724634297e-01 2.873363878032180185e+00 3.509990662944733497e+00 4.714479066021829645e+00 4.742578871820453124e+00 1.137971109358848487e+00
4.247582906530360525e+00 1.237196671824891903e+00 7.168333438441780447e-02 3.381555278791341212e+00 2.891954300931660615e+00 5.153173607389861743e+00 2.064184595594257043e+00 1.221680178251780768e+00 5.545811092336752957e+00 5.832983055200871014e+00 4.111255983172236839e+00 2.538829647487234276e+00 4.002402533587603450e+00 6.506689851201774566e-01 6.266538698624288806e+00 3.655559023425086540e+00
4.276892568210301171e+00 3.294943790526699168e+00 2.422946678281240551e+00 2.066411833490499284e+00 3.334577276076782670e+00 9.256153105732272124e-01 6.240584035859654044e+00 2.735266474345287691e+00 5.389992501271625436e+00 4.435895806518531659e-01 4.455280240344501763e+00 1.316661102202520750e+00 5.588895706455500267e+00 5.921438314752348830e+00 4.061655698482117494e+00 4.110101729858965491e+00
6.306125361916984362e-01 3.106208945156826440e-01 2.926603434532621506e+00 3.929304374859217575e+00 3.016835855071734240e+00 5.246508241999335631e+00 4.369648778228077290e+00 5.411812005216062538e+00 3.640210763480268952e+00 6.098298429851157110e+00 3.669242799900243046e+00 4.897795099784925554e+00 1.951551571431043020e-01 1.454737191254530160e+00 2.148258401915844384e+00 1.158300780083983961e+00
1.730644384115538337e+00 4.090457838029888826e+00 5.074591756137358800e+00 1.550346091445241048e-01 4.147033725638393786e-01 3.031750584616386135e+00 1.997006921830569270e+00 3.699523209061065021e+00 4.138983757275155995e+00 6.197981184359141693e+00 3.267174899250230968e+00 3.439358827193877310e+00 1.940625904552029546e+00 3.869846366006276295e+00 4.060284742127817204e+00 4.843670425577100147e+00
6.222462689106732725e+00 6.092056834383971164e+00 1.986942068908818193e+00 2.368864951714636291e+00 3.463292135868697219e+00 7.735264739183290716e-01 1.790116177675070919e+00 6.179025780665686085e+00 1.611022394664808122e+00 1.680824949988604988e+00 1.967374388390528139e+00 3.726363991416364208e+00 5.848264905339745745e+00 1.500405944204505460e+00 1.176337779753062751e+00 3.405202740342948009e-01
1.505931024315457334e+00 5.353196217966657677e+00 5.161352512823851768e+00 5.297087040239112810e+00 5.490909274921707883e+00 3.208010677732387600e-02 1.119115541024697125e+00 1.030880951937785728e+00 4.493483767733708056e+00 5.948902838765778078e+00 3.486719507811175234e+00 3.433514427711267802e-01 5.392759146798074887e+00 9.159093740626078617e-01 6.143019798487232563e+00 1.137927950018467402e-02
5.768771765430737553e+00 2.735373875273402255e+00 6.438154026331384117e-01 5.627949756326826591e-01 5.250283997242746636e+00 6.279801911436243778e+00 5.076761157101155497e+00 3.105484658848389756e+00 7.568226073930724995e-01 3.811671599714103298e+00 5.253360759819702963e-01 5.771724524992678518e+00 4.117145611187626564e+00 6.151282590181386567e+00 4.658024020382983466e+00 9.129071556328827164e-01
5.821144046384802095e+00 2.952807059581373794e-01 5.910593798737944660e+00 1.875231423125054198e+00 5.354317356336245837e+00 1.428758606199550973e+00 5.446234643447510848e+00 4.483509968839539117e-01 2.391855597155478019e+00 4.796603422805938877e+00 1.781435603843307236e+00 5.939579156306393770e+00 4.318894638790296447e+00 2.873906577524966810e+00 6.174000352281153875e-02 2.918024779256053414e+00
4.452086440136735490e+00 2.049706793675652783e+00 5.869925613240023488e+00 6.029139056543370012e-01 4.700610617971513250e+00 3.426054633939490834e+00 1.346536074955835938e+00 2.662322345329783513e+00 2.116508361654712456e+00 7.911618970094360659e-01 4.794113431088981692e+00 1.404042543258102516e+00 6.879776604341539814e-01 2.516642182389062121e+00 1.474293453306439461e-01 4.805707793503419367e+00
1.472640550934629644e-01 6.281844310992131142e+00 5.162210751408870202e+00 3.641295174731063344e+00 2.593780911100538322e+00 7.144956395546314676e-01 3.015053234833745321e+00 2.960633760697210182e+00 5.554568248185283608e+00 5.305072371860599212e+00 3.631902137023204080e+00 4.581144709984936170e-01 5.675454605633725613e+00 4.954298741858179866e+00 4.547438156322767711e+00 2.044285701292005708e-01
2.627252159219842564e+00 1.167827837464230134e+00 2.800884597687792521e+00 2.794195231650988820e+00 4.212728552212346322e+00 2.171371295193694095e+00 5.181539562970851165e+00 1.626576551431464734e+00 2.848336451306789030e+00 5.414953226032176659e+00 8.019330414117695760e-01 2.333641266047520091e+00 5.052100422115137768e+00 5.343358705238166806e+00 6.120640869528473083e+00 3.852746802870835818e+00
