1.620272387039447759e+00 1.413148408037649073e+00 1.173615871209398864e-01 3.712517528099412267e+00 3.045203393451620499e+00 3.159484814652081752e+00 4.908508996851861816e+00 3.183773991648058743e+00 6.001523715400939984e+00 3.093382790951177519e+00 3.429892578850459284e+00 3.340851557059545396e+00 3.396513302295868453e+00 1.053710892719315728e+00 5.652328250563278367e+00 1.770790986182343874e+00 2.074963986498064017e+00 5.924662002896704749e+00 4.369591004237594056e+00 1.567091156184234446e+00
4.349840274868397749e+00 3.943255328452322850e+00 3.163057612954385700e+00 2.691181594896825846e+00 1.692497000688747200e+00 4.394680839114029958e+00 6.111311265125279668e+00 4.276992090972078664e+00 5.137448773455456141e+00 5.082745283109816548e+00 3.261913627715245401e+00 1.434124225169912004e+00 3.863201730467436867e+00 1.087448312892411284e+00 5.347934901807605002e+00 1.813223801184623341e+00 4.869252586799821536e+00 4.350402399535369113e-01 7.230175564426254420e-01 8.153131016686127053e-01
3.663622720918929154e+00 4.610284812746107796e+00 3.975150906417827645e+00 5.860069935648687611e+00 3.020071934911499500e+00 1.288173966941660531e+00 5.446211455790469280e+00 3.010648920953166385e+00 3.052478498411754781e+00 1.000648176694976632e+00 3.945332786593390484e+00 2.851477404847464037e+00 8.756623203418842927e-01 6.311066883243272585e-01 4.087288893966540826e+00 2.670270479224394311e+00 3.660570333545177579e+00 2.057377507844494247e+00 2.383770140481920485e+00 1.239733056646315834e+00
1.814641392826874755e+00 4.448616712530309769e+00 6.429077574130884765e-01 1.699249352172756744e+00 5.783987506821357094e+00 5.452847931377650781e+00 1.439840912970162368e+00 1.594700570724687072e+00 1.153523344248554849e+00 5.298702778774292632e+00 6.196419400476948169e+00 6.161741155412112647e+00 4.619092663827547796e+00 5.335169658740878118e-01 3.533596644601700643e+00 2.992222323212740398e-01 6.483334535749074590e-01 2.881336573585575600e+00 1.425019825243519112e+00 3.233865228821197757e+00
1.643923514858939727e+00 3.350888236764591355e+00 3.763042926277785138e+00 1.865996186818251745e+00 2.901387207219058517e+00 5.925475204268367158e+00 4.870649523383818291e+00 6.127206257872845896e+00 1.109871061138096415e+00 9.370308531350468595e-01 1.786266409695137058e+00 4.458703003833778489e+00 2.000954175134923574e+00 3.112292332200506717e+00 5.185229407294947634e+00 3.294084560120828176e+00 1.130966827235974526e+00 1.705830973219227831e+00 2.637051219177507733e+00 3.389071207298962829e+00
5.118018137263335987e-01 5.094680379019004057e+00 1.243757144825198280e+00 2.918326589777131996e+00 1.907403901922871237e+00 4.410677836116840389e+00 3.057745748831912080e-01 3.387149157821818246e+00 4.538511698142224660e+00 4.288654161126114750e-01 1.213507513081742539e+00 5.924559681741454753e+00 2.718610145470366835e+00 3.078572747073846649e+00 6.021747166555516811e-02 1.108570952748863636e+00 4.652870529946746991e+00 1.231665372962691407e+00 1.355990579858831646e+00 1.455692660162396068e+00
3.813956376913416602e-01 4.905683838721768275e+00 5.968618909152108465e+00 8.896457783179790857e-01 3.971533258641386066e+00 1.442622889806798536e+00 3.291888552761760067e+00 3.770503694766713654e+00 1.413040295877791452e+00 3.648369316709341614e+00 5.118109855741730385e-01 4.964025813815155175e+00 2.938968515705035145e+00 2.942423028858114353e+00 5.124470471120520232e-01 2.973432331300580156e+00 2.266819954853436792e-01 3.955988942448167123e+00 4.454974072146698383e+00 1.716018448360635995e+00
9.796707931221085852e-01 1.202075928671849425e+00 5.188157414387045030e+00 2.218412168249788596e+00 2.546322487672895818e+00 5.702358231144149414e+00 8.169774014249536753e-02 1.794211975642426182e+00 5.938549970999315697e+00 4.220224264357840482e+00 5.246070128152922063e-01 3.476261370090982350e+00 1.371664140811421184e+00 4.957287350200044962e+00 3.257607396972347913e-01 5.850796414318538474e+00 5.901484984989826543e-01 3.124176923808515749e+00 4.751866422254675371e+00 1.135443274706212230e-01
7.905456752547005417e-01 3.315326048722130547e+00 1.663175159879020537e+00 3.905861860074033132e+00 4.754479560505941116e+00 4.789185400222534028e+00 7.284775223375615782e-01 5.288965840287401576e+00 3.654498493096471456e+00 4.315342487031576191e+00 5.005854442793614467e+00 9.940649208040518436e-01 2.656216404177675017e+00 5.369289242332242473e+00 1.129862358713088488e+00 2.184103361066171978e+00 3.541265648469433813e+00 1.744407873249301133e+00 3.037852414691058822e+00 2.948926764278712032e+00
3.564677804946791984e+00 5.679895252410590345e+00 4.835758276818539758e-01 2.327262478920735678e+00 2.984472158782610074e-01 5.317810581421279714e+00 3.176679949344690446e+00 2.857023887028497633e+00 3.103674480662180546e+00 1.551745824473271806e+00 1.670196097345145736e+00 1.816958716710633137e+00 5.814168548476375875e+00 8.949351189451117961e-01 8.413044355352498060e-01 3.224766119161311728e+00 6.174669763237356612e+00 7.443875266369935628e-02 7.743758504863715864e-01 1.119868364822715762e-01
5.355857197676820114e+00 2.751698109503811551e+00 3.611811867385710251e+00 2.001552063811302684e+00 3.221156029689795641e+00 9.977064353062813362e-01 4.341934994814876103e-01 1.533750837154634228e+00 3.633302351311592293e+00 1.186570234118696998e+00 4.601951736508398838e+00 5.998857773751990585e+00 2.054510705620849788e-03 2.305792434330294238e+00 6.578927703638002278e-01 1.173894742020384907e+00 5.034886578915577893e+00 3.969163561467073276e+00 4.749299439914349275e-02 7.152910316348112252e-01
3.086736361080006930e+00 6.093138317931059283e-02 4.130603445504527294e+00 1.037329142315256636e+00 1.438019544846781850e+00 6.041229995916955531e+00 2.283061651994425567e+00 1.234893911650619902e+00 4.643217680968274585e+00 1.044650792461008226e+00 2.450861687876614514e+00 5.286570717985352719e-01 3.403488485368528216e-01 8.169939050375663037e-01 4.013188182164852513e+00 3.406784803442544529e+00 6.418395552056446185e-01 4.349993705460299509e+00 1.964243894700382187e+00 2.386274778307549749e+00
3.315687865554745262e+00 3.067490592776828340e+00 4.554852228877703801e-01 6.667350781627076062e-01 1.196358968620779839e+00 4.246145287172501170e+00 5.079196286130882587e-01 2.152601691742235701e+00 1.035289506789636826e+00 5.760788781983595896e+00 1.028171175980534091e+00 6.071396622887750283e+00 4.341763562799457077e+00 9.630358297444063798e-01 2.210294265833036675e+00 4.398000138317258667e+00 5.165441192706786699e-01 5.097259864398800744e+00 3.923133669953703606e+00 4.041187105162747706e+00
5.841339920205665059e+00 1.039255934246420043e+00 1.498352987560358507e+00 4.424914485746263004e+00 4.248933528575220997e+00 4.779596739930676463e+00 3.815971130877867878e+00 1.833457540730913271e+00 6.156935004441743686e+00 9.030289174370773608e-01 5.326091663471993698e+00 5.308858555841755589e-01 4.394151019098623046e+00 3.946829676456020231e+00 1.931507254737381274e+00 1.388401925026914396e+00 1.959772313185929038e+00 1.305728503692255904e+00 5.657072447148392413e+00 3.422115689882354150e+00
5.246537609178189676e+00 8.831916114416493713e-01 5.463393948589950533e+00 4.343934459435111251e+00 6.200284985513842884e+00 6.229256085903164930e+00 3.862165983440699057e-01 5.714978413853278205e+00 3.226861231755734138e+00 1.699692637344368151e+00 5.608164459888270947e+00 2.420129447311410775e+00 5.627391923090898196e+00 1.480066817664924816e-01 5.455035701907625878e+00 2.569658241023281331e+00 9.600148642947252675e-01 3.416613599622697617e+00 3.963280338300844807e+00 3.403154636332617056e+00
2.692510925269177235e+00 2.969811514291280652e+00 3.759464382674231775e+00 1.766000577240280367e-01 3.835416759989844770e+00 1.176197041401595866e+00 2.224924309477008144e+00 3.140721609612608933e+00 3.080310765391411909e-01 2.971852887757099104e+00 1.929084981829559897e+00 4.496444353365477986e-01 5.755217862643624116e+00 5.606709545023809582e+00 2.934927139443468835e+00 4.461305108414988396e+00 1.201240083539787173e+00 4.685501957530157746e+00 6.116492931254294163e+00 3.877525062159902003e+00
3.616334118172225054e+00 3.683312060271403343e+00 1.296241501584697087e+00 3.698313633275489565e+00 1.781995004810278838e+00 8.400976531329237273e-01 2.250199982684950140e+00 2.585742790606046171e+00 3.546673887251015511e+00 2.393268869541352206e+00 3.144655025006447779e+00 5.386297448504810070e+00 4.760971826099174464e+00 5.835461492448750231e-01 4.608845827991759236e+00 1.557531876854445274e+00 5.913063980041986412e+00 7.606663366096316770e-01 3.301488199135384494e-01 1.619679103561693534e+00
3.889247197250760735e+00 4.079928888483029148e+00 5.580242965524847776e+00 4.627043783259535914e+00 3.895864309774830669e+00 6.179603774410632688e+00 4.111000977400607326e+00 2.526868172950598623e+00 4.866601925519384864e+00 2.356007740072303333e-02 2.009335193284062182e+00 5.062126061654969256e+00 4.613011444173921838e+00 4.336529879422665879e+00 4.511207435613171057e+00 2.289444784032057534e+00 5.237853868122200218e+00 9.198953674189045415e-01 1.791468616127446012e+00 3.447600952149833198e+00
2.577360478638250019e+00 1.506530944782324098e-02 1.012940571917375854e+00 2.346641474764330049e+00 1.434121785766676593e-01 2.750187880150391173e+00 3.736113067575217439e+00 4.598097100646871382e+00 1.934005860758399031e-01 9.112909392293604416e-01 2.201126533944680386e+00 4.970998106349996171e+00 1.335060710606265522e+00 3.723872532286744974e+00 1.060281513002033327e+00 3.001058897409546233e+00 4.452003148556258338e+00 2.603476652763127674e+00 2.188960036915856389e+00 4.406085601893176218e+00
4.213823143462051668e+00 4.919245401571673781e+00 2.961936562900778114e+00 2.342167388780042270e+00 3.119233692804678437e+00 4.818838183898514593e+00 3.544971023387161857e+00 2.239953323092231940e+00 2.767755660460251121e+00 5.398073735195382916e+00 4.363299225908854773e+00 3.739961861156074541e+00 2.227515079841070555e+00 1.536495020710389126e+00 2.491404651613038368e+00 5.438609863263325295e+00 1.028832909484285185e+00 3.748596252078871149e+00 4.424750961857527365e+00 1.451180365737056110e+00
4.720114074385321601e+00 3.575561007692037663e+00 3.521455070773809926e+00 4.138556297053906263e+00 5.137909178773742980e+00 1.142146262293074921e+00 3.344550395448680352e-02 4.458484990319488972e+00 4.850806453074524960e+00 3.153310159650922762e-01 2.092992013922224892e+00 1.240289984157442849e+00 3.564479005829068736e+00 4.143637890411604019e+00 4.075787859834437143e-01 3.524128196816258107e+00 4.827480465631252216e+00 2.445952108431846739e+00 3.415883574830590685e+00 2.196649734501543161e-01
5.797557060470041712e+00 4.219174907680114828e+00 5.688843072394828226e+00 4.245699718640102205e+00 4.948138173394458050e+00 3.719335750629914727e+00 4.484259680659264724e+00 3.587448835355111054e+00 5.129466467095761040e+00 2.402124517868355902e+00 4.085705963344262059e+00 5.053098668066789756e+00 6.230246865133284295e+00 4.901538769819237196e+00 4.495677153358518474e+00 2.941074021103017966e+00 2.273247316013426111e+00 8.224906697266397559e-01 1.181980990344187354e+00 2.984340787351472013e+00
8.355755177860214600e-01 4.412062277482614370e+00 5.479474423147986384e-01 3.911883072750129031e+00 1.089312174988455117e+00 1.932437892343935593e+00 6.928981520089646517e-01 5.066368204481253024e-01 2.227939897757108767e+00 3.535424169584131970e+00 1.816801527235339275e+00 1.494935086636997257e+00 6.231828509420471285e+00 6.119369803982901423e+00 1.171022189048403384e+00 3.421868915266514932e+00 1.574104401045817170e+00 7.612913308941058332e-01 1.045893873298538113e+00 2.904446863421313862e-01
3.390687245584223852e+00 3.166188020703773809e+00 5.971410171007118350e+00 5.631061484962351926e+00 4.758483099775310698e+00 5.352551163066436857e+00 3.843366344617540342e+00 2.406099704474834677e+00 4.840383650194572063e+00 1.514345706590348728e+00 5.119344689232674384e+00 4.810690329159753587e-01 8.767476763858778055e-01 2.571128580945402753e+00 2.799162678160743711e-01 1.150631386077618501e+00 2.199066382963219102e+00 5.952910802934216150e+00 2.959042684743137919e+00 4.488906164952889966e-01
1.496318621380192115e-01 4.825459015772897153e+00 5.576059268652435730e-01 2.620532840935009933e+00 3.319566954543919035e+00 3.177637515813827918e+00 5.123342357774692601e+00 7.159601025406978625e-01 6.197560958224236138e+00 2.290048088040254726e+00 3.299882767894260827e+00 6.153451638757889697e+00 4.410472866426503380e+00 4.015786046961556721e+00 3.378335388691991348e+00 7.705304148140525999e-01 5.267355168748928840e+00 1.596283584988440252e+00 3.852829308492374150e+00 3.513317336975839034e+00
4.065998654406797641e+00 2.738740721434611558e+00 3.141000571536729513e+00 5.223318331549184457e+00 3.596900270362160423e+00 4.180396960702346121e+00 3.834849997433230406e+00 5.976332787794373047e+00 1.991948675984972938e+00 5.228273117921125923e+00 1.920339481336589493e+00 6.090201180320118368e+00 1.044794699599988164e+00 5.234391654638601565e+00 1.685512835130077658e+00 4.442832722469621132e+00 1.148443850577077541e+00 2.626628551591802196e+00 4.054732768861022407e+00 3.808041045261529423e+00
2.396051568491412986e-01 3.934670957887293152e+00 3.200897865864267722e+00 1.675844761434835961e+00 8.150617176331185210e-01 1.331734696948289942e+00 4.617785143788771585e+00 4.179496776449018292e+00 1.581936522311699234e+00 5.351459786985483191e+00 2.779710778782391145e+00 7.315665063950701485e-01 4.144788527010898171e+00 9.370198847706369127e-01 3.959723364441735338e+00 1.392228063766194790e+00 3.287059665175582346e+00 3.090124213971295664e+00 1.313563788991197301e+00 2.150631562523861895e+00
3.872939686509747403e+00 1.404076913552770201e+00 5.463865735572305482e+00 1.164606527746206321e+00 5.959340842027348373e+00 1.053772485883279542e+00 5.885054787509901075e+00 6.056474516564762212e+00 1.295494209155473531e+00 1.761396250247453832e+00 1.728555768164821593e+00 4.883415140239824481e+00 1.803898572741061912e+00 4.950548210953395589e+00 4.301858606203666113e+00 5.375060526915429016e+00 2.723885880699380646e+00 5.779645063972298047e+00 8.423879213567400104e-01 7.848133126604363019e-01
5.502515907415685525e+00 1.161688114746091793e+00 9.826000023911973802e-01 4.634542127927854693e+00 4.330781019091551887e-01 5.576568132281235712e+00 5.395329434200054841e+00 1.700310917531950183e+00 3.963752665815577725e+00 5.336376835184215572e+00 2.893456956295804350e+00 2.912738423719765990e+00 1.397640752185128177e+00 1.331890453974364119e+00 3.338056809109696488e+00 2.502631753246244095e+00 3.279497928590536571e+00 4.852366917821404613e+00 6.059511422067703101e+00 5.586875639139860183e+00
2.960432333982129016e+00 4.081442148484839549e+00 6.275361425615126443e+00 5.687525411726126912e+00 5.541234578061851934e+00 2.109963005848268125e+00 5.049296654729369394e+00 4.148436045880252721e+00 4.121767958620809580e+00 5.343466485528454157e+00 3.819237861296194136e+00 2.779541384994480335e+00 1.977150510258200544e+00 1.899028530490346256e+00 5.296308024524113200e+00 5.972394528434391781e+00 5.194138702348880976e+00 1.914510578001107799e+00 3.563814143443078564e+00 1.611396268162717194e+00
6.167662324476258284e+00 3.832233073105381305e+00 4.547701229863116090e+00 2.873247933883837923e+00 6.431134692005419096e-01 3.008744861182226504e+00 2.785890809542998614e+00 2.193541633817126080e+00 9.205720444176722639e-01 4.897668140886382027e+00 3.384210369845131794e+00 5.649598919946216213e+00 3.067699647011205233e+00 4.134683289357727887e-01 1.139011245830843233e+00 2.969820744247116284e+00 1.770889855610170205e+00 4.304981688738594769e+00 2.810701246574623280e+00 1.880824138030842585e+00
3.393228480717724871e-01 8.491260589773179657e-01 4.856156880372674678e+00 6.058550830682727373e+00 3.430330512365121542e+00 8.567705009776043212e-01 1.675033443933606758e+00 1.609056783410331315e+00 3.326344444338614537e+00 3.061447270403189425e+00 5.736875022453585160e+00 5.906674768640908901e+00 4.536169188413143871e+00 5.459337866450111321e+00 8.756394158961919860e-01 2.411623975736784331e+00 8.492452255962756880e-01 2.907757929506490147e+00 4.281774147158806443e+00 1.515766212313773842e+00
