5.739001941658496975e+00 1.689578311305359515e+00 1.712052491203839566e-01 2.403889804642176387e+00 2.617584618356270543e+00 2.229019494629198572e+00 3.029311996443383670e+00 1.182779657948832552e+00 5.130802848044629272e+00 6.205319365552904642e+00 1.671079025666553530e+00 3.405410081824752133e+00 4.535912630485963715e-01 1.660272175799386352e+00 2.886375708529791861e+00 5.371964401366505548e+00
2.477611279010335288e+00 3.963563841863892989e-01 1.153351013687027748e+00 1.848524275228044633e+00 5.974969451394529507e-01 5.348150262924052711e+00 5.423193457939141204e+00 2.195060535043943606e+00 4.591357959843132441e+00 3.247357863572629455e+00 1.539609425994955094e+00 5.664421197026027421e+00 1.637340851065226310e+00 5.003988905446009383e+00 3.880192347797501551e+00 2.254671402378436440e+00
5.547891689022389272e+00 2.073640161810920812e+00 3.561149681743655204e+00 1.373219929220667934e+00 1.724822087195378550e+00 1.285538690474592016e+00 3.330356123466774232e+00 3.893444239404559415e+00 2.261979562600494820e+00 4.675588929362788804e+00 2.740553694887802205e+00 3.708651190846908641e+00 3.001707540017025444e+00 2.054812230279477347e+00 2.731182518830328476e+00 9.423080025687897987e-02
2.332674766742113714e+00 3.143505192944840765e+00 7.981532758458025345e-01 6.196307263716083646e+00 3.023530198560020477e+00 2.470371960563006120e+00 6.266723931957489668e+00 5.273846550758149121e+00 5.918619202636383747e+00 2.091263054701309798e+00 4.865784482590261639e+00 4.940313261658588750e+00 1.188114096997694435e+00 4.865748477289258744e+00 3.671760464186712980e-02 5.738383206523984370e+00
3.279954692361099600e+00 4.014006673841469031e+00 3.878799422394432206e+00 1.013853462755307522e+00 4.957176898054036052e+00 1.367781782544545743e+00 4.768390903186558449e-01 5.007696058686911478e+00 1.579867046970591327e+00 2.230712896253903565e+00 2.457123040131846015e+00 1.608355370560904163e+00 4.780083313274686496e+00 4.537473719742008527e+00 5.337482359904094587e+00 3.440317791118901347e+00
5.338803496452256603e+00 5.030744421342599360e+00 9.675821789671438244e-01 4.329300860047974986e+00 2.555109430742422916e+00 5.281959088540633118e+00 5.821369829198774326e+00 3.317305018589170040e-01 3.335741294399956480e+00 2.296314024285901478e+00 5.730276113384473291e+00 1.154193245059695339e-01 3.752329838061286282e-01 4.996307737027786966e-01 3.588669915038944502e+00 3.517961685529369831e+00
5.463696346161055040e+00 1.770244229421589488e-01 1.100167860900224781e+00 1.367784826056084535e+00 2.286046529901931024e+00 1.923553035389428345e+00 9.183437088199112308e-01 5.153249299008847650e+00 2.802864109294863404e+00 5.079312245703585305e+00 1.260111957099130375e+00 7.977422702364443674e-02 2.415030308730767405e+00 2.889386057158601862e+00 7.327600759416831311e-01 1.155053340489262670e+00
2.771427063402013058e+00 4.656434963852729148e+00 2.055697479240367276e+00 2.160971452834702156e+00 1.295433810684647469e+00 4.031716217311014816e+00 2.364197045344476056e+00 5.541119207849559913e+00 5.128254681220232314e+00 3.242130706090746717e-01 7.934735449444924038e-01 4.820001638813944389e+00 5.267620134787205366e+00 6.270726807480802023e+00 4.226010514989036793e+00 4.599440935764627092e+00
3.727137098071410026e+00 1.833618379364387208e+00 4.279397685749339431e+00 6.270592198908776282e+00 1.813843159239030278e+00 5.603340527173519270e+00 3.641413041835887543e-01 1.161844706402016092e+00 6.226740096856197226e+00 3.322098494736566821e+00 3.673447783896115482e+00 5.153725778687895165e+00 3.387514170670872016e+00 2.500309714304372211e+00 3.792300541733140129e+00 4.813929507866043345e+00
2.241070761651358989e+00 3.704616380913741569e+00 5.422244792940546176e+00 5.116010221001919156e+00 1.544774253483646609e+00 3.855484278468737092e+00 4.666499545151080675e+00 4.464245266810408452e+00 2.079343867891862541e+00 3.037498847439328298e+00 4.005507005857982250e+00 1.848558771102992271e+00 3.588049448159233545e+00 3.224766654186727699e+00 5.410245307150079341e+00 2.216796949599683320e+00
3.631063858780130271e+00 1.860293842707919865e+00 2.072499641050499442e+00 3.274309826949306945e+00 3.178885870369495326e+00 5.345501768429157252e+00 3.603278698106489486e+00 3.295477806237852469e+00 3.342672700113986206e+00 1.019486675439386314e+00 4.090141723250286354e+00 4.653631047197798409e+00 6.171209266903406210e+00 4.010064485627581554e+00 5.262823834812959678e-01 2.040336864634491487e+00
1.367792430128447645e+00 4.847614877175094428e+00 2.425507782208218721e+00 3.772304856104884863e+00 2.209783438071236894e+00 5.083211856676907558e+00 5.127981794989461939e+00 4.502486832465766309e-01 2.493559005080375979e+00 4.678386982711968956e-01 6.187771880341208508e-01 4.412521419489903174e+00 3.280537372885738545e+00 3.807996529767107230e+00 1.955063354734009939e+00 1.463086520726632589e+00
6.114969032927544568e+00 1.023348564152952056e+00 2.012291474163090843e+00 4.360659341830490199e+00 1.641258770274685030e+00 4.492831139187449807e+00 3.874951374012596261e+00 5.189904016461647451e+00 3.236436441269199271e-01 3.969871525660641609e+00 1.233733195909457736e+00 3.890997633321021887e+00 5.331125552408842339e+00 1.716427093097111944e+00 3.364717566656441505e+00 4.981116926492546781e+00
5.205014628101532814e+00 3.487968744543182287e-01 5.886618875092270109e+00 5.230253150553061836e+00 9.010361985109969218e-01 2.303790010814189770e+00 7.390599276968149445e-01 4.700124898977779964e+00 2.589732442423053449e+00 3.936376053721600154e+00 3.280588422083542177e+00 2.091346294405063144e+00 3.331466335149356084e+00 2.745986315845372783e+00 7.693285469765174245e-01 4.917533906739473437e+00
5.616190007816596719e+00 1.846390658303487253e+00 5.188681387692535729e+00 1.098195802234708918e+00 2.251227434948666950e+00 8.307226329798403919e-01 5.385849635042680106e+00 2.627162698361009241e+00 1.620723011761981747e+00 3.816557896369173086e+00 7.804365542245332854e-01 1.228589111077308393e+00 4.150967118688777546e-01 2.912619289527771382e+00 2.895339821361340160e+00 4.550669580020630711e+00
6.137658552985548077e+00 1.025298459118154204e+00 2.566736549460240102e+00 5.773360111810734274e+00 5.980537428352831419e+00 5.241581336637305633e+00 1.628176013085545826e+00 1.253979799352862745e+00 3.223847249053373165e+00 8.522107201654334219e-01 5.117733695168452890e+00 1.816797443462432549e+00 1.402388352454043252e+00 4.904741295218994601e+00 2.581656650156451072e+00 1.031211572386814934e+00
4.483908718496032897e+00 5.239706389772704753e+00 3.599483840517416322e+00 2.297509613409033147e+00 3.915729865722433090e+00 5.896941955473618435e+00 3.910298398971817413e+00 3.630777589744749623e+00 2.107761613357031383e+00 5.747301471515123161e+00 1.507667860291078687e+00 4.840072208596379433e+00 4.672444345973003621e+00 5.705014632109101314e+00 1.034239713066692934e+00 5.738249079061540137e+00
5.757637695945451384e+00 2.341971979286205929e+00 1.988869364991065147e+00 4.859256319150738079e+00 5.226887195010931464e+00 2.567812633110797993e+00 3.729883265062366782e+00 2.926078535088380228e+00 4.090691592468878035e+00 4.064333427644106322e+00 2.125882204526535979e+00 1.133652652985356335e+00 4.619127155666279627e+00 2.823440820840800392e+00 1.973855948456576304e+00 1.322956718387192865e+00
6.071647097053229025e+00 5.967736698174595844e+00 5.037285747364037114e+00 2.338226588845706555e+00 2.891010752548817120e-01 3.402179396481253004e-02 2.830371436791927930e+00 2.120265824056985160e+00 3.080902567271554648e+00 3.946756269319108057e+00 2.557951796298526315e+00 2.681284561244441811e+00 5.355207435026474450e+00 3.740030020800475086e+00 3.434491471767028070e+00 3.539533501458338449e+00
3.339082925224634124e+00 4.872929808788656558e+00 5.864298494570314269e+00 4.254746754119591579e+00 1.058782224060967891e+00 2.158514222224933388e+00 2.827362561911942684e+00 4.498146776145496517e+00 4.589378837097924935e-01 2.935810003028645809e+00 2.774235173601978577e+00 5.520583512697536221e+00 3.467425494995188817e+00 5.326154884324728833e+00 8.686580828440254587e-01 2.872536219213724373e-01
2.843461163724279039e-01 5.450211579589816502e+00 4.391561181037992867e+00 2.452182844504585901e+00 1.785482657995048461e+00 3.454804146715044322e+00 4.496323711409015544e+00 2.678977699961450298e+00 8.753835979531394695e-01 4.237371619814216395e+00 5.111107586506207667e+00 4.535348375881514293e+00 1.294048822521658204e+00 3.471482437246468766e+00 5.153351903529268974e+00 2.422123987230616393e+00
3.079169318567957170e+00 1.479822077348163623e+00 2.667691675748898650e+00 4.918360000534741872e+00 2.735247460706996314e+00 6.120504509673670768e+00 1.210834382079319704e+00 6.183061388841245787e+00 3.907292700101056226e+00 9.544704769853470383e-01 4.083581739096203478e+00 4.972492204747998912e+00 5.897378283575615221e+00 4.365254644752782021e+00 3.399192944160180474e+00 4.189232960978768183e+00
2.272103127663713362e+00 4.465454954423946354e+00 4.847616455323699114e+00 5.209423862242904768e+00 7.421563047909889299e-01 3.401928747541968168e+00 1.447671738430024391e+00 5.912454273827399964e-01 4.835515714825566747e+00 4.863675466177405760e+00 1.392101106726483462e+00 1.697860885517692431e+00 2.425247886800498520e+00 1.413126987280675095e+00 1.677020018058509088e+00 2.398641493247666734e+00
7.990431698723892140e-01 3.599742522325996008e-01 3.196160244190121791e+00 4.684992954284396660e+00 5.174833764427280158e+00 3.546633494087460647e+00 3.728796333094496873e+00 3.879166148163939454e+00 3.836541522788382341e+00 5.223072699087007109e+00 4.326304697875886340e+00 3.162693298615243176e+00 4.997031381449037468e+00 1.908910128357357294e+00 5.341435308613470490e+00 6.237576877468435477e+00
2.884100220290720440e+00 2.967240493742341112e+00 9.242371042394220693e-01 3.349199149778834705e+00 5.471601900778336969e+00 4.828682005216641926e+00 4.144634274637303051e+00 3.584096839427716841e+00 4.206802994382165650e+00 5.234302449415926262e+00 3.755948480657914867e+00 1.217177434008476777e-01 2.528573099732199125e+00 4.764941914814704305e+00 6.043061359729534843e+00 5.648235245512017499e+00
1.460137061210817766e+00 4.885065541060153116e+00 4.572046814726103747e+00 2.479961819645978061e+00 2.302849374128107307e+00 6.128154845404027995e+00 4.360540859617465514e+00 3.537261620934776030e+00 3.373035684372915011e+00 4.956448927694878215e+00 2.098815041589965347e+00 2.134534879134806218e+00 1.041752617288609573e+00 3.620740654353555854e+00 3.345024500887453733e+00 6.041233138621784349e+00
1.119272954594530356e+00 2.367108350457110877e+00 2.737297904444140784e+00 4.933712233220945542e+00 1.690147701785886802e-01 4.326482209638334631e+00 5.771501883708522129e+00 4.651163532878248574e+00 1.897544021164470962e+00 2.088249468069982129e+00 4.545330082011711959e+00 5.410131849618498912e+00 4.215051660783970533e+00 6.081110538441331315e+00 4.482406750690429043e+00 1.362887181389785596e+00
2.620083408454771501e+00 9.046918565356686370e-01 2.358582535334286523e-01 3.904981418575421248e+00 1.982018430478835302e+00 2.140141550561747152e+00 3.703826462983847989e+00 4.050840766551816685e+00 2.155063810222802800e+00 2.483025555376890736e+00 4.561238224803067176e+00 4.104854019826730926e+00 4.523698760517050665e+00 4.505867777638644434e+00 1.048406055754496746e+00 3.756646328387605038e+00
1.519534816673343336e+00 5.747744117678080578e+00 4.785023168020914319e+00 5.340629492145861690e+00 2.851032881276710285e+00 5.468291739445000355e-01 4.791638135524864950e+00 4.762637304563678065e+00 3.139037169680356065e+00 4.214265627469214515e+00 1.196036258006817787e+00 1.558511333399561050e+00 3.987926834196564574e+00 3.809408851824739983e+00 8.630115629076747785e-01 4.987299500607669245e+00
1.124097432075636283e+00 1.373400050369310677e+00 2.463924102612478961e+00 1.465736511358925798e+00 1.586481632520204688e-01 4.649831048838836800e+00 1.739265979867741674e+00 3.349163897997059713e+00 2.185723981457497800e+00 5.637956362541527433e+00 1.632950897500399234e+00 4.920988386937836800e+00 1.329996306361775016e+00 5.332191419631163498e+00 2.653586915336477503e+00 6.152415128713323078e+00
4.745543795228099881e+00 1.139400052475808556e-01 3.704058452303071736e+00 5.554537048067120786e+00 4.169791406719010496e+00 1.354657982991871679e+00 4.427752103042049137e-01 5.190029181762317201e+00 3.403837794247907000e-01 3.662547583636441395e+00 9.556042939841168371e-01 3.829485465614024253e+00 2.127783645025521864e+00 2.799962713681733550e+00 6.030519782266161144e+00 5.747187810112847295e+00
4.102197425177347978e-01 3.914757914607377653e+00 5.647702664402042494e+00 2.024117250530832912e+00 5.408209193471621212e+00 7.289582020675283713e-02 3.913490833919575973e+00 2.602255242815720404e+00 5.014587764520737956e+00 5.562119375608567395e+00 6.231150071248805489e-01 4.312334019745347469e+00 4.482405454228128860e+00 1.695776555384930218e+00 3.115850113560209689e+00 2.002142957096507914e+00
