1.992839984520438534e+00 3.588358180060065461e+00 3.879147930888136919e+00 4.222147412128418154e+00 5.315197525995051464e+00 1.391076142473626431e+00 1.685529269224071314e+00 6.140578057257207512e+00 2.876768844042622675e+00 4.803765012449700222e+00 5.945314123319049848e+00 3.878668135452602028e-01 4.994202322801959859e+00 5.086843405997937495e+00 5.598434537547825052e+00 2.067612032268722810e+00
2.975017081269344832e+00 3.148916056632032667e+00 1.468803136420533395e+00 8.672447427246114948e-01 1.246594459605058214e+00 2.771592611017318131e+00 1.876100239138919212e+00 7.706425614429894544e-02 2.182710911183752156e+00 5.926097090026402725e+00 5.716455585635791259e+00 3.932698299200905190e+00 1.972314878453001574e+00 2.786562094284122382e-01 5.353211882398152710e+00 1.663172804870584498e+00
2.553419552511284163e+00 1.303162976475640944e+00 6.459778196366153802e-01 1.038905861474183956e+00 5.344084584560205187e+00 4.355496836701044927e+00 6.119111801824125285e-01 3.499265018346213729e+00 4.304864264887634739e+00 1.492944883215150620e+00 5.072454164278719091e+00 5.814626357946115487e-01 4.426963898626522287e+00 5.381114252791035391e+00 5.087735667299769782e-01 3.289926985825990080e+00
1.391661242683075894e+00 2.190242859811213083e-01 3.167156270456716882e+00 2.666551626548001597e+00 2.236146192976606883e+00 5.702366717337238100e+00 1.868772630604580876e+00 6.169235498084341351e+00 2.744690648909859920e+00 4.234934263044046077e+00 2.675644371133139909e+00 1.803434467169788613e+00 5.904390998687921055e+00 1.788603718155070021e+00 1.521236625331969572e+00 6.135385999908262278e+00
4.808835964231549909e+00 2.529529292235737969e+00 4.453795132598041828e-01 2.216675825266339328e-01 2.993606846802059351e+00 5.473684161525344649e+00 2.195880637679506808e+00 2.354710090335113915e+00 3.491085740201433474e+00 5.924080284389613205e+00 2.080713811271869051e+00 6.069268550208728463e+00 1.789694632099838589e+00 4.611684044671241267e+00 3.984689673387355191e-02 3.697482747220929511e+00
2.831962716420086679e+00 2.544397778957337319e+00 2.577139715300550638e+00 4.848745291060670759e+00 3.294990530150448294e+00 5.057343733227813054e+00 4.637299377119713739e+00 3.313205112315861900e+00 4.858334758619010429e+00 3.081472154291156618e-01 2.471825472182747951e+00 2.098636732631448343e+00 6.239194208693138677e+00 5.945275232013296218e+00 2.608478494472290521e+00 2.474729795653444864e+00
2.512523605353497835e+00 1.009463592888332623e-01 5.714663534433383596e+00 3.029979402734167326e+00 3.377503584393489966e+00 5.968875480105306330e+00 4.234464255209609895e+00 4.098771922682135305e+00 2.547703208501939542e+00 3.693626611935223014e+00 1.168335502729733744e+00 5.936563170787269250e+00 4.575883829051520912e+00 2.183194671514506524e+00 5.128374419841652099e+00 1.516938074317362828e+00
4.333463291366862258e+00 2.011675469555634699e+00 4.893337921470574337e+00 3.703859722023322032e+00 5.999211649060353757e+00 3.099484977279351128e+00 3.123253304614223236e+00 5.597962233122977693e+00 2.863842161681659171e+00 4.720448141603339032e+00 2.571829994601224079e-01 5.739085555370625258e+00 5.448543997224892799e+00 3.528937282563736400e+00 2.031906516882871827e+00 4.923809865617545967e+00
4.508262644847503609e+00 3.947320741110217579e+00 1.943403937271707793e+00 9.351370220093732089e-01 2.763141718728950202e+00 4.842867169047339715e+00 4.686879660270139247e+00 3.299257739909408293e+00 1.135818233350672501e-01 4.598813567240594757e+00 4.603169494925391625e+00 2.272919694461075224e+00 3.859144529853451577e-01 3.826803273597346178e-01 3.543835712418273332e+00 1.853239557307990060e+00
4.081253275945311287e+00 4.149055084597437215e+00 5.335597074906854864e+00 2.701688298871873339e+00 5.014168623920799206e+00 5.624386721527943500e+00 4.403367208095429142e+00 6.909046204141058301e-01 1.548796597996994429e+00 4.599292457261009659e+00 3.684024439167881582e+00 1.755468810801959156e+00 1.232113531316733290e+00 4.045567532480081496e+00 5.038024379415829701e-01 2.582345919768743503e+00
5.241234763569484478e-01 4.659452917522985516e+00 4.018160832969378760e+00 5.279801272189197370e+00 9.419808660583194326e-01 5.216424218411881419e+00 3.899727327029735680e+00 7.546405316867013102e-01 9.482365079137715647e-01 4.322632592674294116e+00 5.207778258253161319e+00 3.989708931759361032e+00 1.038576920474626242e+00 4.951100719985175314e-01 3.221534219124842391e+00 1.801448238742436203e+00
3.303088455703413917e+00 2.972224494986974164e-01 9.462925201661681607e-01 1.519066208664652917e+00 2.725974620464016469e-03 4.039694036765165031e+00 4.696948712965260953e+00 5.046955046805497780e+00 1.994547606754242697e+00 2.134890876540407323e+00 5.127315535716734374e+00 5.861744042279414257e-01 3.800763982304293354e+00 3.563904355732901763e+00 2.376591922603354945e+00 5.744235086250894934e-02
1.597441760449629378e+00 1.050382200496503993e+00 4.870623272816881233e+00 5.242870343342261874e-01 1.163378089193786602e+00 4.087153864160486982e+00 2.194811790694509490e+00 1.309326598607710057e+00 5.142434522964684618e+00 7.846006537501425404e-01 1.592579641971787030e+00 3.180784799965249654e+00 5.949399807519481165e+00 3.340924379577832060e+00 1.504042170690724323e+00 4.244911244102194559e+00
2.893859743739312318e+00 4.573177215756667913e+00 1.574836652989978880e+00 1.585158175846368422e+00 2.900542394981037386e+00 5.724219843092203774e+00 1.614369184410814784e+00 1.529071745922076841e+00 1.306891312655629411e+00 5.923761049167614701e+00 2.335896326804338674e+00 2.004083943506099974e+00 4.631587385905528542e+00 2.598448176086503469e+00 4.644684776746379473e-01 4.934607418975741067e-01
9.197010462710396572e-01 2.206165689662306750e+00 5.210187079443160840e+00 1.727320305390849464e+00 5.695229308909809163e+00 1.701412501675168831e-01 5.387965477948839954e+00 4.465110688150363827e-01 1.493765668749131414e+00 5.783823725050834419e+00 3.082959129372802032e+00 5.016768846290559303e+00 5.192450330210749421e+00 4.923537569399942804e+00 3.538640170152562270e+00 5.192850180261478599e+00
1.987386685833430366e+00 4.789981794994996989e+00 4.649213320189256926e+00 5.619506320273572886e-01 4.218739394237413620e+00 3.462499033643649415e+00 3.959135192352885024e+00 5.198009372120197646e+00 3.292718682164116117e+00 7.583926037280008803e-01 3.295776287322096376e+00 5.248517937198148076e+00 4.989539425592196764e+00 2.426847489145858905e+00 1.091940086239825192e+00 5.089346098191723122e+00
4.367164567431808919e+00 2.562627615567279360e+00 1.900970493334322109e+00 2.593087486267993125e+00 9.453571337448470890e-01 4.205974262022762922e+00 3.771783670572464331e+00 5.386556929608635080e+00 4.419697161171317390e+00 2.757327688982267322e+00 2.022621628023245077e-01 5.127874094938452032e+00 4.614412028388604092e+00 4.489705943130864796e+00 1.475202021608718717e+00 6.655503192162750548e-01
1.345972755046274116e+00 5.468526287789437390e+00 2.156136573944535673e-01 4.542859407466935728e+00 3.686469930264326678e+00 3.800045310453453951e+00 4.780608351285021485e+00 3.077333152975832986e-01 4.688300598045197276e+00 3.519593208987057409e-01 3.050811232726331479e+00 1.771568191551491811e+00 5.483101826270437407e+00 1.920540113125650761e+00 4.663099237192891877e+00 3.823220519493203184e+00
1.496502802224979112e+00 3.277254822426608705e+00 9.577443890387967729e-01 4.737285121451523473e+00 5.154322188115977532e+00 2.786028184500382920e+00 2.450248182499628502e+00 5.840231286714659298e+00 2.509799927603522107e-01 2.069999999707785587e+00 2.171439461890571909e+00 4.808050495270006941e+00 1.002402892914760590e+00 2.911115026091700031e+00 9.718005799408812040e-01 4.789922835120138389e-01
1.075874624282971093e+00 6.090334776510076820e-01 2.759150528356207666e+00 3.911056680199171076e+00 2.782079627380699804e+00 3.772780434620757184e-01 2.344637418779352167e+00 5.576945236634997194e+00 4.305505765446195454e+00 2.220716122133174153e+00 1.681826650177430105e-01 4.889484320957661723e+00 5.817289122732580253e+00 3.363837148877327543e+00 4.589224185894402730e+00 2.236526243552044324e+00
3.313406944751610350e+00 3.287798315065229016e+00 2.774692668208179835e+00 1.760141085059879318e+00 5.694560755601406399e+00 5.217996994104103337e+00 1.975230188571529988e+00 1.577107013810771674e+00 3.990849548234771671e+00 5.943476473275570715e-01 2.557038865510320669e+00 3.463767840257991892e+00 4.283937100026332878e+00 3.253310176718172020e+00 3.735755075253501367e+00 5.131150669878467241e+00
3.749774709588476362e+00 5.703303491230011346e+00 1.593887342050768874e+00 5.219553559491164840e+00 1.865110118031215736e+00 3.774751962098222169e+00 5.835505229279487338e+00 5.046310524253403429e+00 1.050939518669621320e+00 5.547201800802326055e+00 5.957227614527928594e+00 1.315309170005177775e+00 2.520439334841096723e+00 2.225142131624386455e+00 2.978715249532379428e+00 1.115551009454097686e+00
3.236981302238294500e+00 5.644863694865030368e+00 3.148419444902657016e+00 6.226985854668144249e+00 1.859561832922477898e+00 4.497539218388003412e+00 1.375945674943782171e+00 4.530575504962025546e-01 3.139583331656935261e+00 2.351855294544777042e+00 3.890886921049629077e+00 1.321455604916924598e+00 1.436240253088096663e+00 4.096167443132145536e+00 4.604729256580911922e+00 2.656864528803828840e+00
1.182514403894346255e+00 5.071113392357156968e+00 3.563788292589715301e+00 2.002250367058519664e+00 2.427173953318376043e+00 2.497743231903670313e+00 3.399432195352125596e+00 2.209123242052412728e+00 6.172705692202585581e+00 1.459894710292767961e+00 3.889101171207542063e+00 2.659652304544699586e+00 4.913525969627244194e+00 3.393259975976404608e+00 1.237608074417159365e+00 2.150516072098100362e-01
1.623505531334658247e+00 2.265513024657666463e+00 1.644962874862286428e+00 3.361162689632487544e-01 2.233764673560680036e-01 4.871555750846287225e+00 1.501809839390354950e+00 3.466063834358249274e+00 5.663067643468403523e-01 4.049347841056382791e+00 3.233389351262724976e+00 2.664093096071511457e-01 3.856025652136648940e+00 3.836343685420825711e+00 1.628243888897148217e+00 2.152368954012960356e-01
1.636160686538197906e+00 1.261157452853020056e+00 2.951369034819006032e+00 2.005594964540617475e+00 9.230749889112157547e-01 4.480242191984314282e+00 3.901652366913224590e+00 2.639434085007009045e+00 2.139475804006363724e+00 4.342968428705252570e+00 2.420663658849283362e+00 2.799044811559276980e+00 3.263792116224902840e-01 5.416063549770328223e+00 4.092515538515518969e+00 5.796176825426108792e+00
4.471929493317349902e+00 5.940802870301277849e+00 9.499229861985361012e-01 3.779340763129398262e+00 4.786518428702850159e+00 3.572914569143575414e-01 5.868283927922147036e+00 3.936059602128556989e+00 3.710474553949717702e+00 5.103532591179142486e+00 4.181483501092659871e-01 4.363248283164355534e+00 1.458447253648309516e+00 5.421332218420034543e+00 4.130890799330454222e+00 1.719240047495918189e+00
1.897436486038132308e+00 5.716668117259862569e+00 4.763929520884986779e+00 1.003705767908791957e+00 1.403211874423866412e+00 5.027790362333256269e+00 1.281634690247987596e+00 8.118889909651326731e-01 1.866897383143665268e+00 5.196127322114237224e+00 2.904216233426729854e+00 4.482102000443402012e+00 3.460927248712916682e-02 2.559180222207274036e-01 5.287594658739936726e+00 5.511893805921374678e+00
5.193750896485624935e+00 5.395689409254620372e+00 4.849433907837320534e-01 3.541986571940538564e-01 6.376451665452442796e-01 6.224839762829308398e+00 5.500030647611139578e+00 3.325317683534966928e+00 4.170184576954756750e+00 4.872201673216821405e+00 1.359870206839965956e+00 5.049672221985644249e+00 5.066483155669920357e+00 4.032634846561526487e+00 5.493322533411829411e+00 1.229683294657365700e+00
4.210600675032845075e+00 2.723174033703758656e+00 1.407921633234882342e-01 1.221771355118976166e+00 5.881887970111788988e+00 4.355166622884463656e+00 6.360385079273392916e-01 4.346991165103560206e+00 4.464469599960444235e+00 6.231959305792656778e+00 3.335199517666615598e+00 5.746301866569866412e+00 1.250933245736519650e+00 4.578669050189009937e+00 2.824853902002979034e+00 1.963680524987864162e+00
1.940578152745715101e+00 1.270744990785796835e+00 8.483445215449039178e-01 2.276550195641428243e+00 7.062801200332672336e-01 4.937218366598393082e+00 1.712283836775310597e+00 3.792396579373518151e+00 2.135163151405241155e+00 2.275260718393008030e+00 1.700512320990519965e+00 2.177420639902317046e+00 4.235468696900269725e-01 2.734674472028117975e+00 2.203990329063220677e-01 5.575157032779870514e-01
3.943412495985794575e+00 5.976216715444504501e+00 6.278805080615517120e+00 3.339538701506476581e+00 1.066829952157862582e+00 1.734619738013503998e+00 4.770514031081360962e+00 5.534083816711151016e+00 3.672784000053910258e+00 4.867768222502256492e+00 5.044725149947013598e+00 1.504083800501310408e+00 3.635669356197637647e+00 4.702338175072505955e+00 1.248202917642951215e+00 5.331547963488189268e+00
