4.822993857958339348e+00 2.864151601968740302e+00 5.236888492800230166e-01 2.894834792895002451e+00 5.260105107165081506e+00 2.322287273621906678e+00 5.750110983421278021e+00 3.240113275141533578e+00 5.797036720327126247e+00 2.381285141659540194e+00 5.516990016616924564e+00 2.143577606258642021e+00 3.229130752060123399e-02 4.884444538973049532e+00 3.501396339922560053e+00 5.884727981551861831e+00
4.670595277972457993e-01 6.220669203727087648e+00 5.268940575893635625e+00 1.436426137155204730e+00 1.602046593436893929e+00 4.047294407049276010e+00 3.584793430990000473e+00 4.708234888908454430e+00 4.490456765043142617e+00 4.211827242628507051e+00 5.418319089728583116e+00 6.155578463470097184e+00 2.783458752344399323e-01 3.275624504566332806e+00 4.940201277527003776e-01 1.140422689829286185e+00
4.136592012570437404e+00 3.064372616391495274e+00 6.619419728078842491e-01 1.536596538921145116e+00 2.134657914296011594e+00 2.075066364898295657e+00 3.258348950042112779e+00 5.186428437306583206e+00 3.418014208299781753e+00 4.589674547397028626e+00 1.989217862290175720e+00 1.232068804058658484e+00 1.571620530915414315e+00 1.639772446455626254e-01 4.305541219876436898e+00 4.833246663454652037e+00
4.814126021081649998e-01 1.765473548312113783e+00 4.686076901523442473e+00 4.699102663218351239e+00 5.349539529255645937e-02 3.257111803039181464e+00 4.991937939421705828e+00 2.869944130253187509e-01 9.837941117293972360e-01 5.615896062882240081e+00 4.480791303685806248e+00 2.881884325238469380e+00 2.302322412458961853e+00 9.553337628207965171e-01 5.049022394152450133e+00 1.882186921590498052e+00
1.875247961872562819e+00 8.343019817766156310e-01 5.453799328962694482e+00 4.991915873652609470e+00 2.324852290553454548e+00 5.965025875007721190e+00 4.646160978554019216e+00 1.213228196735870013e+00 4.942697182464593775e-01 4.043505538488421536e+00 6.381924339547285774e-01 3.086583357099451419e+00 5.765604331174158048e+00 4.895498635639127905e+00 6.197255213552121944e-01 2.402829752817609688e+00
6.251435287706445187e+00 4.928267726225168843e+00 3.108665724772627925e+00 4.276304064878125866e-01 4.057437354932048379e+00 3.790788835386477373e+00 5.568520833494560174e-01 5.936437132445750109e+00 3.598948555331108690e+00 4.869642092754467022e+00 2.505658940528810330e+00 4.941039754256916439e+00 4.499900324412648089e+00 2.295536624752840815e+00 1.638633045928017395e+00 5.067885128380950066e-01
3.448732416556600011e+00 5.934048683582171080e+00 4.547903638434677376e+00 2.199836929965518717e+00 4.861079181194726928e+00 3.215060427205195470e+00 1.272084676694505978e+00 5.379872177865467897e+00 4.675019333477398398e+00 4.303121765671283683e+00 2.345897966643309684e-01 9.977067918600003305e-01 1.023190776719624662e-01 4.562964310496532505e+00 2.314964903947041297e-01 5.733448586363353527e+00
3.450254601395806198e+00 3.876772526757220838e+00 2.830646334238624995e+00 5.852614844224212298e+00 3.803129779498584551e+00 3.132713017767414065e+00 5.887334172060649351e+00 5.875794552063564602e+00 5.285647825444068637e+00 1.295803519207760157e+00 4.416969921567546642e+00 2.455226629097559066e+00 4.715964494621685432e+00 3.942312886548711592e+00 5.665180601425112705e+00 5.744028008337423330e+00
7.879711998981134835e-01 2.564289867082837571e+00 2.492744811946973726e+00 5.289442782302373303e+00 5.073145841575035231e-01 5.596815805473841721e+00 3.412945513170557277e+00 4.363515452682036333e+00 1.166664619536521119e+00 5.170841291813812468e+00 2.999036874251644669e+00 5.613199729149423334e+00 5.705097048658417158e+00 2.582684026445337455e+00 3.656639357633856946e+00 8.363183423532001282e-01
5.802314147136646838e+00 1.813461930670660971e+00 5.467387433487541415e+00 4.184312616770100135e+00 5.954350282011487749e+00 5.028524569113863585e+00 5.301570869471999181e+00 5.007837267433898454e+00 2.951637439055502021e+00 4.508037695603432482e+00 3.202910254621574637e+00 5.456323210985456029e+00 2.606138970875750083e+00 5.503229774323343371e+00 2.208743573325335330e+00 4.076312461536224063e+00
9.119995601452969558e-02 4.088601461619848720e+00 2.380953992013536968e-01 1.390468857825182258e+00 4.536665986506870141e+00 3.805760460357917818e+00 3.941661399767740104e+00 1.175177466334514920e-01 6.116345988183312876e+00 3.513173280842412094e+00 1.759469977119755002e-01 1.656096341696306817e+00 2.466485312853803347e+00 4.424683659120889345e+00 2.991938930115885853e+00 6.126463565915434728e+00
1.959567709236112121e+00 1.655671097194833408e+00 2.492572780921168629e+00 6.927075693866353578e-01 4.579990776143122999e-01 2.056926588593047001e+00 2.785590604690145522e+00 2.693569368400384967e+00 2.699108998114853275e+00 5.024046597296411676e+00 5.750306800695912379e+00 6.128505786806191402e+00 5.415982935786654018e+00 1.539806258669788708e+00 1.086883748468115085e+00 2.928502459206831610e+00
4.254810919332329688e-01 1.506419976701395269e+00 3.256466361530348852e+00 1.541130107325299203e+00 2.976451984409876350e-01 2.431158672291618750e+00 4.845219802661922870e+00 3.715680029580937127e+00 1.436471909785385748e+00 1.209939898215266485e+00 4.499180785980377628e+00 1.681699668622915311e+00 6.263036626719582500e-01 4.730771603549197124e+00 4.053773917887065759e-02 2.901296809896455997e+00
3.503248757300431837e+00 6.701928188923914065e-02 1.820675068078514647e+00 3.661290545761328286e+00 2.910288880829997815e+00 5.123364585111008118e+00 4.539751770614429915e+00 5.530694817515128037e+00 1.968371316280987493e+00 3.107227093699651110e+00 2.708261219011909748e+00 9.168306272208649466e-01 3.481380674104407102e+00 6.222746228106382921e-02 5.251391583099038307e+00 7.606607903986954966e-01
5.684894982808665453e+00 6.130455385501017318e+00 5.975449880942686143e+00 3.634994068934918943e+00 4.329962078607537457e+00 1.395775595463763785e-01 2.754439549630978590e+00 2.069246665364776749e+00 2.609103748490947172e+00 1.182427237972274586e-01 3.313720922527400692e+00 4.589631689658468794e+00 2.524083916628034441e+00 6.001396744533898264e+00 8.368920102223040836e-01 5.516599914843443031e+00
5.416693725317931474e+00 4.703389375579178022e+00 1.270641118173217787e+00 1.629970385833895641e+00 3.625142637581801885e+00 5.072012020313505509e+00 9.582136663008613553e-01 9.868679504228381472e-01 4.301101244285157499e+00 5.473456639051755168e+00 3.049157799169138205e-01 3.927688045653511928e+00 2.739973231455151037e+00 2.062107357178107059e-01 2.260584072486266027e+00 2.959258873564605263e+00
6.958431794559187811e-01 6.200253795943473367e-01 5.360710632712486934e+00 4.447492921209005523e+00 2.189387746263715240e+00 4.331320611453221225e+00 1.093002385226523154e+00 3.897243601630692389e+00 2.541755234258744611e-01 4.531230942137373319e+00 3.234978441387335479e+00 2.271766696205527403e+00 5.505952115048600604e+00 1.320112194483523238e+00 5.747376279416393174e+00 2.603839364934709799e+00
4.955048627473444434e+00 1.354329208314654365e-01 2.020710422331876366e+00 4.212674030018483506e+00 4.410402637496672718e+00 5.141261597467004840e+00 4.613711141471444677e+00 1.574211197613326840e+00 1.882144145225978837e+00 7.935749563716534283e-01 4.986477086855120033e-01 3.157005745767553773e+00 4.078752791865049687e+00 4.382073120025420820e+00 3.494219926105635921e+00 9.483174118702025757e-01
3.466439279637606230e+00 2.480828254427710489e-01 5.562743182439684908e+00 4.507397393230411886e+00 1.341259303183667484e+00 2.359546247174305833e+00 3.065204520038300906e+00 5.332151141027672736e+00 5.728025045305339624e+00 5.632518961710359484e+00 1.177413857039104395e+00 1.430819334093763384e+00 1.976561937357943721e+00 4.881707265805498075e+00 4.401979104141506838e+00 1.197939418485535645e+00
2.222239005164445391e+00 4.223883655092476985e+00 1.231004990719941183e+00 2.463392376926220706e+00 5.047013208671448758e+00 2.418559912696968794e+00 4.149971562173985440e+00 4.740955295933537705e+00 3.248524408018732323e+00 5.546236596004313846e+00 5.204597945544068516e+00 1.292135913732988417e+00 4.413672752396806231e+00 2.329976043663072538e+00 9.902163656610836473e-02 5.629081975239310864e+00
5.578618344101301751e+00 4.642761022970299578e+00 9.210150725092987323e-02 4.400488336231125786e+00 2.104836647760371715e+00 3.638896207194518340e+00 7.978018977085775676e-01 1.963270685950083916e+00 5.989204811771704939e+00 7.091673227729573536e-01 4.724199121530730849e+00 5.485095827013171110e+00 4.797490873916135712e+00 5.345398432579547610e+00 8.873046991096519287e-01 8.626366384425064870e-01
9.279483498867861779e-02 2.437906806699282392e+00 3.857097596124142491e+00 4.600323323250537833e+00 6.086097848981504299e+00 3.235017946230724473e+00 1.885723147732646154e+00 5.155695352888216121e+00 6.134700829432871316e+00 2.759002847847866757e+00 5.852895413960740534e+00 6.660758288551075212e-01 5.880600760092336898e+00 2.745839983518407301e+00 3.252127707209572005e+00 5.541018004282051379e+00
7.778757116448657971e-01 5.503805125946245269e+00 4.946861446087044811e+00 4.968482365478704921e+00 2.849672938738849748e+00 5.290773156851528825e+00 2.511534143457113899e+00 5.019731322328875756e+00 8.777679607636135195e-01 1.521735034662568209e+00 6.233849192829155061e-01 4.924242059724776688e+00 6.227028364742123401e+00 2.780671360254658442e+00 2.872352999480961788e+00 1.022435396180917389e+00
1.263242255084151111e+00 4.910552924382062479e+00 9.912285278389806331e-01 4.469034034901789632e+00 3.177079062471221960e-01 4.640377179349838954e+00 3.812146114643998551e+00 7.051536748798058474e-01 5.158940924713602882e+00 3.032995823494458065e+00 3.645236217042011617e+00 3.520764985259452917e+00 3.560276222849480199e+00 1.430953181011809239e+00 4.710898123380142799e+00 1.888407174312333403e+00
7.383563766254861438e-01 4.727399232325874223e+00 5.015750817737987255e-01 6.538156170961372249e-01 4.367816852641787762e+00 3.662589183872371201e+00 1.852486016059351481e+00 4.950216524076208380e+00 5.477747529394175530e+00 3.640381533233154610e+00 6.093754689289233362e+00 5.972721033710959304e+00 2.067909055387283868e+00 1.839793705540578417e+00 2.483234077399952555e-01 3.791407305067376221e+00
3.380386967509710239e+00 3.512720024398422236e+00 5.464039688655309313e+00 3.662577577786419347e+00 4.899178692283656211e+00 3.441765740018726927e+00 1.427411490922653403e+00 3.665004073561329623e+00 3.261425729486434388e+00 5.268418203396941363e-02 2.937377399508833697e+00 3.071282350923731030e+00 1.321619040254812472e+00 2.725524226227598934e+00 1.040575958936054368e+00 4.553040322869149392e+00
2.171236116044925613e+00 2.207596317063902358e+00 5.886694689152550453e+00 2.665710535265805703e+00 3.657643722321193280e+00 4.275861258754197536e+00 1.957265535906453247e+00 3.694063544194547521e+00 3.475939854870097268e+00 5.105657771251871146e+00 1.553545536766862245e+00 1.167786892469814541e-02 4.375728446710851038e+00 4.499534015205963300e+00 3.095817234936779183e+00 6.046762007035910713e+00
2.391103018996157736e+00 4.838252058470179584e+00 5.594363794662585043e+00 5.274177677246392193e+00 5.780051257841872570e+00 6.220763859788990935e+00 3.720272044311253801e+00 3.787819835256522438e+00 2.912616178270867273e+00 1.989828412189978968e+00 1.809728869574762644e+00 3.091315938839586774e+00 4.619368929273707458e+00 8.659458710002794213e-01 2.451861603996241534e+00 2.442235327219931751e+00
1.692624240321785267e+00 2.251322994202371142e+00 3.916664327363351461e+00 3.924399046451805262e+00 5.145234760710012623e+00 1.218661929875787253e+00 1.021235349347692001e+00 1.176127371103314445e+00 3.379685043635368924e+00 4.840531239909709349e+00 7.093066737711164471e-01 4.170847067660168328e+00 4.281470783294995530e-01 3.480099261207886485e+00 9.324082036257661521e-01 5.383349316672121354e+00
5.242184904870297757e+00 2.897872442827992057e+00 5.453747569908518500e+00 2.174276678899307313e+00 5.279667601630824159e+00 1.709424420632382535e+00 3.065505019623536054e+00 2.695629001390751789e+00 1.752193859790631025e+00 9.799699976423332792e-01 3.221267251805476128e+00 9.005839548367762237e-01 1.909144672569529577e+00 4.168391693774569973e+00 6.714995180362769434e-01 2.859420980970442283e+00
5.604779531603757414e-01 5.631917407075690107e+00 7.360486670971574386e-01 4.202419239861838740e+00 4.662068480816059513e+00 9.469017176540807101e-01 1.888213785074736584e-01 4.647197213520123604e+00 1.139679199391515407e+00 1.584712290340085206e+00 4.676343829208801317e+00 4.196955514352982419e+00 2.164618026360222380e+00 3.407772607371824414e+00 2.025620316464625537e-01 1.037036377801672238e+00
2.023883025395990742e+00 2.450574745106968599e+00 6.541348200409983216e-01 5.243033944183288497e+00 2.090009487718618164e+00 2.992868311239875734e-01 1.761363055775936548e+00 4.056688101506392030e+00 1.627036383436981426e+00 1.704664559249709166e+00 4.890182824716208465e+00 1.380046881005797976e+00 3.895412054237301636e+00 3.702754659145305993e+00 4.408023857678326607e+00 4.062234123391402107e+00
