2.627592400797279293e+00 2.814245309042214593e+00 4.784696311554871073e+00 1.311335655697309477e+00 5.434682087476883083e+00 4.089560267324326759e+00 4.574871624469611042e+00 4.256909914064074485e+00 5.771235634465020858e+00 3.260946088715127367e+00 1.828104318518649185e+00 2.147018763707555511e+00 2.317549093935545645e+00 1.005500171003937293e+00 2.751899689479240685e+00 2.922218680796035972e+00
2.856720377208652906e+00 2.978492823573698267e+00 2.882473306087239173e+00 5.016769072218280279e+00 7.185396881796695112e-01 3.114444196335718118e+00 2.575676127821460604e+00 3.572343232149127523e+00 5.971120383373175855e+00 2.669579987260592091e+00 2.449493260372253900e+00 5.615102206624431602e+00 4.054007225722369157e+00 3.815839882102177727e-01 4.849555064795635140e+00 5.177667645662735296e+00
1.840312120790571049e+00 5.213942800474345773e+00 5.184384743405531459e+00 5.732538507763173641e+00 1.748462390622834040e+00 9.633999459144342303e-01 3.188540063881806219e+00 3.333258275515723401e+00 1.544114052755619637e-01 1.015634927766931650e+00 9.028315868395453414e-01 3.530253380776610328e+00 6.265506239031979341e+00 3.417651749092570856e+00 2.598342880693667922e+00 2.179756416908654515e+00
5.451390661092803569e+00 3.609412355734990197e+00 2.410764121068428523e+00 2.888852889509921251e+00 5.365654291701286382e+00 5.927767137626269722e+00 2.149787552619832010e+00 2.993985197790550501e+00 6.177420867700850415e+00 7.601559387375459442e-01 3.906183538615484618e+00 4.820498033198319376e+00 1.735213842558497310e+00 3.652662989272884353e+00 5.285965735688989975e-01 5.533483506201625879e+00
3.232694115067192175e+00 1.920373706502202182e+00 2.729869269608717453e+00 3.102343132771004708e+00 2.414014285003548643e+00 1.380819932582313836e+00 1.352895468888948738e+00 1.590913887426148365e+00 1.676869886684318134e+00 3.281602190717167300e+00 1.715880591610552619e+00 6.141783232367366452e+00 2.337839462591805528e+00 3.401091035336870405e+00 3.207041351897297776e+00 5.142666935285533647e+00
4.888476948955521983e+00 5.808117157851527601e+00 5.274432456998068730e+00 5.481118528609065343e+00 2.457527289581403984e+00 5.226164901659151596e+00 9.418334677322015569e-01 8.011058851229166736e-03 4.819570216444915900e+00 1.408451033021605570e+00 5.899405083552693441e+00 5.047764543740060894e+00 5.214613070709621212e+00 4.660467816397033225e+00 3.439128317506352506e+00 2.297177385238552638e+00
3.800878167398386687e+00 3.632437651571363446e+00 2.862909338200238629e+00 2.379170574160063278e+00 3.118480821549159732e+00 4.210027120974471515e+00 4.622298985811040595e+00 8.003738113463709780e-01 2.417382461124986115e+00 2.369935464356783594e+00 4.842857664971930376e+00 4.940564964801700043e+00 5.692557467276516014e+00 3.063839701029788198e+00 1.865610814392632877e+00 3.308749087646106535e+00
1.069859842375807668e+00 1.536795365551948622e+00 5.385606563163765514e+00 2.475297946383616221e+00 4.761380230313708495e+00 5.014243381358434171e+00 6.978024179672025484e-01 2.153750073366296647e+00 4.850357208083774907e+00 6.174846002295057978e+00 1.204106579444601755e+00 4.016485430740739382e+00 1.711227356117243525e+00 5.505445281688565728e-01 4.581011164302325689e+00 1.210725672206344639e+00
5.204135625404229692e+00 1.960458046265083576e+00 1.328710096413829866e+00 2.432873840524321540e+00 4.309868280420436015e+00 1.783370192701919654e+00 3.490297152066716535e+00 3.029912244366445240e+00 4.621766874534867675e+00 2.585146449664051271e+00 2.711958920958772001e+00 4.486990513138353065e-01 5.501361395804642562e+00 4.359511894171888891e+00 5.067911328960581940e+00 2.461262089471631498e+00
3.649936156063930404e-01 2.309868579656743304e+00 3.180236909951196900e+00 4.993239071208705582e+00 2.582032638726583063e+00 4.487655561824631434e+00 7.034294175531363713e-01 3.517448075582831901e-01 2.046333851028337758e+00 2.157044985724183572e+00 1.149308299725744442e+00 3.315655639466231541e+00 2.210145218763614472e-01 4.976808854089893597e-01 5.195665174301579370e+00 4.935230890786385771e+00
4.692242488163841152e+00 3.374082208001743854e+00 3.423312337041687137e+00 4.088548041697587898e+00 3.193542585636160780e+00 2.514899223766469682e-01 4.046562191937815633e+00 6.194653987125010808e+00 3.253886855135414091e+00 2.205685050761170718e+00 9.564552187182685516e-01 5.096753645457877901e+00 5.873876444913839201e-01 4.212233623614601186e+00 4.362048792898220562e+00 1.682830537833990059e+00
5.411577982850874768e+00 4.802188633430517939e+00 5.348718518264203997e-02 1.176686657123015456e+00 2.177002048444514060e+00 5.421620357459875805e+00 3.133740179519991287e+00 1.932873549612143194e+00 3.039709455659322934e+00 3.540575249427147408e+00 2.731222335658158862e-01 2.071476279579853585e+00 4.929094576369599245e+00 1.269247243330989816e+00 6.729213607260212671e-01 6.166510176094786466e+00
1.271175056682404492e+00 3.408654235475343519e+00 1.636272777327297534e-01 5.912385807679013894e+00 5.470431847358192101e+00 1.470340253946570384e-02 4.306089356093087517e+00 3.111309672423784978e+00 5.132619592455722746e+00 5.433325386910027532e+00 3.987878264852815491e+00 1.346560300715568870e+00 1.930771821870793936e-01 5.966529390478347850e+00 1.899304244609649528e+00 6.174925858891232799e+00
3.912153825431183840e-01 5.213577176143060932e+00 3.272059284638985099e-01 5.060764581200599466e+00 3.727289313343060240e+00 3.401132087185057440e+00 5.220570544450998440e+00 2.373649460046020288e+00 4.928813446779684249e+00 2.855326979896933182e+00 5.138444828124294261e+00 3.260750476751180127e+00 1.501343228647743278e+00 5.258124264743763154e-01 6.067293506307850137e+00 3.298190438339449582e+00
4.165524472736556127e+00 3.304890524628809167e+00 2.558953123729134749e+00 5.918325899205216345e+00 3.417628327787116227e+00 3.887974934273869199e+00 3.908872973983850585e+00 2.937805300997540670e+00 3.419203129568515465e-01 3.094725190658087488e-01 3.586037048700088548e+00 5.446974249491300490e+00 2.125731887034330470e+00 5.801435088436815768e+00 2.564528369961412313e+00 3.857499496035092790e+00
1.027847193312830365e+00 5.239518432381931490e+00 8.920685096661153946e-01 3.754460419463635734e+00 9.720117774555866452e-01 1.434598324283105963e+00 3.012620240845564457e+00 3.483555127381592786e+00 5.906408617530899186e+00 3.434830121772829425e+00 1.210763173414096228e+00 1.239191647665400353e+00 6.043126836113662748e+00 5.621384176260073140e+00 6.262647383812507407e+00 7.203851647890427423e-02
8.659797183209060334e-01 2.815002699819816101e+00 6.149570902290205865e+00 4.904109935676514986e+00 2.911665415937128021e+00 6.108802937548183820e+00 1.143365077375073646e+00 2.528267026699802411e+00 2.807543824178590608e+00 3.540666709228699194e+00 5.954020194130578147e+00 1.989405924251285152e+00 5.986628621621108870e+00 4.062928633224204056e+00 5.509903933012867405e+00 1.506837306840769886e+00
4.465556337287926780e+00 1.956186404258800415e+00 2.024114917039241845e+00 4.120416610949598990e+00 4.236178371333976678e+00 1.171487183912833130e+00 5.183776964561236156e+00 5.798410392549158132e+00 5.096108666793036868e+00 3.808469826880767961e+00 4.196843782987546234e+00 6.638638183009186733e-01 9.526673009008979065e-01 1.392846731451133468e+00 3.178599345413005706e-01 2.647412636401926367e+00
2.093629433281886332e+00 1.602200773386579957e+00 2.462571131441965822e+00 5.956763550304666310e+00 5.534085749354772155e+00 3.463069339263425306e+00 2.141847412574970824e-03 6.091522435855786094e-02 4.828315003486573609e+00 5.116164560963783359e+00 2.569925538406398480e-01 2.777913440255430189e+00 5.555966829426705722e+00 3.936474591720800387e+00 5.072344476299274874e+00 5.531965485834031249e+00
6.181375638022968744e+00 1.389694583179138743e+00 8.611657668142927990e-01 1.432711940899816794e+00 7.314367102162873113e-01 6.076829154375054109e+00 1.989280125090155504e+00 1.785471028018235984e+00 4.107055911647786495e+00 5.191707670936058783e+00 2.458742459249795953e+00 3.507003917861625908e+00 3.062013201569083520e+00 2.735781445406149093e+00 1.690304664107592725e+00 1.979463527795626954e+00
5.982594989627628479e+00 5.414498125593651956e+00 5.214805271990449187e-01 4.754696857570770874e+00 2.610407617885084797e+00 5.732361416114618358e+00 2.128271628589204489e+00 2.157973712372998509e+00 1.514133331963973150e+00 5.592452856636286107e+00 4.803694324777289637e+00 6.737258630734856979e-01 4.278924987466613317e+00 4.909243103329809621e+00 1.365701484224212114e+00 3.097000093527742526e-01
5.049760459695777470e+00 1.040470928359557901e+00 1.889487788181686279e-01 5.428317177800033200e+00 3.623735979698285092e+00 4.066888949127881681e+00 3.831394892587144163e+00 5.677895698807347458e+00 5.294313118331654522e+00 4.777678145984648239e+00 4.916456160659167018e+00 6.004995562078744520e+00 6.210891656095165025e+00 1.139083071003027969e+00 3.095520851187407718e+00 2.208247122717085231e-01
2.201170878443565293e+00 1.558232267632227996e+00 4.122364757741337371e+00 1.798874863803198831e+00 1.604683058306688892e+00 3.601638507746256490e+00 1.213823679531281341e+00 3.680597936704892881e+00 4.312062664540518675e+00 5.557921048591827784e+00 2.058715140774705077e+00 5.746980149223353429e+00 3.533802162783235890e+00 5.980881266897870141e+00 2.676647915081282192e-01 5.361988460193658490e+00
5.133907395172478516e+00 1.108268895322031211e+00 2.063373442763287269e+00 2.336328474384540943e+00 3.835444668276714597e-01 5.013211727039389665e+00 1.708916952471407402e+00 5.804220724375011464e+00 3.549233263203864563e+00 2.230835532765946816e+00 1.892609412248328793e+00 5.643015052552133426e+00 5.013239671134283704e+00 4.858570325671640155e+00 5.941093076182469623e+00 5.758016057659863129e+00
3.758018294243259394e-01 1.387651350130549410e+00 2.958322710955166635e+00 8.103354654042727034e-01 2.366171516724007162e+00 6.225612027225498224e+00 7.497620114043060946e-01 2.438801778198836256e+00 2.826328757305522910e+00 3.859452073558126695e-01 3.024629314778033873e+00 4.387254679661308998e+00 3.367275306382730982e+00 4.605342085387222895e+00 2.168854563813994996e-01 1.930746138685409952e-01
8.787007585473697313e-01 4.847625578108397448e+00 1.111925551415409608e+00 5.299344234662235920e+00 5.737525984740431184e+00 4.062293345976098813e+00 3.305011058197127927e+00 5.313362193141327516e+00 5.488410559151528645e+00 1.432383538152855462e-01 4.159331455625030927e+00 2.130449458830554033e+00 2.378901218905457693e+00 4.004429036025603850e+00 5.845118329302036564e+00 8.079786262261390295e-01
1.310212995837345851e+00 3.068253342683042284e+00 3.941739613471059389e+00 4.338744421925975203e+00 3.150531666725510771e+00 2.246328019900851292e+00 3.480312386100715472e+00 3.136987655467942560e+00 3.752583297909970916e+00 2.043545224435412866e+00 1.179836850207896859e+00 1.377963453348788891e-01 4.147265558511498362e+00 5.818335659271757443e+00 1.140683933732910216e+00 1.904710773844595861e+00
2.968694485675434702e+00 5.527837565785202578e+00 3.418287251927680237e-01 3.799206985459518959e-01 2.630539560768073493e+00 4.451487903559890214e+00 1.359819837718097224e+00 4.752200164497237367e+00 1.150183549961778962e+00 2.692185116502028297e+00 6.059742357919516209e+00 8.016920250713827079e-01 4.716998902574459862e+00 5.111965978578450809e+00 3.254816123170058972e+00 3.334365869170277108e+00
4.034870441845474498e-01 1.792160691680917184e+00 4.610760207581196646e+00 1.251546472744106797e+00 5.875417399919824923e+00 1.667785448214716526e+00 4.066555080671238720e+00 4.028859363565024054e+00 4.666091069532927627e+00 4.343908720994302364e+00 3.769295639785121388e+00 5.050400090737615422e+00 2.281467143410566667e+00 3.579100949690556366e+00 2.567316658982384592e+00 4.273126540220113512e+00
4.342084744474691504e+00 6.242987041096696998e+00 4.076730602049333463e+00 3.228098616365489448e+00 1.145289426538576905e+00 2.899262237498859029e+00 8.056168872627397226e-01 1.548275673142268660e-01 2.341538010096304578e+00 4.627442377134875606e+00 3.340087336331362788e+00 2.903638976172175923e-01 4.270440522669401773e+00 3.783290821096954915e+00 2.260794932987383987e+00 2.665365332648651275e+00
1.675053172461048012e+00 3.474802802540648550e+00 2.598925682422215999e+00 8.925339203047117920e-01 5.147097112122355433e+00 4.918885155624295180e+00 1.634421989490493443e+00 2.493683828356331844e+00 5.238154993464727571e-01 6.219885387440263536e+00 3.547679759555697476e+00 5.111584305247971471e+00 5.331844990426869657e+00 1.755418383417841399e+00 2.273626340648684963e+00 1.806295767890008785e-01
5.461041836024495666e+00 2.505162978550974806e+00 3.091334632495090773e+00 3.102913585834633725e+00 1.204630214019089207e+00 6.273288599639146312e+00 5.270115693943128399e+00 1.409912737291190821e+00 6.140737223569256997e+00 3.644443343772984178e+00 6.864213890767080217e-01 4.610629257779486956e+00 2.089279963385867411e+00 2.392574022989077509e+00 9.330653618563935492e-01 5.750167462063019208e+00
