4.814645630696842815e+00 4.792291448904840045e+00 4.110153416113566216e+00 6.204607406355231447e+00 2.956518469614724531e-01 1.495459571246013919e+00 1.912569413063642365e+00 6.240266832254577345e-01 3.089267920371434162e+00 5.008770920699475049e+00 5.690939616523236211e-01 1.224803104408251464e+00 1.406071311940425339e+00 1.504965073641743478e+00 1.197826349703975612e+00 5.571982861152218192e+00
2.482485830291210060e+00 5.981859991855083436e+00 5.101771809777303268e+00 6.183313566581165155e+00 3.096950441506360452e+00 9.473187435539123236e-01 5.087562546317535350e+00 3.589923409239541563e+00 2.732550570179055782e+00 1.964242983211205384e+00 5.044259372405115904e+00 2.071349107290034741e+00 1.044828352755889256e+00 6.198212754722804974e+00 1.924285117687320135e+00 4.565980540018736100e+00
3.905848370750048648e+00 4.663837335204868983e-01 1.849533276309102581e+00 2.259472846807522028e+00 4.388925914651428783e+00 8.409865212604453744e-01 2.656432989643154219e+00 4.787464483410491134e+00 3.633475255249834390e+00 6.321638277303694986e-01 3.592893553857762878e+00 1.572745125369119146e+00 1.826944976229042672e-01 5.633403309973773254e+00 3.972091193235172568e+00 1.691880944120390806e+00
1.616564895920317824e+00 2.507380725795384513e-01 3.360913101214544341e+00 2.911612573206570076e+00 3.468202385850985170e+00 5.731589249562535571e+00 2.081257600891089687e+00 3.894521893599350859e-01 3.461817357038768916e-01 8.768410115484805978e-01 2.331155074896523516e+00 1.845740831042127716e+00 5.082145617737904963e+00 1.374131913638496183e+00 5.809669785643159834e+00 4.575365222942910037e+00
1.996004690291466765e+00 3.758574706679096877e+00 5.815288239672809389e+00 5.931357038691249528e+00 5.045151460265772103e-01 2.411045301035259047e+00 3.095633267324880977e-01 2.249560922157732179e+00 1.215699979074109205e+00 1.928288541471881556e+00 6.183154534935664692e+00 9.544903334429637176e-02 2.858711881011008149e+00 4.819770085620898925e+00 7.862463328736614132e-01 9.611536027206350752e-02
4.150548471128836958e+00 3.808689078084373847e+00 6.725525383676299596e-01 2.524854390805847615e+00 2.413426198709517134e+00 1.503580024674165072e+00 4.866258873483462644e+00 1.811484064247718795e+00 4.840599451841027800e+00 1.033049233316158944e+00 5.121414920025695316e+00 2.036039324328164923e+00 4.941457867721229746e+00 1.411273264290706209e+00 1.791872554875026669e-01 5.512935028062440068e+00
3.613781876512526914e+00 3.424507644786628502e-02 2.941268696825542150e+00 1.308851644571230821e+00 5.823434872052306588e+00 6.324939565506357275e-02 5.003305350562577303e+00 1.244795395896023615e+00 3.657722426251935222e+00 5.640683147609170334e+00 9.427223057975320231e-01 6.189176245577623803e+00 4.824959646243062394e+00 5.098294599549392458e+00 3.600364835837818855e+00 2.091471379213738491e+00
3.079709498592795747e+00 2.217349751954185599e+00 2.693663892562180529e+00 1.879168310054796676e+00 2.740432876245582974e-02 8.076058271381200138e-01 3.645079904257933379e+00 2.984952268377244478e-01 3.334285389879538264e-01 3.573935558226284392e-01 5.841746328808906874e+00 8.452812137584476693e-01 1.796998352997809245e-01 2.418650622661594696e+00 1.169229954576088915e+00 3.158021015162559286e-01
4.807631065780340052e-01 5.663962657473323503e+00 4.400856925821314825e+00 4.831804811626072116e+00 3.347445268992063738e+00 5.708842305898274017e-01 5.392955407174669702e+00 2.251245239001240517e+00 3.801173738328448959e+00 6.250676101616763347e+00 2.989448335157712133e+00 5.454541664496743714e+00 4.550807781970285681e+00 5.607569918479173410e+00 4.261579540205331362e+00 2.610125309342511635e+00
9.215056907175720458e-01 4.777838838447354242e+00 4.727346265713519458e+00 5.215077634007677432e+00 9.002014592685415872e-02 3.280007839742756559e+00 1.833042588080123547e+00 3.269662982281853481e+00 1.680033400941232546e+00 5.219897792102448975e+00 1.011869570581434230e+00 4.498002539132515132e+00 5.530618188046287464e+00 1.606434584238260799e+00 2.487542690014585389e+00 1.276144510433482315e-01
1.903748518758183073e+00 5.063184788084607035e+00 3.810839533035915938e+00 4.316590355778486376e+00 1.821698324385204959e+00 6.026285665149362814e+00 4.541208472933030649e+00 4.431041769587148238e+00 2.390344814913731852e+00 3.213503929760906708e+00 5.451509221537271799e+00 2.627816393825880059e+00 1.647754822287519350e+00 1.386576908739674430e+00 5.970316949984806776e+00 1.139869363832036880e-01
2.102346187245413223e+00 3.507850059107031182e+00 1.460929901818825538e+00 9.170223018236183243e-01 9.529524412320036220e-01 4.966804655417845993e+00 1.641246296596256538e-01 4.301777371624005752e+00 1.667774442034000715e-01 1.149139451659254352e+00 4.857596310149737279e-02 2.548436058935959370e+00 1.308092610077713713e+00 9.918539380246117476e-01 7.544575522071510498e-01 4.282076529758300332e+00
5.317825139572140980e-01 1.047914711948446431e+00 3.543889234580563485e+00 4.465185322038272453e+00 1.566240628664733903e+00 1.835959972736472379e+00 2.461544385964439030e+00 4.578671396628600121e+00 4.117956550515450509e+00 2.843681250199441291e+00 2.569984406070584093e+00 4.468206876514566162e+00 5.979780772588247473e+00 4.845400237548223465e+00 5.477382736581357214e+00 6.096735481751371033e+00
4.611892514071443294e+00 4.978613221184591708e+00 4.072234485225836309e+00 4.765767060016938395e+00 2.530661897613574851e+00 1.630783648867165869e+00 1.768232243470084120e+00 4.683119902016936287e+00 4.214674742897368986e+00 4.831557732306675845e+00 2.280590168296009246e+00 3.936417858228126399e+00 2.234672626643640303e+00 2.073723711129226377e+00 5.286440518573961356e+00 4.255310796837814130e-02
2.955545351375717278e+00 8.805938968643587383e-01 4.253148792929651201e+00 4.238221635230617679e+00 3.414116410039043981e+00 1.583669057055268503e+00 3.553512356398658589e+00 4.756444170468536736e-01 3.515590835648509493e+00 5.768211265811878263e+00 2.491479323902196175e+00 4.032867111708500651e+00 5.464233205182719821e+00 3.889960664591492367e+00 1.406451886780636373e+00 4.492771360221642141e+00
4.317702574455221654e-01 2.010274376701610688e+00 3.418674258965825885e+00 5.273905723667451362e+00 1.395153061882942191e+00 6.224285012922623039e+00 6.161387144318861253e+00 3.564047932981590505e-01 4.684520267737384280e+00 5.098006569360261864e+00 2.694775635836595740e+00 5.247328064055959196e+00 3.686319518511878973e-02 9.213347631108991242e-01 2.151970438086985293e+00 2.405610253671722099e+00
5.068475430410060767e+00 2.603960138953896664e+00 2.352251164632253921e+00 9.957514601256676201e-01 5.035921351335375995e+00 2.978450100084647278e+00 4.264539731308735426e+00 4.344011261787439793e+00 4.536260468029633230e+00 2.038294600071749230e+00 5.959961616697780684e+00 3.482761058631247408e+00 4.798073976003148999e+00 5.636785004111160902e+00 1.770227658381812175e+00 1.514289137262525342e+00
5.899806710156880740e+00 3.661771297948189563e+00 1.531371801544333611e+00 3.580091192756782448e+00 9.477141234564763206e-01 1.727821956346137666e+00 5.954433529484486343e-01 3.017569246338773215e-01 9.926361812155088948e-01 5.658218119545796121e+00 6.261499756440438880e+00 2.414269544332480866e+00 5.692689709023980527e+00 4.217411144163758507e+00 5.772072026452526927e+00 2.919021556900062375e+00
3.076834225742969053e+00 2.051518171542141999e+00 9.846801185395742673e-01 1.900026870280279834e+00 5.804648272629375327e+00 2.958193008923160061e+00 1.367067410158759044e-01 5.951168906908685940e+00 4.435806901895416487e+00 1.437004196604559692e+00 3.677302393669149350e+00 2.713483114910959504e+00 3.321111407312787200e+00 2.452944434443914190e+00 6.181959971857013514e+00 1.055448267443036547e+00
5.882256821862265284e+00 4.288731119387107604e+00 9.731026192469848235e-01 2.374791201638400739e+00 1.869153736755400919e-01 4.472535432409785905e+00 1.343612745583528723e+00 4.525372295024269853e+00 1.082958238745799218e+00 4.505866007981451205e+00 5.512252030307352335e+00 4.872092870530865483e+00 3.497747263916179072e+00 1.172218042812248756e-01 1.202380867457680802e+00 3.699819529334139823e+00
2.417165880360166774e+00 4.088637135735104344e+00 4.567550406765784388e+00 1.644229368785567580e+00 5.086637057122255889e+00 4.276610308288918638e+00 4.682207058559957780e+00 2.622005393704384346e+00 2.913064921953304243e+00 2.687254287730257651e+00 5.115769491494073229e+00 2.547953620094545180e+00 7.417912189122172206e-01 2.309648014237528191e+00 3.468291263122861068e+00 5.072416075807799629e+00
4.464978319648352567e+00 1.220310959211752699e+00 1.275107435811308587e+00 1.827441206072291324e+00 2.055916429233011211e+00 8.355050968124995148e-01 2.205073125605624185e+00 5.631599836853065533e+00 2.566201361112297796e+00 2.326634704019913402e-01 4.497913221527390704e+00 3.085662733959131376e+00 4.789800728387338502e+00 2.589216938632583620e+00 4.006348976239277881e+00 5.671551913396133848e+00
6.120798208083666481e+00 1.667610432141454213e+00 5.222552358566201036e+00 2.639779800360634088e+00 1.710931199058039143e+00 3.491802784354944400e+00 5.283335893000248085e+00 5.825569850530976979e+00 5.122056036081384711e+00 1.448025101801681425e+00 1.788412126297763249e+00 2.000908362483987624e+00 4.905636348153096016e+00 1.765110899557035040e+00 5.542838760536118237e+00 3.393630090980235270e-01
1.857947644493142203e+00 1.308058608807969980e+00 5.440228114377109847e+00 4.600797685617513011e+00 4.309204827367546287e+00 1.863535717754100540e+00 5.105784853380507471e+00 3.443625850271215150e+00 7.220410913491852600e-01 5.795630311486637432e+00 5.517931733888889134e+00 3.506612241811389863e-01 5.476784121332061162e+00 5.710778720237303041e+00 4.467779490211371218e+00 3.482526844001152089e+00
3.827754568864168760e+00 5.408236441982201548e-01 1.917296263262410649e+00 1.579836657838491198e-01 6.162456395431672007e+00 1.739960576688034166e+00 4.376356424561338443e+00 1.681609407007850443e+00 4.272536490846720270e+00 7.424528322582980566e-01 2.694779517312234862e+00 9.066282084536548824e-01 5.214901038378591203e+00 2.862708198054411124e+00 9.551864147416243289e-02 2.373700497074892279e+00
6.228342406991989932e+00 4.830504365766686625e+00 5.760902209256532736e+00 2.651861552369573882e+00 4.634698820837214406e+00 1.958234794611826424e-01 5.174618197811466480e+00 3.018089397886049685e+00 5.784433632799450109e+00 3.277618658301523880e+00 4.685762835473414434e+00 1.992613190520535760e+00 1.414152742764275272e+00 2.283110920531640886e+00 2.891233293468610466e+00 4.567085322655154656e+00
2.701584976724904941e+00 2.988078474243228477e+00 1.775377544820681885e+00 5.867887667754450476e+00 5.068938597450080685e+00 4.793072468831399924e+00 6.224693379613220223e+00 2.606180205125212535e+00 3.796683414574507420e+00 3.951688219370334210e+00 5.751621143587977159e+00 5.966508439907642014e+00 4.023232943860988620e+00 6.069675261200965011e+00 1.818897268942677004e+00 2.461111304351828899e+00
1.504664504328433683e+00 5.435549329202820079e-01 2.491632664433564237e+00 1.014977445576194626e+00 2.596704525448788825e+00 4.582248909946777249e-01 3.217947353731307913e+00 2.006499863883647095e+00 6.822832874565089023e-01 4.137691565596875343e+00 3.189597263456021015e+00 2.810945867418906730e+00 6.237202912527918031e+00 2.255604908324927660e+00 1.531956022516928417e+00 2.798596610480387881e+00
3.154653048849032082e-01 1.487895107991107801e+00 2.860889014736260005e+00 6.037320542277357482e+00 1.084387048004935988e-01 4.430797361126386669e+00 3.723923482024200649e+00 3.762992770521460084e+00 1.392511355587132404e-01 3.017383164872697865e+00 6.151153947960406931e+00 1.237088783871408859e+00 2.287366439200853030e+00 5.384921344107103380e-02 3.866918547116247939e+00 5.241367078309693284e+00
4.324402067475997313e+00 8.640610587850264812e-01 3.312568776498366674e+00 6.101668936162816692e+00 2.202100604147759988e+00 3.202623563131334006e+00 4.392686198586003066e+00 6.151174989446906771e+00 2.033026177879395213e+00 7.004908991759454251e-01 4.986660885045574032e-01 4.354713663678002611e+00 4.613800356864451224e+00 6.052750578144366678e+00 2.375412391432564885e+00 2.685786309371226199e+00
2.590360779727517215e+00 3.809142199628763770e+00 4.098636253857581568e-01 4.559021198965840682e+00 5.589987039694934268e+00 1.471526562082114520e+00 4.205488036965665977e+00 5.645798852289013681e+00 2.756530932762692121e+00 4.285566526050809344e+00 3.076363211964621591e+00 5.471015336573992194e+00 3.651245647500927394e+00 6.155630669226102469e+00 4.993169318042414706e-01 7.237764028906716884e-01
4.620277691690877903e-02 3.529965640418915473e+00 1.491243286354196340e-01 6.139824924924626615e+00 2.937448975076941693e+00 3.658015126944033746e+00 4.461145756817826324e+00 1.333600640505789192e+00 5.130492124799300946e+00 3.528509784801564297e+00 1.187008540217627361e+00 5.535801090420417125e+00 7.602934095171464124e-01 1.399967233897972507e+00 6.170020970581870934e+00 4.475750456386927034e+00
