3.921959673932348789e+00 1.712990210369619570e-01 1.132934884043037771e+00 5.576078452080701631e+00 5.003784390817865635e+00 4.491094264219430698e+00 3.851100017153523236e+00 5.791229853556239426e+00 5.697134498827496785e+00 4.620567384357330276e+00 2.840473216186545802e+00 8.666612811823860840e-02 3.784111293246715579e+00 4.914002942400985674e+00 5.011185362572889268e+00 4.409268201987379676e+00
2.810010326082549081e+00 3.952857892524792138e+00 5.025095858103577839e+00 1.112376990302867519e+00 1.022324579494045205e+00 6.898146835480667427e-01 3.202984238962010011e+00 6.107809883923315475e+00 3.551246156129562515e+00 4.765015611049236988e+00 2.755369758953271742e+00 1.231395531543919342e+00 2.202724838841226163e+00 6.300094420869239986e-01 3.497792830057683044e+00 2.380235498631626534e+00
2.115178337220447791e+00 3.949837270016804514e+00 4.849723930028980057e+00 1.753381909994244647e-01 2.431017993598077798e+00 4.465498378876380237e+00 1.726367606218430106e+00 3.284518587852135685e+00 4.539409871653810491e+00 5.469700662005183567e+00 3.035788236165248399e+00 1.339339165332930071e-01 1.661148451838720286e+00 4.386537685051654645e-01 4.645454114101283949e+00 1.520810669858242647e+00
3.431553243769164041e+00 3.438670993256644604e+00 4.470170895918330167e+00 5.049883201557029189e+00 1.850013659198950888e+00 5.034150875605055475e+00 2.848534204815611925e+00 1.613403023962797778e-01 4.501593594769091489e+00 1.523179491038636924e+00 2.958873168434457135e+00 1.005768748836804560e+00 1.184206286305693911e+00 5.121124313724440213e+00 1.354476281556313833e+00 4.742535701741265264e+00
5.877121734954622312e+00 9.828836674037890742e-01 6.111195576752969094e-01 5.611164430202753906e+00 2.999140788642539412e+00 5.119718674321084073e+00 4.063074879551944463e+00 4.923019316506376697e+00 2.144061861357047238e+00 4.385198865198280060e+00 4.754336871196358089e-02 3.359505574952758700e+00 5.104002265154646167e+00 3.071387988230853239e+00 5.321983505685232707e+00 2.440236510950574367e+00
2.057633743812637750e+00 2.124972733695489335e+00 3.204731913146521283e+00 2.957839750225486619e-01 6.020700436370908903e+00 2.497400614712077083e+00 3.713406199814980546e+00 1.963306712804273158e+00 3.421584180270694997e+00 4.350635478227204977e+00 5.606146750589370065e+00 2.693932130707576089e+00 4.970614477132580866e+00 1.667807725323194434e+00 8.979695807422127807e-01 6.038522772614282053e-01
1.916584324515541615e+00 2.797823041150728329e+00 4.313881343286149472e-01 3.776091093332034632e+00 5.558245339977563759e+00 1.532794808315462332e+00 2.163535967022087725e+00 3.790153030095211761e+00 4.654574710059169007e+00 5.253290563624730680e+00 2.467052559134327083e+00 1.605459982196396629e-01 3.371900753802241635e+00 4.548760144325734167e+00 5.601250157998378221e+00 4.311267301276965114e+00
1.571166329958928243e+00 3.227372628857583248e+00 7.012012343545324100e-01 4.933331288460378161e+00 4.173204607967700319e+00 1.162172366384853994e+00 3.720238617963236738e+00 4.865451139854288343e+00 1.826804487820010925e+00 5.518476630670257954e+00 4.485919408468386771e-01 4.293555068100227246e+00 1.803065450212845144e+00 1.871205679329433824e+00 5.980207994256822701e+00 6.122696075410750005e+00
1.096577279966896468e+00 6.152175168517677761e+00 8.596154082980190791e-01 3.788426280257118250e+00 2.676082356642219828e+00 5.976296746485868505e-01 6.128464740883964978e+00 2.986313121847920637e+00 5.869902177725388803e+00 6.591274426951508891e-01 4.935776303369094009e+00 4.528362985969876853e+00 3.484352429777905158e+00 1.656628866067022532e+00 4.163823420655058949e-01 3.562551725329188290e+00
5.052960774039590319e+00 1.279244488546658731e+00 2.788774231619168820e+00 1.060175548448047733e+00 4.576443474541271428e+00 6.600228379918201549e-01 2.456660563209854889e-02 1.815452395228419835e+00 4.851891522463732898e+00 2.200431673993208825e+00 3.586609495127382363e+00 4.270677860077703336e+00 5.898126467394013694e+00 3.930171520512717898e+00 2.868157384558067680e+00 4.513712477515430699e+00
5.205245515805450474e+00 1.145427855918392357e+00 4.225698498348164911e+00 4.073058028066067759e-01 6.148089071139927420e+00 3.850711553714341040e-01 9.133908702638308119e-01 9.767115468406446510e-01 4.439466414757486379e-01 5.271191722092983589e+00 3.812190248650182411e-01 5.714802689064853780e+00 1.543241287735981800e-02 2.797667998405134249e+00 3.670417849630340790e+00 1.148678476039424856e+00
4.318950934502136185e+00 2.583363542273267033e+00 8.973721492660208243e-01 5.105625021359774252e+00 3.913521763946913090e+00 3.350313760702174015e+00 2.053174926374895293e+00 2.208544905529358893e+00 3.957525284421716805e+00 2.168366620757904428e+00 5.234853777581019330e+00 1.778368743373262006e+00 1.865942987640868855e+00 6.062477250324479705e+00 3.728882964176797987e+00 2.926707205221602326e+00
5.164503105762183743e+00 3.985885002966022550e-01 4.439177007368220629e+00 6.088243921742144238e+00 5.138619513094370816e+00 3.673523652663874817e+00 5.255060471645323972e+00 5.914230807369145193e-01 4.617078966010760510e+00 5.985250219425096496e+00 2.861322342838808375e+00 5.047733850953164847e+00 2.403851560069560467e+00 1.690201092790386328e+00 5.720490856301001514e+00 1.563421554419480497e+00
5.819491371704510030e+00 1.074865154936237577e+00 4.768590556245030143e+00 1.197426405973738062e+00 3.567735082342112563e+00 1.665338386016561145e+00 4.908353642720181931e+00 2.130093328513245510e+00 6.079796028408213537e+00 2.215769840393687407e+00 1.606038444342744675e+00 5.270698519195493148e+00 3.665503114462743461e+00 1.432835570560480942e+00 3.648194586880558199e-01 5.983820935225322657e+00
2.295558317576542884e-01 1.854353293555619286e+00 2.816121255632940912e+00 4.220564336615607814e+00 6.217972973711556328e+00 5.551204745943628893e+00 4.958845246077262736e+00 6.236824953385192494e+00 4.513341896050602764e-01 5.652720847440581231e+00 5.690305994211940721e+00 6.136190134903467097e+00 2.201556699795656158e+00 5.171790359755407351e+00 4.711028028400772172e+00 5.310653786509232255e+00
5.825175979155641670e+00 2.415060126688864273e+00 2.740186305310653214e+00 2.998651879653488894e+00 1.367653034096197207e+00 1.532576695135563494e-01 4.553850865343902932e+00 2.385288378716357849e-01 4.829981789924423730e+00 3.956320762075609121e+00 5.357852144820663298e+00 1.381510121326838814e+00 2.939777335575119999e+00 3.816698142388075254e+00 9.740677135284507848e-01 5.902105546160361982e+00
5.477058878549643239e-01 3.730838199894403573e+00 7.864304372506568386e-02 4.311141195850809460e+00 3.642074144064412877e+00 3.300624350501180970e+00 3.890537227056172664e+00 4.977783590717975493e+00 2.501448414958235222e+00 1.183617669163079533e+00 5.492055399726998743e+00 3.627987778289235354e+00 3.511308815554163854e+00 1.589975853589837840e+00 9.820893545939098912e-01 6.008511663894303467e+00
5.223375516102449545e+00 1.553539590422171823e+00 4.646997735685880038e+00 2.028978145882078366e+00 5.143125027534417804e+00 2.990860579021704879e+00 1.713791799825179041e+00 2.231562826291176194e+00 2.706284661549379855e+00 5.060970624915239746e+00 5.046718518198576753e+00 4.634332823764968801e+00 6.070679573135505436e+00 4.531034708085612372e+00 5.843355093132656997e+00 6.258585366472990685e+00
6.006270850708608222e-01 3.949488977076483831e+00 3.670346666053502460e+00 4.498179863204977202e+00 3.532764337535592603e+00 4.082358825948279701e+00 3.453499799809680137e+00 2.677562525685799333e+00 7.898347998481554388e-02 5.404309620628621857e+00 2.729742639657777303e+00 1.778280071265138318e+00 2.970186402064818765e+00 2.649907877630526820e-01 2.470268308386550871e+00 1.692168855450727705e+00
3.565744379830623423e+00 5.688510608216494902e+00 5.458623640942783517e+00 4.495510395585273766e-01 6.262837725420204116e+00 1.139255011430025055e+00 1.637442858697548242e+00 8.628235940700174078e-02 5.263907803709480859e+00 4.973312103497102399e+00 5.174960407983942856e-01 4.845011882129137248e+00 5.673588026451752420e+00 5.908351481816858097e-01 2.687952652933351061e+00 4.044788097242092206e+00
4.959362370227283989e+00 3.145438396513582369e+00 4.464218944679590351e+00 4.859201044558055571e+00 1.411485373710026137e+00 3.567543291222427193e+00 6.220515494037202053e+00 5.413640905638379408e+00 5.515498699247491032e+00 2.277520528245959852e+00 1.416695632553858664e+00 1.230875901040910492e+00 4.760560923616566242e+00 2.529703171775614656e+00 6.087445808766244859e+00 5.031780864352063176e+00
1.670371102979665512e+00 2.666132068667066868e+00 1.162896924929453192e-03 3.451267266120199739e+00 4.035299709851374317e+00 5.926044368827812825e+00 1.444835610633352863e+00 1.423148354387113734e+00 4.579050827262749479e+00 5.671567201311317419e+00 1.393451029748960845e+00 6.032721821076183488e+00 2.118028077587525093e+00 3.918567320741203286e+00 5.638476631917519022e+00 3.251829372925394424e+00
1.630109060160465306e+00 4.497083157309147872e+00 3.829995066349072275e-01 1.036884480932807717e+00 5.942982273320451370e+00 1.409244529530254475e+00 6.777314429193087575e-02 2.055178269514561062e+00 5.151869473609306027e+00 2.005890458474750560e+00 1.635021734756493039e+00 2.300110134725758815e-01 5.038198771385646424e+00 1.432746623990652113e+00 5.991500631232785423e+00 1.856370251612069033e+00
3.947540526531542415e+00 3.353132583696853519e+00 5.559578892331241029e+00 6.151140480128447940e+00 3.669196274246752765e+00 5.720197956823932728e+00 1.131905131748931703e+00 2.009333794258457484e+00 4.346130664768359075e+00 5.178112491002182516e+00 3.437902566148581585e+00 5.211102366870362879e+00 4.277320971179186415e+00 6.280379369807865153e+00 4.932346335266836412e+00 4.023356906414309542e+00
1.285828524677364637e+00 1.896286117305002961e+00 3.697837644641081223e+00 6.096581497309805364e+00 5.228272723795412524e+00 2.125345927401642410e+00 7.228396152563848487e-01 3.277739804841850901e+00 1.408930735999052830e+00 4.223121474561356337e+00 3.971893738551121267e+00 4.452590217150035556e+00 4.217915801746002558e+00 3.498062803872075577e+00 4.365301223424357668e-01 1.899569590569929689e+00
4.557128355922302809e+00 9.296205645444558519e-01 5.514628164492455298e+00 8.553428270120781995e-01 2.797726830133882014e+00 5.949228506091074564e+00 2.598817638860019930e+00 1.994254898850264177e-02 3.034011147689579246e+00 1.995675805785693813e+00 6.175671871252531808e+00 6.110227389617858051e+00 3.446383752018808533e+00 5.213461642374177529e+00 3.682286807455426025e+00 2.739172010223009934e+00
2.641876766159604539e+00 2.007412057314341247e+00 5.292604190936764930e+00 3.212975305188582542e+00 2.728182125677277359e+00 8.110844878447077688e-01 2.570949083601997143e-01 4.412836353036901360e-01 4.492095168890408274e+00 3.023736267213494311e-01 1.170377494153466813e+00 5.608942932857935659e+00 5.744133801399565087e+00 2.302532126955995073e-01 5.953731404651765757e+00 3.541672670910555709e+00
8.812112206192387331e-01 5.536534490614008597e+00 5.926706295685216119e+00 2.663881004630390237e+00 1.324931847333660428e+00 6.099641549797031992e+00 1.525847516386334313e+00 1.558307879161272558e+00 9.545607052427444728e-02 3.035186016817725374e+00 3.956113072354706883e+00 2.946700249295381990e+00 3.512292078134119588e+00 3.985234624119518010e+00 5.198262061193198669e+00 1.129851356015709740e+00
2.193182805337890340e+00 3.085828033563808415e+00 2.390988171588400490e+00 1.782169879968482640e+00 2.524667305530325478e+00 3.806224661109865348e+00 4.088816097519172743e+00 1.737546276362201825e+00 7.619995432000777891e-01 5.744654786202576524e+00 9.764199629003930125e-01 4.517102231965907322e+00 9.604827083800409060e-01 1.924173050167697019e+00 2.411547585275222172e+00 3.089324401687724819e+00
3.316516050730025533e+00 3.151140046269845119e+00 4.878104867600717931e+00 2.470550514190559266e+00 5.763409897987379793e+00 5.327285284752705685e+00 3.446523179629522038e-01 2.028764847219094669e+00 4.296742806920148539e+00 6.007794715557890797e+00 5.249465934300590497e+00 4.994540564391291682e+00 5.480296255239646142e-01 6.217314327228872450e+00 3.507019246832659753e+00 1.854759999232371337e+00
2.929893844987099261e-01 2.999854214355132109e-01 2.857734295928239909e+00 5.531460842230896624e+00 4.531273502911649764e+00 6.082841367804742161e-01 4.610728917469857358e+00 6.241513309637625184e+00 4.335464025877539207e+00 8.715220849991149876e-01 4.360630974589808417e+00 7.610604249598948989e-01 3.982981622148608736e+00 4.041932279943765138e+00 2.697874993224031570e+00 5.984117103951465566e+00
4.347539573553610204e+00 6.704888617620526903e-01 1.169683424818871220e+00 3.381834034103479603e+00 2.010179424793186787e+00 2.885139247911391980e+00 4.800981209512705128e+00 2.730880902945774125e+00 9.182342694815969208e-01 4.428299125466756414e-01 6.080469224597723432e+00 1.903958490827221128e+00 8.110095204996863316e-01 5.384706902018142394e+00 4.853277502075466820e+00 2.237261435609787963e+00
