1.138100323796793711e+00 3.722603986642639917e+00 5.950231052970218038e+00 1.860268314276314783e+00 4.462557090032209572e+00 3.037687841990668325e+00 1.185379557127674982e-01 1.179122829564045460e+00 5.609758909978566521e+00 5.155409083080948029e+00 5.576375204213777081e+00 9.201336540865514557e-01 1.111947567692405325e+00 3.123579215283190713e+00 6.178111410078362731e+00 5.070629525406188803e-02
3.512242027543590606e+00 2.913545735154800642e+00 2.338843181893638157e+00 1.731351645935726768e+00 3.517122760281980565e+00 2.909572753841550785e+00 1.135972809706046416e+00 5.726289649499104684e+00 2.443087086427941479e+00 1.163819938761345263e+00 3.420180345732136029e+00 6.748542909663769462e-01 1.091344393437338800e+00 1.298215364959619533e+00 1.546108681060715639e+00 6.832047790692263867e-01
3.858327362427315332e+00 3.827536469756423809e+00 4.429319754389862140e+00 1.200553803290243859e+00 3.618371751283653293e-01 4.743324181341224133e+00 2.707336012456917906e+00 2.216943337567940375e+00 1.010395055802315589e+00 6.187916063220941787e+00 1.887134001614712675e+00 1.091256607230824738e+00 1.149972402656092241e+00 2.547209887992317956e+00 3.741415038826391370e+00 7.946803228548769971e-01
4.959812000731306014e+00 1.690120408229119908e+00 4.399788607273652730e+00 4.249750069808970743e+00 2.140679342221832648e+00 1.221457261696495156e+00 2.977039287246318056e-01 3.805568307692497321e+00 5.469211979701672277e+00 5.233127579098222348e+00 1.951436014355517612e-01 5.043047237702378283e+00 1.007845330422011854e+00 9.162181609122861392e-01 3.103917254801844994e+00 4.535867942309065093e+00
4.659520308056401383e+00 5.122200522057921646e+00 3.033908707063727395e+00 1.584862663229373192e+00 2.748649984731702745e+00 4.396234386536201910e+00 4.630373563908998236e+00 4.500416387269998708e+00 5.456121418496319153e-01 2.361895494132128182e+00 4.831029100603211113e+00 3.760302768070030499e+00 2.521803720246147407e+00 2.742081566145193605e+00 1.136123184577181089e+00 6.927273451982135510e-01
5.340178948059510766e+00 3.777518543934772932e+00 3.883246628161957759e+00 1.636453209629257499e-01 5.426400500421699746e+00 4.310148202770839099e+00 2.164665985785941604e+00 4.338720427989236406e+00 1.576008591025137573e+00 1.764303866156492706e+00 3.128626593539392875e+00 4.608191557940326533e+00 7.207156041459884532e-01 7.015796421121661686e-01 5.007850057371965313e+00 6.197951505220073543e+00
3.579434642960612756e-01 1.589596395117040262e-01 3.976074322818329065e+00 2.985656782331315817e+00 6.017236539577596188e-01 3.746489240693605449e+00 1.429381124184230467e+00 5.382674262882186866e+00 1.062304634879606580e+00 4.668125553574293818e+00 2.785600484767928542e+00 5.450625091706540637e+00 3.714080767055479626e+00 3.735343850614487038e-01 1.277124801687293587e+00 1.722722201360179950e+00
3.523681789498124495e+00 6.155341266154660929e+00 5.222859962270725021e+00 4.939255328558956215e+00 3.335782377959645828e+00 9.185633482976784947e-01 4.166171178822898891e-01 2.718423185941730047e+00 1.717312363060807368e+00 5.956704648749998610e-01 1.559545248650513249e+00 3.854527852589430204e+00 3.152347535278396062e+00 5.638448071025778496e+00 3.557052540967572174e+00 6.115630085860705556e+00
1.313192940951177778e+00 4.598980222722393485e+00 9.890441346512820475e-01 2.892118163417415122e+00 3.113785396829092722e+00 2.312414643558990512e+00 3.292482464219146365e+00 1.636296451019265241e+00 1.043942655648712359e+00 1.092178009507972503e+00 2.050678796738303333e+00 2.820290697216654596e+00 4.358144650451601265e+00 4.865302703920162397e-01 4.145568900118353217e-01 1.015942441996569023e+00
1.710456671572088361e+00 3.706248733750307500e-01 2.759517853487845063e+00 5.493276474447452706e+00 5.400936394193155188e+00 3.162937355797965644e+00 2.013420135803654976e+00 3.818676031327178588e+00 6.205897152819943585e+00 2.914706306433939798e+00 3.151167349935327433e+00 2.692021217242162479e+00 2.674747524696362344e+00 5.252512297789427187e+00 1.432007518527454205e-02 5.041154562760030711e-01
4.640993040066886621e+00 3.161178222813447292e+00 6.018662895699630866e+00 4.673476483958080685e+00 6.095352912343160234e+00 5.923936113653789803e+00 3.343628220709898624e+00 4.970330788371041919e+00 3.694790770045758066e+00 9.210254051579783718e-01 3.859611408426237844e+00 3.947510050662299097e+00 1.149576701994914796e+00 5.872607927719844412e+00 8.474315856854242046e-01 1.116554988852549668e+00
5.674062739158145519e+00 5.050847405906454313e+00 2.779515385516667880e+00 1.486477295722122616e+00 4.663175134212648842e+00 1.883714221000877043e+00 1.204239291811604051e+00 3.458365842788905464e+00 1.889143805686019029e+00 5.101484534201080834e+00 2.167060094829533212e-01 3.039120318662949405e+00 3.522065714316282126e+00 2.159052404132886238e+00 5.359300691019103446e+00 2.350002527417236475e+00
2.958422030177489948e+00 5.492899912064244106e+00 5.298615809605352389e+00 5.513432766526676687e+00 2.530024937353217318e+00 4.151638599470882651e-01 4.715880700483645604e+00 4.093462906527523537e-01 1.254432142220994084e+00 3.214961355816919664e+00 5.539322869699939034e+00 1.267213742126952036e+00 6.197321670190236276e+00 3.019617075414461116e+00 5.595394467133135485e+00 4.488082092141116863e-01
4.066158817921984969e+00 1.853774729212265493e+00 2.985861778111013054e-01 8.960233799471606364e-01 6.839173565844396396e-01 2.298171521490695923e+00 2.013731287647378743e+00 6.888478034463039190e-01 2.933582155098856115e-01 3.129248132498815060e+00 6.025967989278584458e-01 3.174035405397980902e+00 3.175293649747513491e+00 6.186830948540245068e+00 6.145896215691410092e+00 3.281668361420379543e-01
2.537330598174393881e+00 4.271829284844349317e+00 3.723384466684597438e+00 1.211776672772402641e+00 1.081320079720926364e+00 1.475329409671988889e+00 1.696487088991442072e+00 8.443305256886005639e-01 6.620112795046371179e-01 5.250505343669215286e+00 1.671384842798428194e-01 5.578904647251353488e+00 2.256884006731231906e+00 1.893357691524482078e+00 2.350312903246215335e+00 2.817267916979320663e+00
3.385264603589584809e+00 6.044296066594958994e+00 2.732500151394252175e+00 2.953116383144926083e+00 1.697440907585576308e+00 3.115368697152220534e+00 1.313771707275675382e+00 6.212731135384644610e+00 4.115443462594081225e+00 3.842264197519258850e+00 1.105528500496796518e+00 3.825105667363132955e+00 6.050511018011915709e+00 2.161553490582256654e+00 6.126281282262448613e+00 4.912115898993768326e+00
6.151947940779208146e+00 3.825648168115350911e-01 2.281764319588638124e+00 4.211827974386657125e+00 3.224079931986462810e+00 2.533164064613498412e-01 5.058624905924060222e+00 5.307518614373358368e+00 2.218106548748147056e+00 9.407655485539563323e-01 1.630697919101763649e+00 2.869054058863625412e-01 6.148114160580757659e-01 1.136272676971972206e+00 4.373053877773668496e+00 1.448862433958426177e+00
2.953968635398669385e+00 1.240692376914463324e+00 2.792699507230354428e+00 2.348770998746354088e+00 4.041975757381988998e+00 2.983669951672200393e-01 1.358874274336004495e+00 1.694350751947994338e+00 1.847596882959755993e+00 2.352673871468349276e+00 2.485568272951155677e+00 4.929192207679303550e+00 3.821471813285580943e+00 4.521328848363808994e+00 9.061857146356259163e-01 3.539601651783904623e-01
1.356090135459436574e+00 8.739882486758917546e-01 6.423372613210969195e-01 1.516938903147081685e+00 3.740602092796183165e+00 4.755228361321128361e+00 3.463837551101514478e+00 5.831796174625985429e+00 1.876491013841090183e+00 6.159971969153622773e+00 4.551682746685938419e+00 4.488371394316771124e+00 4.873843383647512795e+00 5.341131674346284441e+00 2.642643557452566405e+00 6.032439111113531816e+00
4.091812878424478939e+00 4.831798506246480329e+00 3.349616848102680677e+00 2.555012264816723278e+00 1.369102252149426491e+00 4.648328814518151830e+00 5.775159308605710251e+00 2.506666698592505682e+00 5.223745428964297943e+00 4.426390141275629908e+00 5.064585564007949792e+00 5.710873021835884522e+00 3.688878360694104241e+00 5.130339398729171663e+00 5.879196648206021614e+00 2.304378543966908666e+00
5.965601179146793775e+00 6.084085096311977914e+00 4.364372740892765279e+00 2.435436125130395535e+00 5.452077163979944352e+00 3.851953814621758454e+00 6.003227039499481776e+00 1.127153817205702513e+00 3.416616559662995378e+00 1.859973247337800784e+00 1.995411378195721008e+00 4.261946175413918958e+00 4.156854667981777496e+00 8.633351570215883619e-01 4.743337623706656458e+00 2.680243328134267689e+00
1.271422528355805603e-01 8.734146071972921366e-01 1.675384038016108690e+00 2.281559667139828385e+00 5.972446296311415104e+00 1.770507290170034498e+00 3.314418216472752032e+00 2.136725996904922376e+00 1.013797631762606954e+00 3.186654146769440921e+00 5.306231052627745637e-01 3.285692394969890184e+00 5.919844817850815843e+00 1.965977034635951526e+00 5.815389525184493813e+00 6.042872714547952384e+00
5.905132715860707648e+00 5.122399212656953083e+00 1.470463348509957635e+00 2.358188453902124060e+00 4.728775461894806575e+00 6.081259333159805713e+00 3.123097165628990979e+00 2.295949364105944301e+00 9.217181417687724254e-01 3.594140045918272186e+00 4.345725867555256805e+00 5.396880073932994293e+00 5.102853902150050303e+00 2.379202323676015141e+00 2.295876350740363669e+00 2.187380388644036167e+00
3.886276038248845377e-01 3.356637435212693976e+00 3.034497184003370762e+00 3.389670562006300791e+00 4.399724174970954249e-01 4.197136061684079600e+00 3.483268694578492308e+00 1.603652029493944919e+00 3.366738241292993816e+00 3.555564669296487068e+00 8.165762491208851115e-01 2.100016400846388631e+00 4.734142959958871799e+00 5.666602547773837095e+00 2.391475678643727232e+00 1.748897019692659871e+00
1.892790833099435410e+00 1.288948330687043065e-01 2.826171163530712960e+00 1.185032829175047375e+00 4.453404279264906229e+00 3.422044377497405865e+00 5.616734675715761682e+00 1.840173432438029222e+00 2.076220951320649988e+00 3.725139539212723450e-01 1.039913059820293695e+00 4.787554381731780495e+00 2.709824949060766652e+00 3.254822056063146896e+00 1.618785775202177923e+00 3.452196150256856111e+00
4.320329182530535661e+00 7.893800623134971106e-01 1.683784244308348610e+00 1.167879605189569014e+00 2.569660106435744495e+00 5.184935234956498107e+00 3.294188731596256581e+00 1.064117298064027883e+00 3.425703434752461085e+00 3.060908888730005550e+00 2.639599135180213940e-01 3.753739684143444055e+00 3.736320465133978530e+00 3.485738918460716818e+00 4.701834101979847524e+00 3.415785173429575217e-01
6.619912808490228118e-01 5.330617712392951901e+00 5.723159923664418613e+00 4.194599313918021544e+00 3.429896955169735584e+00 4.298442409058302438e+00 5.596125701251938089e+00 6.171570075029785940e+00 6.156678549937085521e+00 2.401329194112896470e+00 5.039688454105054616e-01 6.159868221039753955e+00 4.778552958743172319e+00 4.973908222036796722e+00 2.317343383651224276e+00 4.654303012901707781e+00
1.666435586732052165e+00 3.216986708283390950e+00 3.265321773384771920e+00 2.210378800595992121e+00 4.585797016092712397e+00 6.112295888984267123e+00 2.633191344023107838e+00 4.692106250147085156e+00 3.294546349764387205e+00 2.056483790705439851e+00 1.169851896971671357e+00 2.322782043908971694e+00 1.052418848643955629e+00 2.650904090897368892e+00 4.139286889996216523e+00 1.034338086385138133e+00
5.495410759895047015e+00 3.892991711653018161e+00 2.960306091312095766e+00 3.470228305862608220e+00 5.801733638592000197e+00 5.032750225757190776e+00 5.578084733627369785e-01 4.302898629362172933e+00 3.328323633690706551e-02 5.695568074753254884e+00 1.890821471084362493e+00 1.167695730776648233e+00 5.340408695037756281e+00 3.274580251346451476e+00 5.571285309168512612e+00 2.510059361338193629e+00
2.784228094592315461e+00 5.978743719060326534e-01 3.722445915559445595e+00 4.677095293454011760e+00 2.052757585541840513e+00 5.203173736849647568e+00 3.464804392647589548e+00 3.007365317236883939e+00 6.103592910187273513e-02 1.123070580147657482e+00 1.853042656614920736e+00 1.267855428706183840e+00 5.174536905343408932e+00 1.445318239116920367e+00 2.049362496974506342e+00 5.479222059532832922e+00
4.175811822757426128e+00 3.745107894784370783e-01 1.560608517937223105e+00 2.765803414412931538e+00 2.703849168559566141e-01 9.900716999421428355e-01 5.408113163964277881e+00 5.315790323655986249e+00 1.776419289137850077e+00 4.233910488477321543e+00 1.085572884736282884e+00 3.619409987644686133e+00 1.561034004678312881e+00 5.131329728168598336e+00 4.614422397339985160e+00 1.771862470338547435e-01
2.563760487733959259e+00 3.009349172312833609e+00 1.841605316877627851e+00 6.155933748228910041e+00 2.188577363552304256e+00 1.173167851724556121e-01 5.127658627628239429e+00 5.414587481129290225e+00 3.961651125483004687e+00 5.865269008220036717e+00 5.136944469352717313e+00 1.632915264646868314e+00 2.544748413389410047e+00 4.202896644263772075e+00 3.016169507801700789e+00 5.085989877105802748e+00
