2.226254302786705885e+00 3.327557120164414961e+00 4.132530430186788450e+00 1.686874260223119038e+00 6.014819322373065269e+00 3.709137622173724669e+00 5.373973888680056987e+00 1.533287168947569334e+00 4.861200183138371322e+00 4.565286490482961312e+00 5.405554754614535717e+00 1.719239950719492427e+00 5.488754058353672249e+00 3.580006678360869721e+00 7.165880326915070597e-01 1.150205529523343984e+00 3.594816578013408925e+00 1.331730181269182856e+00 5.793725161934252021e+00 2.367767700995255797e+00
5.735228372342638714e+00 1.415470825313780434e+00 4.832926907927659776e+00 5.868340071120873525e+00 4.474005692502026399e+00 5.782853330496419808e+00 2.172013103604226725e+00 3.703423576078458623e+00 4.554470798970300827e+00 5.589322494926855178e+00 1.967973217478268255e+00 3.977426220972274606e+00 5.395682662413155306e+00 1.121349504236714006e-01 2.690193318747829410e-01 4.018325432929275465e+00 1.600633726412571400e-01 3.205112531977323709e+00 4.284923945536676548e+00 1.363679398972565959e-01
3.726387779849301918e+00 1.374182850925112387e+00 5.965014548390640492e+00 5.095988386579713314e+00 9.361809129430387344e-01 5.131770437238905913e+00 4.041251787173147925e+00 2.964641200339578564e+00 1.798401188872018885e-01 5.788569390493213618e+00 3.907101757475609283e+00 5.267793925581949033e+00 3.352996631381974346e+00 1.069215787355205283e+00 3.229298423327905176e+00 4.076686633395198101e+00 5.970436657235490330e+00 4.437163891532056148e+00 4.289402287134458369e+00 3.242973978536161983e+00
5.340853314728365220e+00 5.322893384024331098e+00 1.135725182180857606e+00 2.460310667768028203e+00 1.224424779119861917e+00 1.665133579725441848e+00 2.154344042950542715e+00 3.529983377352158058e+00 6.456582889901961719e-01 3.913535395351751961e-02 2.347803397244464740e+00 4.676884424454052613e+00 1.513404341398439934e+00 4.625581934174141097e+00 6.009771146121992480e+00 3.622000191732444918e+00 4.483246396248289578e+00 3.368232435146919279e+00 4.064969060972595472e+00 1.940667071110771191e+00
3.402287511063290193e+00 1.479296402109929076e+00 3.921943162486369872e+00 4.311211092183084403e+00 2.524945503529623547e+00 6.228499856476597429e+00 5.909223608389957860e+00 2.832113971362792082e+00 6.249934276757286078e+00 6.662570388947787426e-04 1.217225585754082795e+00 3.569888028903867472e+00 2.893239676493172041e+00 2.603418038280829183e+00 1.715456121174564474e+00 2.788294837369915236e+00 4.734237587336522779e+00 5.588958165131663769e+00 5.535047730555779033e+00 4.320840622777001983e+00
2.903163518138511368e+00 2.456225571429314414e+00 1.608651490384649163e+00 1.961004320626952291e-02 2.164167544160231937e+00 4.340531040393600382e-01 3.388569224988594808e+00 3.603092095047011334e+00 6.250560740395247894e-01 1.132238632305982096e+00 2.779077604698843018e+00 5.371673130441621424e+00 9.418868885169529026e-01 2.124465007132169792e+00 1.045760313283982113e+00 3.208434140061192652e-01 1.709454783278450574e+00 3.524111463266488831e-01 5.482876923164483607e-01 5.421314973839085560e+00
1.211897126760530075e+00 4.308781629863560170e+00 3.659364981556778584e-01 4.044469310700335996e+00 4.278763763936562547e+00 3.358005227740086696e+00 1.115576755070536441e+00 2.807995128080707836e+00 3.593857173848741482e+00 5.618277201620728079e+00 6.478122725359705125e-01 2.052678498140561913e+00 4.798660876688578547e+00 3.374962669702396556e-01 4.523052928879197410e+00 3.214856370894410453e+00 7.527601057168762377e-01 4.585522772900808341e+00 5.225279370906465992e-01 3.905473959593307232e+00
2.239667628312936642e+00 5.735712387172794635e+00 5.135197972596994731e+00 5.731469975210508494e+00 1.605090653173152804e+00 5.971633423938518259e-01 7.027716161674216755e-01 3.169357650030533158e+00 3.021365204460845444e+00 4.975717649547900523e-01 2.881746198444748330e+00 1.200530635697358406e+00 4.440263448658122947e+00 4.535748880565774854e+00 2.423527197989768123e+00 4.175962134869379838e+00 1.516478480776431326e+00 4.945920559770870639e+00 5.745792816849037976e+00 2.949772759919381482e+00
3.424690459217532457e+00 2.733201454244510220e+00 6.047273281936662137e+00 5.984113993600979065e+00 1.882251675719562201e+00 6.272015556848926643e+00 6.170137171895614614e+00 5.645415662676322555e+00 2.925237521473874835e+00 3.974203112111560188e+00 3.850801822299091182e+00 5.224990865385318095e+00 8.987662722342030230e-01 2.330567634813036637e+00 2.282295845578947713e+00 3.065083839876555860e+00 5.108354548393792882e+00 5.386731894239217944e+00 7.786201801497851793e-01 2.282228402975340575e+00
4.200346947122086227e+00 3.212373949267344653e+00 3.527110582705041963e-01 4.424506126557857799e-01 6.193902130917850357e+00 5.605381394028114528e+00 5.620334454905241195e+00 2.933751608290855017e+00 6.184882625318307348e+00 8.652967162893777653e-01 2.475584220342245345e+00 5.086049780545029542e+00 4.000781433692010003e-01 3.040785522988266543e+00 2.597401940777480878e+00 1.023103300895121359e+00 4.325743637449776635e+00 5.690460451832636046e+00 5.989786631208986911e+00 1.871635966332825474e+00
1.024901003812530798e+00 2.624110623234943152e+00 2.630391421247972872e+00 9.628299271527328562e-01 2.677018932343104285e-01 1.935929031492485297e+00 2.876721052424176861e+00 2.872217710414763481e+00 4.409998620404606662e+00 6.043139843278704681e+00 1.470587583148851074e+00 3.283858157571274416e-01 5.424886071091066242e+00 2.794193912520397394e+00 4.782117932897439694e+00 2.793802716339583547e+00 4.866562504834172742e+00 4.176633452562107607e+00 1.735141706427116626e+00 1.461320485437078709e+00
1.279275210777149008e+00 4.771730181465877685e+00 3.675078883021930309e+00 1.351643506380324711e+00 3.401655342060768472e+00 2.539422023571328513e+00 2.687434077071700234e+00 1.376749167586121259e-01 4.988603408700327257e+00 9.575817401264429263e-01 7.919763216391145777e-01 5.142243158339601550e+00 5.825633775734301523e+00 3.912670455549056125e+00 2.313829127201196822e+00 6.167627556763822128e+00 2.849767417187704321e+00 9.718439685511437442e-01 3.305898628619742485e+00 8.768037788471872984e-01
4.199225368673305425e+00 5.200315548783103203e+00 1.332747456060472624e+00 1.770870857141939814e+00 5.788308595823703051e+00 5.266284402254917119e+00 4.365728055147969577e+00 8.911983459055036194e-01 5.427585817700983917e+00 3.387685240048507573e+00 5.479066680444433679e+00 4.206870203574091249e+00 1.223204499610314633e+00 1.003205133281886319e+00 3.961259734871933169e+00 1.655965024783947692e+00 1.406150608647447786e+00 5.024672683186270028e+00 3.956564330315008426e+00 9.056765116639173829e-01
2.494595046841576291e+00 2.751420781499133827e+00 9.244892103172739350e-01 4.304900832774716690e+00 5.487190733210347560e+00 5.596189080967978846e+00 5.650377620510939281e+00 5.576403707271384569e+00 6.167612481180605677e+00 5.563213722946625417e+00 2.855568281791520668e+00 6.140862311947693719e+00 5.374553502758554480e+00 4.888928815060726407e+00 3.241384906367033469e+00 4.860349327125916830e+00 1.210319357335462476e+00 1.003494526194479652e+00 3.559158141188180302e+00 5.009768169917629521e+00
3.449745157828350894e+00 2.843807238820515781e+00 4.011208588681804521e+00 2.912720053893381511e+00 5.149793753512807548e+00 6.254473543367636168e+00 2.052843391981979071e+00 4.801050599164652155e+00 6.017329411191045807e+00 3.697214420912926069e+00 6.065240952840167843e+00 4.258026437628795513e+00 6.236872741484389415e+00 5.940973657473823444e+00 2.406310436381459805e+00 5.352288290184760378e+00 3.854652895180430860e+00 2.300248379680487787e+00 2.115597230665335005e+00 5.794096971344016023e-01
5.634183438531600530e+00 3.522234343239257104e+00 4.874632357481635481e+00 4.326180582251751616e+00 6.099356495622600072e+00 2.333388059266213510e+00 2.320235695028920464e+00 2.896284197232224411e+00 3.349761731624512073e-01 2.885970874029335054e+00 4.046753845980795461e+00 3.975583656924641662e+00 6.737505280955417841e-02 3.717957281658081481e+00 9.150879795162958352e-01 2.349249411828846501e+00 6.029913774995294240e+00 3.653417048172583392e+00 6.123660908637301503e+00 6.060181768314971684e+00
5.316206722771949167e+00 2.175344943202902392e+00 2.010588397289676532e+00 6.151754012057807364e-01 5.836790468066826776e+00 6.103747553054575725e+00 1.053445949843245355e+00 5.247523871744567359e+00 3.096989653122609987e+00 4.443027817472591789e-01 3.672667501954163694e+00 2.041123409692398027e+00 4.163525845797372504e+00 3.844282709196131798e+00 3.441836632493498749e-02 3.951743710050353631e+00 2.700925453899100770e+00 2.398512698742474303e+00 2.386713794047350845e+00 9.251413352522686040e-02
4.177215656659921450e+00 5.951035620397130188e+00 1.976095650951235738e+00 2.175522976423673871e+00 3.239895784275602875e+00 5.800665283153936258e+00 3.742388594680384539e+00 1.365723340597557289e+00 6.350777700336087683e-01 3.994085502009501631e+00 3.167307080168012323e+00 3.842041173353855310e+00 4.198960735977559366e+00 3.285068621530783606e+00 3.719900622636743037e+00 9.995569971966020706e-01 1.074959302321944588e+00 3.248716192124943447e+00 3.508387358928402477e+00 3.812835863152646443e+00
3.246156832770374923e+00 5.681214334123184884e+00 5.999882956413301827e+00 4.838563761370157756e+00 1.222636925775828054e+00 6.275839501807738863e+00 2.316170003163236846e+00 4.901483138457574107e+00 4.625161683585768735e+00 4.635365180652226691e+00 2.550380468492079444e-01 9.634910568877876891e-01 1.117942560228015303e+00 5.471526526575134497e+00 9.040506421745873045e-01 1.040702355575773147e-01 2.905596021211181768e+00 4.673089890159128901e-01 3.749577146107721859e+00 5.174722368087450342e+00
2.635339860980247639e+00 3.244417927834902238e-01 2.522045753728198392e+00 2.989773858606247892e+00 3.422736337986151067e+00 1.616666781508029560e+00 4.887478608502981103e+00 5.836844723879336172e+00 1.075880611436355716e+00 5.952106213163702586e-01 8.740171580404009211e-01 3.218248082968049317e+00 7.256052739951920905e-02 1.874358836945067885e+00 1.252003499335992087e+00 1.225221575961366716e+00 5.920289132669155130e+00 1.562008031297867694e+00 5.001112485654179984e+00 2.432707722365159142e-01
4.900040771537894635e+00 2.023719840516109425e+00 2.323965694803539872e+00 9.762256223756782259e-01 1.085949962175792871e+00 3.685170735406241960e+00 5.111414062811582504e+00 5.772963902968887284e-01 4.176588445026037988e+00 1.938227919192762716e+00 1.819060378254640176e+00 2.532205340550571115e+00 4.974870645663394875e+00 4.568423766898775717e+00 4.244708164289519026e+00 1.167957346937222862e+00 6.900677599785161043e-01 1.768284678224490980e-01 5.247749610083996430e+00 2.668501027426188887e+00
4.860767087573715450e+00 1.295709808120397710e+00 2.402427383455082666e+00 4.358092858515777657e+00 3.902025279011320791e+00 4.992025821955397902e+00 5.366231750050965310e+00 1.723892339174632360e+00 4.773300497388302865e+00 1.519384594817187795e+00 3.083855333736902793e+00 2.981047403515757921e+00 1.690767440484996831e+00 5.474170464278548920e+00 4.994354213831013745e+00 5.325101815634732283e+00 5.231502631825330596e+00 6.257648550449076197e+00 3.401138201537950434e-01 5.532438981762848762e+00
1.056971746189921513e+00 1.815331498634852769e+00 4.184340121582923899e+00 2.964879316208502313e+00 2.538745098950911938e+00 3.707810715004746793e-01 6.342127668986978772e-01 3.807142267987261519e+00 1.924237106548119858e+00 2.693302914719380770e+00 3.897781300494404633e+00 5.042096794977058316e+00 3.919406678061648108e+00 6.006351638314749941e+00 2.263322493118366252e-01 2.747102767952648961e+00 9.611646341932505999e-01 4.777186983968038092e+00 6.008655995304866160e+00 2.772415998211009036e+00
1.128176981782902377e+00 5.879939491575397525e+00 6.146087912204006187e+00 5.020840717364238870e+00 2.033216074136150908e+00 3.798427755393772198e+00 1.166773297813739729e+00 1.926115819770465754e+00 4.967942887931524609e+00 1.133746891406023583e+00 3.840356028252207010e-01 3.220419322478238033e+00 4.897260956204841698e+00 2.725018908220504077e+00 2.446223500506495618e+00 5.962411672979401445e+00 5.806883104258742989e+00 1.448687230982867113e+00 6.144869161572484195e+00 5.273909989556498701e+00
2.402961742601701922e-01 1.148363664105776172e+00 6.449600957526104850e-01 2.637830140775820453e+00 4.564703017703147125e+00 8.151253320286340476e-02 5.600030356833650025e+00 4.298911956585362404e+00 7.877636213734511283e-01 9.695242562527147667e-01 4.089972606480538175e+00 4.884144085816975456e-01 4.314764797248821004e+00 5.805879789060029772e+00 4.290095506229468114e+00 5.610941454847565346e+00 3.755841314003209419e+00 5.920777122351832844e+00 2.750953255727701663e+00 1.561688221334418314e+00
4.042915548641623502e+00 5.805999345217222718e+00 5.285224473004875634e+00 4.934976388247659607e+00 5.570355694413105851e+00 6.801872007039720669e-02 4.168848866292964139e+00 2.270402875606782445e+00 3.634605218375257074e+00 4.287419956654611397e+00 5.539739942525495842e+00 3.314435413111412210e+00 2.711669314818486498e+00 3.047339557171673263e+00 4.503559728140331231e+00 1.962189537408590922e+00 9.150432331063944602e-01 4.432775810326277544e+00 3.441825048503213136e+00 2.164856815353161323e+00
6.186307800293133319e+00 3.309649887580236705e+00 9.429155509763262888e-01 9.377894089948686507e-02 2.890559265414921697e+00 2.059185997272619861e+00 6.069458087143050129e+00 1.181252441671818199e+00 4.437992770010628085e+00 5.437005677672017256e+00 7.825524259754426670e-02 3.807315280911848232e-01 1.440459742956133327e-01 2.771712898714824291e+00 3.045591347732550691e+00 7.205874241812831871e-01 4.885971964720441818e+00 2.424960862333158218e+00 4.917714252992982260e+00 5.296296514218738594e+00
2.747449197139716581e+00 2.651561249040692125e+00 2.092105300780571220e+00 1.348069820663634566e+00 2.575812756870802023e+00 8.358021719194719257e-01 3.447257829416954689e+00 5.371603660655670076e+00 2.459555472379012730e+00 1.423443738387438096e+00 1.037642108364152715e+00 1.348082356338777821e+00 2.148015051408106668e+00 3.535782378227737333e+00 1.224085055627341490e+00 3.819672791020037650e+00 1.644169981890569732e+00 3.357821887378146020e+00 3.591927960206931392e+00 2.123643110778670628e+00
3.678460240028454287e+00 4.681615927674158684e-01 3.065790132671334156e+00 3.421180499259861563e+00 5.177958656142894966e+00 2.998896487203618122e+00 4.420899596841197265e+00 4.851317988223597388e-01 3.535475341900122803e+00 5.954560657523535916e+00 1.103046582318367053e+00 5.758289073865119345e-01 5.410202443895459012e+00 4.187155714413006713e+00 5.792307511274260357e+00 1.324843995021131260e+00 3.621703956342702257e-01 1.790044779595044266e+00 2.903057886799509379e-02 6.229809321332263394e+00
1.349847482746420413e+00 3.923199939902528133e+00 3.085794477619313358e+00 5.269561490679580684e-01 3.035172274919630819e+00 1.745227462590238421e+00 4.582468739405827662e+00 4.861159893436833634e+00 8.452316482586468283e-01 3.678351492889214924e+00 5.037458436027002051e+00 5.460870901332961935e+00 3.002474400982545699e+00 1.032354556293666903e+00 3.012127972585030289e+00 5.905347501789729447e-01 2.764035690154230007e+00 5.598425266743006112e+00 4.978615582620845359e+00 3.830669986555712558e+00
2.825950676184182164e+00 3.536048172715160920e+00 1.037007322818709110e+00 6.061975255712026112e+00 4.249226283570708418e+00 7.774874956114130597e-01 2.023505363318147232e+00 3.622454095219952208e+00 6.281221124095727859e+00 2.983461099802750205e+00 5.824589907478880058e+00 2.661731727306323680e+00 3.750891915994469361e+00 3.342098369418201820e+00 1.149153015553153523e+00 3.172563333375320038e+00 7.343896273050873891e-01 3.732499127395275451e+00 1.344851822627929905e-01 6.263218343554224354e+00
4.443899845202629706e+00 2.654576175806965921e+00 1.732921223472964956e+00 5.467937466859935647e+00 8.915487145260200252e-01 4.275756122446626506e+00 7.219173388521160639e-01 5.264614935817118813e+00 3.621912099592538681e+00 2.964191303266833000e+00 2.133965232932304001e+00 3.843305907201757243e+00 3.183348207679224107e+00 5.773479067960392896e+00 5.295643774617977861e+00 1.609781297057922833e+00 1.011497736055972485e+00 4.227291821182055820e+00 5.777391885347847200e+00 5.441230557410587920e-01
