4.662506591464896211e+00 3.773723696448667120e+00 5.455626382161045562e+00 3.783876572565851859e+00 4.854592619476224336e+00 1.260874605562531725e+00 2.352583912952631806e+00 2.322197129137518967e+00 1.341516496961153049e+00 5.609525608697925492e+00 1.453812223935908365e+00 1.806885693708882190e+00 2.905634415796789494e+00 1.537835103328387243e+00 5.269384470084231609e+00 1.170512993118265843e+00
5.567471604389834461e+00 4.393244447660403680e-03 5.938766185965492106e+00 5.170547380319416853e+00 5.842394517870520332e+00 5.318808454701438926e+00 1.602813063427730667e+00 4.571913780789448545e+00 3.837511271445382288e+00 4.438603148725841052e+00 9.077813570718795688e-01 1.952352578643518299e+00 2.886388730635325306e+00 5.471707325997222648e-01 3.713494005004205345e+00 3.052885143007587843e+00
2.926389397057695962e+00 1.334551078198667584e+00 4.906583319008404942e+00 6.141415203541221501e+00 5.008055567173432365e+00 3.801331499664196034e+00 4.681313319512386606e+00 2.171151899053114231e+00 5.207674762591457451e+00 1.153560610098543160e+00 2.471932440954321408e-01 6.132570788036093568e+00 3.532622166956303822e+00 2.835192414030464292e+00 5.460235562696288625e+00 3.748171848160914976e+00
5.957673973689261299e-02 2.249732358488368167e+00 3.665012354634489711e+00 5.611343606089028491e+00 1.587808857387197278e-02 2.537607465608172852e+00 1.183099233525630511e+00 2.391362419117726290e+00 6.153203405270887494e+00 2.092766834518445584e+00 2.629744915972435315e+00 5.647763772438560537e+00 2.704251887908348362e+00 2.470023430877195669e-01 2.962805817554365895e+00 3.892560021653072688e+00
7.521174781123426412e-01 8.491762893977276017e-01 3.203831182078420881e+00 5.561023285101322600e+00 2.978595630207852452e+00 1.512259199432450796e+00 4.144086629532518273e+00 3.444753538455876729e+00 2.933741390455275155e+00 2.540720943255193376e+00 1.588125151534613311e+00 6.661821367728236742e-01 5.339194965962889228e+00 5.629254318481136110e+00 6.053958015514417035e+00 2.177034204008402085e+00
5.531504565063891654e+00 4.862316929619352912e+00 4.287637853080889627e+00 2.488759531296559135e+00 3.358509153624905430e+00 1.476584008793402347e+00 4.225300299946324500e+00 1.826440141772981862e+00 5.185014415663388165e-01 4.822535988831115006e+00 4.268327681998539624e+00 1.609040318571399730e+00 1.156198764089879871e+00 3.574882616053195683e+00 3.896752354255592188e+00 3.461573853933582967e+00
3.850658305171741347e+00 4.704657995224590827e+00 3.885840727191635313e+00 2.202105337501338855e+00 1.611381046093085745e+00 6.339800368064589797e-01 3.380354043352815196e+00 2.112402410580862089e+00 5.907241578866450737e+00 7.680420933792548865e-01 4.810386018981792411e+00 5.511116163959073333e+00 1.003166642079366344e+00 1.820026289919907780e+00 8.219196750692248088e-01 2.200951875521263368e+00
2.806313774922283955e+00 3.649182326464781023e-01 4.684078722669416273e+00 6.203226297704337533e+00 5.974059202225493692e+00 4.289111578957239601e+00 8.563982913873762204e-01 1.600513207543140748e+00 5.161530299995999549e+00 3.264659411022739821e+00 2.410273657169627715e+00 3.609936773576664315e+00 1.135008865958045510e+00 2.917215850348397588e+00 2.512249979270519074e+00 3.734056699531001833e+00
8.685819370189314936e-01 2.838723435419931995e+00 5.537387838436785614e+00 4.093776378078794131e+00 1.204582028770340374e+00 2.008835957389167426e+00 2.887995361807690120e+00 1.994427522840092060e+00 5.207081308284949861e-01 2.138577794032419543e+00 5.018558726219357169e+00 3.228080862303883691e+00 6.065143614196922606e+00 2.526506920996385741e+00 4.275795734435971163e+00 4.414462781977241512e+00
6.166336112125062385e+00 8.209248110472777693e-01 2.354228014503152444e+00 2.368018879216017503e+00 2.731378844142835050e+00 1.348274428824182802e+00 2.056132871025057707e+00 3.400633944031016487e+00 6.066048023221867425e+00 5.462872712141125575e+00 3.331086651686267497e-01 5.395391849410918761e-01 2.029531831655431606e+00 1.755488736218209223e+00 1.880548818067450334e+00 4.265378944217471657e-01
5.707080687927655660e+00 8.548451119149494959e-01 3.792282756088395157e+00 6.167073997871743707e+00 6.823114709526542643e-02 2.588290698897654174e+00 2.398993144646342390e+00 4.336756451518383848e+00 1.649469901351318546e+00 3.748755566898948621e-01 4.745884062637739653e+00 2.071742163251137026e+00 5.537310016831101578e+00 4.689487511614814252e+00 5.406444022641276881e+00 4.519742233282601163e+00
6.874285314280237369e-01 6.730999742432317579e-01 6.120368930224597825e+00 5.393639190774852210e+00 5.599976408982427323e+00 5.626600700209998251e+00 5.456335294962881832e+00 5.221865649967251111e-01 4.111383038200317586e+00 9.179748425790063004e-01 5.713459557667436961e+00 1.797929397952256370e+00 7.523816454433397694e-02 4.323805325887217776e+00 1.849059832874441645e+00 1.547564848270108762e+00
5.840804814636013198e+00 6.077441698667558789e+00 2.950385083135372621e+00 5.047281178137567714e+00 4.943990052521102463e+00 3.915299342163259588e+00 5.561000559664106113e+00 8.984797484188351557e-01 4.206125512735918726e+00 6.101722745974927697e+00 1.371649031858690249e+00 3.177926875298745735e+00 1.940807298275323556e-01 1.938975239849071441e-01 4.970028776074554067e+00 5.695892025133733050e+00
4.111190485450643806e+00 1.425635856669802193e+00 5.398426162521374749e+00 1.660621233355848991e+00 3.363893617689855287e+00 3.140204039418690307e+00 4.910835994782654090e+00 3.028127028831919976e+00 5.868938303212549279e+00 8.200331235013499365e-01 2.615106719157963333e+00 1.949924213165974640e+00 1.694928447006978534e+00 3.312573320891638584e+00 1.660444792719677265e+00 5.075784318498965497e+00
2.013991684519124359e+00 2.146151691817540286e+00 2.370936953846978223e+00 3.619592597580677529e-01 5.932701826187494198e+00 7.734749318279370289e-01 3.722302843445822740e-01 4.939003588036510628e+00 2.459050412514244943e+00 5.439964982317177622e+00 1.000600693120309526e+00 5.700382272998094635e+00 3.793061833875880584e+00 1.329753914790998692e+00 5.102725573726603514e+00 6.009578613206113751e+00
4.140438015730506294e+00 6.737549606319471751e-01 3.985520606694342050e+00 6.110908962010988432e+00 5.003559430774849659e+00 1.086686976499389834e+00 3.813893224584614217e+00 5.923315882557409928e+00 3.488714753319867246e+00 4.763553778091957902e+00 4.567837349698853799e+00 3.136448366804594823e+00 3.074727467811376513e+00 5.915275716055122146e+00 2.667217422092283741e+00 5.673046251950007779e+00
5.143142279944435735e+00 6.215232969203570157e+00 2.453029533034917442e+00 4.310113018103476357e+00 5.950852775925690175e+00 2.682633066951448431e+00 4.297432563048381837e+00 4.976779459642633796e+00 2.470312115161834132e+00 2.205000174765112675e+00 5.379387604256547384e+00 4.446070237698513949e+00 5.910903670505886609e+00 2.329969111450845176e+00 1.792155137670071730e+00 3.073501091801011054e+00
5.751358185269309864e+00 1.752925427827952021e+00 2.677569639493937892e+00 1.181958604660761525e+00 1.872713157709916310e+00 4.117397563075916089e+00 2.338112550571657344e+00 4.448085115043989290e+00 1.946339088264975592e+00 5.395913343912329907e+00 3.975456507229562647e-02 4.312856193262975424e+00 4.388933999774373262e+00 1.546773800719756231e-01 1.451385254141744907e+00 1.474334113548227965e+00
5.615772090303683406e+00 6.138603964248134481e+00 4.395930083564416613e+00 1.454258340351997747e+00 2.765734622845905655e+00 1.461528851105224236e+00 5.347375070669034614e+00 2.817639399981029413e+00 4.003904172890475621e+00 1.056909719596759611e+00 5.652135221303370649e+00 5.142492006596325327e-01 4.679571325012688021e+00 1.663640921521327920e+00 1.943669136610206571e+00 1.205930844859042006e+00
1.041861819673874479e+00 2.225980623316515139e+00 5.908726207113373263e+00 2.371370203675196908e+00 4.583275176664394657e+00 2.451910533674108716e+00 4.820897596971932764e+00 4.733775351031960454e+00 3.657739332969005552e+00 4.074837411482543637e+00 4.995190996541300166e+00 4.368655672373500387e+00 2.686171546866443993e+00 3.084222879389369343e+00 3.361911386327996354e+00 2.056111211035412722e+00
6.193503924102118141e+00 2.440627008589787650e+00 5.219058972735647339e-01 1.118799608920248323e+00 3.744238101083184667e+00 3.989187124016079444e+00 5.807388143681810000e+00 6.049967847736997584e+00 5.639430162257109025e+00 2.570760345258741530e+00 1.558899351422870616e+00 4.510175170767084296e+00 3.980893813293835848e+00 3.784402435689107058e+00 3.886804572345855302e+00 1.464827773830249757e+00
1.868542743653321125e-01 6.013098437494751813e+00 1.843245884922235511e+00 4.252597711709649175e+00 1.618455915307796200e+00 5.870831718706020830e+00 4.848268101782037043e+00 4.656619324653387793e+00 1.186146339748486378e+00 5.221439228094358675e+00 5.650065424642813916e+00 5.667790313126644719e+00 2.581204488607022896e+00 6.572388318222035508e-01 4.355543216899654624e+00 5.443561764827785643e-01
4.628492840660364038e+00 3.235137706236564936e-01 3.911725973815795232e+00 1.874741642591641888e+00 4.148410792940483205e+00 3.778412844561513495e+00 6.109003811385893101e+00 8.447863618507956973e-01 2.719906872422975574e+00 6.236753085051990553e+00 2.682993853505014403e+00 1.571671732946985367e+00 3.987593567207980527e+00 3.911332089004483592e+00 6.042272269053129641e+00 2.589621733049026209e-01
3.466986669406066923e+00 4.076341893643155245e+00 4.182146722168686104e+00 3.779063447628965289e+00 2.138377488973947749e+00 8.234408235931901521e-01 5.244212204665571697e+00 3.777829040447005404e+00 5.905523665600839189e-01 3.998374023296947133e+00 5.798735690357388783e+00 6.638206474926386935e-01 3.090772053338701308e+00 4.708577300038703228e+00 2.879293922098082881e+00 5.844580104653486208e-01
5.424635389698842403e+00 5.406685118657170719e-01 8.047859631878292452e-01 4.447557249797832846e+00 1.782652848792502853e+00 4.793240254223928076e+00 5.080438504008673029e+00 5.700731571327025016e+00 3.357326840742172802e+00 4.242336584599188498e+00 3.635401138219987782e+00 3.407409811249936249e-01 1.553934489236919791e+00 2.171657542339594293e+00 3.963663225153537528e+00 2.193400780270226225e+00
2.007259614888493582e-01 3.336622423536391047e+00 5.135997178351667358e+00 3.265038972223120339e+00 3.247670015429129808e+00 4.178258356968804321e+00 6.180770407345717921e+00 4.409050240909625273e+00 1.784130497282857553e-01 1.259344547492153632e+00 2.153309525881809405e-01 3.293491330732032818e+00 5.500778827026707063e+00 2.640674427415109715e+00 5.766519209766056697e-01 8.528798862650187607e-01
1.112788670848035677e+00 4.230883909675413612e+00 4.303512762036501016e+00 1.448284995609516290e+00 4.999681346587402153e+00 4.786322895696014434e+00 9.659565597023207495e-01 7.463697967288899227e-01 4.359823901322956274e+00 2.619547515632710155e+00 4.769448823474768062e+00 3.360847825271670697e+00 9.895287662204214074e-01 3.481771682469846585e+00 2.417762889278137539e+00 4.563476745853420447e+00
4.080024418545563414e+00 4.433595427777403231e+00 5.707799576252659435e+00 3.721948255388205506e+00 2.997423629440316151e-01 3.199832999322213545e-01 1.484016325826556626e+00 2.337631824576819894e-01 3.387151458060615461e+00 5.206199023687387850e+00 4.791284584316353623e+00 4.123085810648365879e+00 2.705946734999394199e+00 5.817997094706080397e+00 5.254909463053302865e+00 5.968591605735674932e+00
2.380057048760285010e+00 2.351869791365230000e+00 1.864668223859853979e+00 5.506952088619397223e+00 1.550755453031023468e+00 5.332356201882727298e+00 5.246863946285587055e+00 9.706850537626142417e-02 4.232809697733449283e+00 3.012304380415324001e+00 4.394363217829860169e+00 3.937332475262913523e-01 7.407493185876654618e-01 3.933797144685811098e+00 4.152152265872385506e+00 2.692843660191841959e+00
4.102493353698434542e-02 3.692098080717744146e+00 5.153528374577348359e+00 1.683833054082357394e+00 2.226992613882554650e+00 4.064963958609562056e+00 7.399474571657683741e-01 5.737863381605833091e+00 1.699188808297252828e+00 4.834655807367801983e-01 5.720220603441548590e+00 4.428897165275502701e+00 2.641745654780433550e-01 1.159345478547865627e+00 4.797891644267800793e+00 5.100219740739902363e+00
1.116741968603639397e-02 3.690422899366811560e+00 5.371329525558075912e-02 2.725670650761027769e+00 5.299483840410482927e+00 4.981403014792871731e-01 2.366789911325700047e+00 5.866423121452553069e+00 3.339971476443281517e+00 2.348174693843606331e+00 2.733964957684734021e+00 4.514699006770364953e+00 2.903371463986264445e+00 2.918298079445508897e+00 3.284214796038176232e+00 7.523004034117712902e-01
3.307602516562150985e+00 2.186492849929535076e+00 4.311693447056337281e-01 3.492640020820203528e+00 2.894512431506171879e+00 2.884487393089725238e+00 4.122028514466870242e+00 5.937527920049154417e+00 1.898044248401014489e+00 4.461084604986953472e+00 2.378883853627853373e-01 3.403507588474619983e+00 4.460862019661341549e+00 5.435508141976605145e+00 1.358456410173835449e+00 2.124986231230749034e+00
