9.995938182810421013e-01 1.444980411310345936e+00 3.202580641519566562e+00 3.450658935944852068e+00 1.755292995185954830e+00 3.392810508097767741e+00 1.036945824264384752e+00 3.667357285058397309e+00 3.015603658174648705e-01 1.420475624593342756e+00 1.291578605833267668e+00 7.377534594617112251e-01 3.515738708964426529e+00 1.873595821445179554e+00 6.154754905290857891e+00 3.313706691682827277e+00
6.025861249686759180e+00 4.958599495858276640e+00 3.238995979494061039e+00 3.118872744713728995e+00 1.458931823387989324e+00 4.390446707448908192e+00 7.269645636764270336e-01 4.956754963036419603e+00 1.817468860285307741e+00 3.313618210042785783e+00 3.620022646924296428e+00 2.351376829972692928e+00 2.267421504668827748e+00 2.812910937727215011e+00 5.682930056699287968e-01 1.623246623553405765e+00
4.149443547350465167e+00 3.242844152461245244e+00 5.354028218962417540e+00 6.205367244763655421e+00 4.463452618832436158e+00 1.530218678402128329e+00 5.416230061445070909e+00 5.114333377043140949e+00 1.596378702462220467e+00 5.005029211767779707e+00 5.891861151081850601e+00 2.296564393295032758e-01 5.699103338310111511e+00 1.989697230515826254e+00 2.099704985207512919e+00 1.969477632189212679e+00
5.525609509299354904e+00 5.364943955552576860e-01 4.088068508166735171e+00 2.948851357226430991e+00 1.751442162364904798e+00 2.125513332368234032e+00 4.542646958033211391e+00 5.173181560435153870e+00 5.168576764094610532e+00 2.099791007212084892e+00 1.091525689968199320e+00 5.808747106495371071e+00 4.814629862335508825e+00 6.211855052079299888e+00 6.058103625374754664e+00 1.196679049005811457e+00
2.782955729464055228e+00 1.370385487528923640e+00 3.991798467877878398e-01 2.680312690119280639e+00 4.570175698241062179e+00 1.681477390991573229e+00 7.410766083957642802e-02 8.825143013418145221e-01 5.726437524526128975e+00 4.337224131463418786e+00 4.567314198959040894e+00 1.037234906723379091e-01 3.080603782062673712e+00 5.991867412846040075e+00 4.899314290421208362e+00 5.407759653816407663e+00
4.776393748168524134e+00 5.501159468596015678e+00 5.277385268302641208e+00 4.721621208617159837e+00 3.702203812004633665e+00 4.296611631394710251e+00 5.153315555438650719e+00 4.780944747743585133e+00 5.851701602293877258e+00 7.960599924550516571e-01 4.837580555787001302e+00 5.942171676143369830e+00 4.598743482720462517e+00 3.131778028232628852e+00 3.020575428502960680e+00 1.113275988608984024e+00
2.905214169526082468e+00 1.283918633228509965e+00 3.180054276196602192e+00 4.430352616042858571e+00 4.224774645308702503e+00 5.726362702029490492e+00 6.025356603497595387e+00 1.385870515696852878e-01 3.637618640926370439e+00 3.129251737144090217e+00 2.515193461677457165e+00 9.215562213114609769e-01 5.909843429557817274e+00 5.768958361525550416e+00 5.222936148365398878e+00 2.794643389210858864e+00
5.999481720482425118e+00 4.345617604834103531e+00 1.873432145665312687e+00 8.062501535763801908e-01 5.002957240243943282e+00 3.853238991504972066e+00 5.059748325596244101e+00 3.773655985773073152e+00 1.135889229505822717e+00 6.550229037741908122e-01 3.217419043038848514e+00 5.509067928643314183e+00 1.873096618685001769e+00 3.161559695564988282e+00 1.761653979060749942e-01 3.241821654567078603e+00
1.422979829629100523e+00 5.071227772700687142e-01 2.537370525495565410e+00 1.854353096495978237e+00 1.524542304604788567e+00 5.799393245650348305e+00 2.102040022979585476e+00 4.480726668262258627e+00 5.640928695133777815e+00 2.288822380402198320e+00 2.109948061309962597e+00 4.469476689809114944e+00 5.928076812998824607e+00 6.076442917415232792e+00 6.022068117510397833e+00 1.463260307636226720e+00
4.498939249882608848e+00 5.701412953510534898e+00 9.217474704826422727e-01 4.200126481732270101e+00 6.069292557384789788e+00 1.591975673695101623e+00 3.651075805572803201e+00 2.049540460727902191e-01 3.655267482629129816e+00 8.414827520625015600e-01 4.076758053376757118e+00 1.115613695063670363e+00 4.170524184771062792e+00 4.390163086468751308e-01 3.939014082137093364e+00 5.833415292941452890e-01
3.005897372781568322e+00 2.262165793897604082e+00 5.417858373467395516e+00 2.832729105867728858e+00 3.969307081505835999e+00 6.159102396275065949e+00 6.147518438990068113e+00 6.253573767831782426e+00 1.632333842784293276e+00 2.711865634134924541e+00 5.472701171811193532e+00 5.051130726751369870e+00 4.518388941749228671e+00 5.348857993944926115e+00 8.619617581326503020e-01 2.558731887313994702e-01
3.609982430327960401e+00 4.091474170340834160e-01 1.712467895757657788e-01 1.192527934745866124e-02 4.237451640269556563e+00 5.340611169649277734e+00 3.154633354772421239e+00 6.297288349349774439e-01 4.751441534569944558e+00 5.680500878799988662e+00 6.077014601374790992e+00 2.235119576605499869e+00 3.265244494231901218e+00 1.849267269995776841e+00 3.122382650084569722e-01 6.200263233338095148e+00
3.376438240913313571e+00 1.171086775688589432e+00 5.531065595300373339e+00 3.195907771735336134e+00 3.539944698023761660e+00 6.094473707962960063e+00 5.431763045239390575e-01 1.009751367931322807e+00 1.423746939072167983e+00 5.247044109462208894e+00 3.364237392616089561e+00 5.401213488689165843e+00 5.805918170897327535e+00 2.302950904021190848e+00 7.556154613041576873e-01 5.754574741590918308e+00
3.481591604442288990e-01 9.954382676689367271e-01 3.524398346922317682e+00 2.823232353934673533e+00 4.189478448474909911e+00 4.663913875065643033e+00 3.169437755862719808e+00 1.399301550628249569e+00 1.049011965724568451e+00 4.121836412929639870e+00 4.744242673127565091e+00 3.828295459785305277e-01 4.534412225202456348e+00 3.224439534815437991e+00 7.476903808068697810e-01 6.399920303723365400e-01
1.795203526433494234e+00 5.956740125039759803e+00 1.753352842196716832e+00 9.396906549902175332e-01 1.644595950321869005e+00 4.723088307925965346e+00 2.087228594615401001e+00 5.606108862222408007e+00 3.169897778966797031e+00 5.807775847290191251e+00 7.040728697353484389e-01 6.306567115126917589e-01 3.853541739343286920e+00 4.421740922613843772e+00 4.858632053604189593e+00 5.170219499243698280e+00
4.182337799770126985e+00 4.820621376402070557e-01 4.625712039565516243e+00 4.722839234444426992e+00 2.264973024783309086e+00 1.313524485977421996e+00 2.949411772173480717e+00 1.012285220707922172e-02 5.333060887273394890e+00 4.474432428075099111e+00 5.684752143546568881e+00 4.955853740338495683e+00 3.639662829339444183e+00 2.516342897166479631e+00 5.527459247994408464e+00 2.723455501754947328e+00
4.805865704617260370e+00 5.847885850657628559e+00 4.368422586779714401e+00 3.629765632808601872e+00 5.815596819046450427e+00 5.801213026317372012e+00 5.381183931639263562e+00 2.218454369319977637e+00 3.368568961967023934e-01 2.575776076504052270e+00 2.619772547080812863e+00 4.803685387673250595e+00 1.522208612544514450e+00 3.903463638754011367e+00 4.550214517496508293e+00 1.561742999594471604e+00
4.123642878688698943e+00 2.435234555833456938e+00 3.592740539947044009e+00 3.038458117932195890e+00 5.481223673940834651e+00 2.449374592904570491e+00 3.086157918479320639e+00 4.326312815197507433e+00 6.057112361448608873e+00 4.485448754990037479e+00 2.624935184427233281e+00 2.060254919750766689e+00 6.040280927021647095e+00 2.833081839289328108e-01 4.752573868528970458e+00 1.789686983998539871e+00
4.291898032180308853e+00 6.867139150561839545e-01 2.173005266254786516e+00 4.079905563534567570e+00 2.887607165574359147e+00 9.198194641814997352e-01 2.802597554305534366e+00 1.254063798924163420e+00 4.326382330570099910e+00 1.347097276842749825e+00 5.687863409057846376e+00 3.620305483937120705e-01 1.319007435349996982e+00 6.059262035727411622e+00 4.008467283281665239e+00 4.304367162706506100e+00
2.350388036568071382e+00 9.335714834245365523e-01 1.603330225374044904e+00 4.387451595644749958e+00 3.418445414653600523e+00 1.997436438745439524e+00 5.103851912241136546e+00 1.181330566505289503e-01 2.813133859278637683e+00 1.736064854760170029e+00 8.323940665395458405e-01 3.578831493881620140e-01 1.632848767692663738e+00 3.908061684640915523e+00 3.478749163426702484e+00 4.687085330365537317e+00
4.764591313374229031e+00 6.084641357138262485e+00 2.708625075204318833e+00 2.302684334316245529e+00 3.574415952574479860e+00 3.606764242094837036e-01 2.942275244050492761e-02 4.425668649206703442e+00 2.332594330378406244e+00 5.115868865666629794e+00 5.897201703135194428e+00 3.211779139330047439e+00 3.696765021407848906e+00 3.539818985401358642e+00 1.468178419698988657e+00 6.130751928215738999e+00
3.600115168493883910e+00 5.850808334485674500e+00 2.304036171342410899e+00 9.730977346320353050e-01 4.979276734438933261e+00 3.546412365961852942e+00 4.796591186071372803e+00 5.633323791678392922e-01 5.435200951391681912e+00 3.274463374032968721e-01 1.797114178824617881e+00 4.759141821115324689e+00 5.969631656494138738e+00 1.756350747128432310e+00 2.567560512663757954e+00 3.629808520036431396e+00
4.664725048276865849e+00 1.277116767348705384e+00 2.874402074684471176e-01 4.696613266622495786e+00 5.889942645881369288e+00 5.939439696182831518e+00 6.287766815706086199e-01 3.651428935160285216e-01 1.861807399854172207e+00 3.781760266256251946e+00 1.143062366741571134e+00 5.558006957785748270e+00 2.541358695140530699e+00 6.486556801090425095e-01 3.413755595092226702e+00 4.192300344868652218e+00
4.160487547417205612e+00 2.573538100748227642e+00 3.180696305369250521e+00 2.563826138182704550e+00 3.609232435789568427e+00 2.038779692209351513e+00 4.709611583851538441e+00 5.581742990631415324e+00 4.023669026356730072e+00 5.787424444840759463e+00 2.901570134577926119e+00 2.241336177777568661e+00 4.103057330827280857e+00 5.306985897107519889e+00 2.571459258658988500e-01 2.603000850184307713e-01
1.988716255654101595e+00 5.027101973770964349e+00 5.269771004554062444e+00 3.098583344353853963e+00 1.071691295223968776e-01 1.706517944897993244e+00 3.913449075635695440e+00 5.439371842378254662e+00 5.155872236779948103e+00 1.421133084332991903e+00 1.594217266496519514e+00 1.624615944885978047e+00 5.389735312501173325e+00 2.506768854445947881e+00 5.469378262255543355e+00 2.574114923097223784e+00
2.323840927991215111e+00 2.565639595516514770e+00 3.200972647208935484e+00 3.301658419199911432e+00 3.350890000724299433e+00 4.845356445743310481e+00 3.303663866592744025e+00 3.293766654754846979e+00 5.045771803419148327e+00 4.490715336426283955e+00 4.326233192246418113e-01 5.722586681138277953e+00 3.828438977629235573e+00 2.132196743622225998e+00 5.402927526896537991e+00 5.785125820557968979e+00
6.172176024142656203e+00 1.911960257516712502e+00 2.471861602006275138e+00 2.989995597528920079e+00 5.820188357308484939e+00 1.017912897846585007e+00 5.727655497099926052e+00 1.806552375307541425e+00 3.259312954903098802e+00 3.139312840979001873e+00 3.690166701103222646e+00 3.433694390331454738e+00 4.414168145064581772e+00 2.588874911658628264e+00 1.232997432183038367e+00 2.665172405858836413e+00
2.078635684620580459e+00 5.843924366058709907e+00 1.188763749285556948e+00 2.382292169806523585e+00 4.132130009230531087e+00 4.010280861065067981e+00 1.900062770335664730e+00 3.637339237208223608e+00 3.631835295223437399e+00 9.470254979591679056e-01 4.421984783593280177e+00 1.616595922881186143e+00 3.223724458751457522e+00 6.142589610787580590e+00 4.014086610035482172e-01 5.646311688130472461e+00
5.155427771934984804e+00 1.419949153113869489e+00 1.912295639343483566e+00 4.265944215422153185e+00 1.115239445910815475e+00 2.211019146610817998e+00 8.839490446970776905e-01 4.176806146778774931e+00 2.068723574394750298e+00 5.267445660064238311e-01 1.973014041552175302e+00 2.217888993809695453e-02 2.490282331000461369e+00 3.669905422560838737e+00 5.109229695934018878e+00 2.760481187203251086e+00
1.054626638258655769e+00 3.704099365435661984e+00 1.360149345692594158e+00 6.842699072122914172e-01 5.677567835554061304e+00 4.806802858209589857e+00 1.649677135541965267e+00 3.729681642802643360e+00 1.063410093844935123e+00 5.052678841520423347e+00 3.991406985596699819e+00 3.104154435255387146e+00 2.472006637978058641e-01 4.374070819188730641e-01 5.012020208612409711e+00 1.509542065794621468e+00
3.702875572489936928e+00 4.473137974676268058e+00 1.051869579970889701e+00 3.701721614103043567e+00 3.193731137741836701e+00 8.897002390369666003e-01 2.517061101305708704e+00 5.229252681244782153e+00 1.096823769610487442e+00 4.633556495256371477e+00 2.567546266110070974e+00 2.709999807654301041e+00 4.028381492136152708e+00 1.450502368065264280e-01 8.117187446705919074e-01 4.678731769405212404e+00
1.494850675963642850e+00 2.170424174508406023e-01 3.273988641981993908e+00 4.002184113397821541e+00 5.039517849815008610e+00 5.892150717572516072e+00 4.626516824466108346e+00 2.245999438930240455e+00 3.223278069578393801e+00 7.130898608838351915e-01 4.620115248195778790e+00 3.225863226083075297e+00 1.027894355135339000e+00 8.433998335157734116e-01 3.738656273222214388e+00 4.347386594532848925e+00
