8.313700019872357627e-01 2.638337945783320926e+00 1.780604621351451700e+00 3.162614226212658419e+00 1.467348372769016862e+00 5.714758015567231730e+00 2.981625976763361940e+00 1.344705625846909225e+00 6.138237011478419269e+00 3.280555516610998978e+00 4.380554627167550841e+00 6.228903765973829026e-02 2.210754944791201160e-01 4.045867947696860867e+00 5.124160060726421051e+00 3.761249222041837648e+00 3.884124946053060690e+00 4.133972879869040717e+00 2.858850632830716235e-02 2.725037704194496424e+00
3.061791414125248689e+00 5.334146043785458424e+00 5.612599504225022073e+00 3.250725826125667517e+00 2.860178245450101020e+00 1.470017076679490886e+00 9.496354186493564109e-01 7.288651168479065579e-01 4.547684916202439087e-01 5.120218213640589155e+00 6.121131827972009276e+00 3.272179365673992812e+00 6.063452849520732713e+00 5.392635610608516927e+00 1.643975831894431527e+00 3.086703281907852592e+00 5.916724180831373081e-01 7.677540516156723394e-01 6.050842982907534306e+00 4.789229201561733262e+00
7.779997570772089199e-01 5.226687867541780719e+00 5.753605010278382892e+00 1.547857209089719577e+00 2.315680325735777423e+00 1.490353813971236452e+00 1.991253111735303394e+00 2.692706424195361770e+00 3.743994767016554537e+00 2.657099721342104814e+00 5.253808023284809003e+00 1.254841478556233181e+00 5.793774887859879374e-01 9.297370196413508037e-01 1.474894788087357522e+00 1.071651389064432580e+00 5.958500089635471397e+00 2.165800877912275268e+00 3.756152021017543863e+00 5.207944454455761374e+00
4.097714409535405444e+00 5.472634340818819609e+00 3.078608896793852079e+00 2.816095350977613876e+00 1.590184719322763174e+00 6.024132686805780068e+00 5.266589583754379689e+00 3.913748812858168336e+00 4.612227072696727603e+00 5.654487858406414880e+00 1.398992310454898469e-01 9.140447651992648082e-01 1.996742677532803087e-02 4.987288221636865693e+00 2.666627036086153257e-01 2.976119928522241942e+00 1.389678290543274519e+00 4.172157051963013008e-01 4.864799010613836572e+00 4.386311352151376575e+00
3.051801202290383319e+00 3.945182733016412868e+00 2.649728907640603648e+00 6.069597946844944580e+00 4.035133503132313670e+00 4.877389261650491470e+00 4.718507403233864750e+00 3.162397491059867338e+00 4.413740703517211372e+00 5.297557050759186481e+00 1.283879754009459973e+00 4.002326331822803951e+00 5.402851116230049655e+00 5.886202982208155632e+00 1.376657416416437130e+00 5.899476727468128345e+00 3.744606121116100250e-01 4.793043081211118661e+00 9.684342448109073409e-01 2.129853231705886696e+00
3.176312634573385196e+00 1.583678101994964615e+00 3.513815284015187057e+00 5.239473636433138459e+00 2.570879544991509835e+00 1.826109985593993068e+00 3.254918081816835951e+00 4.841109695433827298e+00 5.491307731033281958e-02 2.510015246078068696e+00 1.733545897428221405e+00 4.134008233725425807e-01 4.198779769890633062e+00 5.693095342873624176e+00 3.988625721167285421e-01 2.920487949650168780e+00 2.772465120861644650e+00 3.962279367595611390e+00 1.702885872031591807e+00 4.695171320565074247e+00
3.223880029770271438e+00 6.021580148273766753e+00 3.368557854337270729e-01 1.084701552890693810e+00 5.780422131376638184e+00 1.880040937435898618e+00 6.066770092644222068e+00 4.549857961136740236e+00 6.380684974717548696e-01 5.801215375541145747e+00 1.531716923277998132e+00 2.510975818666562276e+00 1.513686517947937960e+00 3.977585426819108427e+00 5.269013467258986116e-01 5.640004909977147207e+00 2.665254896911398497e+00 1.858514886742067329e+00 5.071186012970167134e+00 5.561836017631502926e+00
1.312283398191891104e+00 3.979069083088186964e+00 2.549321558838427038e+00 6.116459039020162081e+00 1.668336084373789108e+00 2.281959810066599648e+00 1.202288246319165754e+00 5.791901201549749523e-01 4.358397482737386142e+00 4.767691210710379934e+00 4.976614031073747668e+00 2.437326810880815486e+00 6.212854939507261420e+00 5.851971114224719273e+00 3.642065890335063560e+00 2.630618760973369996e-01 3.670846923206445567e+00 1.975189735167276472e+00 6.233203311907391964e+00 3.010901084342059164e-01
3.492328197909111864e+00 2.937349506150716660e+00 5.207874957912839164e+00 4.380272360036389756e+00 1.612865553753604297e+00 1.778032262783375117e+00 3.859389283985589003e+00 6.236816963007074222e+00 3.621895693028394536e+00 4.211160533424589403e+00 4.256620758300661223e+00 3.184321162646661207e+00 3.695672691131655530e+00 5.191213420176951310e+00 2.675517433268206791e+00 3.547821817360088392e+00 4.289539536940718101e+00 2.671287616643474028e+00 3.961641737961226539e+00 3.758236000928881548e+00
6.104093150368602672e+00 2.746906011199356623e+00 2.417809212150811238e+00 7.329150397148735951e-01 5.023426036142894624e+00 4.158621860563713746e+00 1.471455376412149872e-02 2.253472373353754943e+00 3.951842103349574309e+00 3.706259193427817067e+00 2.442703265700825632e+00 1.388222984721905195e+00 2.221261978744938137e+00 7.408388818992743818e-01 2.818260814303782613e+00 3.651590397327097559e+00 4.642055686046135499e+00 1.839617625151438007e+00 6.012968613388815164e+00 2.127990451336146283e+00
7.312353003224801862e-01 1.399878693547577546e+00 2.363632075604699345e+00 5.751815647795559983e+00 1.820652709559299920e+00 1.506306051467831253e+00 4.979584375712717836e+00 7.683880482654367183e-01 2.858703517214786216e-01 5.638336271620747908e+00 3.535467378991947740e+00 4.051249988173545979e+00 4.458768242902911183e+00 5.745014556697225494e+00 4.079317526707021635e+00 1.935054871718445979e-01 5.596316534934941522e+00 4.942717548315413545e+00 5.219496341698058872e-01 4.326830675806003335e+00
5.677272213844395843e+00 1.853567961470033332e+00 8.859737674690767451e-01 1.633644177238085041e-02 1.835136965404604581e-01 2.836840324562278415e+00 6.811302922727439091e-01 5.505501753452312741e+00 1.920645041049139579e+00 4.675164253714966023e+00 5.338989938341427433e+00 1.314381542935477265e+00 4.936861898611938138e+00 5.260019954423137634e+00 1.150535792836823390e+00 2.575541062216463395e+00 3.533562357965202239e+00 4.211621559184084429e-01 2.149405901710486066e+00 4.582522212277163831e+00
4.829679739906753255e+00 1.491447775847768220e+00 4.173371703340363226e+00 4.189379957167979285e+00 1.768779913972231554e+00 5.231032807319977884e+00 2.948925934305902441e+00 1.606126940287130545e+00 6.020914090426715326e+00 1.906505672106757920e+00 4.388872187040925965e+00 4.679922016334780999e+00 5.651799237529253617e+00 9.752884231774107127e-01 3.694549127598006244e+00 1.935151120382254897e+00 5.054573916720911164e+00 6.757468026110821091e-01 3.245909194936905884e+00 1.633674871556742292e-01
6.168297801075835807e+00 2.735979350390302489e+00 3.618050919669665966e+00 1.560899777183358261e-01 5.336839449753708386e+00 5.401251312869834287e+00 1.744770368625684132e+00 1.005923268705085860e+00 3.296954874874227670e+00 2.088468556342975013e+00 1.941071562259896854e+00 3.242923624942521510e+00 1.887485054418040153e+00 4.075375633639505502e+00 3.460593257346276541e+00 5.557911081007911314e+00 3.997303649530204339e+00 4.097863677768677881e+00 4.332469346501091501e+00 4.116750700172193689e+00
5.238342979983027448e+00 3.541330668648846824e+00 3.389869145420680852e+00 3.177172754445953817e+00 1.851505058793638137e+00 4.223202650527382751e+00 7.564048654179056363e-01 4.902913814368669243e+00 3.798972761508529611e-02 1.192613629262924357e+00 4.903497197365661364e+00 4.516859386207035421e+00 2.029210059803176591e+00 1.365962759635114043e+00 4.089996352953778613e-01 2.776337178742844358e+00 1.401366601740824391e+00 4.432291488503026677e+00 1.217969612305072724e+00 4.033409242317133270e+00
1.118434587214166331e+00 2.170535346118294573e+00 3.159207557896155372e+00 6.049988205482320858e+00 6.040119378342848400e+00 3.476478717982607880e-01 4.411116532154836234e-01 2.613032798055276995e+00 4.691438938372765932e+00 4.679491907348944046e+00 1.820083723569828615e+00 5.841260372303977988e+00 3.402398312461519581e+00 5.230730708417301145e+00 3.171422330890950381e+00 4.641057498976009832e+00 3.067013876982319087e-01 2.956138113303569348e+00 1.948090619641419163e+00 2.218133816525736379e-01
2.879900497350377009e+00 1.629900395414683567e+00 2.095655296078473118e+00 6.013413039741326571e+00 2.671630865948337874e+00 1.037214415357746500e+00 5.229732163404010592e+00 5.522573612478755223e+00 1.942957921897558116e+00 3.644668315058717578e+00 5.190537902063090403e-01 1.186121763584275790e+00 2.038311652979173660e-01 4.127703677397980719e+00 2.648148734052188757e+00 1.005670193485733943e+00 3.726538132269506143e+00 1.456659051490827306e+00 6.993142763949974361e-01 4.867878076038924640e+00
5.894662333680828148e+00 1.751127921378285546e+00 1.867581500682023776e+00 3.560234716331569516e+00 1.235439426409514763e+00 6.264524884763068791e+00 6.056025867481741543e+00 4.060200651939759986e+00 6.031387194376778282e+00 3.552959209322124057e+00 3.615527113120036606e+00 4.207299925854036005e+00 3.201589105989217199e+00 4.167012842319825161e+00 4.297960668786705796e+00 1.241797837282093031e+00 1.824421262957991008e+00 5.139623793804974916e+00 4.271743886836464554e+00 2.096639348013749071e+00
6.013607025073053336e+00 5.816825127643141080e+00 5.308336457366858996e-01 1.886535513786185836e-01 4.592537586628158586e+00 2.863063682158207612e+00 3.290904577305286960e+00 1.963342883467031896e+00 2.212464652356358918e+00 3.823164418691593625e+00 9.983311359570777865e-01 5.576625763265118607e+00 4.985681515548673559e+00 2.102714310919225227e+00 4.696414899552257438e+00 4.192952559453104300e+00 3.743591583413689694e+00 2.308036187403571304e+00 8.557088671654765610e-01 3.340384224471965702e+00
3.257197109951220249e+00 2.075097382587966610e+00 9.343657830612275283e-01 7.755098382875231788e-01 2.024967152257015623e+00 2.539813835956309163e+00 4.935400984033671001e+00 3.633892096277452133e+00 4.106530071667655157e+00 4.999864904283259470e+00 1.395089806614205674e+00 1.799241341247157955e+00 2.637562290478430160e-01 5.384376513470058079e+00 2.864596079895392666e+00 1.950031259957161867e+00 1.862105652067107986e+00 4.924005679650572453e+00 3.547316569528866648e+00 1.649683006423771747e+00
4.235448899231378128e+00 1.395688788414470416e+00 2.634733390899814509e+00 1.650896197349486672e+00 5.441044689625032404e+00 1.621900529467154461e+00 2.325165905520366838e+00 4.221890340516369911e+00 7.235324845911114133e-01 7.752069892491734171e-01 1.530084151189699204e+00 1.957388678281718919e+00 3.703170342321838504e+00 6.745065601606873296e-01 4.918506840834119487e+00 5.974272230367421166e+00 5.694416968143698909e+00 1.659151406998550904e+00 2.707222541775205826e+00 4.474615468092959958e+00
3.432548160451169394e+00 1.585040381451208624e+00 3.891062845059080288e+00 3.470300212794366512e+00 4.728224792725669090e+00 3.119250995367653934e-01 4.812768050796151442e+00 3.750292234277830428e+00 9.026009411384844361e-01 2.346468952930905461e-01 3.269816842520001821e+00 5.069905378696843101e+00 1.021862256280216652e+00 2.553018875419843167e-02 1.209585747782910836e+00 5.818871072264275135e+00 1.656929780512097772e-01 4.857155324653103179e+00 2.216894283211219285e+00 6.200881657570090688e+00
4.600426190386539105e+00 5.784749181367038195e-01 6.096828892451614301e+00 6.210395074963971140e+00 2.548985600748051583e-01 3.708738007246089818e+00 2.292896559081898378e+00 4.936310443688811667e+00 3.952955249143424332e+00 3.443466788920727772e+00 6.123758550363071151e+00 2.174909618416633883e+00 2.645866080726345881e+00 8.053538695980948514e-01 3.575479665234857940e+00 8.044263252324893587e-01 4.786959217973072889e+00 2.565022260194351311e+00 4.325382663814399287e+00 1.883182230317705930e+00
3.387058368352673821e+00 3.910224046623159477e+00 3.797343931275474205e+00 6.004430916044806166e-01 6.078762021295139206e+00 3.151290654051509765e+00 2.332080422546716658e+00 5.862015299517374878e+00 4.083919132004347752e+00 5.841104439364125156e+00 2.125616527794553789e+00 1.082568106233368299e+00 5.068526546571112235e+00 3.331961378827136055e+00 5.183636106907081320e+00 4.100622059704583239e-02 1.260447473734043200e+00 1.781717680502456491e-01 5.637596616974758668e+00 3.885550751881166498e+00
3.081274878883746293e+00 1.490754269701256574e-01 3.574466448956605369e+00 4.740274036756818354e+00 1.256179641614991072e+00 2.271710833076489688e+00 4.331025343353446466e+00 3.781524415738700906e+00 2.198174403618553097e+00 2.869744274688216912e+00 3.708179650657498216e-01 3.099377359811450017e+00 6.576686624597949393e-01 3.199308185577412811e+00 2.283445493954590066e+00 1.348430210224321968e+00 3.771410791343622559e+00 2.930640382152166712e+00 4.830848689140041508e+00 3.464535973733062768e+00
4.342165197240181129e+00 3.592111270811498169e+00 1.658460240686176590e+00 5.568918069373461677e+00 5.025627363608450165e-02 5.498201668196604608e+00 4.181516475749548434e+00 1.186316860809735196e+00 2.202139690851408815e+00 5.732214254159652356e+00 4.416167495604012672e+00 5.521540962348751691e+00 4.582172888361716545e+00 5.754217401874212046e-01 3.187616016302759370e+00 4.076185103539882171e+00 2.603488198068768966e+00 6.067943703128184652e+00 2.142647359261131701e+00 1.282283859211385879e+00
1.598673000532251087e-01 6.412653801985239710e-01 4.855716842522801890e+00 1.310815781285263215e+00 5.124996115679482322e+00 3.755785164414818800e-01 5.940870779799291235e+00 4.770261282425853011e+00 2.026448407613060887e+00 2.017542913018362416e+00 1.456556128359166591e+00 5.418830126851265305e+00 4.568177846676166887e+00 1.111404023303782518e+00 6.115006921592525124e+00 5.658876966612655046e+00 2.710820423433538018e+00 5.162172299599636638e+00 2.806036688636414311e+00 9.110855300239044663e-01
2.920886840004068286e-01 5.146522837558673125e+00 3.261823976611161191e-01 5.939468842296881768e+00 5.580054727947056925e-01 1.731833876272097505e+00 1.624390293247797601e+00 3.419161919165892627e+00 3.630100084764261936e+00 5.504483824657417479e+00 5.660439280631776704e+00 4.840655961860911294e-01 5.526945601742964342e+00 1.162427669702484012e+00 5.730694018775958298e+00 2.285283595979594740e+00 5.463982211298632485e+00 3.038698699941463577e+00 4.713972316408532315e+00 2.323190933984751627e+00
1.456836269387745686e+00 1.194412553969909974e+00 5.260438624876545788e+00 3.505479082411429470e+00 4.952952161664737396e+00 5.253075342042398788e+00 3.674968969075843805e+00 2.663694637386034181e+00 4.260907133016393900e+00 2.546495288121555678e+00 2.959628244067183278e+00 3.414565465886949092e+00 1.995245720509899456e+00 4.746426260900102889e-01 8.737956207536617947e-01 2.954180503949570991e+00 1.755449431709396935e+00 5.914218547554003003e+00 4.859946813438258850e+00 1.772365137340090824e+00
2.977232502137885373e+00 1.753106104013442801e+00 4.214806986054716376e+00 3.161302399842091493e+00 5.772718488838094686e+00 5.984712847358203414e-01 3.417334654948350980e+00 1.461042449555814304e+00 5.600379549972573479e+00 1.424121966121813632e+00 5.165871313164619671e+00 5.629925680644820574e+00 1.431547464572230144e+00 1.105578389302682041e+00 9.580191280048254709e-01 4.264939938766320715e+00 9.342733899151695054e-01 5.678649930334461970e+00 9.654452235898330903e-01 8.894354389336667221e-01
3.146426439610493231e-02 4.967852026919635122e+00 8.242156274858939424e-01 4.829476737340376857e+00 4.676808006045374971e-02 4.388709875010273209e-01 9.073551676622426676e-01 5.680110157671416360e+00 7.246033538631403426e-01 2.013325366399349114e+00 4.688875309503051980e+00 5.716558137553016117e+00 2.488222244887678514e+00 3.814963121771572485e+00 1.930467013569621360e+00 1.107682370775129543e+00 2.266048203172063236e+00 2.086263870150315114e+00 2.490805598101968332e+00 5.807741398001890154e+00
5.664727941964508240e+00 5.037582540178352497e-01 3.658627139688022112e+00 8.067351931730931680e-01 5.291382554220205314e+00 3.238051182017086749e+00 3.375882072578389348e+00 3.912345676102006120e+00 4.173262532687315840e+00 2.908413282834202640e+00 3.303424835764902312e+00 1.083864828754412812e+00 1.229559355919256802e+00 2.509197570247712061e+00 2.676505189386664707e+00 7.115275109901469941e-01 9.256430457064959150e-01 5.352809511260162800e+00 7.520086903523132138e-02 6.205922572234165102e+00
