3.936209334435853968e-01 3.000773421880144287e+00 6.826472383428544566e-01 3.030318322013952681e+00 3.324252680828330697e-01 1.638293328992367348e+00 4.774378903966315590e+00 1.794139374526712016e+00 5.927345289817237628e+00 5.843659391670072090e+00 2.684453735584289014e+00 5.530989434125838322e+00 2.336243795714763483e+00 2.661931872640279639e+00 2.179201007032727677e+00 1.458938553863555532e+00
4.400842458231850607e+00 4.341288489070682211e+00 5.052430004403570152e+00 1.815912543773053445e+00 1.162405495071588080e+00 3.671960508946582991e+00 3.997850573366549032e+00 1.100528240236432254e+00 2.042785543798104897e-01 2.055478916456987548e+00 5.057948326811499307e+00 4.210127920766220555e+00 1.054643281320405634e+00 1.679517028754046182e+00 3.835444705410347765e+00 3.178521337059161844e+00
3.484613591643187291e+00 2.280645924138023084e-01 2.185969513746724768e+00 1.935659328843614579e+00 6.063548236561821625e+00 4.814443461324326101e+00 4.480780375601290721e+00 5.664034848234406061e-01 3.358054919180599285e+00 6.152383539704374016e+00 3.714468127160606592e+00 4.248418948583351229e-01 2.864176231396024175e+00 3.639901396537755573e+00 5.968782670821506819e+00 4.818055848311229461e+00
8.724313274386314987e-01 4.603115712131488735e+00 5.869198216615434838e+00 5.508050026870741078e+00 3.726817467403465423e-01 5.782022817748529997e-01 5.140261438563510366e-01 5.856131527274233584e+00 4.940226079923739633e+00 5.675269192031645593e-01 3.042539509957642441e+00 5.243143701982848626e-01 2.350432166776275089e+00 4.064748100999430847e+00 6.205810179175219155e+00 3.322608370122661636e+00
5.307863842620412775e+00 4.346525554880366293e+00 3.528809495627109327e-01 6.268686697232600302e+00 3.750951642216242554e+00 3.258838263918908407e-01 2.116263261947164853e+00 3.873425423928165579e+00 1.579873991756874929e+00 5.878220548581961857e+00 5.470064465822410682e+00 4.001019122405359951e+00 3.839450015461680188e+00 1.016996111750604337e+00 3.133684470848252079e+00 5.077931971360987617e+00
2.848386118733820638e+00 1.665418914642011472e-01 5.488972990901840099e+00 3.128902349784626669e+00 6.180119340933017291e+00 9.598293049120929510e-01 4.059814819102243177e+00 3.307091498519157735e+00 5.233475003955989635e+00 2.045862844515063284e+00 2.854595182235287076e+00 2.848800522183012607e+00 9.839684286702837790e-01 4.097658038936435876e-01 4.166553176032766537e+00 3.836324576728241897e+00
6.060339028206323420e+00 9.463817375231958762e-01 3.816893531658650307e+00 4.391891163330676306e+00 5.435417849421770420e+00 7.247358890723156755e-01 4.332971325057597412e+00 1.841346512633429411e+00 3.492785172259669224e+00 8.195671871875318537e-01 4.108539535006115351e+00 3.371462393842363348e+00 1.167821905881311961e+00 1.864022070215907600e+00 1.682031222282433403e+00 3.166033449233041974e+00
5.464378913599786003e+00 4.584395133062900030e+00 1.489918639309151249e+00 4.424397574955246881e+00 3.251366153110326618e+00 2.152535540918001367e+00 5.685506062816092054e+00 1.051423399160322569e+00 5.357523999275268345e+00 2.380218655296243213e+00 3.108774675154157840e+00 6.275409206583535848e+00 1.123756062394504346e-01 1.925136574116678601e+00 3.019265646533938696e+00 4.619152779011043819e+00
3.112057398227328964e+00 4.400435765147705069e+00 5.502766031290361681e+00 2.838533743426490563e+00 6.108813281983844767e+00 3.395440362130898837e+00 3.659597051706843907e+00 2.804388280902600172e+00 4.016185230202749423e+00 3.628989612617786187e-01 9.987390176342733072e-01 1.783618373243605726e+00 3.712051799046809375e+00 5.660685047008047199e+00 1.481632124002484119e+00 5.008928259726586951e+00
3.366171611452476675e+00 4.253930545561379617e+00 3.266247706478693225e+00 1.242904655222652588e+00 3.541697664222075215e+00 3.102446377035212866e+00 1.566435076730409826e+00 4.149761991668385885e-01 2.396794541067195361e+00 5.714959300878057924e+00 9.459312857546419151e-01 4.901922520821992535e+00 4.424426716229347356e+00 5.833733281064708009e+00 3.118695734073396064e+00 2.595319290252559696e+00
4.248529328769390823e+00 2.792215196308020175e+00 4.819729380172069533e+00 5.032279683099923240e+00 3.236173567817911323e+00 3.218116403584391438e+00 2.848051108037868318e+00 1.831464571821169507e+00 9.780052299097105051e-01 3.246848225180324121e+00 4.884764367915814809e-01 1.466297728473800355e+00 8.438703806672819274e-01 1.724071143055677657e+00 4.991920957229165623e+00 2.847271304518471879e+00
3.384177613807902940e+00 2.075109813315766605e+00 4.927906153432992653e-01 5.086047301713822577e+00 1.712404803821607091e+00 1.239320221521088117e+00 2.079737289056738714e+00 1.543587872602448341e+00 5.215043368329702389e+00 9.752045957266904930e-01 3.056937868954962223e+00 1.441745078591738949e+00 7.718801968933642899e-01 3.706582087810741832e+00 4.146751676719321544e+00 5.728270413194304744e+00
5.055603620275915588e+00 4.978658017901156363e-01 5.066625000750236474e+00 3.438381556533849359e+00 2.166380003415048883e+00 3.236018000008469730e+00 4.956354505513737685e+00 4.013011883820182035e+00 2.694029135272313358e+00 5.286515578598184995e+00 4.931149101958794745e+00 2.656995736735502156e+00 1.620454326177044546e+00 5.327166467841397690e+00 5.302115938909547133e+00 5.209524442170562430e+00
3.393296504558634297e+00 4.592078907901002260e+00 2.494802511891675234e+00 2.296020130908422718e+00 2.189985632459644727e+00 4.215322606807314187e+00 3.084179441072707029e+00 5.222267160206087944e+00 3.909930495839294640e+00 1.496295772627966425e+00 5.433726488989641723e+00 4.930767454867674537e+00 3.352736436154760913e+00 2.906617753569498142e+00 7.702816769956485343e-01 4.676868940993363033e+00
1.456053916975375895e+00 7.105424903447380425e-01 5.252152499608393060e-02 2.355680911936877953e-01 1.528585977693153630e+00 4.113735874488964050e-01 4.262868806075028161e+00 4.396948530152260837e+00 3.524493874260778536e+00 2.280923170989224147e+00 3.028346433758162259e+00 2.355299684428476148e+00 2.050442988692742219e+00 3.787914091658679538e+00 3.250941633219751825e+00 1.296333822006800141e+00
2.788593052244596748e+00 3.028872915856469117e+00 4.672180523920475004e+00 5.023174258372156586e+00 4.403626255471384532e+00 1.490329629645405163e+00 1.864717555330955012e-01 4.875851418893728528e+00 5.088614827692065745e+00 5.006763717019257598e+00 3.046342483036245330e+00 2.381877476481628619e+00 5.285335191153419210e+00 1.419239197956141396e+00 1.210514843004310670e+00 8.848656848689680221e-02
1.818819637732239869e+00 3.644911265218303331e+00 4.341953804262670857e+00 5.981006336595665829e+00 5.185065234220553876e+00 1.760574659207936987e+00 8.641489094495412582e-01 5.020942996580041173e-01 3.213838882719189272e+00 1.806823870965325929e+00 1.585181941299939723e+00 5.974014896962084542e+00 1.373712235867549980e+00 2.579931409054947444e+00 6.082637132476371722e-01 5.093171502230335435e+00
5.136265272773913537e+00 6.261784308984757352e+00 1.375228947727289430e+00 8.354115718802914703e-01 5.507959104590472776e+00 1.246374891468596369e+00 5.689575034175454071e+00 3.701112517084302667e+00 3.413229753453268955e+00 3.069033695482249691e+00 5.568329734061258307e+00 6.131370738697031975e+00 1.221443650920496893e+00 1.170548388759517833e+00 3.962055243579125641e+00 9.656256860618082916e-02
1.702554464723363914e+00 5.038382262226322794e+00 2.699699210318180054e+00 5.328524203445542895e+00 3.717149320484690822e+00 3.902978096144366305e+00 1.852365633185966587e+00 5.867393358543003146e+00 5.301995539558456372e+00 5.656855209512417382e+00 3.435744185971747022e+00 3.136627579196315629e+00 5.629654994715555638e+00 2.144389192930488353e+00 5.612329350279115836e+00 4.000531291491452812e+00
1.092209657621166841e+00 3.332073662544716264e+00 3.303401364476250102e+00 2.101388176049851231e-01 5.133942229343267272e+00 5.101032044930644105e+00 4.320459529485460415e+00 4.922113790904362740e-01 1.325272438833867250e+00 3.678656605841676530e+00 4.476485280600358330e+00 4.605235613834035568e+00 8.835216923217992235e-01 7.229526500651931586e-01 4.747685993178529351e+00 3.437987988227601543e-01
4.978886514058184609e+00 2.287452991321535123e+00 5.703456184754877256e+00 4.492117541738845254e+00 3.166452260463302970e+00 2.601226563357005972e+00 3.656503182882465897e+00 6.022845952435683436e+00 1.837698030889163003e-01 3.740973219790306170e-01 4.662521696795365878e-01 9.377568102640863046e-01 4.782007249849286268e+00 4.804545150690615607e+00 1.746115292875209057e+00 6.644393686357785711e-02
5.568906125182557787e+00 4.918390861673764825e+00 5.044250101217166105e+00 3.680069905527464602e+00 8.082788664969363657e-01 4.707138219154400893e+00 4.555008164971619422e+00 3.007319436957061498e+00 2.218419164432317903e+00 1.751988623729620054e+00 1.146774213860986658e+00 8.880521296422902999e-01 4.042559246621172941e-01 3.863559027309838800e+00 8.184108145442038351e-01 8.493171928391571868e-01
2.812567636165483886e+00 1.631287337261760007e+00 1.036151527117938453e+00 5.081801313178766932e+00 6.082525579415621664e+00 5.429158755249678059e+00 3.039903987318247847e+00 3.878405956001652388e+00 9.971229098619570630e-01 5.793935704476420590e+00 3.226945119120683270e+00 6.148274239488896065e+00 2.550090832038998112e+00 5.102575501265031122e+00 3.154256263403862004e+00 2.548929022256103405e+00
1.439855254036312315e+00 1.534795178074154220e+00 4.513596493451697000e+00 1.136695499774555085e+00 5.061180828965766487e+00 1.501091786925872862e+00 4.490788448348397743e+00 1.275727192660685294e-01 3.100793409221505481e+00 1.879777217185994997e+00 2.959242432184700178e+00 3.314767252023417043e+00 1.596694033121574208e+00 6.146235873774165137e-01 1.660003297807792766e+00 1.513932524432154647e+00
1.308661690250745968e+00 3.450444271239756500e+00 1.300914384550165392e+00 2.306083975028192956e+00 7.194954226428853516e-01 5.300843885230492880e+00 1.403440164873996476e+00 6.370612243522556506e-01 5.728925534266302577e-01 1.128103226011857307e+00 1.027080495501225377e+00 4.926297725297520635e+00 1.818531108684539488e+00 1.354718552760661776e+00 3.334362201067814002e+00 4.585939201434610091e+00
1.633555235316056953e+00 3.367812778779033067e+00 3.516491511709769924e+00 3.531652763512840298e-01 5.717031120157441748e+00 3.466959443658866324e-01 1.693743174543592911e+00 1.185737583599847378e+00 2.791805647133406065e+00 3.853496324683022944e+00 5.489510207860767821e+00 3.177011894097578448e+00 2.483103023750730109e+00 2.282658687292794752e+00 2.542230946400393599e+00 3.816174341373661072e+00
1.365836968177297051e+00 1.281295347127672013e+00 2.305117243021998163e+00 2.755538162461363516e+00 5.435762433155240103e+00 5.603874522311948603e+00 1.648579941762760681e+00 4.747557921619040222e+00 5.968684084296177694e+00 3.849651939320090310e+00 5.807196542107983639e+00 1.646588075099478132e+00 2.046740897405139314e+00 4.471923568300156582e+00 3.175415672977084380e+00 2.057385891387999433e+00
1.738661845326909261e-01 1.791572232414643695e+00 4.206741387011255995e+00 4.292479111871332798e+00 4.855834621036443366e-01 5.435851958303216769e+00 5.484280804136424159e+00 2.007728908178045835e+00 4.859721481672775845e+00 6.194001418409860626e+00 4.488218071747156479e-01 1.080321861586305277e+00 4.565845629467218281e+00 4.961314971357307257e+00 4.150025573858932226e+00 5.711620344274299654e+00
4.014246429863161936e+00 6.128712077561051075e+00 5.029764309263557998e+00 9.012182739872465209e-01 5.864607397645552389e+00 5.703296849371690236e+00 2.583290321120422117e+00 5.044940532785237686e+00 2.698145938334727489e+00 2.224082201155120231e+00 4.162749239236444687e+00 4.186403276934229645e+00 6.307093388626375807e-01 4.274718086494130098e+00 1.647801369550520922e+00 8.939843966795203434e-01
3.165074665072672655e+00 2.607388235805002452e+00 5.172995105887807199e+00 3.244925208258026217e+00 3.686413135608876956e+00 5.890400949232602379e+00 4.063447024096348947e+00 5.242541143185159846e+00 5.446405912546538053e-01 5.674611582382923736e+00 3.215761026976354242e-01 5.857758010539832583e+00 5.733203291089663534e-01 2.572625070912736511e+00 4.103665894364398881e+00 6.044909822429846535e+00
4.003180746105877930e+00 1.417552725498461008e-01 2.101111337043180427e+00 3.791729205207611475e+00 5.364986498114169500e+00 3.944389637243145064e+00 7.897842915709933909e-01 9.753330597963123516e-01 4.662321721885247960e+00 3.568283797638514443e+00 1.201461859762225304e+00 3.822783583950310149e+00 2.048604148578638817e+00 4.447084134128232336e+00 4.775998519024969191e+00 3.419741600655211933e+00
1.175633851857093903e+00 1.929417892833926063e+00 4.375846205786146470e+00 3.910988681155610713e+00 2.564390792190995416e+00 8.187576071116497989e-01 1.024853455577604544e+00 5.391009597144246435e+00 2.699077737186346138e+00 5.964395874548448440e+00 2.801338663899118231e+00 1.630823407893449373e+00 1.524501552826491579e+00 6.115389676601697744e+00 5.150612895031732030e+00 4.550766900474851440e+00
