5.970781920023819467e+00 3.901392662022652225e+00 1.975231902449552157e+00 4.566562007239451937e+00 6.216731903012839844e+00 2.579446519343227440e+00 4.753067623939993602e+00 5.391939591926738551e+00 1.348119576359376737e+00 8.344786586273846007e-02 8.242800473417973839e-01 5.387120087023966164e+00 3.659713125399647327e-01 2.441832747155836092e+00 4.672510211323543494e+00 3.214380955290739195e+00
9.670945128219654574e-01 5.811255497576858886e+00 8.023135882955635401e-01 5.412931884215463008e+00 3.876757364059590039e+00 3.633832789737788893e+00 1.554538179321747871e+00 5.708771258549478311e+00 2.783624465048045504e+00 1.193233661922620037e+00 2.723931733711333347e+00 5.008702053625234463e+00 1.835332151831075898e+00 1.212831714045906173e+00 4.455493721857951783e+00 1.052794954955929452e+00
3.615808565819792708e+00 5.803553014859325287e+00 5.831127709770451695e+00 4.568915655804173248e+00 3.191247090634394823e+00 2.795251554159940532e+00 3.495842771803091331e+00 5.688746611056447744e-01 1.233773179797258868e+00 2.141688896438944223e+00 1.780137041682111843e+00 3.677695216947255985e-01 6.259087568635984589e+00 1.403295930623345456e+00 2.413935082569703905e+00 2.898215377931673054e+00
3.483587258153751254e+00 3.302277250858521196e+00 4.715317694133148940e+00 1.319412634388254624e+00 1.271074195187172906e+00 2.541334261154704954e+00 3.124534730030354979e+00 4.377474008700505514e+00 2.397666705677728771e+00 2.417786460110929792e+00 2.407686741180057766e+00 4.270494500483368761e+00 5.145496538088720762e+00 4.083987430447792555e+00 1.179935307858805071e+00 3.585344344064673283e+00
1.323463843209484514e+00 3.715417982739372960e+00 2.739538848374191371e+00 3.766944230316338071e+00 4.912428166890685510e+00 1.202966978006410947e+00 5.917228007224490050e+00 4.941694469210389795e-01 4.775615798079388519e+00 2.436173834174562902e+00 1.120784200050540580e+00 3.983754533742823511e+00 4.724774201667760742e+00 2.766828242656663162e-01 5.931861228276102516e+00 2.903916028107480951e+00
2.666724898939499599e+00 1.469638451793423117e+00 9.507041707476991677e-02 3.545345803861391865e+00 5.638938562481380146e+00 1.043084718075442341e+00 3.067169441154688592e+00 3.867475254431619991e+00 9.642514099073525857e-01 3.571358417716129718e+00 5.569854947322460115e-01 3.357313950124509172e-01 3.078459194351694350e+00 5.083579307120097646e+00 2.935632005281517909e+00 2.221968414612974119e+00
3.786950336239069959e+00 4.812606992891947044e+00 2.361398658589059618e+00 1.414510057962796719e+00 5.195639399931000213e+00 1.909005613032798143e-01 3.415754310897439971e+00 3.313794812755498587e+00 6.907324680476919498e-01 6.277695536210248228e+00 4.020935779640679719e+00 4.510228544137097728e+00 1.643580424200645096e+00 2.365480865496617291e+00 7.464731378634567038e-01 5.738890131317551102e+00
2.835109590602579388e+00 1.321705468228309366e+00 6.265205689424357516e+00 1.817473484145827989e+00 3.688385674684897531e+00 1.921185205724631029e+00 1.914376755847621681e+00 3.176510735053021395e-01 2.979380777256957824e+00 7.499343300030132387e-01 2.643458953552293988e-01 3.380292435524658412e+00 4.042618528302802439e+00 2.595741785216533426e+00 2.600908329638432548e+00 5.202156065585043621e+00
1.985205460798120880e+00 5.245998423650840792e+00 3.713910902195848074e+00 4.479421305331854897e-01 2.843788121715071782e-01 2.103952311749000437e+00 5.372936406666659614e+00 3.495081425765595232e-03 1.300934535104327772e+00 4.768642698356931220e+00 3.294150032700431385e+00 1.757576349393049631e+00 4.934813120822752475e-01 5.413935954167423681e+00 1.003483456037948862e+00 2.067157525042633726e+00
4.234725314813650776e+00 3.362471234779056850e+00 5.226466012278163653e+00 3.862479537420056008e+00 5.945901510063155371e+00 7.755405074436069190e-01 4.883860651582745405e+00 3.948147403906540731e+00 5.766843175686920731e+00 3.076779197719885506e+00 1.896560806474578920e+00 4.249004321000569462e+00 3.702076730487392719e+00 5.300234414443800723e+00 2.093900139771185387e+00 4.687801082251752405e+00
6.272124230035526438e+00 1.521541357807720152e+00 3.406510964131755248e+00 2.022659243178976177e-02 3.831424830952103289e+00 1.939157029770588903e+00 2.489502681463973133e+00 3.323861670694327586e+00 2.313378037266981213e+00 6.136357605529271453e+00 1.781829070182464614e+00 4.114709871244794925e+00 1.255264163163916979e+00 5.067925960971682464e+00 1.783222137763046611e+00 3.961072716687230044e-01
2.252528962171632898e+00 2.014670257722958713e+00 4.388676914705992971e+00 6.227401315704035767e+00 1.803996598383949879e+00 4.709827102431202839e+00 4.700474723866750471e-01 4.112311165781107114e+00 1.585870558232422178e+00 5.447682729372160360e+00 1.020501581221100684e+00 5.187519824581966255e+00 3.012524147800875962e+00 3.915726972250068272e+00 5.472012038866633787e+00 5.551298859499622651e-01
2.471917787280546452e+00 5.762102829574283547e+00 1.339312651184140002e+00 4.870751536515871116e+00 4.373635229178833406e+00 4.109679672514687354e+00 5.259400349756427673e+00 3.457778501415730510e+00 2.032498820975024767e+00 5.913821554815293702e+00 5.178325326703816955e+00 4.879112526283518214e+00 4.471813158140428790e+00 1.274980280427418622e+00 4.091556594938768221e+00 3.803598657688453066e+00
2.349058345179780627e+00 6.277161712586222464e+00 7.855990891361031014e-01 3.279415005917818426e+00 6.732118892127372245e-01 5.185611050318238435e-01 2.844707279964765689e+00 2.420544200236363963e+00 2.160376942034026193e+00 5.933634086792978657e+00 2.511931529975015120e+00 1.874797590181888296e+00 7.999150195141908615e-01 4.887126854321786951e+00 5.695208601221017908e-01 2.133365568150755731e+00
1.824190646856999720e+00 4.199771633024629303e+00 2.247589280648087939e+00 3.555477267688698095e+00 5.398367734034304810e+00 2.948010220375480550e+00 5.484877680396735400e+00 6.271284387687270367e+00 8.263804344915691713e-01 4.462553603327998886e+00 5.641328913429547676e+00 7.528597818184141754e-01 5.573840251158148629e-01 2.543967415492667805e-01 4.357436019545816386e+00 3.939314739331326809e+00
1.371139976261412707e+00 4.588055695228539399e+00 4.038576287485622807e+00 6.065268823647517848e+00 9.067328732489831067e-01 4.969401097020210933e+00 1.930480217165476686e+00 1.177562378359817696e+00 4.576531443667986032e+00 4.320477254858168692e+00 2.118243075815765764e+00 1.991155844443402545e+00 5.576944659442759189e+00 1.460977780812662274e+00 1.491230210534058687e+00 2.654178444210653076e+00
3.646091832892631501e+00 4.638710050464431300e-01 2.576135869203677320e+00 5.320345444149989333e+00 2.302093122248189072e+00 3.565142507709356590e+00 1.806058561988162614e+00 3.020608385525880846e-01 2.401113641473063165e+00 9.069707705391010233e-01 1.193731649125827188e+00 2.978589131437353821e+00 5.525543302780388188e+00 3.395190777349338607e+00 5.176724231272783250e+00 2.660742694685113707e-01
3.503253849534456954e+00 2.746147320893791655e+00 4.976979634357287630e+00 4.702864555334909547e+00 1.003101535440414915e+00 3.274748478809714758e+00 1.629655094873457610e+00 1.927347759567500152e+00 4.130946669790669823e+00 1.125523450923007651e+00 2.566905760475687970e+00 2.822876378625148508e+00 2.171973114343030087e+00 5.748296422095186209e+00 8.755694621920897536e-01 2.693500432631302122e+00
2.594002925084513134e+00 1.104474273842046550e+00 4.759807520456802443e+00 5.760361137797633369e+00 2.238753268464062529e+00 1.966147158289930363e+00 1.220571859552895821e+00 9.712015201350401861e-02 3.840442381871970734e-01 1.506300771262320870e+00 2.510790525207442059e+00 4.391347799974612442e+00 5.569322410171348103e+00 1.158162286598006352e+00 3.221939722418091900e+00 1.205362236154462474e+00
6.146421978169998468e+00 3.085791954872685761e+00 3.441013724686572406e+00 4.196419266385255753e+00 2.657381799005396061e+00 1.856554605224636667e+00 1.683651541690989184e+00 2.822821336313410256e+00 3.464294376120999441e+00 6.082016439970555410e+00 2.357872220131576935e+00 1.416482368408617409e+00 3.155212136538331769e-01 2.120236845047934970e+00 6.468029372596415527e-01 1.046939982525451285e+00
2.964017237068719890e+00 3.121975049090736309e+00 5.026843125223907194e+00 7.527507223284338744e-01 4.410709905780779039e+00 3.097915793542358909e+00 3.549283303930964362e+00 9.994154329427816785e-01 5.440680676702074337e+00 2.092619612910566307e+00 7.707739102939563658e-01 4.297034793418732512e+00 2.579721865222261101e+00 3.758004254904550478e+00 5.022580824504319530e+00 6.872415255217758645e-01
8.485699241126195558e-01 3.370445251118907581e+00 5.267231366933053494e+00 1.220951528765697791e+00 1.887475158457735391e+00 4.330134851502642768e+00 2.250394627247975787e+00 4.079601731599042047e+00 4.945038785700730521e+00 1.087963955477415645e+00 2.147148537737883611e+00 2.752280336980011732e+00 3.147791705204262325e+00 5.197244839582841891e+00 3.608731163468468228e+00 5.952840402727627378e+00
2.448079411962963636e+00 2.451348497319912223e+00 5.296288352089255191e+00 3.103607471577453758e+00 3.037999126698179619e+00 2.914433798925221364e+00 6.783720171244163044e-01 1.293278026656140778e+00 7.557683675253447086e-01 1.256990688995880401e+00 3.074679702009595506e+00 5.130281381621332848e+00 3.342952114869763430e-02 4.680679141591841841e+00 5.949842413386767781e+00 1.079828565693859543e+00
4.673784959684043727e+00 2.355038053675016840e+00 4.061923167400405710e+00 4.761358238310076985e+00 5.381885506557521737e+00 1.349756136430643183e+00 1.530575134135825632e-01 3.986394446283082482e-01 4.666090645164004513e+00 8.849783101984849409e-01 2.642174113283112913e+00 2.978647793777254194e+00 7.357664619267719752e-01 3.597624837974836343e+00 5.463357728017292914e+00 1.587474750300339466e-01
5.305647324746403548e+00 2.043871476246490904e+00 2.243637921235880572e+00 5.508738959457612161e+00 2.701662953600813655e+00 3.128715732766691016e+00 2.989194371750632850e+00 2.524942105461004616e+00 1.916707142136235609e+00 4.163275363334658863e+00 4.707391898346283687e-01 4.962713987063104959e+00 3.492884384682767962e+00 3.368259884559113626e+00 2.374539338947466049e+00 6.194365609977404041e+00
2.287379125959308812e+00 2.409478702745585288e+00 3.683691065742832560e+00 5.825041914384550878e+00 6.037496206293575085e+00 5.426920297743766497e+00 3.608756576840587815e+00 2.782071909098693396e-01 1.386897722330335592e+00 4.406129663159651599e+00 1.557131632790761611e+00 5.424259897526273910e+00 5.522693083959952176e+00 4.512466124961576952e+00 2.873936007774310353e-01 2.526717554723599157e+00
7.168951737286741732e-01 6.001425248677830560e+00 1.553188568039371997e+00 3.459734166004974631e-01 2.450190975741681765e-01 1.905637960633321581e+00 5.567467919145632216e+00 2.606142233952359000e+00 2.791735660226838167e+00 5.767886781757573189e+00 2.820500910488715096e+00 5.224209236957433333e+00 4.859343042026371684e-01 5.161799922866373569e-01 4.270703277893729499e+00 1.118626854186501429e+00
8.447218426660428880e-01 7.663961905943402764e-01 7.225824921508928744e-01 2.668840659276844107e+00 4.526733275839036175e+00 5.459141023684516147e-01 5.074031639000397220e+00 6.135598618582348784e+00 3.088551930399851653e+00 5.445556066819858820e+00 3.244313074286788279e+00 2.409413941270975190e+00 3.142828536050922494e+00 4.327012267764405173e+00 4.262802618257830467e+00 4.524588505604115518e+00
3.493520247539709800e+00 4.368648240851245923e+00 5.776539357038661393e+00 4.047258635830366380e+00 3.876235511362040587e+00 3.128833739536524217e+00 2.101445281227565243e+00 5.581112056588225734e+00 3.240038674870956203e+00 3.846322375442974284e+00 1.055478772600810938e-01 2.040125361322719044e+00 4.576293722870527603e+00 5.417765424440006417e-01 1.294355839362400618e+00 3.555342195644130232e+00
1.343157644143647411e-01 3.941647651008883368e+00 1.922919783326104470e+00 3.358289921249803189e+00 1.034575584493852229e+00 2.146525001968284219e+00 5.636435181235371239e+00 3.670579921142385071e+00 4.265881961729419025e+00 3.867964883704823276e+00 3.482223745420898187e+00 3.059691698619691064e-02 5.583067789307123441e+00 1.907621599844676386e+00 1.061115317625575649e+00 5.381918816226271218e+00
4.953075937475831303e+00 2.328348477089027480e+00 4.498650386936436263e+00 1.434765874197407587e-01 1.303160227554710060e+00 1.549073738419061375e+00 4.066942445779527127e+00 2.504326906715475420e+00 2.348316536497849771e+00 5.915231924448185907e+00 8.300857145834495965e-01 5.150832869802905556e+00 1.098744144039436321e+00 2.241658708677546130e+00 5.787429144317354002e+00 5.041196001297945983e+00
4.690017583344141094e+00 3.124826078691600006e+00 5.203542026345651550e+00 6.175819936576772973e-01 2.980168576407366210e+00 4.074465957308181174e+00 2.147877187061378201e+00 3.985925437838769181e+00 2.687462038973193135e+00 6.056108794769774484e+00 2.325637885963709461e+00 4.320193631095500919e+00 2.598946455622449303e+00 1.008566207447916918e+00 1.581198935037818387e+00 2.075221450555402303e+00
