9.944219845552831893e-01 2.992469835352734586e-01 4.836594968661231064e+00 2.753597652711322397e+00 2.083782459329821535e+00 1.507388689289369255e-01 4.586512442498931641e+00 5.583663647036468447e+00 2.754928669685472897e+00 1.472833672544335615e+00 3.221164458105434836e+00 4.707983968378357531e+00 6.181616001225339829e+00 9.018596606039341879e-01 4.936706328358357432e+00 1.003901331442881295e+00 3.954170044101784631e-02 5.443443829064050554e+00 2.156501490121130793e+00 2.152732933421381833e+00
4.483093827077802906e+00 4.494274539203637175e+00 7.715222735269096077e-01 1.997961638151486863e+00 3.446515770702739401e-01 3.451685468655595557e+00 4.850853009044454822e+00 1.383281296157191864e+00 2.740776339791197169e-01 8.541320503787307450e-01 2.432615843027420066e+00 4.560246269019581078e+00 1.745491626896640502e+00 4.143660134369651082e+00 5.793324365262152220e+00 6.004798592127401413e+00 2.497950513572804176e+00 5.608346905590986253e+00 2.971115781762780905e+00 2.497247001807170630e+00
1.826626470242093569e+00 3.516357989705527931e+00 1.024493986220612163e+00 3.323025657680422906e+00 6.272573490193628309e+00 4.939835814396596803e+00 5.922184624001999964e+00 1.459685979943819545e+00 4.182398297465536707e+00 3.685805684476868294e+00 6.440448612907558879e-01 1.811792649646085884e+00 4.830842452184158198e+00 4.833445394018935914e+00 6.143934308591350479e+00 5.165061861964951540e+00 4.560550201413673954e-01 4.172934047571184024e+00 1.225993620583766708e+00 5.688957731554868502e+00
5.048889729849359576e+00 1.503316762012252505e+00 6.000595311329435688e+00 3.122920188193524460e+00 5.723757828724100605e-02 5.406571710116171658e+00 3.720250829064550402e+00 3.018716892790570760e+00 1.409032024105080945e-02 1.919407067850221305e+00 5.297519552255775643e+00 8.203909550649397531e-01 3.717258070199461084e+00 2.358797044397108245e+00 3.799326476770370498e-01 2.713151729752055097e+00 1.233046460143784717e+00 2.047634490717323175e+00 2.037325124715868352e+00 3.497935811342730794e+00
5.389496398744770822e+00 2.120359795717322804e+00 4.178696436418706028e+00 3.352335159628667238e+00 1.075594216276235970e+00 5.162630192663632656e+00 2.105294794459767971e+00 5.684190281835189040e+00 3.037423923033328865e+00 3.291850860734925721e+00 4.911413462522767226e+00 3.967439413971779238e+00 1.480246016050693614e+00 4.502540741852472550e+00 3.874554065637943800e+00 1.103277691423331541e+00 3.318869230372103019e+00 5.165751386646372900e+00 1.531926740353755312e+00 3.205063884165641142e+00
2.618834566816329978e+00 2.776369880313476202e+00 4.325357667687311114e+00 4.105995113860088530e+00 1.829189646438622363e+00 4.076380291959596391e+00 3.824027620310379127e+00 4.872845796025857545e+00 4.291144322687881818e+00 4.663227024029878542e+00 1.765556848393277534e+00 1.704920547381738372e+00 2.366602024251466541e-01 3.450224516126572993e+00 1.380662228328336960e+00 5.637294055959077177e+00 4.444945662890962268e+00 5.835020507098004572e+00 4.707750650970926820e+00 2.101273509364876002e+00
6.130190565633246713e+00 3.828306588892990359e+00 1.833543584451191810e+00 4.518778736819439423e+00 4.101447562395682311e+00 1.131597523040386161e-01 2.720115624770287788e+00 2.148593911376766474e+00 5.929844244113196439e+00 2.471525671584391404e+00 5.534323853329442322e+00 1.617133401411259275e+00 4.807087604023708494e+00 4.366413119116923980e+00 4.043700239571084154e+00 3.044243253657428649e+00 5.433925267835848949e+00 5.018092641793193032e+00 3.191040229622245761e+00 5.617220403154377095e+00
4.392047400779174993e+00 3.240355487178886218e+00 1.911346926919230027e+00 4.743596023765695335e+00 4.159817783174060146e+00 1.117985408985387591e-01 5.388629858201958278e+00 4.391431035547959105e+00 5.423181629223271294e+00 2.221594457475800866e+00 5.105589196151821163e+00 3.191820117439461590e+00 2.985187918004834629e-01 3.622707158901178559e+00 1.929043470123851689e+00 3.444027783340130711e+00 3.394642261063748112e+00 5.597070976220948069e+00 5.612751492243497786e+00 1.671748906365578602e+00
1.693176295614456928e+00 4.237018076042959436e+00 3.381800639621450166e+00 5.758438901711462776e+00 2.419942302425763359e+00 5.217170992556968701e-01 3.137067433064496758e+00 4.698063116716795662e+00 2.653024396384667583e+00 4.232124176397596749e+00 2.326684346344844556e+00 6.187156298515555264e+00 3.550328845338106554e+00 4.240067015598315336e+00 9.365612034425142562e-01 2.360171510467485412e+00 1.953771652791914226e+00 2.960573185951691499e+00 6.238742936558953067e-01 2.436737703406151478e+00
2.925865085209118366e-01 4.481607516095405863e+00 1.352944814368123527e+00 2.353338620710913265e+00 6.211044675792780190e+00 5.756354869356457016e+00 5.958076225903719880e+00 5.243171937196886567e+00 3.013569588335566873e+00 1.855414688655942168e+00 2.967637187455938630e+00 5.267049175383474946e+00 4.071825310275266396e+00 4.238172733245625601e+00 2.519515893547251029e+00 4.532789466959192382e+00 1.950934781962302855e+00 1.913527233548280693e+00 7.412428634819959727e-01 5.572040833831666262e+00
6.053036875617234358e+00 5.142628574056034907e+00 3.902994652189601066e+00 5.561500382617585281e+00 1.893912261958133891e+00 5.002564318080895411e+00 4.023384766039382221e+00 1.839699035719453368e+00 3.644153086738671110e+00 3.088642050644303527e+00 2.776246572637436127e+00 5.957920044200712972e+00 2.171047360257082559e+00 6.197751160068707854e+00 3.273893967833831908e+00 4.561314746903972761e+00 4.530172181385784924e+00 2.609785453561818125e-01 6.076052051371474860e+00 1.854833285027072343e+00
2.993872659016104443e+00 2.459470430101710736e+00 2.794026751276988296e+00 4.150997555895996172e+00 4.892372512925652117e+00 1.465993046271719003e+00 2.661124729084637153e+00 2.726217643873402707e+00 4.424616739508382857e+00 7.621496542208868741e-01 3.295751713176241715e+00 3.953327137754942822e+00 3.824584124100986582e+00 5.048671248982132376e+00 4.522016139141022961e+00 6.244000008380702127e+00 4.909323625087632870e+00 1.675485550122404854e+00 2.487673884240276245e-01 2.717409923936234151e+00
2.955520378317885832e+00 3.977022386081431882e-01 5.903965705977534562e+00 1.811050884187503707e+00 3.347922213010273040e+00 4.207233686379565185e+00 5.855974713838997481e+00 2.110685493970683613e+00 2.914774943435516796e+00 5.232749986835377953e+00 5.602716227503502289e+00 8.194090816335413141e-01 5.717277966894293684e+00 4.199389769437454234e+00 4.361060207798253430e+00 1.291456441751193340e+00 6.163095671820436827e+00 2.977078184957195894e+00 2.015400797013219059e+00 3.554988680552567004e+00
3.362297343815731754e+00 4.335318510737670161e-01 1.638460868441466767e+00 3.004056360680391613e+00 2.532371361351340999e-01 4.594911881469583848e-01 2.486569133337587501e-01 2.858788009914379646e+00 4.886850589044428261e+00 4.983734628721234294e+00 5.915424214343217635e+00 2.081524740479384405e+00 5.420004723958296466e+00 1.048418053620924661e+00 3.813824625189221607e+00 4.015606165407856309e+00 3.155685248992100012e-01 2.615952331111902840e+00 1.845347738175953767e+00 2.385518290942999498e-01
4.190266389461529073e+00 4.513321065263694365e+00 5.892783105096631502e+00 5.413634631257141727e+00 5.251130991525092995e+00 1.891980454028864944e+00 3.802196686291063443e+00 1.869384121059348036e+00 4.865741783594313752e+00 2.920294372803462934e+00 5.857937614391590664e+00 4.383351792301581007e+00 4.151452032414745807e-01 3.868986634807598524e+00 1.279687776660455967e+00 3.969702478985820182e+00 2.933577260580724655e+00 3.658321579325639838e+00 1.332117195975607515e+00 5.350253670944701057e+00
2.691084999445513937e+00 2.664781892851983081e+00 3.926161920862022203e+00 2.285182521145206369e+00 1.251021104365027670e+00 5.051424824162983107e+00 3.737726074464250647e+00 1.213917470506194363e+00 7.790022424365197207e-01 1.866795840051940658e+00 5.495713611926084319e+00 2.833600889969255743e+00 3.172485522897065202e+00 5.135175731877343885e+00 6.111491139814203555e-01 4.911203948615508352e+00 3.300745297970282266e+00 5.037078308605499544e+00 3.477539265725754225e-01 5.890632604366849101e+00
4.293363894522459923e+00 5.265847649074638426e+00 2.468587175122608279e+00 1.137603885533474690e+00 1.321595706937104042e+00 4.263192419647924503e+00 4.834712081894669389e+00 1.458292015932080687e+00 1.499435270365262252e+00 5.271732041481166364e-01 1.166593865053680901e+00 1.275817836273479000e-01 5.376489407475432358e+00 3.270116388797714713e+00 4.467863143784542856e+00 2.718638727430298663e-01 1.324007779869809109e+00 4.928234776728173117e+00 2.594745879284128698e+00 1.641670623685080210e+00
2.784672317954127174e-01 1.115034987130794519e+00 5.294952350983924028e+00 3.542894923482421188e+00 4.294707709829770792e+00 9.524028982022612055e-01 1.324068929135721051e+00 1.684993094352960963e+00 7.989432898329410504e-01 2.028527546118727543e+00 1.740742183567945300e+00 5.221857855221964329e+00 8.615637787672442149e-02 1.005906308265303473e+00 7.231863358163406197e-01 6.141849749549679771e+00 5.266014927016633429e+00 3.591164494191231515e+00 4.109251845800756975e+00 4.634723417653978217e+00
1.012213210751102599e+00 6.999452604815525891e-01 1.355076497873419772e+00 2.227013208696082991e+00 5.687794456649571728e+00 1.928987524428938727e+00 4.683004720215238059e+00 5.724739727025782265e+00 6.112284177877747027e+00 5.032267745746247911e+00 1.035295259311219407e-01 3.260432249693887563e+00 4.155477334784963617e+00 3.773791216206658916e-01 1.182339627014639682e-01 5.101716471053411972e+00 1.886701442423378783e+00 2.474888855708535784e-01 1.118937529567836320e+00 3.609880717472672362e+00
1.876476528359217077e+00 4.370693460045123047e+00 6.183916531866274546e+00 4.819944400743356172e-01 5.913666992260799837e+00 4.112137363806361634e+00 1.329377309698449139e+00 4.237295384988095215e+00 1.165876651523128221e-01 2.347737862002291287e+00 3.357871566448813017e+00 1.505470798067467086e+00 1.428616430456569608e+00 1.701618431839604373e+00 2.395073678913044457e+00 4.589114674191870691e+00 7.573627784204706170e-01 8.255458001463884532e-01 1.949561911892442989e+00 2.083801266378101147e+00
3.249107875383793864e+00 4.265202103322407012e+00 2.732835208120900194e+00 2.871175716679479906e-01 1.993891721250656390e+00 6.007310379854348348e+00 2.737086702905208391e+00 2.090986026401114639e+00 4.904282755911101965e+00 5.564675402629347012e+00 2.712073697931828509e+00 2.648999153450183108e+00 2.655113442287441838e+00 1.485748976435508739e+00 3.565526148064484868e+00 1.547907646389009573e+00 1.963194282969041859e+00 3.484742373200338417e+00 3.062367428936150215e+00 2.977650002336998281e+00
4.412976569769143431e+00 1.515308025083311749e-01 6.005424111276531640e+00 4.988631104578990616e+00 1.168582947731830801e+00 5.593757955354191624e-01 4.778528512079462054e+00 2.459567799147308165e+00 1.231892764653079286e+00 1.253496225471834258e+00 5.062331755557217150e+00 2.002523720466654389e+00 4.103898456318559873e+00 1.314474498466617458e+00 1.743206606061654118e-01 9.919539674643930161e-01 3.702110719542225148e+00 2.335263762353727124e+00 1.043935276300206993e+00 3.820070013391074770e+00
2.124780647715279969e+00 1.418069034281028040e+00 3.400395067677115524e+00 1.497120320549776729e+00 1.735984293590604688e+00 2.528685965464830265e-01 4.275192384975195381e+00 4.209437621040701849e+00 2.626660105643248588e+00 5.698583617485172503e+00 4.506091595663160865e-01 5.269430493801128712e+00 6.262538214305560125e+00 3.593130272136901837e+00 2.190782662017804583e+00 4.810939974573513744e+00 9.976107784328704930e-01 4.327853758456222444e+00 2.805660137450133540e+00 6.183024067344832453e+00
2.995167615710621956e+00 3.442625957698799422e+00 2.361634173047429730e+00 5.304204106312000455e+00 4.797028486723347029e+00 4.065951730444074208e+00 6.212766760918483122e+00 4.876720484275580247e+00 2.064544416638403046e+00 3.355117221719651766e-01 1.879364959202427965e+00 3.280919499911832293e+00 5.683744640802707693e+00 8.774070099687544255e-01 3.954443102634738749e-01 3.123346556288751685e+00 1.217190583252601765e+00 3.806329965279871441e+00 8.738169143529374017e-01 1.804697705616121084e+00
2.664764159123296228e+00 5.917082984678511792e+00 2.021875621962029523e+00 6.022377415573420656e+00 4.640033873472589221e+00 3.809330374845973033e+00 5.848228235675935416e+00 3.290667664576997886e+00 2.909644128771173399e+00 8.614931002403685145e-01 5.304912403107496566e+00 5.968477114679147988e+00 1.207165664306531827e+00 7.321496374628924109e-01 1.588895862949309734e+00 3.926198998034563736e+00 1.514665357035710258e+00 4.063565370343278360e+00 2.866538333574505604e+00 2.277695566712746034e-01
1.149803849993261545e-01 3.588497920800175489e+00 2.214689035464406430e+00 5.586149724039981557e-01 5.855925854022736132e+00 5.834814639014445525e+00 2.818545843906532955e+00 4.910901290658062912e+00 6.102315508524335463e+00 7.419317452710263439e-01 5.784263348869458810e+00 5.635998554727515319e+00 3.768615002529814184e+00 4.911174090806330383e+00 3.004608974710668345e+00 5.995413182566985633e+00 5.423879284570782389e+00 1.744786497887751864e+00 5.904057845214425448e+00 4.488211303571145727e+00
4.997701450735260842e+00 4.048986748171392591e+00 2.847648763808153793e-01 3.529488607728923366e-01 1.010852899926844017e-01 7.504725635280157237e-01 2.559345633391195030e+00 4.740068758681164063e+00 4.715518807681466917e+00 5.706571584132016817e+00 9.887933790329760386e-01 5.799024177581362238e+00 6.137617643946827961e+00 2.724866205972708233e+00 1.664322635211123114e+00 4.781615018234441017e+00 1.646128207281622124e+00 3.413157968894304783e+00 3.261883073852126724e+00 1.275283932234718920e+00
1.509337656890011647e+00 2.918895513479390136e+00 2.167011118025432115e+00 5.952071966498459155e+00 4.400315611026248241e+00 5.906727997421652887e+00 2.380746516418684511e+00 1.497027657560757286e+00 6.273575833540784075e+00 5.442033565229631442e+00 2.051512262260754227e+00 6.151926595565788247e+00 5.803802475953038886e+00 5.424077153122241590e+00 2.705027851225442426e+00 1.954094339731003327e+00 4.240696180479259780e+00 3.844753506230603968e+00 3.149023428001949121e+00 1.415884170725820512e+00
3.186653087070105417e-01 5.224960710980267820e+00 5.255233252168715730e+00 5.364940040758698903e-01 1.186484889946619825e+00 3.945419131892871079e+00 1.884586633379444098e+00 5.814977894919198143e+00 1.874423935286832599e+00 9.279516018433753288e-01 4.857375236738569413e+00 6.073623941722709141e+00 1.493615322394342915e+00 5.547052023045919711e+00 1.173552196555374572e+00 1.846930625387719571e+00 2.792480203898818569e+00 2.981235325335287900e+00 6.078680914397380342e+00 2.274144012693922079e+00
4.962467891282251742e+00 4.636829084205170481e+00 2.779846977315328260e+00 3.570720079235397026e+00 1.987630522018539292e+00 1.783827015046359543e+00 1.868530310173626141e+00 6.066433043884079446e+00 3.585146401607052447e+00 2.957726056833122286e+00 4.832677404773260577e+00 4.297399117065414664e+00 2.746002358612831706e+00 1.785565569478668291e+00 3.647531186825268890e+00 3.978246220006786515e+00 3.971844706331085995e+00 2.233958082693181524e+00 1.772913789403038454e+00 5.314686803657313163e+00
2.521001854368170481e+00 5.882660576495292837e+00 5.765572697165571192e+00 6.228038508029538178e+00 1.015351514764417429e+00 2.733045842495608113e+00 2.399164764231479285e+00 1.609763061614130963e+00 4.826665916099480924e+00 4.607168563901902658e+00 6.036613081031206640e+00 3.174503310932058842e+00 6.059379874435434132e+00 4.664418285579372103e+00 2.347706983086581545e+00 5.690095927186353819e+00 5.643001558040719345e+00 4.971958880600162445e+00 9.218539831905001591e-01 4.379902058515420471e+00
2.000931031028717610e-01 1.058883920511738852e+00 3.193978808374724920e+00 5.050052632222127968e+00 5.763638579166413756e+00 4.870531324732154665e+00 2.532794382098821906e+00 1.140408384965843291e+00 3.117130428762084016e+00 5.551515961645378638e+00 5.050645829748550142e-01 1.018297485748627551e+00 2.892838537229827089e+00 1.615206812202352460e-01 4.576293707989295356e+00 2.519263315267564973e+00 5.058998079424335437e+00 4.591704268590578231e+00 4.805261350619930205e+00 4.176788539402173761e+00
