5.969392969786952108e+00 2.740353301819570486e+00 1.168475560501100352e+00 5.256712471820216948e+00 2.050235783476177964e+00 1.090211762906562187e+00 5.259380544346092812e-01 4.736427941840325673e+00 5.691466784926574540e+00 1.781432967332079675e+00 2.020270444805774002e+00 4.047938435511756694e+00 6.042820756583905606e+00 8.635456635143967663e-01 1.535702376688207416e+00 2.384780922861690744e+00
4.202258443663395404e+00 1.377199925304866124e+00 1.901691587685890417e+00 1.527959147137578633e+00 8.445011145293314092e-01 5.988456338082428054e+00 5.833183608950684995e-01 1.824706516778009519e-02 5.336012842759688901e+00 1.447708756767803528e+00 2.636897067890592528e+00 5.452397835941700244e+00 5.980743238700268805e+00 1.951837603145690325e+00 3.531399745244272914e+00 2.145066287163064356e+00
4.554092812370526211e+00 3.142813175290674721e+00 5.632000957038613143e-01 4.248671192959547760e+00 8.619307763166429437e-01 2.348053301433294937e+00 2.877853977629077686e+00 3.304564859869455695e+00 2.894170764924654637e+00 2.803572959157327738e+00 2.865525533375483658e+00 4.012920607185377797e+00 3.198714547464953206e+00 1.370352804139411962e+00 3.345738365013421145e+00 4.270362266960927577e+00
4.346127987009593241e+00 5.478685110893950494e+00 1.889114966243799487e-01 4.869128429841225736e-01 2.181411849254625057e+00 1.629598660031718882e-01 3.320921191923973392e-01 8.164114787773463222e-01 2.228820432342387470e+00 2.840876825021306118e+00 5.526763743688455355e-01 2.607011757964828647e+00 4.059422350057200757e-01 3.611663613622357882e+00 5.465905566655622216e+00 2.880916661864940220e+00
4.049493547348755662e+00 5.338689044508725390e-01 2.674561861544735741e+00 3.342616506597921311e-01 1.548180897156248514e+00 5.485654971186121998e+00 3.564224490508506871e-01 2.363138025896521111e+00 4.016580475692472785e-01 1.628835447231604006e+00 1.093073012239339059e+00 1.513503785781834754e+00 2.467162942347034704e+00 2.880312794116187902e+00 3.851871803307300723e+00 4.833282360525840815e+00
3.746425843412868328e+00 5.826836247537933722e-02 4.074170376793973425e+00 4.402681877800439736e+00 3.622922836356235798e+00 2.206237636501203525e+00 2.522928802150323779e-01 1.150436697863988167e+00 6.037904928463218468e+00 1.347170901109353780e+00 5.734730283208532953e+00 1.343544928837673513e+00 3.513648035543434300e+00 2.098257608772133853e+00 9.866435486725646520e-01 6.282037093892217428e+00
3.864828434228646525e+00 4.321909087806544925e+00 3.025880535467617261e+00 6.033889027283584561e+00 3.344736788330974764e-01 5.518869762968502179e+00 4.206620463037291202e+00 4.721787493931214996e+00 2.962850919640148906e+00 3.757963289249106165e+00 4.343301341537362248e+00 5.478910196454172876e+00 4.570081184933734164e+00 5.208583457159694063e+00 1.147014142479173687e-01 1.511407048059436153e+00
5.273251064327761917e+00 2.147545490097706455e+00 8.076049635350890377e-01 2.974302360322404137e+00 4.883329399255470271e+00 3.337540050590600327e+00 1.797200284885659416e+00 2.726057599723821667e+00 4.200175990165231354e+00 7.875209202514117379e-01 1.411383018418178370e+00 3.189248118353736672e+00 5.187985581593903994e+00 1.307643847002616599e+00 3.026713927700676710e+00 5.625214728690067112e+00
2.781985380137257935e-01 4.260157389621721968e+00 1.616228125871150612e+00 1.577026892576358863e+00 1.705826610625719830e+00 6.048066584193960260e+00 3.650050339977163993e+00 3.022581904872647218e+00 5.435647994554037687e+00 2.229546514685405434e+00 2.273705945049025345e+00 1.927793039430860000e+00 3.080034376067951385e+00 2.200544492584441958e+00 5.578975668790194797e-01 5.738929601828152371e+00
4.332900251586289997e+00 5.060893638004913875e+00 6.863536359968256395e-01 2.008475792034269514e+00 2.828392778881391401e+00 4.091712724684012592e+00 2.582064598615402051e+00 4.020609435190021230e+00 1.389127961303554537e+00 5.537266346483018076e+00 1.232098062254448761e-01 4.697881547588127482e+00 1.965017448462246907e+00 1.350734801763920689e+00 2.727369381404132764e-01 4.380916210768026620e-01
2.626137281317306726e+00 3.626413985287614938e+00 2.597107517155523571e+00 2.788358438492151148e+00 4.453924938829196378e+00 1.018737427391561257e+00 2.343047168566969596e+00 5.288935122504622166e-01 5.606591728001927954e+00 7.156540653365711657e-02 1.572433172104177102e+00 7.803631198405206471e-01 3.688646584869237910e-01 2.887357073406928709e+00 5.163140862776144147e+00 5.921169872103227760e+00
9.939555136926701007e-01 5.111602816126005422e+00 2.503143973417139012e+00 4.750908292899935326e+00 2.956088559767199975e+00 5.257948973029459516e+00 2.595576285523858218e+00 7.332826384422420629e-01 4.476115670860791873e+00 3.610797534749577764e+00 6.065596412234855350e+00 5.281079425326690169e-01 1.526026987478339980e-01 2.100246193444160969e+00 1.939857128977643397e-01 5.604660177921141351e-01
6.303628228914088805e-01 2.342808497793543054e+00 4.383423224189757050e+00 5.803309890657392778e+00 1.100214538397144892e+00 5.725420400422394529e+00 1.490800629404362532e+00 4.922426419214035676e+00 9.503630287665240095e-01 4.954545197692121761e+00 5.821629695551219896e+00 2.502739471566066687e+00 6.160469399866697948e+00 4.883158135289549784e-01 4.357624672377617081e+00 1.058907740067251746e+00
1.135581815856378629e+00 6.114757405131167722e+00 3.219237930157373834e-02 4.852368660913819021e+00 2.882640769363520761e+00 1.542929873812856734e+00 5.594790396805801258e+00 3.352398819581200229e+00 2.026337376477396202e-01 6.057686458639505389e+00 3.197883722930332961e+00 5.823693669519636629e+00 2.559442878799835785e+00 6.022155002515742872e+00 5.896772957306847252e-01 4.617482483913341873e-02
3.778535887482994404e+00 5.355359936022333400e+00 5.029327802582145068e+00 6.925056497367099162e-01 6.098651954264967756e+00 1.033134938798034197e+00 3.423531863513276097e+00 5.941340952208790327e+00 6.303319223830056162e-01 2.175849970832557823e+00 4.645188561053830156e+00 3.273460374054980360e+00 3.094418963658949195e-01 4.021759431905238102e+00 4.578731624268571387e+00 5.368224774591436876e+00
4.389157581135488262e-01 5.556309141618993586e+00 4.633657260422545221e+00 4.226884974961460095e+00 6.278905807946040696e+00 2.933873442164750767e+00 1.828570594732282506e-01 3.070231558185008591e+00 1.124471347594492299e+00 1.755093005941172013e+00 2.906643995719340179e+00 3.436782055186617946e+00 2.273486476338494100e+00 3.499192866493283649e+00 2.448377572486998499e+00 2.613121448305558925e+00
4.963406653338966912e+00 3.206898895382498171e+00 1.471578790045146690e+00 2.830883840647318461e+00 3.755972264464740640e+00 2.959055852498486683e-01 5.893122460621287584e-02 1.493684247748569838e-01 1.363442367306934022e+00 6.236704283714762376e+00 1.869415804928205027e+00 1.598771999614005068e+00 3.010454877709602961e+00 5.318616968967450731e+00 2.566959397661696674e+00 5.709813206770707694e+00
2.691379917332721750e+00 1.064989091452118508e+00 5.911782903011995494e+00 2.280974944669591054e+00 3.576703792180842001e+00 5.235856449480707830e+00 6.443007194619873035e-01 5.802801116201423248e+00 3.643803943267042822e+00 1.577558677325695324e+00 9.127145360699860932e-01 4.427649100409557725e+00 4.875818068374478287e+00 3.415876551888319845e+00 4.388417615294542884e+00 3.196873503806814565e+00
1.665673761535469699e-01 5.770538723667587577e-01 8.206716737874614198e-01 5.836615368231486300e+00 2.901378098663435434e+00 2.031768674483255488e+00 4.254706675879851296e+00 1.806278295377780507e+00 1.120010135858956701e+00 2.036924476619464741e+00 3.579994215515549971e+00 4.352854076163163555e+00 6.042334553688003318e+00 2.243886399403076659e+00 1.794084645602190387e+00 3.627200561797981226e+00
4.462824058440095776e+00 5.835043122001759563e+00 3.047705471555612000e+00 3.131250961948685241e+00 2.694384444802417344e-01 5.204033062352679373e+00 3.261475060289663830e+00 1.036737367044097136e-01 6.042129534385969336e+00 1.507564873595192312e+00 2.956538396081033415e+00 3.483254752418064815e+00 4.276697736480806533e+00 2.333671944628725736e+00 6.206027758345025624e+00 2.167107714629131099e+00
1.122115942220953233e+00 5.456470270040793658e+00 9.004407139864119003e-01 1.954592984690665558e+00 2.495805021170588223e+00 1.932020661119544958e+00 2.480304336327429748e+00 4.749205733942958751e+00 4.118137329486014409e+00 5.277236656950350380e-01 3.164760939009552576e+00 3.422308708736412797e+00 5.385790312240225752e+00 5.596609148666840561e+00 2.579775022046264521e+00 2.178710030652354579e+00
1.950328894609225205e+00 2.660613264251743715e+00 4.257217099560555162e+00 4.987440238334121645e+00 3.132702180480207765e+00 1.039419003108642769e+00 2.810042620245350342e+00 5.112218496285065861e+00 2.261242461764540135e+00 4.480606671059264912e+00 3.287456823117511195e+00 1.860805238970657971e+00 5.816033222129283198e-01 4.720368675315289586e+00 4.574377073175633690e+00 5.711713126994149015e+00
5.101386021876525234e+00 4.080272358634799978e+00 5.740579255291753391e+00 5.374657713755493837e+00 1.044180139263816420e-01 9.863113142139734446e-01 1.504531311459325060e+00 1.301057979676113918e+00 4.194788810952453595e+00 2.824204784866351847e+00 2.634454634016866414e+00 1.195574131746180546e+00 4.428667500238358201e+00 5.781519412316381334e+00 4.360247664604648854e+00 4.891819708461845551e+00
2.924513933393505738e+00 1.772548189958797371e+00 2.486117617231956345e+00 2.427614352539386733e+00 9.897778134107335646e-01 5.844338850007289921e+00 5.705211621751813844e+00 5.294662988547564453e+00 2.265735154923562145e-01 1.516778350805285891e+00 2.991895652523821614e+00 4.329354986604834643e+00 5.714566890598898219e+00 5.836974546368731254e+00 1.964602377685486845e+00 2.755682345912268794e+00
3.268348728829134631e-01 1.942758024865637756e+00 3.235292868088180285e+00 1.147803983551384244e+00 5.196660443723256861e+00 3.558143507179000409e+00 1.373142027669170151e+00 5.454881352315408272e-01 1.740099982291953395e+00 4.393541763626816810e+00 3.202227495702156368e+00 4.617390874619566432e+00 5.949545799394825529e+00 2.455359284848635415e+00 4.673051805861592634e+00 1.741110292299269613e+00
1.952487038328662716e-01 5.159641216870011426e+00 6.194989270983723983e+00 2.950578207566809663e+00 4.243260451630155750e+00 5.464073797380824438e+00 4.665688033473214702e+00 1.224334515435584247e+00 4.377941874907429920e+00 9.158616484041487427e-01 4.281981900112492134e+00 6.080721503844682019e+00 5.294280506376073170e+00 4.960550783870409042e+00 3.414996074878452692e+00 3.697528756362524760e+00
3.167079884704893100e+00 1.194278310615326300e+00 4.261533700079850995e+00 3.102007533476430101e+00 4.825902984272429030e+00 2.016062265081734584e+00 4.469522641429144016e+00 3.843496306113679317e+00 6.079989812980369779e-01 3.336031716457434459e+00 1.375684806763162737e-01 9.725115624182791851e-01 3.318424867317564697e+00 2.972753043425346853e+00 3.053804730297647652e+00 4.584715651775410628e+00
3.185725321553477540e-01 5.896925107206338446e+00 2.235903599704238687e+00 3.992538423700328298e+00 3.553846857873736553e+00 2.952906700494971393e+00 6.016481255835631536e+00 6.241588364527673072e+00 2.023502791532201806e-01 2.423067924006112150e+00 3.809266526141522835e+00 2.493290607075052012e+00 2.529946836842193569e+00 1.232894206523524216e+00 2.622483183851502808e+00 3.543773759431479320e+00
4.789340728948756620e+00 4.711799757755573914e+00 4.428649518690521147e-01 8.893705411308870934e-01 1.896976826231709046e+00 6.242187571588055484e+00 3.861808447294728719e+00 5.748953841240830309e-01 3.987705467072602428e+00 1.348225753768634294e-01 1.656700679554091060e+00 4.213910695747666857e+00 5.744357400486959975e+00 4.720041930534907060e+00 1.576196155534262067e+00 1.230549973448791024e+00
1.279933382798171149e+00 2.222331664582274102e-01 4.952507182083001780e+00 2.458366743072058380e+00 2.181750489109108848e+00 5.541716165784970727e+00 2.402055022279611318e+00 2.908723208003965777e+00 5.261419046101450725e+00 5.109737174268537352e+00 3.475743543726527829e+00 3.617386157829323157e+00 1.056443310005992786e-01 1.171818350244717921e+00 4.848371319927930578e+00 5.987197411555919224e+00
5.961443220864182102e+00 3.136146665742960860e+00 2.211638113649734283e+00 4.876087359874043514e+00 5.066723983783623986e+00 3.299267961130917470e+00 1.326428587679647775e+00 3.647989910194315399e+00 4.785111361853894074e+00 5.800816033351413381e+00 1.501262390910778066e-01 4.907446706970890027e+00 2.182913619898693813e+00 4.099323462835892329e+00 3.265226346593976814e-01 1.743225555755839873e-01
5.271704996315421887e+00 1.275982404035952422e+00 1.478749698765168041e+00 1.189510264997136746e+00 1.492676284562036271e+00 5.609403984621768036e-01 4.393952559293283322e+00 2.686478647818301368e+00 5.401482247576398166e+00 1.262754580951077177e+00 5.375310036313241113e+00 3.640500244141073871e+00 2.497790409718815052e+00 3.735203197929589880e+00 5.248525530540871564e+00 3.058966547540054037e+00
