6.095270023857509933e+00 6.146566196896799283e+00 5.020818014139917018e+00 5.545634557712729951e+00 1.902603494577179699e+00 1.760976218345662092e+00 2.728423901741104718e+00 2.401625582653763136e+00 1.314811133352133288e+00 3.891047260777976469e+00 4.737958455432005778e+00 3.281774180488286952e+00 2.612572739305820679e+00 5.848085792313879178e-02 4.149671324840978670e+00 3.548207095898955998e+00 5.043709078379397859e+00 4.519036946677916333e+00 3.275489603859324639e+00 4.522158042924687926e+00
1.068500180858104276e+00 1.190898058893033129e+00 3.680705066532202530e+00 2.482068689792677585e+00 4.558485957531390298e+00 2.857843233262208571e+00 2.299616776286880437e+00 4.396240694224865742e+00 4.736575057554884616e+00 3.445461068730226728e+00 6.046509580996812794e+00 7.236000280279315522e-01 8.131547604458535528e-01 1.264797769473892997e+00 4.921790793487891946e+00 4.687254457917145345e+00 1.081960874110458048e+00 3.383571497344937562e+00 5.614763961816356286e+00 4.166385896565017788e+00
2.558835311897465825e+00 6.041170885128154033e+00 4.739005185547461529e+00 3.560319528331179040e+00 2.433915556505434008e+00 4.688774018662541287e+00 1.264377050700473459e+00 3.225216894260604761e+00 1.837462233898517816e+00 8.878290468930536417e-01 7.895390390696228611e-01 3.810629201348772366e+00 1.041796424894725348e+00 9.952005456508155046e-01 5.071651771343328008e+00 2.787834447244647684e+00 2.158683978548531890e+00 1.322461863020802486e+00 6.279167097051962187e+00 2.441229345681845964e-01
3.621471884396791463e+00 4.341499280439656161e+00 4.897120407005258080e+00 5.776274555159891300e+00 6.256252693022370970e+00 4.959030040540091666e-01 5.266974905630265880e-02 2.923219555891737542e+00 6.071313415654313594e+00 2.238200444348937168e+00 3.215478874361055617e+00 2.634794010500442596e+00 2.099991889899489178e-02 2.365074530820324039e+00 6.939744206875383958e-02 1.108906796899953084e+00 3.263951350329767465e+00 6.649297662548041554e-01 1.373584415358227506e+00 7.981788418227279136e-01
5.871013878770304117e+00 8.645448157973213421e-01 4.296668059678736995e+00 2.715412577921016979e+00 1.829857474708927345e+00 4.451443097945690930e+00 1.491657142044244544e-01 3.802457368928370052e+00 6.245565561667612897e+00 6.003227267067417827e+00 3.507129815620673163e+00 5.065785780298112329e+00 3.290814330806159482e+00 4.327587351320159925e+00 4.222401708316361635e+00 1.327460794909796737e+00 7.232290951676184632e-01 4.715412991673319176e+00 3.352848896947429047e+00 9.074474522786285524e-02
5.801420814826426131e+00 6.113835880701437908e+00 6.182471094433227954e+00 4.613657030296264949e+00 4.058326939696818236e+00 1.133745657481671554e+00 5.011313118081503148e+00 3.988214688410101516e+00 1.298098025734059746e+00 2.587464652939155396e+00 5.649009299852098209e+00 4.594228763603313226e+00 5.438753679745357061e+00 3.423958608180912133e+00 5.863824242860387059e+00 1.733477642044905620e+00 2.329353940003423329e+00 5.933501918495794669e+00 4.453723757515799520e+00 5.811484891586753854e+00
4.482865318535930399e+00 5.573706815510240276e+00 4.876794962513464782e+00 9.923073177925308963e-01 1.355737648854348443e+00 6.046926074081808267e+00 5.674397382598702855e+00 9.013710289717796753e-02 3.216581449985882468e+00 4.672785637658679825e+00 5.033555752845457754e-01 6.075429604036351350e+00 3.289799706523517386e+00 2.462935085944149283e-01 4.997284977613142054e+00 4.303722427861830013e+00 4.851693639275160841e+00 4.407580172541741170e+00 2.782499376652625145e+00 1.898204173658501748e-01
5.569638216006805642e+00 5.882350225809997113e+00 1.219408761913041150e+00 1.646868412480908761e+00 4.006775061787945624e+00 3.260592259644808699e+00 1.941529572709913554e-01 5.207000385596449732e+00 4.010159582739534656e+00 4.953652497974521118e+00 5.614241279249237770e+00 2.151644079045730074e+00 3.001105719804522565e+00 5.945203161037572182e-01 3.594317864691717990e+00 4.740013182583984630e+00 3.412789523196863239e+00 3.103684960786819325e+00 2.224009101364789576e+00 1.876255653398022638e-01
2.995447296046100938e+00 4.578585940292632550e+00 3.410131990376158218e+00 1.444659596445785565e+00 3.213249656191193626e+00 2.254316093394947096e+00 1.276404412600535609e+00 5.328795136664839838e+00 5.853320309211272665e+00 1.503714299204950366e+00 2.897738027924328996e+00 3.494247087127325901e+00 2.176301192635210935e+00 1.270965551013570227e+00 4.034070268431599438e+00 4.136990399156889708e+00 4.362357631698583482e+00 2.490172117121012274e+00 3.635156024310149531e-02 2.799536877514380073e+00
4.333385931032300853e+00 6.327710346293586863e-01 5.235842427030783064e+00 5.078609491698244938e+00 4.338800363111636749e+00 1.414325215713273298e+00 4.547423160756417282e+00 5.911355129394990193e+00 4.675686373133226326e+00 3.950281021569462148e+00 4.696043481815491916e+00 4.840369122790573186e+00 1.266183265034731109e+00 9.526004989509212484e-01 4.461183931424200999e+00 4.505094087024519744e+00 5.387335075287684738e+00 2.212492565048722160e+00 1.279907839182444329e+00 4.108886028077705532e+00
5.598953845657273637e-02 3.502087173049242441e+00 2.556231039476924760e+00 1.342934778417120389e+00 1.666873205378070211e-01 9.113711755215198052e-01 4.044538678494834727e+00 3.599833625197563780e+00 3.827037888190119030e+00 6.056947349357338695e+00 1.502716016894381612e+00 9.122478781051506225e-01 3.136761548582464254e+00 2.139415348339618994e+00 4.898721555132061312e+00 3.575775274671479487e+00 4.001824609242472519e+00 5.652491416028394333e+00 5.162868686912681859e+00 5.560929284138236284e+00
3.278436489005299048e+00 3.262646570576641647e+00 2.604622091168346198e+00 2.908834678059625922e+00 4.610261947187410669e+00 4.020805294769666638e+00 2.421382436333968879e+00 5.581493275926223241e+00 1.723825626491201288e-02 1.339055265613068313e+00 3.308658446905326511e-01 2.425821606276985065e+00 9.776022059325634173e-01 4.335477161129981383e+00 1.169786170896848443e+00 3.578289033965222021e+00 1.807005759489780816e+00 1.927102079496975540e+00 8.731008284114556706e-02 4.762777709477756360e+00
5.280909885092340161e+00 3.067323386729992607e-01 2.176359739947965721e+00 1.662135275768683029e-01 2.166299522843242897e+00 2.374924498754904967e+00 5.829530234347862105e+00 2.897144505228521183e+00 4.873775526017838366e-01 4.383461811799143071e+00 2.053933758164837364e+00 2.211595743843698170e+00 3.443994987068319080e+00 2.161342334741559679e+00 5.190482749746874624e+00 5.101633947304783590e+00 3.522312005355142439e+00 4.350970658339729624e+00 3.783696823417740607e+00 3.495703023043545077e+00
3.093778470417541282e+00 4.616455424663610252e+00 5.190018587459217514e-01 1.604158071841661259e+00 2.665542252331406292e+00 5.771966981939265828e+00 6.261629821429453457e+00 3.568082204572471827e+00 4.841132315193902080e+00 6.140862682670749528e+00 1.557463463052233044e+00 2.861292211020685983e+00 1.888445357208836106e-01 5.230432267714700600e+00 4.948144030557660500e+00 2.298920925298382656e+00 8.625011855834107122e-01 6.255898999421724227e+00 4.423788861594266208e+00 4.354036781050923399e-01
8.286623110363559030e-01 4.411740855732105615e+00 4.554098455669853607e+00 6.246731464380176568e+00 7.746972917204701936e-01 5.608122543806549842e+00 3.090278336470500431e+00 3.000451000040018190e+00 4.281588699344337279e+00 5.365653362579466013e+00 4.690986321598800579e+00 5.493100523781200728e+00 5.225774114084035915e+00 2.441138238631887170e+00 5.126783896563789078e-01 1.245636431748308404e+00 2.970502040888164608e+00 1.542621146800823739e+00 3.025199482363564840e+00 3.933459834762436991e+00
4.588724577913994906e+00 2.666658836968853752e+00 4.858968764369919313e+00 4.351557805490525510e+00 5.387558238434583480e+00 5.057257520578263943e+00 3.201407619747441924e+00 3.234133631081431037e+00 3.878429627435184823e+00 4.653323905832539964e+00 3.760335101466545815e+00 7.164823663337558379e-01 3.939909926695721598e-01 2.392605399924430998e+00 1.864700831414330295e+00 1.642222937044053754e+00 1.483740793295603932e+00 1.910028403308893452e+00 2.890955779158860928e+00 3.598409326995275048e+00
2.794030384243641141e+00 3.237458217115498194e+00 1.768902108862850708e+00 2.184884576379936494e+00 5.410498216832324125e+00 3.586158387534244874e+00 1.361498506240935713e+00 4.757513898022008192e+00 1.957021648291748850e+00 2.934677977792012449e+00 3.235267178981030778e+00 1.383178944054899384e+00 3.045785759790508695e+00 2.549470750568824773e+00 1.682603138743399285e+00 2.149943161810226044e+00 5.197649755685486817e+00 2.016685494591188288e+00 1.200862799351903876e+00 3.557846725475268368e+00
3.999648962551214826e+00 1.977692663872998580e+00 2.181088468717928386e+00 1.802859913739368825e+00 4.255510606821826691e+00 2.577739693337657290e+00 1.141812832772637787e+00 2.265724924792951622e+00 9.742648278627196179e-01 4.411693652843537095e+00 8.804292543064936583e-01 1.283945347756878519e+00 2.178106479641906734e+00 2.224337995599147799e+00 1.010960598261827936e+00 6.051065273111449372e+00 1.852597995960154176e+00 1.110173792198474452e+00 2.335930284046702443e+00 6.280775340155400066e+00
8.716437012851215860e-01 5.285439871317372251e+00 2.280100705117537263e+00 1.698538065037760614e+00 3.075563590408774139e+00 2.054810229712761949e+00 4.213889825724731253e+00 2.541190900091090832e+00 3.814749789761504140e+00 5.476484260531171877e+00 4.974817485422396324e+00 5.361136323921279256e+00 5.606129614569363540e+00 5.347669464211073809e+00 3.010158261978279182e+00 5.247102960240371594e+00 2.712414544321359422e+00 5.181857397809809029e+00 4.797593350489444575e+00 6.109510667066062162e+00
2.587934620950878895e+00 3.046561098880565588e+00 8.830258563435362529e-01 1.823136729049954718e+00 6.253950129099563604e+00 5.372129222965228657e+00 1.958778769839248479e+00 3.085088768352697297e+00 4.006361527765837316e+00 5.733240157513384005e+00 1.502933300961523388e-01 9.509067457073009377e-01 3.829090142886330650e+00 3.587190296119719957e+00 3.962317486736625760e+00 3.942020214204230433e-01 5.977700892006994948e+00 5.651089336961846454e-01 5.043052993973779152e+00 1.545337937352750102e-01
6.125558267070598806e-01 1.812712574318074310e+00 4.145295805192610317e+00 6.231278220072785423e+00 1.360693109241487786e+00 5.643055373405090336e-01 5.622400965654264837e+00 4.648104458393736316e+00 5.338632774250020585e-01 2.991202528605536148e+00 4.596266513272512455e+00 3.404041476616135320e-01 4.946051170484187409e+00 8.898118280344837761e-01 9.584842757937474256e-02 4.712535497395813899e-01 5.940567334683741763e+00 1.838317324455966073e+00 9.528595659588926514e-01 5.020627397714739537e+00
2.211911800491235258e+00 4.704420490210248218e+00 4.441322157113933855e+00 4.496422760366332483e+00 3.011182291194640648e+00 4.308728011502486410e+00 5.469551134008554527e+00 3.196434240776351743e+00 5.679003612968937631e+00 4.411429487371906433e+00 2.279776455893082421e+00 3.469836868042407207e+00 5.383253660687251640e-01 9.483946062138620681e-01 5.416978749450078734e-01 1.012498250198207828e+00 1.888070920970528421e+00 5.501946556472097072e+00 3.614243940625962992e+00 3.972323991970712953e+00
5.837458297319459533e+00 4.038964491054386485e+00 3.376529394574175225e+00 2.632284369427658532e+00 1.447701499764879385e+00 1.004769230078262687e+00 2.642546646943301880e+00 5.163549778733719897e+00 6.334876489662423227e-01 4.875487756327215649e+00 4.727767886422475918e+00 2.846214311943805697e+00 3.906201699849803699e+00 2.091043744486087985e-01 2.786716474277596056e+00 1.315483019334113601e+00 3.749792909196620005e+00 4.052289372179058269e+00 4.702892462725363210e+00 4.271150836258829742e+00
1.853838252382452811e+00 1.845108419789894372e+00 4.998427232320417524e+00 3.102166112698892420e+00 2.434876897560627196e+00 3.963242696056740844e+00 4.273291918859405847e+00 1.726757820798129894e-01 5.929406228882171170e+00 1.654812078260768482e+00 4.712125481691609719e-01 1.437027261745408957e+00 4.117230632259304635e+00 3.215306286914743072e+00 1.273867222272223376e+00 9.982639473274292907e-01 2.210577291814448841e+00 2.290685728872919213e+00 5.182758033986164747e+00 3.954769332944153004e-01
5.363815320144702525e+00 3.542469912778222429e+00 3.892810633939797871e+00 7.310949277815862457e-01 2.478240777911666193e+00 2.105804590038879098e+00 5.238425233695256367e+00 5.004166442514668134e+00 5.186528530818249605e-01 3.455327952358884236e+00 8.564507313231762842e-01 2.453922011185568908e-01 4.247886169286383407e+00 1.176452782854247703e+00 2.925698137552915412e+00 4.554240337598144173e+00 4.510197081184807999e+00 2.291885338075723699e-01 4.125431372079890302e+00 2.964084670097822283e+00
5.355609925252050596e-01 3.697681066548867079e+00 1.207500341089760010e+00 3.775312497715382687e+00 4.201380076608674408e+00 5.934350096672686092e+00 2.266524075250516468e+00 5.954153110424275752e+00 2.555926172195612800e+00 5.503536758069494716e+00 5.641393109096646263e+00 5.665432017044222057e+00 4.394135089923340010e-01 2.295835552141067826e+00 2.307512513306711366e+00 1.305851486597550348e+00 3.009435065887129390e-01 4.463238921111355451e-01 4.809047430949174862e-01 2.500811013901565794e+00
3.066279719585319086e+00 6.702800496490533000e-01 5.529560418325130122e+00 4.356084593178456643e+00 3.052168372514609818e+00 5.767361116834741175e+00 4.806833629259624985e+00 3.106786898178514278e+00 5.553515933665984505e+00 3.981014365646929676e+00 5.579787725797709097e-01 2.684041549639733848e+00 2.208585384840344279e+00 3.816249317388392681e-01 6.037882227021798442e+00 6.938193560225700551e-01 2.490670298427679175e+00 1.758621307518966725e+00 8.027016703243176066e-01 4.536109719632752668e-01
3.012913761466620155e+00 1.260531407236167523e+00 3.252877573633345065e+00 1.399596516681387737e+00 1.260627279238969889e+00 5.353570062074873626e+00 1.462233762783781588e+00 4.324298977896122054e+00 1.495254745437183619e+00 4.174532392498544020e+00 3.059962865001001120e+00 2.045401676452643258e+00 1.511899359947265431e+00 3.860198885275297753e-01 6.004057086313067337e+00 3.452813074421749118e+00 5.158182653037004073e+00 8.530116718038958101e-01 4.605356664613935003e+00 5.415206799879241917e-01
6.347144609990087449e-01 5.706898072969480928e+00 5.414754024240591157e+00 3.921236305641422337e+00 5.727036713890505837e+00 1.775411361449028336e+00 5.761304120059262956e+00 2.316282422152550424e+00 2.939127508332363692e-01 5.683819861212046076e-01 4.455785350322255312e+00 2.391714483768569988e+00 3.501027269286070442e+00 1.557424373804975115e+00 3.053323035845580957e+00 3.087136498008823171e+00 1.883137641617818270e+00 4.952591784943577657e+00 8.188942267406562614e-01 5.614899420188225854e+00
6.049995243305015258e+00 5.463099061313726246e+00 1.076707106861989116e+00 5.265709448557220007e+00 5.973891559684098240e+00 3.522734375962198072e+00 1.326618665648562345e+00 2.434231126527209577e-01 5.573500946299211556e+00 2.739596864296281353e+00 4.907659573139240727e+00 4.880730993457077282e+00 2.994039952515979319e+00 3.466314043759716856e+00 4.282325309469766417e+00 6.224689349723831810e+00 6.001992234226645628e+00 5.593225191817963626e+00 2.494067124294000237e+00 4.061771211116920605e-02
3.305063179617106162e+00 1.770640097253049827e+00 2.175806180115729127e+00 6.593917629360818156e-01 2.543171175415044338e+00 2.866677205016781027e+00 5.425552586276085165e+00 3.766927957697514540e+00 6.182313610121125791e+00 3.603126720355878554e+00 5.823708436363287388e-01 9.099237651157959794e-01 1.581316467125343239e+00 2.349271393115833551e+00 1.080706092241048716e-01 1.699711380426430773e+00 1.663996578423362793e+00 5.857597307135482545e+00 2.624599915319279386e+00 1.848858686068111767e+00
2.824385531255055426e+00 5.031331252365123241e-01 7.657748679483982190e-01 8.950768775476156680e-01 4.612343449877590373e+00 2.504967809687940861e+00 3.643991699913432747e+00 9.674222185494412152e-01 5.399020813529793905e+00 5.915951052973251301e+00 4.823818151911055452e+00 4.250928842390646167e+00 3.991405336687244176e+00 1.133396349154254690e+00 4.181692264285592486e+00 7.616425170071058903e-02 1.106664412070931691e+00 2.208415487761754115e+00 2.330549858944045205e+00 4.065007728149275579e+00
