5.514509410635066722e+00 5.480097528194571410e+00 4.019860888783222563e+00 8.289361861441448820e-01 2.214922708019829045e+00 2.031031829574112102e+00 2.031559938211667138e+00 3.113740919432100185e+00 3.847226465542803897e+00 1.475830286192896246e+00 1.272921896369339612e+00 2.430162721493156042e+00 1.249413443874149099e+00 5.827271920280969297e+00 4.141666608253447457e+00 5.341567860967206371e+00
4.839244912279174748e+00 3.564153320898721500e+00 3.582967192225781916e-02 2.244172814649862513e+00 9.065005443446829680e-01 2.635432186569807822e+00 3.931352786523684806e+00 4.951348568918641391e+00 9.037358257780769843e-01 3.277937890832286705e+00 4.197265672816988591e+00 4.125021438325501499e+00 3.403247400306818715e+00 3.491771270053250831e+00 8.496165207197993174e-01 2.497690160991780761e+00
3.788687313710024984e+00 3.074785437983848180e+00 3.323292259561791084e+00 2.029441296128221328e+00 2.857449298173426189e-01 4.653221329247680949e+00 1.073949307029241407e+00 5.556918046730848992e+00 1.818221712623159236e+00 5.040465498655129828e+00 2.381627150010984462e+00 3.821905820032704515e+00 1.595966349393251660e+00 4.088425205537006057e+00 6.164230360481136373e+00 3.772483929152661841e-02
3.234456189830206885e+00 5.285379802545230987e+00 2.323115309845900534e+00 6.102076913493483801e+00 3.361287924996526844e+00 8.646915664941505764e-01 5.896471622931654721e+00 4.424080229037319789e+00 2.129234573558786092e+00 3.191425282080790904e+00 4.689581936262736228e+00 5.615279580254322944e+00 6.041825850934106512e+00 5.729341635123945231e+00 5.080648885894712308e+00 3.825767303915964757e+00
2.082387514177907573e+00 4.606240200082104330e+00 7.030243835603262603e-01 1.891163944816190323e+00 1.637795272484747988e+00 1.786315815740592283e+00 3.410310239042845470e+00 3.844387972824933275e+00 4.052147801603608990e+00 4.210855417323545069e+00 5.229715226435933673e+00 4.560491039159729532e+00 3.289141780107884827e+00 5.643699455143277532e+00 5.108512805662501322e+00 4.935178737300632834e-01
5.716048803030083114e+00 4.965981029151770976e+00 3.504231749198319257e+00 5.631904312030692195e-01 4.719272973827980944e-01 5.198322394151526638e+00 2.018843233732045217e+00 5.807205731876408983e+00 5.175202608946232186e-01 5.046687045259703908e+00 2.180414726265439640e+00 2.657320165838130688e+00 4.408678063867289137e-02 5.351310863743835355e+00 3.643973401850226779e+00 5.840246753123859769e+00
7.661058738112562772e-01 1.234965409041686835e+00 3.036093151175816462e+00 5.202879906119736830e+00 1.101749547899676163e+00 1.678751973542041531e+00 1.095330657505408922e+00 6.166248506712014077e+00 2.337332010139419936e+00 4.279545777530310069e+00 3.916560837367012438e-01 4.545510451263086615e+00 9.087822136455150357e-01 7.240355130570220732e-01 3.717856006094498955e+00 1.786015028052363229e+00
5.570881901600552855e-01 5.984704606797158100e+00 3.895431336403726519e+00 4.422058445248561398e+00 3.873784610327921651e+00 3.150618110549450623e+00 3.839897154719592365e+00 4.778692987471038656e+00 5.379591495899910925e+00 1.752742919302703539e+00 6.198287481414440414e+00 2.384992213176559517e+00 4.587990569943983132e+00 6.276928964676596223e+00 3.602280484697952812e+00 3.021920394662174214e+00
2.810484216935821955e+00 3.023489574941286673e+00 1.238149367845904125e+00 2.061169223270333806e+00 4.113879374411758327e+00 4.990578446489566389e+00 1.905582418408035217e+00 2.856965403619280419e+00 5.347983990028754242e+00 5.918064737292538346e+00 4.654460880945654466e+00 5.910082038612421762e+00 6.166727708286252607e+00 3.245195944974246793e-01 4.438471419682032959e+00 3.239700430608572823e+00
2.410180499510480967e+00 7.474494647844136253e-02 7.285564994952403728e-01 3.913077083147909363e+00 2.771791191744034322e+00 7.616922391684539939e-02 5.915624254843359964e+00 1.702947786076177028e+00 6.664227758923039202e-01 2.441093469645930991e+00 3.321660620301077227e+00 1.044585957115474306e+00 5.236609060440056140e+00 3.713707371826056036e+00 5.781668898039752591e+00 6.179120668954610984e+00
4.151583664736116397e+00 4.403954726101766970e-01 4.784909334734184228e+00 4.204882992979557255e-01 1.841507920664207987e+00 2.017591035750500250e+00 2.700820483579581044e+00 2.977064800421532542e+00 2.399147119774278192e+00 5.839077304881567620e+00 1.088626521051689444e+00 4.066448819538003967e+00 4.994171924566402687e+00 5.703355349796320972e+00 3.099842949379878032e+00 1.368298879687297187e-01
1.169695329958093222e+00 4.919196730654645577e+00 3.529383884782114844e+00 1.035411710152733589e+00 3.784887003724514809e+00 5.731635973981384247e+00 4.071027835238645309e+00 4.050763480251688087e+00 5.102842131721289753e+00 2.009799335841342405e+00 4.386984454185406612e+00 5.358961536023467254e+00 5.685127758205170245e+00 5.664661876587572920e+00 2.371385502419625979e+00 2.946673125493284306e+00
6.282594429294872107e+00 2.506319998440444508e+00 3.856385224152925506e+00 4.427486456384371216e+00 1.600933160001949851e+00 5.842302311313246399e+00 5.352167343627216134e+00 4.765830269848227552e+00 1.524900503443153754e+00 8.296877129719857358e-01 5.798612131223615407e+00 3.886335934473729381e+00 8.537129843899060599e-01 3.090861737997675274e+00 4.541263984694889899e-01 4.254922503539055878e-01
2.744891580295742428e-01 1.587637901306540478e+00 2.342303314606386522e+00 4.221178202070416496e+00 2.571117906569890366e+00 3.905931484381974794e+00 3.710674573899972906e+00 5.104002481739551733e+00 6.232322015832377993e+00 5.118946851347096150e+00 5.702248036806603082e-01 5.341063738340397826e+00 3.745250985806088728e+00 4.788498907681908889e+00 4.612597824662015178e+00 2.314514796754186587e+00
1.011115864149125354e+00 2.327112764022907676e+00 3.233010709573684416e+00 2.371249542082048745e+00 4.850402970926094071e+00 4.497982868353828323e+00 3.603805403658076223e+00 2.078826389543781517e+00 3.225928017220452748e+00 4.937802041771675476e+00 3.966561855068460929e+00 5.471823518681682152e+00 2.219384804080477558e+00 1.382756296679601427e+00 4.945130503783527587e+00 2.079552257832746331e+00
2.196856825532874868e+00 5.732057430098359774e+00 5.163386096974992290e-01 2.295727738479583557e+00 6.193783808276608127e+00 2.778319785409490095e+00 4.394325362847623317e+00 5.797603551090101170e+00 2.563898928495573326e+00 2.987758870026241187e+00 4.976425280327950063e+00 5.187853123105449882e+00 5.554373917922853288e+00 2.917449088512067412e+00 9.446725596043456519e-02 2.129616779019137596e+00
4.954670733800305982e+00 6.265108152633960259e-01 1.152002562078510151e+00 4.915592686132121969e+00 3.172152979220521196e+00 2.646821022693733205e+00 6.131497767438485624e+00 2.916643648709334347e+00 1.918153732447512638e+00 1.030130797053288694e+00 1.594617288036493719e+00 5.258323068366340669e-01 2.961533706470509397e+00 2.507906384559048796e+00 2.309138430040692525e-01 2.138791183515564409e+00
4.752591469040680638e-01 4.029164093783316858e+00 3.494310775446389239e-01 3.071118656448309503e-01 5.955424217436769974e-01 7.260299523860176407e-01 6.048449719084628029e+00 2.495812677703414639e+00 5.623715869915441701e+00 5.620342584194371938e+00 1.551134216744777472e+00 4.825356400365527598e+00 2.359701483592533400e-01 7.982695195306882541e-01 4.273041550090544760e+00 3.007933167207759162e+00
4.316184237583775563e+00 2.375167598221978871e+00 5.147300938959927796e-01 8.531338852059801026e-01 2.961197315389383800e+00 3.424969844590314949e+00 5.256099187673452633e+00 9.388505086669229893e-01 5.766869114681891784e-01 8.354794123439615028e-01 5.915981236818804945e+00 5.972515503337290532e+00 4.608674682078586216e+00 5.741616525969503115e+00 5.633751219414818934e+00 3.685951603980821112e+00
5.465866375348768180e+00 5.123411208037691900e+00 9.905465893794028753e-01 1.493557689270816002e+00 5.791178323179887677e+00 2.991019718799832638e+00 2.214751715293180823e+00 3.561683151742746301e+00 1.156973163683803069e-01 2.691668707276977823e+00 3.137264881226352387e+00 4.731235782019740377e+00 4.073034405029437366e+00 4.775898636492707183e+00 1.681924293782804503e+00 2.838398119261686947e+00
4.466525340581303460e+00 4.649742963216855429e+00 3.541120091665318270e+00 4.548969271215647758e+00 3.805381742877682605e-01 6.617306505985345311e-01 6.167691404552021694e+00 2.150031127496603300e+00 3.647788684628779254e+00 8.241080123902337906e-01 9.357750708453548283e-01 2.357613785146698837e-01 2.802774384880357239e+00 5.868155541918490314e+00 2.524313318938479003e-02 5.664205719310686504e+00
2.070069227408432244e+00 2.137826856886596016e-01 3.525454065150730010e+00 6.254181065175776766e+00 8.190608349095975793e-01 6.436375578968075439e-01 5.388141580766601990e+00 2.384285615173005746e-01 4.051820447536234604e-01 8.185725268082776340e-01 2.994493315053111893e+00 3.832937834145292211e+00 6.082856748178412154e+00 1.961582173993970279e+00 4.573928157779048043e+00 1.740476600931744278e+00
8.601223306695668924e-01 4.237296577537719156e-01 8.631386428078254847e-01 3.672014765850002416e+00 1.417453480393483511e+00 5.288179495782673989e+00 5.838414176259745680e+00 4.373588250816464296e+00 5.960216718043659156e+00 2.165209656052609954e+00 1.834108566332162127e+00 1.222477056036052945e+00 1.962469051077017967e+00 6.852614029253600858e-02 2.130537546434051244e+00 3.871337908889997959e+00
4.867075581041901522e+00 2.388551008299150791e+00 5.604454857475479335e-01 4.250284809934468555e+00 4.476076553563918203e+00 5.446411735521377029e-01 2.540102134742353801e+00 3.749239401417641560e+00 3.869749329404180038e+00 3.963493567703137099e+00 4.331378890265833448e+00 4.729423390074380396e-02 3.109631831172591010e+00 5.787606475190026911e-01 4.418738446323830615e+00 5.364742474621366775e-01
5.489931967261911794e+00 5.545004822553936563e+00 5.542931539892417270e+00 1.520760928328543926e+00 1.345052073764533285e+00 2.248606549441827251e+00 1.655281007011425887e+00 1.182411332529103021e+00 5.557621265253893661e+00 1.888017295708587229e+00 1.536386310017460843e+00 5.992416978161968721e+00 5.469189890428370227e+00 4.561851971988941101e-01 2.386757523049245489e+00 4.311416816953765441e+00
4.993864820507451618e+00 1.264010669768055983e+00 6.143054669696814685e+00 5.802226415824513595e+00 5.641095643649598479e+00 4.223331491834045326e-01 1.343008248004726957e+00 4.637756444463612127e+00 5.039842491928372858e+00 2.888603828460251766e+00 1.184274210760940971e+00 7.184167670057739485e-01 1.249464495247013668e-01 2.306643121681795083e+00 1.935437595164334557e+00 3.984937089296118895e+00
1.946122437923186288e+00 9.089833952700440145e-01 4.233461619400155307e+00 5.784818685075299172e+00 5.729233363405533908e+00 2.125658231496462935e+00 4.915269567338556911e+00 2.542610017434474567e+00 3.745416951363127911e+00 5.820754839855762697e+00 5.389567770287670534e+00 5.787641492111166741e+00 1.387738842490043201e+00 4.200468313167521117e+00 2.701180541303347393e+00 4.487968155284798755e+00
5.150285494030239164e+00 4.427457690969044179e+00 5.857654847086577909e+00 8.580822586046666922e-01 5.387988971942200500e+00 4.238499921027918949e-01 4.028188931460848998e+00 6.162399431404320893e+00 2.529833821790760662e-01 1.709326141849478287e+00 1.285427912384132232e-01 9.297673629448617305e-01 2.753195743131965134e+00 1.114201133384065123e+00 3.891071132460280690e+00 3.486989167987648131e+00
1.394123672642749279e+00 2.876373835892451325e+00 2.593467199480318008e+00 5.712077904279629692e+00 1.399692442194597763e+00 2.429194696061434566e+00 5.142570781646784717e+00 2.807537497338040478e+00 1.476070879693368809e+00 4.863838271011815984e+00 6.138819501512504218e+00 5.391282919692134357e+00 3.567137590448602236e+00 3.745613253779207064e+00 3.875592982798159447e+00 5.886304750066781111e+00
5.774225074863972296e+00 3.553460274216261539e+00 6.000756769310643612e+00 5.623226032843445132e+00 4.064776937591506822e+00 5.783291595977836153e+00 9.147962767480819490e-01 5.714365127791377619e-01 4.744732295423751189e+00 2.293755109839860307e+00 2.538518558230324462e+00 6.072538599689297989e+00 3.207111833338873286e+00 5.361583864132821731e+00 1.760142537236373483e+00 9.053075706607081052e-01
2.929469828370190765e+00 4.927864835689611311e+00 3.517012842532724282e+00 3.040344210732032870e+00 1.952336566832034936e+00 5.583887911167732199e+00 3.728093830547372534e+00 5.728703915872003449e+00 5.882345978508362272e+00 3.054758016341209803e+00 2.230016892672647133e-01 1.896490014763279497e+00 2.214964688778206167e-02 2.836590023084548218e+00 3.366770837606609224e+00 8.323113439913196743e-01
4.185292092415353160e+00 3.173467253119480191e-01 2.898830327316569200e+00 7.091366445850360023e-01 3.529129555201874435e+00 3.620159492759767783e+00 5.752281238770990512e+00 3.540660568137791397e+00 2.280188425072575409e-01 4.729093262951916898e+00 5.082040655199668855e+00 2.355351607397947689e+00 4.389474723467740702e+00 4.283040420122572911e+00 5.576379633433974803e+00 3.353243104802194452e+00
