3.067671629734890271e+00 9.210787782970787374e-01 7.115265935233126005e-01 5.256239225424859107e+00 4.974638395210521757e+00 3.050353844318555829e+00 2.295449990680534125e+00 4.700701251392416680e+00 3.772310692508375585e+00 2.649247798000925691e+00 6.023839077064955916e+00 2.527080034337052528e+00 3.669770476064813103e+00 5.256304654945397559e+00 1.065781249111575457e+00 2.486210391971816591e+00
2.294063895734355540e+00 3.086565374749648871e+00 4.904600180654985486e+00 7.025678439826710253e-02 1.474678844481504880e+00 4.644962629648356156e+00 4.769174932081628349e+00 4.732400979090848558e+00 7.860396702023796089e-02 1.758215043577535885e+00 5.026420275018106842e+00 3.656219704993594721e+00 2.651914454279300948e+00 4.857875078837952665e-01 8.228994679469056051e-01 1.526715435080566730e-01
4.548787616108936227e+00 2.506801096136343165e+00 5.025529801914836447e+00 7.517444198311646897e-01 5.547559986535990362e+00 1.531901583410938184e+00 5.286305578250105164e+00 4.139380217203306955e+00 5.922386008631996823e+00 4.585111521625316655e+00 1.524914096534174979e+00 3.794613045324092271e-01 3.824585002843645665e+00 1.289962284916287727e+00 3.130454974226513531e+00 7.054736506070461433e-01
5.534197122337304320e-01 5.255872586070778674e+00 5.771424178757492029e+00 5.094626457094473260e+00 4.171448333017138133e+00 2.454909785309516757e+00 6.518904779184914178e-01 6.107834604034991344e+00 3.233886895744718104e-01 3.555714006626992330e+00 1.786253608346026533e+00 3.227624951174670631e+00 5.477449541386300247e+00 4.314020308357616962e+00 5.232457624996170509e+00 1.131170804622634307e+00
4.073197297184633747e+00 4.047003607187369845e+00 5.219512635993495131e+00 2.376301137728686896e+00 4.545671283878038871e+00 2.232311060279804416e+00 4.166698101388965347e-01 5.726020297490713062e+00 4.735311935184022047e+00 2.944613290855158994e+00 6.173791472629255317e+00 2.103894428867818078e+00 2.240089722646479764e+00 4.618146330246869269e+00 4.770637976191372531e-01 1.910058293383233963e+00
2.867445877564417156e+00 3.295562781818321074e+00 6.224447999448267765e+00 4.626525049368540587e-01 3.172845813087128430e+00 1.467721669919181293e+00 2.420956786625628077e+00 1.758015917207074175e+00 3.977494760854949796e+00 5.386180628089134892e+00 3.332718914777337282e-01 4.768531115470008963e+00 4.347521554021416712e+00 6.240679815142665454e+00 5.534441563059157687e+00 4.233079901266199485e+00
9.477046301793070615e-01 3.042484185765396365e+00 6.599754638693362541e-01 1.856090034047842494e-02 2.140026145158995252e+00 5.579294281379182374e-01 1.536297052637210392e+00 4.843380820020707134e+00 3.925560012581715164e+00 1.272760916548326016e+00 3.709479175931407191e+00 1.236496237587429770e+00 4.095435754279008300e+00 5.244347108154885362e+00 2.415173849220051405e+00 3.667220268414542961e+00
6.015235402393793507e+00 3.581313205096383623e+00 2.525942153810980972e+00 1.100486634288504462e+00 6.118315081600790295e-01 5.766796192532088305e+00 5.707932996544708537e+00 2.113420177941133904e+00 5.169539516250083899e+00 2.482126672718773186e+00 6.105746992107903282e+00 3.884013448791124201e+00 3.362253095447446327e+00 5.346435388573582692e+00 3.807060082005133239e+00 1.447762344107763333e-01
3.885019550206276318e+00 6.044431388120241611e-01 8.058902086716404622e-02 2.852092741777251916e+00 1.047784373334800678e+00 4.708749812240370147e+00 5.349040879024342665e-01 3.674031840804423688e+00 2.229760767561731249e+00 4.613187580502353669e+00 5.692895153089184923e+00 3.528717293557815271e+00 3.596748104417653025e+00 2.461428992632231694e+00 3.688583771072957873e+00 6.107525200939157628e+00
5.704313702868040181e+00 4.307923716541836257e+00 3.190194399474444165e+00 4.476175141753723774e-01 5.315217119158146097e+00 6.872536468147085742e-01 2.272285630591365901e+00 3.029320906796589163e+00 1.787262632178640231e+00 2.737700162118547276e+00 6.879969882565560857e-01 4.212578317698956631e+00 2.947384245832716854e+00 3.377151187536526322e+00 5.304512322202447727e+00 3.389077866042207177e-01
9.532414048536720363e-01 2.511414726556332244e+00 4.520990774666983292e+00 4.890155009014579335e+00 1.115015954827442535e+00 4.383764550221528999e+00 2.058468609815064188e+00 3.402967713166498598e+00 3.770108990583432629e+00 1.258878010380279910e+00 3.880835096471569656e+00 3.648028692039176235e+00 4.627143557170691146e+00 1.221145371021091774e+00 2.780535005989873465e+00 4.736317585634481020e+00
3.222933330991231138e+00 2.446098009312773769e+00 1.074317054836473329e+00 4.935102638390524987e+00 3.847190801145228267e+00 5.397678680041906318e+00 2.136155200707402724e+00 4.264597753020135329e+00 4.476821789789418915e+00 1.073777657475852410e+00 5.743277654819105571e+00 4.310885077577267133e+00 4.206911497161451408e+00 2.254787806028116570e+00 8.281681757328838156e-01 4.615384296999558877e+00
5.220026099362296002e+00 3.316964357305733024e+00 1.651441766959639734e+00 2.220596228876954736e+00 4.220313183565023607e+00 4.412781697044078300e+00 5.022541488475988913e+00 4.295578190779474781e+00 2.142309408888703359e+00 4.324172658051658402e+00 3.487692469712786902e+00 3.141187180757031516e+00 3.308075142627709742e+00 8.526764268045422535e-01 7.907254777576431248e-01 5.774141336559139859e+00
3.295809996490265625e+00 9.143269983192107986e-02 3.570203000617395289e-02 3.367534684219996688e+00 5.739835398100000319e+00 3.665355373103679426e+00 5.410713608153377763e+00 2.948527170733806546e+00 2.292395138237103058e+00 2.464374829459282434e+00 2.073955025228202409e+00 4.035203130462088339e+00 4.375643414916646212e-01 9.425037019533132332e-01 2.329918584585529473e+00 3.736121373648080723e+00
1.191655017706077652e-01 5.333496428386341748e+00 3.851137990684015744e+00 5.159487586281387372e+00 2.645292853589352067e+00 5.776427534320001556e+00 2.601180412226825611e-01 5.853872486975550515e+00 1.863287011953632888e+00 6.105967450011557496e+00 2.475001842385106787e+00 5.938958849027539344e+00 5.825909264439592228e+00 2.288411657265656984e+00 1.786113084905527337e+00 3.486703162817381685e+00
5.953863538816099421e+00 2.868306642138939377e+00 1.400352344848298236e-01 1.404556988637170267e+00 5.266995322811903746e-01 3.093721407351731401e+00 1.708508172338713438e+00 3.135769400378929928e-01 3.417891610469906638e+00 4.791919174642846890e+00 5.125365737744260741e+00 4.183879638124738065e+00 5.555216793285159049e+00 6.193881848096970621e+00 7.550019957238289781e-01 4.083517007314171110e+00
5.649058410221366344e+00 1.121808539923723202e+00 4.135858245566340408e+00 5.252738161300515074e+00 4.357161836159467505e+00 4.971086242874525496e+00 4.596461246615462848e+00 5.124718375972141082e+00 3.601936705595087940e+00 5.315023284021510364e+00 2.257249097450267250e+00 1.661413172124194704e+00 3.895899959348878561e+00 3.934977062772759826e-01 5.946625109810245391e+00 2.253784596810955332e+00
4.375084799291244053e+00 3.205189377452496657e+00 5.216463532788887747e+00 5.552250598576579321e+00 2.780591865221083037e+00 4.202127497311855642e+00 1.765843501984020403e+00 2.146858232496178243e+00 1.529597639974510148e+00 1.214010178130751294e+00 1.036960810410296974e+00 9.428287261901209249e-01 9.548839632809444922e-01 5.097311023186410495e+00 4.104855374255901523e+00 1.530832128085763966e+00
2.635021459912512576e+00 3.109385271558349206e+00 2.484586183260690806e+00 1.116892366005041604e+00 6.974551996657143982e-02 5.161005664462666509e+00 1.429905299622813875e+00 4.109355166531016401e+00 1.004003649919278152e+00 9.638420095315831659e-01 8.095671795538514903e-01 1.700657168322621482e+00 3.142238281614063489e+00 4.456773739341565843e+00 1.548754503904841151e+00 5.540017070449390069e+00
3.715618111202439344e+00 4.146244294575491374e+00 2.609343472884751991e-01 9.935247196093655031e-01 2.209340192148691262e+00 5.209245761762929305e+00 6.246388661810349241e+00 2.589860408389088597e+00 1.311295455339871463e+00 1.447754958246412205e+00 2.240043984903583932e-02 3.256694384847209633e+00 3.770189892658323938e+00 1.255934483589289830e+00 1.636977780638461555e+00 4.499938724887341479e+00
6.212475026659895150e+00 5.024015137548675014e+00 5.018882976366450421e+00 5.668087985724849176e+00 2.833863074836156848e+00 1.013923907944042302e+00 3.773133279406021057e+00 1.022953067405120597e+00 3.745228737634383354e+00 5.327185286199945580e+00 4.837253530543125457e+00 3.030711849589428297e+00 3.263717110534888999e+00 4.211068945828751353e+00 2.110794084016374139e+00 2.080035626874513766e-01
4.857162920679953366e+00 1.323150597911062487e+00 2.430545914097337779e+00 4.169224665145289777e+00 1.474520347690478239e+00 6.167290272649730287e-01 4.608579155972522656e+00 2.624140911051717762e+00 2.057538710661118486e+00 3.000456802510890419e+00 3.562085519655145749e+00 4.419991888114766510e-01 5.344924183546982732e+00 2.426475721672613162e+00 1.026134018988634766e+00 4.101815254749884510e+00
4.731614307086954518e+00 5.884022848096523983e-01 7.532641444000722775e-01 5.860816776327996358e+00 3.211378563206398695e+00 9.071042189482106943e-01 5.461176340004989527e+00 4.502350975602276151e+00 1.676751596771341557e+00 6.050984199577577272e+00 3.621597621076062090e+00 4.319455112934544871e+00 2.820460046370780294e+00 5.489966441110413875e+00 5.863497046842446991e+00 5.426383162426157369e+00
2.393518458922194281e+00 2.226806763782751997e+00 3.311033430261782762e+00 5.141983582165172706e+00 1.603114933087101734e+00 1.724068410569219001e+00 4.817502356496138560e+00 5.237521689070944397e+00 2.204390009077247470e+00 4.243943579383580911e+00 1.880483176545629576e+00 1.823903615869014727e+00 2.167048658564544095e+00 2.711782032599876491e+00 4.807781553538086783e+00 8.206249025925067553e-01
8.502132803609432354e-01 6.177696443675743332e+00 1.356269402781575817e+00 3.265360948669933983e+00 5.444919601335802994e+00 1.790444594768858311e+00 6.140286103458190148e+00 3.822722489061541662e+00 4.855977711897882187e+00 3.369476794298046918e-01 2.205499881647273508e+00 5.365704568217944725e+00 2.579723164507951791e-02 5.293681971568664046e+00 4.036738431648311476e+00 4.478661568718104391e+00
2.675471255362591005e+00 5.166535081586821621e-01 5.663467380119199923e+00 2.740916152235454373e+00 1.765647714096160614e+00 3.621453566950838976e+00 3.482193501103914013e-01 4.749237140938774360e+00 2.657052037477436457e+00 1.240323058948513246e+00 4.210542548949241848e+00 6.107741528573405354e+00 4.376318842961908651e+00 6.224293444508397499e+00 2.328880598984204742e+00 3.769417301621707850e+00
4.048299294985699071e+00 2.107972550944507528e+00 2.235826045607726353e+00 2.530029363414251220e-01 2.316567195449276806e+00 4.303460755622447564e+00 4.964654228355509069e+00 5.382641125639584523e+00 1.387957215014629986e+00 5.925106735408715686e+00 8.124872663871772482e-02 5.416925442200258622e+00 4.938441871893618718e+00 5.791761436002558661e+00 4.483263218882093781e+00 3.566154359445649291e+00
5.844335289207042372e+00 3.377287494202384277e+00 4.168321757501758817e+00 6.069576896336872807e+00 4.489109869451203494e+00 4.920392051175574544e+00 3.185283717048047247e+00 3.441356231319559811e+00 4.493831083535630988e+00 6.111797305879495212e+00 3.152470416049525603e+00 4.547636813971140946e+00 3.368055923906993598e+00 2.400141453102483169e+00 2.645234808712790819e+00 3.080106814910142710e+00
2.071577028060548997e+00 4.401811949254168965e+00 1.076642210238304864e+00 5.502237545951185638e+00 3.179820859021564416e+00 6.183140310979447385e+00 1.466653964127448695e-01 4.933048560446337660e+00 1.225554464898447105e+00 2.146305512293801065e+00 1.257384862959477489e+00 3.583778353807391959e+00 2.688211334924170082e+00 5.005309563100313497e+00 4.921792364387986285e-01 2.396747873951627916e+00
4.501462346827350025e+00 5.269486577586810938e+00 2.967781338994091467e+00 3.775072025599257142e+00 3.604416708907741407e-02 3.786743417546635460e+00 2.444545809882356036e+00 3.039443169940399869e+00 3.269528699754140177e+00 5.646671604088996155e+00 2.529477580591088515e+00 5.315302287205167175e+00 5.143906777594137836e+00 6.167310185203070283e+00 4.536869472568424655e+00 3.121683699537521228e+00
7.702375068149028836e-01 2.799508013173068299e+00 4.679042234618381535e+00 1.154852936210845060e+00 1.400949493937144519e+00 4.626438709265122462e+00 3.751198595941313552e-01 5.705995245004698901e+00 3.029680929652796451e+00 5.137461284022528218e+00 6.316765548213519876e-01 3.046947992769831082e+00 4.388143750387838438e+00 6.962534861038841560e-01 1.364745784844871190e+00 4.426270542111621964e+00
3.922222524365354790e+00 5.477650891429313162e+00 1.850018649164199669e+00 6.163573937056704644e+00 2.169795158477868302e+00 5.481717804538161154e+00 9.724026760705480887e-01 5.265692226764156381e+00 3.026164834263689762e+00 1.800532084910204667e+00 2.771563593889571298e+00 4.748745947500097486e+00 4.842582864117278341e+00 1.617799828329269163e+00 2.274217611746741863e+00 6.171672445071201274e+00
