5.664994962520446542e+00 5.869233305903224895e+00 2.956281966149699070e+00 3.725994169514723620e+00 2.594203082744966693e+00 2.346456417388925519e+00 3.352204733447939677e+00 5.299251599033357962e+00 4.416203347979003269e+00 4.889632627545744015e+00 2.041773204773375205e+00 9.994493005329524449e-01 2.792589650640165733e+00 4.185891682407044456e+00 1.441431675883501962e+00 1.330396872506258932e+00 4.141428640231993086e+00 4.147799356102662038e+00 2.595306915924730173e+00 5.914171196538200448e-01
7.580778777298674553e-01 4.586594109710635969e+00 2.517016970700662881e+00 6.215901618064467726e-01 1.898158368044377653e+00 2.727631722373901280e+00 7.229782782579334821e-01 4.278539599736838284e+00 3.917500473025980146e+00 1.019940590819365278e+00 4.288153253577794644e+00 1.527463735959757818e+00 1.240534701229837111e+00 3.872224155714603100e+00 2.855522200569692970e+00 3.738038625328963693e+00 5.088771670511371692e-01 5.334442027240132944e+00 4.315798052277622254e+00 1.096660165900569472e+00
2.560743011344642994e+00 7.421544799385730862e-01 1.297172412815042364e+00 4.861684244346617945e+00 2.487259413109621953e+00 3.100748721611978009e+00 5.139263809867390620e+00 5.168146519392523786e+00 3.314574464796630870e+00 3.812312788117929063e+00 2.411471984019162740e+00 1.635574085915815656e+00 4.001361773427515089e+00 3.365380391874544408e+00 5.404408798663062896e+00 4.619443824835399504e+00 2.086399860602983491e-01 5.516702282635813859e+00 1.030705598724064753e+00 3.055471094870440663e+00
1.171332407645731655e+00 2.977852508065479853e+00 2.171323102271286720e-01 5.797814641762486509e+00 9.273221221760701294e-01 3.207748954680692322e+00 5.809558867657137249e+00 1.228264320547276522e+00 6.117647809167720219e+00 4.674485366494391059e+00 4.996491507981375868e+00 8.193544871045103095e-01 6.246639279437559367e+00 5.260609803163682763e+00 4.841624903753602105e+00 3.145026568166108927e+00 8.365992867093119401e-01 4.888452296121013063e+00 3.619267184178439400e+00 1.505077436233039467e+00
5.885878532540378849e+00 5.167130165858822899e+00 5.170319545676986372e+00 3.797371250354045991e+00 6.051385345797681836e+00 8.479783901480034691e-01 2.781780303529227893e+00 1.116906067970405259e+00 3.655918828562416234e+00 2.093788430982619353e+00 4.560064502097215922e+00 3.407103593873737957e+00 4.887929122797898707e+00 4.746696014193287461e+00 4.808446004270236607e+00 1.792358842293106935e+00 4.604621851598118099e+00 4.810627658229636339e+00 6.213555430225454757e+00 1.919169340078155761e+00
3.127528229040176466e+00 5.930367539516012698e+00 7.249876349916868357e-01 1.589068852936174725e+00 4.582424973272910762e+00 6.192512905664529832e+00 5.688237281958319347e-01 3.655028370486521627e+00 3.523668642702920906e+00 4.917746006541466208e+00 5.328456273974985002e+00 6.252933739065940522e+00 5.208197469683181424e+00 1.367421249799401384e+00 1.118753349589060475e+00 4.698171802981749440e-02 4.563777049436966493e+00 1.923943691266188027e+00 2.842383657877386671e+00 2.242576423502006033e+00
4.202003604629205746e+00 4.744978253536292989e+00 1.381044031313301002e+00 6.111391352698975155e+00 5.971817004252704564e+00 3.262534829252892177e+00 2.124088172774265981e+00 3.049049864677422672e+00 5.566416334709461289e+00 2.782365188596860328e-01 2.756030279633684632e+00 1.288093425834660799e+00 7.696077231001743346e-01 5.560262309723903229e+00 3.866198379883509784e+00 1.413181392786133639e-02 2.959761911972982329e+00 1.649417071488813447e+00 4.644995538349574460e+00 2.651738679256040676e+00
1.166832970318040896e+00 4.447372513448674347e+00 2.729871352541052953e+00 1.204289025040652383e+00 2.568073244432286018e+00 3.374122265574595048e-01 2.501842191009572502e+00 5.564905137475242292e+00 5.099906046021135175e+00 4.571360994089200602e+00 4.831228759080726576e+00 3.914900858820498541e+00 5.086652943223181289e+00 2.316761327608728216e+00 5.203052663439113878e+00 3.836065794356105507e-01 4.679019643691933794e+00 1.978694584305795923e+00 3.803344612062453667e-02 4.837660988978002230e+00
3.546148810578508836e+00 4.784747919256289173e+00 5.572447091565312149e+00 5.673775736633176692e+00 4.885121014796812156e-01 3.110883822907686724e+00 6.016187823369461896e+00 4.716545989580419040e-01 8.105744757481239127e-01 9.228408733632138816e-02 6.221588930973969589e+00 8.184582341909807379e-02 4.338581965094260084e+00 5.432673319590249683e+00 2.302131276915110547e+00 9.945394729499590358e-02 5.921369315089766161e+00 2.806482754846057581e+00 1.034138778480496290e+00 4.595495154781025882e+00
4.859869684788532318e+00 3.327850834462795504e+00 3.878520730058830690e+00 3.685102739415997863e+00 6.152019988119334926e+00 6.372634895585112258e-02 1.386846008137492259e-01 1.733994989796971309e+00 5.904364284834685561e-01 5.461987130324112982e+00 3.177112030559718026e+00 1.137500204191324471e+00 4.055696663529333001e+00 4.021852116706024383e+00 5.447888750893397081e+00 5.700082097037984852e+00 3.174104059541222878e+00 5.384764757370625432e+00 6.013834309223770269e+00 2.666991543222074323e+00
5.898960884574615537e-01 4.454391842738640306e-01 2.127831024504366564e+00 3.565736309373990220e+00 5.815624187257677491e+00 1.057147283679705646e-01 1.958154598937125401e+00 3.508803583383883318e+00 3.455850666527989112e+00 3.856274989713334378e+00 6.173670818999045018e+00 5.803697616841387408e+00 1.016242918214347091e+00 3.335178227350366065e+00 5.373311391159766970e+00 4.350702217376682057e+00 5.033065666955613970e+00 1.073082093493858524e+00 1.079424382370778090e+00 2.189833323699472256e+00
2.724811164717930279e+00 5.248851335729928458e+00 2.491704662303120710e+00 2.086059386924298487e+00 2.852918847416582970e+00 7.439674530573440192e-01 5.816378062928749815e-01 2.180071552317010664e+00 6.218793210765420909e+00 6.134209071866493446e+00 2.066530114215963554e+00 2.972642100445864521e+00 8.382390715503118539e-01 5.712450278699747308e+00 2.371830999266222317e+00 5.754269915838121641e+00 3.309902186568466576e+00 4.865904830861239816e+00 2.374448975638926651e+00 6.121491557365042802e+00
1.044481107586217261e+00 7.136967793220044820e-01 3.908044927707659877e+00 3.211991941571243903e+00 9.229526920921572453e-01 6.275160256193355934e+00 2.682724960093152866e+00 1.889352720838602062e+00 2.727354595423655770e+00 2.609777908873661012e+00 2.366990056385652519e+00 1.520681374844753631e+00 1.885522642058159892e+00 5.586063270386894430e+00 5.239200205030329904e+00 6.092294817639190008e+00 6.072534338328939185e+00 2.397301540026625766e+00 4.048467304204326211e+00 3.671939125044149765e+00
6.026972126504235305e+00 2.771433743504099212e+00 5.829259051445546014e+00 4.688786189084406253e+00 1.429946823949376666e+00 3.608427330258974663e+00 1.445549750768064579e+00 4.544580381388358958e+00 6.199121361377974537e+00 9.552361938992820489e-01 2.049361339360516343e+00 1.893953434275572612e+00 1.160644114328328147e+00 4.082672469971932117e+00 1.179406385033700128e-01 2.174009975690542884e+00 7.164830366026030406e-01 1.515553575258353769e+00 4.034821718090900511e+00 2.665036704298910930e+00
5.335162742574500960e+00 2.333386117194130360e+00 4.967460742470458657e-01 5.132237559948079841e+00 5.012009573397079087e+00 6.167971086705633432e+00 3.128945862476317785e+00 4.426608520530350255e+00 3.881617019806353763e+00 4.869093286996728942e+00 2.446441783877379983e+00 3.341230712539735137e+00 5.206949975832045885e-01 8.663545675645893673e-02 4.239514278733324204e+00 1.148528412358848838e+00 4.714273533593718923e+00 2.458940089261141715e+00 2.735709809265800097e+00 1.109183569434004868e+00
1.170918856387544560e+00 4.849520707319829427e+00 1.150625360764227167e+00 8.395358485451662744e-01 5.072291110615657850e+00 3.889301101305322028e+00 2.414675227571085880e+00 7.893897333688074669e-01 6.256846586265631061e+00 2.629903761069345869e+00 4.511222923274656793e+00 1.373386718984766774e-01 5.958871999728400759e+00 5.451170700138852077e+00 4.480881477121555712e+00 3.842066711076634444e+00 6.842639803480700389e-02 8.691949543331224382e-01 1.915520445050642673e+00 2.012554302418040564e+00
1.712806743312566660e+00 6.403185212085257261e-01 1.225265295589961889e+00 6.240760848117192339e+00 4.040351911230064985e+00 2.666307567983132287e+00 1.311446252429044446e+00 3.887264987066100463e+00 1.642923588214144914e-01 5.682509107544937876e+00 3.682250654727943662e+00 6.076825977620377017e+00 9.324373578602777046e-01 5.790606382919596840e+00 3.672662552017909032e+00 1.306793515794808069e+00 2.413378965550680988e+00 2.409800988778373565e+00 8.047668309119332397e-01 4.614366847010173522e+00
9.404011248375033771e-01 5.291852594346429406e+00 2.714655279128364462e+00 1.582680567983736575e+00 5.202015350342946043e+00 3.660534253011956896e+00 7.505126951157226056e-01 2.514629881316998716e+00 6.030160065122325719e+00 5.064261537875073493e+00 1.564403427327102802e+00 1.615547537074770723e+00 4.102805326520921447e+00 3.158837325714821898e+00 1.678538831319018154e+00 1.396108084228013801e+00 4.734738276347177255e+00 5.864858595778031258e+00 4.319188089292642641e-01 2.400609761797872554e+00
4.673127490177455101e+00 2.751571295245996751e+00 5.721818157551654238e+00 2.952612397995159288e+00 5.658019563219315096e+00 9.949641325337394981e-01 8.483752331854205186e-01 1.398927371024808686e+00 2.090105228486903055e+00 3.889383221120972678e+00 3.545845856960829767e+00 4.189315201797910504e+00 2.554495312160041998e+00 2.393031260053464226e+00 2.914831164585777401e+00 4.602839604866510115e+00 1.730987824036269718e+00 2.833556224114037292e+00 4.607305815430427498e-01 2.589195219372507406e+00
2.352407751929744162e+00 2.624555021229132645e+00 1.730263161415037665e+00 4.934962577651119453e+00 9.810647944421956312e-01 3.117863689044916953e+00 1.339960345923655316e+00 4.658809641236617338e+00 3.825981183689790122e+00 2.453011586526064602e-01 3.524510628681928548e+00 4.307472684097702675e+00 5.648832162706532323e+00 1.705710307340642773e+00 5.721223556543288069e+00 5.098549810707292407e-01 5.112813986615980966e+00 2.011427415498569182e+00 3.930239211109574082e-01 3.686542696678934306e+00
3.079400890189244677e+00 1.686294876686614819e+00 7.598391920026422719e-01 1.301844136640848637e+00 3.422272734724047361e+00 1.360514822918770683e+00 1.267784185194668067e+00 5.768373208395175311e+00 4.048430629975550588e+00 6.230245668342060839e+00 2.841848881444054564e-01 2.611662188986734190e+00 6.150931670199184964e+00 4.509051702627494329e+00 5.680627244066389636e+00 1.885064921394129955e+00 1.105757918576418586e+00 2.572557780475038136e+00 2.991746176461885565e+00 1.800864400308193336e-01
6.032261696306973064e-01 3.710426311297130297e-01 5.077613933234701449e+00 3.218604447744436214e+00 5.124818521497440216e+00 3.971784496414675125e+00 2.991631970984874878e-01 2.412794854942491796e+00 3.073788811178054026e+00 4.802778835369603261e-01 5.420117993845161131e+00 7.076686003552317139e-01 1.222895769217501094e+00 4.007742941035139062e+00 6.754254915745510068e-01 2.607755791270544687e+00 3.208307491737727446e-01 4.732332925857305916e+00 5.464139920862852939e+00 2.455114769267642494e+00
4.110458673883167435e+00 3.361912715842157340e+00 4.936979747460753742e+00 3.488773369819802461e+00 5.810741280087373895e+00 3.543059365247897663e+00 2.938223879961421758e+00 3.496763495163362379e+00 3.183007051510835961e+00 1.706540600615836123e+00 3.578873745837062081e+00 1.924215694546558941e+00 5.757763300508050186e+00 2.515273034134656083e+00 9.750303420912128649e-01 6.326679801938909220e-01 5.969667827297364227e+00 1.822487220736858024e-02 7.015167630940691845e-01 8.794810171818346900e-01
6.046562029008963002e+00 4.140180427152296616e+00 3.327239621163404770e+00 2.865652632551030532e+00 3.580565716267805065e+00 1.882279710402483985e+00 3.363903098779733369e+00 1.446980383276051052e+00 3.410128173548703234e+00 1.413508033219206261e+00 4.522222617062039873e+00 5.918567499783640606e+00 4.853604304847149109e+00 4.609448573258326576e+00 4.930734227698065908e+00 1.123575858404784578e+00 3.690594596984899112e-01 5.838499859088029709e+00 5.801279360545147590e+00 2.480839225592354147e+00
1.560198183617005574e+00 1.990295492718758552e-01 4.835349061908329471e-01 2.071706064483571641e+00 4.364141644743205539e+00 2.261662406279184356e+00 4.106073511557964406e-02 1.530766548982737563e+00 3.074523765447435775e+00 5.231256188384906913e+00 5.474361847282095406e-01 5.512006516116500165e+00 2.108904088000591148e+00 5.003251467153960519e+00 5.059859800788201412e+00 1.625440604076060946e+00 5.427613222674390947e+00 2.141167873689386880e+00 5.701434295975843725e+00 6.142093759740927084e+00
3.517691926580200690e+00 4.076750504232871997e+00 2.179013872180107114e+00 4.957748089270030079e+00 1.663976855150174794e+00 1.468963825487458408e+00 1.079408999141378972e-01 4.357316602993972943e+00 4.509022233966698323e+00 9.469221474990417997e-01 2.757531463726019094e+00 6.269338889518460967e+00 2.432634914256071035e+00 5.970628553035784769e+00 2.699364213074777030e+00 3.436574685630175985e-01 2.465172095668481944e+00 2.725792501095836151e-01 3.903479457376706208e+00 3.398384660348911623e+00
1.381395489838945778e+00 5.884251509068904262e+00 4.910749307225936278e+00 2.531831106190070457e+00 4.557871408028927540e+00 2.256298466866949237e+00 3.729466607890854490e+00 6.167123655017745065e+00 3.575540485399020252e+00 1.182435363661803240e+00 3.122429055058624225e+00 6.467591097306080172e-01 5.764626096090208485e+00 4.251712102526501447e+00 2.918857981924077860e-01 5.683491174471254403e+00 5.510836435809769007e+00 5.454028919786654939e+00 4.341138380066078994e+00 3.829589092050547539e+00
1.767943641974742075e+00 2.421576494334644725e+00 4.539837600162545117e-01 4.996241139666284248e+00 3.923649627562523889e+00 2.798103877748535417e+00 2.493813317986631084e+00 5.754558546347053216e+00 5.061120159138234875e+00 5.091526297226270925e-01 2.661837575499532704e-01 3.078833041009533034e+00 5.769746182806064994e+00 1.534272687464878215e+00 2.064998330402112003e+00 2.090461794138616991e+00 7.960680629546180720e-01 1.765504085029385717e+00 3.704804673193487496e-01 3.276401593281530467e+00
1.962840210584900325e+00 2.838306697564832781e+00 1.788298666495519829e+00 3.118479210942109336e+00 1.159513286599641813e+00 4.790349699670683137e+00 3.195752577300361441e+00 2.710866771182097512e+00 2.024719123267170851e+00 3.091169866236404662e+00 1.418857747425810389e+00 9.568296998596281799e-01 1.120321779082471991e+00 5.243755340021363232e-01 5.568285685753108893e+00 4.887182640900003427e+00 2.340340816882610753e+00 9.957603841164681946e-02 1.585425615219008044e+00 5.788425972943159969e+00
1.369447227122371213e+00 6.071278547019162808e+00 2.509158756815474067e+00 5.314945942747460350e+00 2.411347582547757717e+00 5.450643179296507768e+00 1.478376758519763357e+00 3.538176586702957760e+00 3.078362569504533575e+00 1.678410961320008887e+00 2.971847155284631281e+00 5.838631316595273013e+00 3.147239085314230689e+00 2.770060368776584570e-01 1.244256572212087519e+00 4.086113110122310488e+00 2.289120197463923034e+00 3.802520783209969668e+00 4.127124129687096854e+00 4.369176567281581214e+00
9.305127749720765173e-01 5.199404859918787203e+00 3.862700381430985708e+00 5.243677691621642656e-02 4.719132450479427199e+00 2.191035347328134986e+00 4.966525879459453563e+00 5.446553911668595482e+00 2.842652013604841876e+00 7.379087894265341507e-01 2.511841819241795726e+00 6.696267459753857398e-01 2.007653640720005850e+00 1.389127274630581832e+00 5.336842071462500670e+00 5.793725273234909601e+00 5.352833439982404684e+00 7.466695097025279892e-01 3.554945475781041697e+00 4.871404388297703392e+00
6.006468547730303698e+00 5.329915702170692882e+00 3.666048504949365849e+00 2.735440701914522599e+00 3.155330143675490806e+00 3.768348613272443082e+00 2.910130711641415679e+00 6.003719055393857751e+00 3.915538631844443174e+00 1.640008418347337626e-01 2.835649543197459987e+00 4.041693756837389628e+00 4.029599863275815652e-01 3.500361093109014998e+00 7.228237510650830089e-01 1.194082243153022693e+00 2.382747029800917016e+00 5.960660747973514084e+00 1.548648797267872412e+00 1.433347139130602743e+00
