5.281315596335559803e+00 3.703086302252782680e-01 3.955342932795856914e+00 4.445805247765849622e+00 5.031055855166640889e+00 5.556749800658778327e+00 2.706218981055397155e-01 7.649520923328047006e-01 1.876532597283856907e+00 1.127075591132919996e+00 4.306540894532128405e+00 1.223434983737618831e+00 5.164358994715532170e-01 4.493067108140216259e-01 3.457088895813830720e-01 3.011309934329334581e+00 5.429813188699498916e+00 5.003806529120161883e+00 1.494308717905710626e+00 1.617887965350123913e+00
5.546687978558319188e+00 3.998508683149564646e+00 5.507291400697467587e+00 1.534770947334737901e-01 2.977643063513029986e+00 4.219072878352806200e+00 3.580938936629256997e+00 4.433408136434664470e-01 4.398281441329179309e+00 1.901029089907702918e+00 3.224478402311933056e+00 1.547022775646205828e+00 2.190404558063751672e+00 5.130231475353563830e+00 1.526207390840582434e+00 4.535931831281351911e+00 3.625760080874030677e+00 6.543953383866433215e-01 1.122717404216179160e+00 5.109147375725191509e+00
2.978035556008118423e+00 4.130348229960588036e+00 4.672001291155428504e+00 4.583259644763433727e+00 2.986555033585645003e+00 6.137767237774538476e-01 4.433095885194267893e+00 4.378484032765452838e+00 2.729601982423421891e+00 4.106501831272948877e+00 5.308647121916290956e+00 7.225002478779500859e-01 4.086089273433228364e+00 2.132777561256521626e+00 5.251188254157277413e+00 3.945585391782418405e+00 5.393663068019828311e-01 3.169784256690619362e+00 5.281559707976581031e+00 5.377422625542275902e+00
1.093878919492806134e-01 2.686839901872617453e+00 2.432731977187823968e+00 5.974071156088506918e+00 1.233671549344897422e-01 2.725138275752319927e+00 2.456892171073709719e+00 5.857511981563739312e+00 1.386642066218744196e+00 2.477761205968513902e+00 3.400967524446108392e+00 5.139576193951334027e-01 1.005533511444136829e+00 2.910793935332111726e+00 3.402649778958477533e+00 2.744664309586036799e-01 4.916449175891303369e+00 4.947670476694002867e-02 1.455097517413080466e+00 4.135972357385070408e-01
2.149362466400510652e+00 3.131438501985707390e+00 3.259842849421262123e+00 1.457534613277611690e+00 1.484470483805697905e+00 3.250854353028382437e+00 3.351334400370677979e+00 5.283466888146421070e+00 3.084861348871541953e+00 2.566781229038199719e+00 1.241930791599791695e+00 2.447397213264442595e+00 4.527188793490662277e+00 6.084326078228752266e+00 3.615280244060373183e-02 4.425168595703213192e+00 3.821500313635434409e+00 2.462734119536030608e+00 7.442151085211094752e-02 6.037321913721175548e+00
5.675440879190330357e+00 3.746837853875235158e+00 5.920109545568198683e+00 2.314669912618522729e-01 3.932016166257080503e+00 3.475037034382828960e+00 4.488970068762951904e+00 1.655393294735399312e+00 6.160546031582805782e+00 6.682225694609288391e-01 2.445726266925218439e+00 4.164446922189949163e+00 4.744813779582550239e+00 5.475950303306805544e+00 4.972348656084108143e+00 2.927654589977803479e+00 2.943009895982307444e+00 2.444219926657360098e+00 1.418397033227144055e+00 4.402063353862526895e+00
5.904642736881966947e+00 5.860268619638033805e+00 2.856507508793256545e+00 3.601224558538409060e+00 5.287300515979088011e+00 4.651587775820170023e+00 3.926121474116678112e+00 1.319481389916709491e+00 5.217837985122977251e+00 2.672167024944754221e+00 8.413561794868967825e-01 5.221323572233365518e+00 7.888662751768280579e-01 4.432484678961405855e+00 5.862299343132498564e+00 3.438908750678673520e+00 2.317329766832684879e+00 3.535692847317671195e+00 2.674932475596337067e+00 4.928116397782170921e+00
4.501206832644952804e-01 6.105483990424315915e-02 1.865193452030593502e+00 9.419229468098957447e-01 3.269160403047365548e+00 2.799291370230911902e+00 6.007352656538277103e+00 5.410672856052661572e+00 2.035605372850792349e+00 5.311544669050553225e+00 3.675278233610055789e+00 4.315426157438727373e+00 2.641492354195943193e+00 4.261323172933972891e+00 3.892816588546601952e+00 5.804626404917630822e+00 3.707050345245804124e+00 5.318773863124515167e+00 3.691369849575818929e+00 4.505126155231489626e+00
3.129214941913621040e+00 4.356768567930978442e+00 5.036183117407518672e+00 3.084289308114791073e+00 1.989678058136065353e+00 1.754925187288738808e+00 1.623125630148708698e+00 1.051424060735300259e+00 1.599166237357823039e+00 3.952481813383568632e+00 3.076937420989556138e+00 4.464599504505893712e+00 1.022447372076456640e+00 3.850464494868129250e+00 6.187928663138493768e+00 3.652878322892980201e+00 4.541398215674527505e-02 5.311344992407507348e+00 2.199579761416394330e+00 6.202403435350444028e+00
3.689840103286830431e+00 2.116331424577634124e+00 2.606946857450758603e+00 2.383796196809957468e+00 5.408970759516781079e+00 3.002004324335066254e+00 1.795462051204721243e+00 5.197391519039413765e+00 2.596405228333995119e+00 5.191762840806062318e-01 3.428514024218761502e+00 2.548308004225397383e+00 4.816039724087014307e+00 5.494557041011423948e+00 4.478447964028648975e+00 3.195699247680492849e+00 5.766902644999669647e+00 1.134841066419894684e+00 5.721373879985630850e+00 2.882156814666352762e+00
4.043002476559077962e+00 2.457988495999068324e+00 3.416380593656601850e+00 5.043390709559306906e+00 1.776307277998521172e+00 1.487541621186207363e+00 5.090532292634193823e+00 4.553690853311267439e+00 1.165714632097085701e+00 4.487484400126626305e+00 3.424370026465371364e+00 3.770021337405925266e+00 3.638716899398095617e+00 6.259857766267401757e+00 4.075472905291222858e+00 1.573314334082937638e+00 5.637678512240299256e+00 1.017137557293436467e+00 4.755514820619962113e-01 1.874457476241563114e+00
1.454878610363849800e+00 6.747783405860640071e-01 3.393678816858388902e+00 4.255950715381310978e+00 2.225099632555082696e+00 2.494863952272732277e+00 4.197658164715909024e+00 4.730456183286646521e+00 2.763129117410041413e+00 4.219776966282213770e+00 2.415136484972870701e+00 2.826142177316135928e+00 7.257702802617498339e-01 8.386245804065062259e-01 2.867265529785672395e+00 2.090170975487608107e+00 4.938321280008207914e+00 4.905236453936715257e+00 5.997933130873577268e-01 1.013122250568656568e+00
3.409606393466126484e+00 4.178843496947496128e+00 2.021317040575618229e+00 5.670896513125343930e+00 5.714460836263571153e+00 2.126888218567732358e-01 5.050606664937662416e+00 4.148335528577471898e+00 4.355039928785773284e+00 3.408406481289852685e+00 5.045759382200207810e+00 5.427203219434118431e+00 4.175694291747976905e+00 1.264207506002938075e+00 8.920378627279633710e-01 2.506329373766512658e-01 6.255012330746308358e+00 2.926421763995761705e+00 1.787237669624095249e+00 5.933370592682711830e+00
5.803244760331255137e+00 2.486910794726961971e+00 2.297912159671163662e-02 2.600334190238962617e-01 2.904498375859560610e+00 1.243458486336270541e+00 5.842590315753660057e+00 1.328999182289962944e+00 4.108460822286584602e+00 2.500469104404860587e+00 2.640397544127971674e+00 5.313850985085388778e-01 5.019320043641989137e+00 3.141517877052441232e+00 5.017900458570948352e+00 4.354379717415105766e+00 2.759437754542704013e+00 1.308684753664188571e+00 5.620519796470998308e+00 3.548605497390843411e+00
2.008942475393937332e+00 7.878875654523405103e-01 4.718973877402625305e+00 2.185261464534953291e+00 2.039415983625859852e+00 5.528361838598715217e+00 1.186849800008134226e+00 4.021209695652083305e+00 1.891258976756517329e+00 3.184009239830430271e+00 2.138477985578342455e+00 1.958041779186790343e+00 5.729679330953429961e+00 1.639831647954231197e+00 8.472194037632870822e-01 5.080035360058714033e+00 3.665084300028175424e+00 3.616928314247485510e+00 3.488134833456808970e+00 1.715564265030531610e+00
5.572822189957395977e+00 2.829773937345790191e+00 3.399826790994152859e+00 1.387530260934004334e+00 2.713986532812645347e+00 2.741352558245214066e+00 1.904468778923294359e+00 4.834179179626959311e+00 4.212268264390746531e+00 1.870916602404522067e+00 1.823064280704508988e+00 5.795008064083869925e+00 5.666219544304720301e+00 4.422476283337579694e+00 1.050045168344378776e+00 2.637696566561154921e+00 3.665827176648220664e+00 3.938498091987939542e+00 2.938389614801320882e+00 2.482910042666087502e+00
3.684596053308347052e+00 3.887128041000212253e+00 1.365535328610349985e+00 1.155457544330919240e-03 4.266094490198782729e+00 4.285126596339290828e+00 5.807410435023752093e+00 1.525203694779595942e+00 1.707338332394354063e+00 2.481254086792045843e+00 6.255296610009007274e+00 2.866700066311566042e-01 2.895411085803588414e+00 5.770166649251341262e+00 4.073549341251784917e+00 4.994295928014756747e+00 3.347307486432144596e+00 1.850583823439921449e+00 1.086027993814135950e+00 4.387878359414949969e+00
1.683078508653982119e+00 5.672519552664516240e+00 4.126048185006150781e+00 2.850378576094607652e+00 5.242257762677668076e+00 5.891579463653218163e+00 4.122260233130328189e+00 5.779266988293734642e+00 2.410250114981760561e+00 1.023466773522185846e+00 2.196005486820400976e-01 4.154146863667143919e+00 2.864583898647124371e+00 9.674966630198807149e-02 2.082251394334924566e+00 4.016547525193963075e+00 2.921158283204370765e+00 4.080370067861369243e+00 1.916501762839074141e+00 1.303835865474776812e+00
4.999015555785721432e+00 1.332993720273981442e+00 2.189998157630098419e+00 4.829897702131455084e+00 1.494824730398114365e+00 4.412544164370324928e+00 4.208934853381626873e+00 2.090451227429213965e+00 3.234771635177571270e+00 6.192526622262307434e+00 4.436474397812358639e+00 2.516697457436758434e+00 4.423149470924713000e+00 4.949324818163328921e+00 6.169867185621189520e+00 3.664282118380662201e+00 3.580742721191190192e-01 4.722864613490959762e+00 1.799424763352627910e+00 3.638001125167020788e-01
1.961131356204531162e+00 4.464165686462667537e+00 2.114606010487048326e+00 6.142715194679404966e+00 2.405430951749634172e+00 4.221846375286061992e+00 6.165626523808791504e+00 1.053052452283239626e+00 1.522729445935276926e+00 5.873858272746167231e+00 7.567233332140499424e-01 5.012662723782359997e+00 8.135603197873051418e-01 4.315984768603719601e+00 3.649271378945603939e+00 5.208659654328950062e+00 5.539457846766056903e+00 3.017501442138690759e+00 4.351615881357155380e-01 4.454195240264512634e+00
3.549738673921870813e+00 1.749322881629866488e+00 2.550416780290538643e+00 3.974828909145957656e+00 3.785575246052315102e+00 3.334385841157588182e+00 5.995249501164443551e+00 3.572518451920021487e+00 3.759166174880270272e+00 5.806050603810378519e+00 3.375323330509316100e-01 1.571323997312108700e+00 5.585551207319256584e+00 1.140783141469390527e+00 5.810474390592416327e+00 5.273007363961567329e+00 5.768215243436042527e+00 3.397421931400926631e+00 3.812977172463194009e+00 1.771874491603539159e+00
6.250107713638406004e+00 3.312931603019805937e+00 4.370036812006065752e+00 4.628949214102146215e+00 4.771480771998686699e+00 5.912050689440628837e+00 3.389675202124308173e-01 4.692638841061889110e+00 3.063976159118789955e+00 4.772739211028188322e+00 4.578857550292526390e+00 3.828671112957817702e+00 4.120334687034050702e+00 5.754850454192919074e+00 3.285795100861296447e+00 2.760743450232974627e+00 1.938582823342086314e+00 2.741956904318990862e+00 2.462037838100138210e+00 2.575030751952510411e+00
5.082101377107768769e+00 9.853977973275341862e-01 4.578182546182743451e+00 5.464955279753282547e+00 6.145534048878285027e+00 2.897503652329321167e+00 1.649802742835648983e+00 5.563394884577620658e+00 3.177222347584052198e+00 3.191243878292118641e+00 1.371325245579336355e-02 1.991942681006213078e+00 1.376764411526899545e+00 4.292806594320391689e+00 4.693741091914101382e+00 2.902007938181089042e+00 2.825000489775466583e+00 1.169336772031435018e-01 5.527279015423364861e+00 5.739823794124174761e+00
3.808909045330201248e+00 1.976239490821615208e-01 4.015996308530306536e+00 2.607466374201175441e+00 1.372332541853597432e+00 3.624433966880105995e+00 5.038768549660376017e+00 3.368075476221168874e+00 2.080378183120872748e+00 8.014640460668636113e-01 1.709827856845434146e+00 4.527265330536982546e+00 3.690696405111655309e+00 5.359418203765419442e+00 1.721915446548148321e+00 4.581438843030816166e+00 5.169293825880043158e+00 2.107180128748719294e+00 3.580243967913367520e+00 2.959286473500737813e+00
6.076405006549092214e+00 4.970590305809928999e+00 2.485510607265734695e+00 3.857145313975888890e+00 1.686482221824288086e-01 6.205648741424734993e+00 2.980176345429946139e+00 5.582730311201970608e+00 2.585453879363456414e-02 5.753130737109118265e+00 2.393786009521140290e+00 5.778178661371957681e+00 3.537421606533514229e+00 6.265375200629535790e+00 3.590212082015054484e+00 4.701262473877195980e+00 4.795689241730073604e+00 1.713449237018659366e+00 2.092192582691632552e+00 4.198132072085225097e+00
4.512564655115701484e+00 1.731788939248295911e+00 5.390356677725341328e+00 2.620945465425090770e-01 2.768462045771586499e+00 6.216781358900683507e+00 2.893736196463105870e+00 1.357725150990566565e+00 2.569738588208728025e+00 7.972835971812820832e-02 2.245995800758776806e+00 2.569451917906003580e+00 1.651742021548846528e+00 8.820888786016111149e-01 1.256205972406085669e+00 5.845336406941005869e+00 2.603465354425495537e+00 4.285810944908756248e+00 5.000659184348591246e+00 5.046152541986262285e+00
5.892950495395487209e+00 5.428456465967091304e+00 4.293126494213757915e+00 5.481360409736246275e+00 5.557636534269454032e+00 3.993058229778117418e+00 2.809243031020733472e+00 8.558251076663045964e-01 4.845675667010551635e+00 4.531273544900109584e+00 7.619458739179401086e-01 5.569395745217870619e+00 1.668694334029905635e+00 6.113728111934096709e+00 3.839668532828858005e+00 1.524629953486671186e+00 1.578762468353618775e+00 6.276839110518118048e+00 3.988671827943335746e+00 3.764254685433543468e+00
3.775362805793055498e-01 5.195380638495538328e+00 4.915655783745774166e+00 6.090420464504566311e+00 1.047831193561769680e+00 5.930422981478066902e+00 5.395277209005672425e+00 1.974905349645605490e+00 1.317499729951030041e+00 4.135628463349109829e+00 4.414001086035991506e+00 1.428961969874159355e+00 1.657322455900288372e+00 4.921330985185639051e+00 4.725623064899097336e+00 5.417971015565269610e+00 5.332302780721685842e+00 2.752420678905394547e-01 6.107407186887419570e+00 2.656218969274994013e+00
4.077601641817574674e+00 5.558365120042144447e+00 5.298115429698451173e+00 1.968291919359124620e+00 2.576044101961052490e-01 1.188720022907032714e+00 3.489400408251124852e-01 1.164232619887864972e+00 5.004768304717724270e+00 4.726087553801597174e+00 3.399484082456438738e+00 1.797201968647035741e+00 3.521809952623502049e+00 1.538862028996274889e+00 8.405074019968808985e-01 6.081983588405430741e-01 7.855141742934179661e-01 4.251004007946634466e+00 1.169050478560947903e+00 1.725674303476387728e+00
5.907425575383287608e+00 4.199413285064344414e+00 5.445437041087703101e+00 5.273918584725069358e+00 5.114509017381137390e+00 3.293530505457077595e+00 5.915741575653794548e+00 4.681599618769023863e+00 1.114066271734739155e+00 1.630715663384628700e+00 4.584468191646075219e+00 3.683897997161956539e+00 4.630676266499857974e+00 8.993200008025038494e-01 3.550741780307247630e+00 5.239654833019306679e+00 3.437090615567761187e+00 6.280801792054717225e+00 2.260213522033740485e+00 2.369588088542946558e+00
2.374869479226822747e-02 3.844203764688198799e+00 6.047454426013496587e+00 2.188544718435769365e+00 1.765520115416127966e+00 4.003556518582918500e+00 2.446513321599464996e-01 2.220285899727388657e+00 9.563371403685045902e-01 2.058223129288351494e+00 2.336484514391292677e+00 5.124669883103597279e+00 4.468077822372235275e+00 2.726442656124837161e+00 9.355439367554705399e-01 5.745782877467563665e+00 5.747592585115447683e+00 5.599870005654163485e+00 8.829775197066831449e-01 1.885106168801130355e+00
4.944088949736707983e-02 3.944151226955106448e+00 5.060025557827150244e+00 7.556069770547334530e-01 1.441330774538117199e+00 3.055387973039050298e+00 4.425555224315332881e-01 5.785979931621313632e+00 2.049309734155615459e+00 5.316162606907298027e+00 1.671404824847631643e+00 3.949099539171565088e+00 6.162585638156172330e+00 2.221920704017710690e+00 1.820493600321759553e+00 4.816505192309162853e-01 5.636790682998745750e-01 6.131276255954733578e+00 5.486204490598241890e+00 6.262177026098001420e+00
