6.198232188017125388e+00 4.810151224566073580e+00 3.974143299655335859e+00 4.908088062205008484e+00 1.281410412405915300e-01 5.898195488933460240e+00 1.347773142612532782e+00 9.462631767943572303e-01 6.668598838859783884e-01 6.416090612845813945e-01 6.032132347642249037e+00 1.592903285153067339e+00 4.879601376110094257e+00 3.231692585885115765e+00 1.708151869615184282e-01 1.624185023452672905e+00
2.374006517767146829e-01 2.175730605744983670e+00 9.510267000664679449e-01 4.061417872062239809e+00 4.926469097621041904e+00 3.291272271785797982e-02 2.461256975675841563e+00 4.977069245823650512e+00 2.186955130116583934e+00 2.943682389169115954e+00 1.531546728185753548e+00 2.295840808646909981e+00 2.678875472143037673e+00 2.032442345863476163e+00 1.589452257321456896e+00 2.259842512306832862e+00
2.078180563923238910e+00 5.416601522696213422e+00 1.872059131127290943e+00 6.274317879434340384e+00 5.209930698562284412e+00 2.843599104839265035e+00 3.452759448309636436e+00 1.247091476467424132e+00 1.306277605722750756e+00 4.655206152046633683e+00 5.590003098735619957e+00 5.063089661332611513e+00 1.024533710311578139e+00 4.751767873419723287e+00 4.784492821776993310e+00 1.615853860652090024e+00
1.563000867096466129e+00 3.954217975591696188e+00 1.365978930112152989e+00 2.583487660689186782e+00 5.429208189809171969e+00 3.158985643974731694e+00 9.053536086752066447e-01 3.100384835274318185e+00 2.251664712378088407e+00 2.538646292390695169e+00 2.045856084348993242e+00 4.774599647667512770e+00 9.169318603564783343e-01 5.586441095619226971e+00 1.239798681269595804e+00 7.314644298310482018e-01
5.374035965173725060e+00 7.761114836428513186e-01 2.057502167355468536e+00 5.984781739512944121e+00 1.857681946585779453e+00 1.304244612662417646e+00 5.167664739526888873e+00 4.110229301055212225e+00 1.013029083750058845e+00 4.168209712742554918e-01 4.622874897201924682e+00 1.464231613448978786e+00 6.108135270522608629e+00 5.737575661213032419e+00 2.006473474913226251e+00 7.298860777503156649e-01
3.520109234062948622e-01 4.334804275271567420e+00 4.696335137416352445e+00 1.401197091664106331e+00 4.151987043292050927e+00 1.627419966098993864e+00 2.832565374347970621e+00 3.648372535152622831e+00 4.997979797990036666e+00 3.428319509664342402e+00 3.097253663318126016e+00 1.873216181738663222e+00 3.309039567182430641e+00 1.766066294340496334e+00 5.417548952631379144e+00 3.683320423240791008e+00
1.071343796951217842e+00 4.026676626808297854e+00 5.951033689077883437e+00 5.614035140876459939e-01 3.225854180454005959e+00 6.205740638478284055e+00 2.727535156717928011e+00 4.790911416036948367e+00 4.963941750862630009e+00 6.233033939808518831e+00 1.198686958845667228e+00 4.827468689215432818e+00 5.054920225373978226e+00 5.357667167611098513e+00 3.488704240721352434e+00 5.576648697397634358e+00
5.510807777171731203e+00 5.690812476754028015e-01 2.024468855588982930e+00 2.517057580755406754e+00 5.287026642287434797e+00 5.765382018750315751e+00 3.369071413878445553e-01 2.826003347890288175e+00 2.415397697156613344e+00 6.225638451789269112e+00 5.779974739927795646e+00 1.945824009647394215e+00 2.888665397066131124e+00 4.838596045810080959e+00 1.795387260313392019e+00 3.731944114252749856e+00
3.589270278016757576e+00 2.971135450775547859e+00 5.852615029477001407e+00 4.299113263004908703e+00 5.286851046025525136e+00 6.839568418343116019e-01 3.678004883636542655e+00 4.479410473151834715e+00 3.181346840964627720e+00 1.159594635604885848e+00 3.776399199361756054e+00 1.714232628116747259e+00 3.501040466950662289e+00 1.288076150514744445e+00 5.580017769904545233e+00 2.606772780197877726e+00
1.056581443072106552e+00 1.209615667624953372e-01 2.247768193425249805e+00 1.890346962272019482e+00 8.664164173022045334e-01 2.693423088942656918e-01 4.753551527781961106e+00 5.520570972478602734e+00 3.596754279054390491e+00 4.377777384698980256e+00 3.473007487303010787e+00 5.483939732399706557e+00 5.001173937131057734e+00 3.374633594814389514e+00 3.559925332218020877e+00 9.045157592974649718e-01
2.453165081526243796e+00 4.022046313862924216e-01 4.913965765418628173e+00 5.257891886042808771e+00 4.059057572432430483e+00 2.759446188967857871e+00 4.655882173943546753e+00 1.808159881955018200e+00 2.101844501503196572e+00 3.396978445990892048e+00 5.388713773627042958e-01 1.802675875123697979e+00 5.790012407215206380e+00 4.792064319134468620e-01 9.357637400907167224e-01 1.732103950711666229e+00
2.881849618483907527e+00 4.943289472978416477e+00 3.318714970260604247e+00 3.628045066937177321e+00 5.206791553349592760e+00 4.481378569249966914e-01 9.470105604608674010e-01 5.114610226869972465e+00 5.941075412511511722e+00 1.460626261210580035e+00 4.444357179391261958e+00 5.992152355815715481e+00 3.434743203357383923e+00 2.545899818934499681e+00 5.238398140784928714e+00 5.595838863228233429e+00
3.951324110839551818e+00 1.327842122611614384e+00 3.116929714088518377e+00 5.849343867696401134e+00 1.100607631677945480e-01 3.656080760728328105e+00 4.992965312098887054e+00 1.502206990898202754e-01 2.633122014830545421e+00 3.748712406036636136e+00 1.212041033401900059e+00 3.960008994308020114e+00 4.402298474845713017e+00 3.083591796258559725e+00 2.019966384699386275e+00 2.800983773221099038e-01
3.496094400444028416e+00 4.763235196128297488e+00 1.899924318766710085e+00 2.621703527324111160e+00 6.556717727977077192e-01 1.855470395987421028e+00 2.875087557540115579e+00 4.599818581428189113e+00 3.082303475230747658e+00 8.170146965561472241e-01 5.311508003909369613e+00 2.739566862526126023e+00 5.196684684824552924e+00 3.248852820508493000e+00 2.550185177200577358e-01 5.986268916539480678e+00
5.306018548198556672e+00 3.783242113321703126e+00 5.038634259113869085e+00 1.042424587497755573e+00 2.386467472052699712e+00 5.766991742140047394e-01 1.175363223514375388e+00 1.695494912953500632e+00 4.566561043952328980e+00 7.554225104234264521e-01 2.270018895815392845e+00 2.974101467567046519e+00 4.083440891350745616e+00 1.037921408574967064e+00 5.548040973694439160e+00 2.180081795444512860e+00
1.054901115226446251e+00 6.082841639478382412e+00 1.676104607454030004e+00 1.177419650539426765e+00 4.129528791968092527e+00 4.377403656141168220e+00 1.778341936417546565e+00 6.073220636097991232e+00 5.435420498670516132e+00 6.188098685979804614e+00 3.046503746379594091e+00 3.189308372318986784e+00 1.156271913310434440e+00 2.693822866404715466e+00 4.880478634480827971e+00 3.403903254677004941e+00
5.450598180961669925e+00 2.666899022552648990e+00 2.743041758689462206e+00 3.771397022251185560e-02 5.757966610428217002e+00 6.026989996745202305e-01 2.157989197943305903e+00 1.647557146231601433e+00 5.773254207347859435e+00 8.617473230625931624e-01 6.081190948153565756e+00 4.208737151416364064e+00 2.115143899103552716e+00 2.949120292217004558e+00 4.958301110811695445e+00 5.035860625024512593e+00
1.541821127604754649e+00 2.505274149393480962e-02 2.535869309326377774e+00 5.388428734763921923e+00 2.850984170262741202e+00 4.414435987614650614e+00 4.973134477102940210e+00 1.295382844971914027e-01 4.615803611750605384e+00 3.068665305938106158e+00 1.845352915001320149e+00 3.630457480455600905e+00 2.274234192513365560e+00 1.704671325005594706e+00 5.091434334244291371e+00 1.000973065127093609e+00
2.388512540890734837e+00 4.745863077846456335e+00 4.800013772314509097e+00 4.012642300006165286e+00 4.203546184776059569e+00 5.855390022402443329e+00 2.725725980022264849e+00 7.223374886407225859e-02 3.037046878838259190e+00 4.350534945026349742e-01 3.115349501264693899e+00 2.165684270122411714e+00 5.505605429687067343e+00 4.407565964451652718e+00 3.308762048069308292e+00 2.367572287832294009e+00
5.907320448562381365e+00 5.853035487895144051e+00 1.556624643405907449e+00 2.385876512852508569e+00 8.467953129933792900e-01 1.538385496750223957e+00 3.815452839358789205e+00 5.218187018155872714e+00 2.352515876798278338e+00 5.523567602700892643e+00 3.777968445218053528e+00 4.165612650444606047e+00 2.252835793157185407e+00 3.293855042558074597e+00 1.177276911394299130e+00 2.225091774320601345e+00
2.852983567570180679e+00 3.262620497356753801e-02 2.725269662667160642e+00 4.519967862389434821e+00 6.548825946476298787e-01 2.202469810034914044e+00 3.801086047064313522e+00 1.694547107028799182e+00 4.658989127487001447e+00 5.918466924076835056e+00 4.690412870835371173e+00 4.532044647093971257e-01 4.878925562291036577e+00 2.085608254972147080e+00 5.796422782271585916e+00 5.611468523637483052e+00
1.685268460994258088e+00 6.049276891388895905e+00 6.100163633266401320e+00 7.109024868599660429e-01 5.695143165465767154e+00 4.823328329595225061e-01 3.451042931501202560e-01 6.042621518613183085e+00 5.187595200690145347e+00 4.910096114715671867e+00 2.256382614008432874e+00 3.685180218341884029e+00 4.427495220242542828e+00 1.488089947961263926e+00 3.372394949859693014e+00 3.511171857721321565e+00
6.071668287139001308e+00 1.590464632275861989e+00 2.359520942549462763e+00 8.421432012213623253e-01 1.878555568267384013e+00 4.131833263747691554e+00 5.383690002551421827e+00 4.563746565581362269e+00 3.714592510507161105e+00 5.090606594351818615e+00 1.167944634466591802e+00 3.963990015680362244e+00 2.241692600260325907e+00 2.903759474095050752e+00 4.816542158041427157e+00 4.325996450847951813e+00
4.863503596338679458e+00 3.557029939020154963e+00 5.665876929394124240e+00 4.565167441950668703e+00 1.952290257362973236e+00 3.289330531310630801e-01 1.508021955265246516e+00 5.022521646035014165e+00 3.690080356564558350e+00 1.933825210761051849e+00 3.193673909931813881e+00 3.044112127748710872e+00 3.680561157216758694e+00 2.295510609513401246e+00 1.868082505785063560e-02 3.098692824416264813e+00
2.080064425866354316e+00 2.408505993987059668e+00 2.415299350987138105e+00 2.838449793631924400e+00 9.803366527425505517e-01 1.571779230505761626e+00 6.846864667844850816e-01 4.620901232129434710e+00 5.926568990138564530e+00 5.539845831956882627e+00 1.716982204292017755e+00 2.500611094099809861e+00 2.135207626414538762e+00 2.023516653190997605e+00 1.925674775100680636e+00 2.606792067533488577e+00
5.142296523014980636e+00 3.990052555188308592e+00 2.045349979556852826e+00 3.700513990741301829e+00 3.133114963180808399e+00 5.427568682433618008e+00 5.145054813958781281e+00 3.547628525569183733e+00 1.207693225495420464e+00 6.254734511270227948e+00 5.761750797978197447e+00 4.676375038542129658e+00 5.837181128227447502e+00 3.551618803849736050e+00 2.572450671096165320e-01 1.232858488977799372e+00
6.102989591588529272e+00 2.920696350609135017e+00 1.344512911602610661e+00 3.182893323505354921e+00 6.198481263407263242e+00 3.872870656391701694e+00 5.586158253082431635e+00 4.802966144191421982e+00 5.502005210808516011e+00 3.169830784676974655e+00 2.702112994208147878e+00 4.035836715114966111e+00 3.060096547837042102e+00 5.458181139923270919e+00 1.598347432301098658e+00 3.674958975088020718e+00
2.922337413565101905e+00 5.972411823673552611e+00 4.521899080723037478e+00 4.519171078491783788e+00 5.994898784083142473e+00 3.322168942397573321e+00 1.929691104172015725e+00 3.611080134468118263e+00 5.055261971942425214e-01 2.229956089438108968e+00 4.880879803178887144e+00 5.058554355989131501e+00 5.380905805021440891e+00 1.485580736353261155e+00 2.756975922175663563e+00 1.858781922713278245e+00
2.414046962453407108e+00 1.502266316849098837e+00 6.244616930159350154e+00 5.796422234409797092e+00 3.505063401488737629e+00 2.768416255605272269e+00 2.993341134388074476e+00 5.067517384391464041e+00 5.021247918971826429e+00 1.475399214255151525e+00 4.836386194229310043e+00 5.962529261069604569e-01 1.359726239311981333e+00 2.732377234396143439e+00 1.038281120637483568e+00 6.260385010852537180e-01
1.997684028888731644e+00 1.686645640757329589e+00 6.155282514820633599e-01 2.056165444905124318e+00 5.620192733971629551e+00 3.815847039387971318e+00 4.323740307570019148e+00 3.430943095589089165e+00 4.849638282117800792e+00 5.847944570394941977e+00 4.608728650303889118e+00 5.621506325190544828e+00 1.306384422050781424e+00 7.236653956917462605e-01 3.171008022648184266e+00 2.175183134494627080e+00
1.229687728350930653e+00 7.127965461527462354e-01 5.356306686325474686e+00 4.568214106219191883e+00 2.943972961600121341e+00 6.061349681197731876e+00 2.830587107628452781e+00 3.304842312045520369e+00 2.155817301822874565e+00 1.832878042606397306e+00 8.647102383623790356e-01 1.665246132885701280e-01 4.776210446485903205e+00 9.598326089204423095e-01 7.586206306020487622e-01 3.857549204697612755e+00
3.636545351053474651e+00 5.923587494856611180e+00 5.903876198636338835e+00 5.701088174826263177e+00 5.723134287474465509e+00 5.105143058635215780e+00 3.081774065992854972e+00 2.185421156955824618e+00 4.089000620530486074e+00 4.222930194238901258e+00 1.088964982522768965e+00 4.060753696192491269e+00 5.926127847743791754e+00 2.077603006033280408e+00 1.828099427884214201e+00 1.335730811007026952e+00
