4.288390945533029353e+00 3.476544326976588550e+00 2.618519936048425034e+00 2.184844214120882810e+00 2.560654687608587388e+00 4.467361782841419160e-01 1.812121052164482382e+00 6.057527111068877090e+00 3.763697249831891689e+00 5.785606237826610432e+00 1.798738011943069592e+00 1.404642788328126057e+00 7.646227763310426973e-01 4.808884915209435951e-01 5.070199194427445377e+00 5.612725853521141950e+00
5.885022862956996725e+00 3.617737553832966135e+00 3.116457041476861978e+00 2.884110011185727185e+00 2.627993094108556360e-02 5.303056316515169399e+00 6.076893069564697214e+00 5.170578971159090820e+00 2.286819084862913964e+00 2.831770578675986805e+00 5.385866897294731004e-01 1.497704610336287656e+00 1.524815292508962417e+00 6.135120578708696648e+00 1.007194370519758575e+00 1.193462738136314094e+00
1.472889931266531116e+00 1.392009750535837753e+00 4.569364719686987542e+00 4.166948334539442911e+00 6.241413431084561481e+00 9.207879833204377640e-01 1.332821987508822914e-01 2.586063250432697469e+00 7.390379588432404168e-01 5.335604190296550087e+00 5.793229819896120958e+00 5.942600612610688060e+00 2.243690219776200756e+00 2.030590412850301174e+00 3.360330511114265395e+00 4.362120440681153788e+00
3.097965296084911113e+00 1.195988245103484893e+00 4.556468591617034214e+00 1.363136035778673927e+00 3.989326087483140881e+00 5.007660199349521335e+00 1.965018842845876801e+00 8.525149906529984056e-01 5.142698493843906427e+00 4.943041699598843763e+00 1.690462656353756143e+00 6.175524096430422105e+00 3.111321242044121860e+00 4.940048122221144311e+00 4.739809958407671608e+00 2.238123525440156136e+00
1.731768322324289400e-01 2.331307705894630988e+00 1.934332869652449993e+00 1.170348885145706230e+00 3.258453399866897637e+00 4.380406108892661798e+00 6.873267543750176678e-01 1.489751142376142812e-01 1.740763128527025527e+00 1.914065711953544024e+00 5.886807124454423779e+00 5.457063189388581925e+00 2.675842382215454673e+00 2.151133765332469139e+00 3.957860862182855932e+00 5.755779595613859989e+00
2.346132930182237342e+00 1.840059408232750382e+00 5.636060283302613882e+00 8.625476010088021228e-01 4.284947255761026419e+00 5.054504371684386044e+00 4.228251461981026971e+00 2.727710137197451701e+00 4.230926103425938223e+00 3.387521973500002392e+00 3.614750823452327122e+00 5.051675595352233650e+00 4.101898572969029821e+00 5.275305409188141503e+00 1.729096720970588974e+00 1.154037796165824803e+00
4.608426275044987364e+00 3.362197964215608792e+00 1.305193889983324862e+00 1.940669916958885910e+00 6.379477609154882156e-01 2.766284306956177663e-01 5.373985703098109745e+00 1.008958193196972664e+00 1.349108694829050714e+00 6.867766653933097265e-01 2.775049638816722730e+00 4.512610805040208062e-01 9.521490514208006406e-01 2.104245442831518265e+00 6.050161653600725664e+00 9.162120992875343317e-01
3.478556704044970083e+00 3.516515684152904164e+00 1.685899733538601453e+00 8.833443683110865363e-01 1.562970290785216543e+00 2.822902190970826286e+00 3.088067155746774262e-01 3.758029831068364857e+00 4.774301128360442625e+00 2.620397309815524878e+00 7.452092417917229872e-01 1.022189493128527138e+00 5.515100867428527565e+00 2.913476164772705435e+00 5.741936899054874033e+00 5.339833824223130243e+00
4.912859327330842518e+00 2.142037108013177704e+00 3.677040685722654079e+00 5.781700936358218357e+00 3.394974820212322886e+00 9.141687296814440256e-01 1.564022994981884906e+00 5.876014739699838785e+00 8.512761239849238326e-02 5.677754521725120185e+00 9.010334680954784625e-01 1.143163345700774602e+00 2.344740550718741101e+00 3.980624587494028255e+00 4.271719369101174557e+00 6.028351051741678290e+00
1.060606050630241715e+00 3.671203451231562997e+00 1.015825708702357000e+00 1.427372141633196367e+00 4.270562064935981006e+00 2.752460768693116400e+00 4.817997107289756720e+00 5.369958897770595208e+00 2.487271863661236093e+00 2.006753356788961717e+00 4.836465630028512486e+00 2.994520316292000217e+00 5.954772504770676100e+00 1.105949849798011142e+00 2.103402474617073747e-01 4.195898909182141701e+00
2.469679292302310092e+00 6.207899651633041138e+00 2.186818517349337077e-01 5.664332338212337170e+00 3.055994566140135760e+00 1.947758210795487388e+00 2.678532489100617475e+00 9.979437035594166394e-01 5.560707074858100896e+00 5.858565795063431558e+00 4.601719399417890877e+00 3.349734010241962157e+00 5.862309342551110802e+00 2.407685685745183157e+00 4.777660178297581162e+00 5.201625941820923332e-02
2.660032126074474590e+00 1.919426120522161883e+00 2.473606588065376144e+00 5.216510689891642016e+00 4.222079163672096236e+00 3.632794782777278186e+00 2.918303148132883162e+00 6.219875675873546506e+00 1.685583172149029751e+00 2.999545132082284127e+00 3.108369843491647799e+00 4.966989384187451506e+00 4.538941240289305235e+00 4.727635486211453575e+00 6.061959979998055026e+00 4.213781688587253882e+00
3.536769379243020150e+00 5.674058165279073584e+00 5.331252167845383916e+00 3.557269931076453062e+00 3.834408896323175941e+00 4.883400818164974844e+00 5.807765569873523326e+00 3.961608939238180138e+00 5.284275386275796293e+00 4.935341539491305163e+00 1.658433661494655709e-01 5.290974716343225914e+00 5.225523213603351813e+00 5.792532464243435264e+00 3.264569305258105736e+00 1.058102572751430381e+00
5.813410825839071094e+00 2.015761849475332212e+00 5.318545716323816563e+00 4.080882845338514642e+00 6.692498823363404181e-01 3.142484243411657996e+00 3.668723149766845992e-01 9.033650996841749992e-01 7.020151907255450796e-01 6.250472872365484989e+00 4.648136680301605317e+00 2.660707875678617294e-03 5.569607525240207302e+00 1.025260844710666364e+00 3.871728994979371841e+00 1.652547699179712559e+00
4.418159997610828782e+00 5.638972996923142134e+00 5.906734293922392354e+00 7.803735587218862957e-01 5.162621493552780549e+00 2.456511942497770828e+00 3.943199452989404108e+00 4.682468406411041784e+00 4.085695212063098936e+00 2.387145423106026509e+00 2.925620269212374058e+00 1.568827112350956732e+00 1.304302294135796014e+00 1.591999337099258074e-02 2.607761917342301228e+00 1.324545270453741708e+00
6.106087972448662748e-01 3.228195853795662540e+00 1.465420892619952342e+00 1.563655588440831634e+00 5.680598251434247459e+00 4.495783617266051024e+00 3.505681238297930213e-01 3.100623750764805120e+00 3.227624368205629146e+00 3.984048214314221958e-01 5.230179603965982693e+00 3.510308203156461637e+00 1.875128028561896754e+00 6.268599850744979385e+00 2.523374346615018471e+00 4.992278823749058070e+00
1.707481337591551518e-01 1.331276464971399065e+00 1.191409566581998813e+00 6.217156120275411979e+00 4.164144364409343879e+00 5.118720332854170607e+00 3.285436713616743276e+00 1.863434093151986382e+00 3.217217831166246711e+00 3.932695884050838142e+00 3.573224049247405443e+00 1.401400792108499216e+00 3.987312036446994945e+00 3.475173166432339755e+00 1.335668331605953885e+00 9.698085977343811059e-01
1.268465297588143859e+00 5.015374405293885118e+00 4.914997328318297498e+00 4.764784115592789249e+00 5.198080204397346193e+00 2.582805402667709416e+00 3.930626700965696774e+00 3.547339891055826477e+00 3.962370840963191476e+00 2.069244191050839010e+00 7.198158263537286494e-01 1.518840419052572610e+00 4.955292452450495766e+00 3.514183642290707343e+00 1.462222107296613061e+00 3.354173780511116476e+00
5.632614238984526622e+00 1.180007525327883000e+00 2.681082850704044063e+00 6.217491379757911218e+00 1.316766330938358154e+00 2.848794196553813052e+00 5.949802226780593895e-01 2.303712629233241493e+00 4.450730064425918009e+00 1.360709258418898004e+00 2.372163707969141111e+00 5.144378385588556313e+00 3.713178096046941157e+00 3.926693648552170846e+00 1.445636169074616673e+00 5.357475574704834820e+00
2.637973174040422197e+00 4.848718585332311370e+00 1.299376955685694446e+00 4.384559132873373954e+00 6.027071142849929064e-01 3.277284077649491145e+00 4.531572027640920375e+00 2.322491793401436411e+00 1.779554757381029750e+00 5.367218109106650203e+00 6.243022297981743129e+00 4.739224925359023510e-01 3.241995639415757413e+00 1.108234463153180194e+00 5.898988611671569515e+00 4.484974298568626061e+00
1.601902176179095694e+00 4.357269361331592705e+00 3.603780170234621494e+00 1.185369212835155839e+00 4.993076869192185185e+00 2.773663806387283159e-01 5.276958718560917028e+00 1.606776908792720393e+00 3.635082699449752486e+00 2.596367415316315874e+00 1.766894607827572905e+00 6.148450491775806270e+00 3.775147041818182614e-01 1.688375751182179085e+00 5.038334844128439904e+00 7.498923157640530190e-02
3.298692259837074925e+00 9.089490161171298599e-01 1.616143938761350984e+00 3.306354536147021239e+00 6.238442079602234180e+00 4.150524268908512227e+00 4.070802358797148024e+00 4.638925803537879311e+00 4.914760368239177168e+00 1.813090620231756045e+00 9.495099434103683178e-01 4.829828766051418754e+00 2.806272061337402798e-02 3.448778947799523653e+00 3.387686070347067258e+00 4.160322484399688214e+00
3.272281012205395356e+00 5.988132133119520084e+00 1.543972457560658151e+00 3.188790233204171543e+00 4.095463909375608225e+00 5.442207089516934104e+00 5.266860116297010563e+00 3.579759310032628594e+00 4.450546487563691755e+00 1.658410950159721481e-02 3.693666581982651298e+00 4.028765387912902618e+00 1.082034641446901091e+00 4.618912471759204941e+00 5.297976315301578865e+00 6.122162403160323230e+00
3.310084447777018823e+00 1.572036584373645296e-01 2.699626150786969880e+00 3.331327978899913944e+00 4.069312298087393032e+00 6.148944904567048120e+00 3.776310971302104136e+00 2.523284489129335117e+00 3.487046684376562844e+00 4.313887822418056572e+00 2.505231266751273722e+00 3.800079111812598498e+00 1.597835248232252425e+00 5.520634890103625736e+00 7.259562942604043112e-01 3.510495919113708396e+00
4.803245643246165208e+00 5.446966945505579361e+00 3.394722586809117981e+00 3.684826312972057094e-01 9.003869226428854455e-01 3.831761182277192646e+00 1.256327302452435513e+00 6.135808644326216310e+00 5.124096116725475270e+00 1.689081782963844036e+00 5.625015982690777960e+00 5.697531899283449164e+00 1.493130972632048525e+00 2.260487595839287156e+00 2.488593617693509952e+00 4.063075901821886493e-01
1.339106923029004248e+00 1.969889114866942181e+00 4.223666661516322640e-01 1.744857037552011603e+00 5.215335998783365845e+00 1.217725799580650081e+00 5.879479690104230105e-01 2.176279788730963283e+00 3.725345876064921402e+00 4.096218715654524445e+00 1.693602878769790321e+00 3.764138127985659388e+00 5.129456804947476911e+00 3.068521811984228798e+00 5.346485973958801097e+00 6.261687343673846939e+00
3.470820627666731273e+00 1.577728293178945584e+00 2.829981166131465997e+00 4.465449185484739125e+00 4.929245725882497098e+00 1.224750133081919712e+00 5.792341720955350048e+00 5.993476495585009722e+00 5.399651410908816729e+00 3.199764081139405913e+00 2.794501631813206544e+00 5.268516554513874794e+00 2.637684122709837098e+00 5.136491958729717311e+00 4.227982414403809841e+00 6.464801914908577807e-01
3.590190213362766114e-01 5.049951465560408970e+00 4.364529281599931032e+00 2.654002655754491347e+00 3.076112740115581001e+00 5.496435725565611108e+00 9.857374998108027198e-01 5.750095936929504603e+00 4.381118339593724542e+00 5.749669800215416515e+00 7.028746215273981024e-01 3.341105773392469835e+00 5.686319339217384083e+00 5.463402553407883389e+00 8.127100015506569797e-01 9.045501444314590911e-01
2.058584941634511445e+00 1.823292307966658310e+00 2.558383682762323641e+00 8.287041558777445693e-02 2.680017510416255355e+00 1.986588734073939433e+00 7.566114361607496619e-01 2.356755232906573572e-01 2.008158046768486749e+00 3.142565736150923161e+00 1.624074737035841931e+00 5.467262971905522129e+00 4.331189625175865254e-01 2.293517827869937520e+00 3.598314034456256749e+00 5.026456716021016291e+00
5.080369973220765445e+00 3.160330532554346039e+00 4.975858295613290849e+00 6.037370086014626658e+00 4.480718292581957307e+00 6.268181528214484821e+00 3.564580139152793148e+00 5.760162263367561764e+00 5.004695664565343982e+00 3.041902977383331153e-01 1.396710484279693743e-01 2.081698464122605063e+00 1.349523032109666731e+00 2.367708947788598195e+00 4.067315926689366035e-01 3.395404365423876580e+00
3.001986776210880503e+00 5.284510540709615789e+00 1.306380333571522667e-01 6.248853318765515752e+00 5.472924649628566840e+00 1.627323211966051009e+00 3.927327522384769676e+00 2.817981033007832981e+00 6.194068773662393390e+00 7.657940134791885178e-01 4.698870136278311627e+00 1.989257393071644855e-02 3.601481710653979373e+00 3.374144376806316625e+00 3.233186686893751993e+00 4.860247729762700253e+00
1.841222129283327735e+00 9.359266311486611478e-01 1.452958800345373724e+00 5.709001388867459781e+00 2.735221033992760287e+00 5.415675854838957193e-01 2.343350899411547950e+00 5.571173074831672345e+00 2.020905713986247410e+00 1.756973724570110029e+00 2.403150481143783157e+00 1.260706454011150335e+00 9.354652437639301432e-01 4.130642111599988731e+00 7.196601236647963695e-01 2.857465538044042130e+00
