4.634196449817897800e+00 6.220654632241858550e+00 3.322052779415795576e-01 1.739968236926743295e+00 2.860580820754667464e+00 5.068136217503378838e+00 5.622987600621233817e+00 2.218206562859357689e+00 5.092041665736736000e+00 6.076442005675157354e+00 2.164947893420098524e+00 3.449698826911144600e+00 2.247597129699477225e+00 4.545080105791161174e+00 5.739060998976206918e+00 4.630570220270767479e+00
5.118907889892543750e+00 9.744474532778153453e-01 4.113138762521447056e+00 3.962127670361345277e+00 5.155911095160325530e+00 3.435712535280114110e+00 2.826823110374031334e+00 4.232783490545937610e+00 3.173452173865332959e+00 1.920898426002767279e-01 5.967941241910185823e+00 1.917386509364708891e+00 4.558550058465693944e+00 8.595343665983337100e-01 4.993665210449627523e+00 6.127879514051781662e+00
2.515977268249689480e+00 2.913253589883855188e+00 4.252224484356828427e+00 2.332914198385418025e+00 4.286837529307419570e-01 5.370632921747567678e+00 5.298302894625916970e+00 5.970207362418830321e+00 4.651667005707374791e+00 3.953411202894979937e+00 1.333173078697769354e+00 5.974435612908870930e+00 5.436597557996147856e+00 4.875912314008516546e+00 6.078921391681633146e+00 4.134730116428576019e-01
3.153599037255693460e+00 3.209021023930159089e+00 2.432164140897266957e+00 4.424874176945109205e+00 2.773012948252604026e+00 5.733057328557759291e+00 5.066510562438586440e+00 3.791909336965096688e+00 2.542578522531611984e+00 3.580540425640466040e-01 3.949020267409773410e+00 3.603766035215461017e+00 4.553143914100386880e+00 1.699310130032017918e-01 1.895473539395329476e+00 4.747431025613056299e+00
3.371347106078265821e+00 1.881307352814173273e+00 5.714743567490514486e+00 1.510141590792882349e+00 3.484662148776457080e+00 1.640421419974094963e+00 3.524085650066501874e+00 1.265056709271617175e+00 4.309590280831076647e+00 3.796927681415426914e+00 5.289775964535503583e+00 5.248782955256197980e+00 3.799550669964247174e+00 2.941039946407130845e+00 1.324776540289512639e+00 2.901914430724941596e+00
8.396558414482413468e-01 7.821718722559914960e-01 5.240424090566355719e-01 2.407852329482437881e+00 5.780942194823482261e+00 4.836227122622837271e+00 2.089978250414222805e-01 3.501149121358361427e+00 2.079656245345324006e+00 3.290638077973446762e+00 2.654485281820295750e+00 3.354556424111178048e-01 4.436327126705954527e+00 2.105480050083839316e+00 2.209281330096399265e-01 1.693603736352749189e+00
2.191367738802395770e+00 2.889625198867163958e-01 3.268080221121625772e+00 4.990429333375254295e+00 6.174137827482451435e+00 4.591825337606555979e-01 5.193741981305647570e+00 6.015177819931238901e+00 4.470262579052528551e+00 5.832349665532477800e+00 3.215111108465514289e-01 2.734432322772659685e+00 3.545888480575473345e+00 2.502710174234459739e+00 4.714118208550162947e+00 5.139594884521940799e-01
6.281746370921210243e+00 4.280942101233512487e-01 2.268110997329722878e+00 1.525212898117769722e+00 5.290853317280091339e+00 5.878192799452656381e+00 3.418583848332403363e+00 5.149707615925217752e+00 4.698765890986402183e-01 1.338826858733177749e+00 3.383981941554531914e-01 2.938995370529526863e+00 5.429369246241195768e+00 5.544275747032245683e+00 1.584849926986322821e-01 4.911898456414752090e+00
2.220901344525326504e+00 6.267788489632168059e+00 4.951795490939099764e+00 6.132042414466189584e+00 5.255858944880109185e+00 4.942131407145853750e+00 4.289288837032663615e+00 5.775532855031322299e+00 3.345486786150586589e-01 1.254504897373309946e+00 7.335813660530180469e-01 1.333663367199661165e+00 3.250226462711253816e+00 6.642714386490125023e-01 5.807982844625025898e+00 1.000788355739438806e+00
2.202879703187795024e-01 1.385079957042317789e+00 2.315364458472206066e-01 5.756256224487848350e+00 3.105672727251601373e+00 4.307152138160263988e+00 6.225402159935482516e+00 3.192141247591024467e+00 1.000912906895633947e+00 1.857624369138897169e+00 4.132635816622564739e+00 4.879741605270956128e+00 6.002708210092472463e+00 2.871171607502847611e-01 1.069214469357268937e+00 5.410293816836386771e-01
2.573368351716128544e+00 1.846410767311272183e+00 5.166481421925246842e+00 1.342580866820957120e+00 3.353447038905964295e+00 4.451083926829868531e+00 4.431543134335776735e+00 4.001021445887726458e+00 2.962505157459307981e+00 1.899485001030987386e+00 5.018419150402122497e+00 4.041273917547372641e+00 2.183398294331666545e-01 3.955321075280086252e+00 3.591816197075064832e+00 8.904427535050195575e-01
5.266417001189553027e+00 9.415866143459501458e-01 3.279026253838186911e+00 4.196878256293710585e+00 2.105754861830843261e+00 5.060631679615466894e+00 9.117798419703133650e-01 2.651819514011358958e+00 4.098748413540712399e+00 6.787331097674341729e-01 5.194427337436037462e+00 6.243340910808668376e+00 5.363267121090909972e-01 1.738295032661722583e+00 7.119922145457567575e-02 1.570699136146984642e+00
4.819274724006084476e+00 4.781887136859459986e+00 6.232932886236585368e+00 1.331762307699122960e+00 2.898539939159100687e+00 4.103299506711175049e+00 2.286086107160302916e+00 9.906740758563592486e-01 1.205499390278248040e+00 5.005612499522190006e+00 4.926922012118588157e+00 2.097513095891353707e+00 2.576557864086239658e+00 4.566161395604186879e+00 5.254653000322909939e+00 3.639260895763869019e+00
8.460637410063164277e-01 5.092825766748069860e+00 1.267861672595416711e-01 4.273503301593655657e+00 5.349084823402344036e+00 5.866848610776859374e+00 1.198043951206273272e+00 2.764228883468543785e+00 5.815758333981799311e+00 2.450936061294486379e+00 4.957827616288060568e+00 5.105654365500002179e+00 4.973798496506149469e+00 2.865323162713314442e+00 2.215290349523620694e+00 7.688434057977752874e-03
3.995211965287213118e+00 2.850257193334265970e+00 5.290816743521944865e+00 4.551510234559773771e+00 3.956398561836765637e+00 5.357549120859254721e+00 1.814200188619428333e+00 3.687495804069626626e+00 4.635994656616591492e+00 5.367339435248934087e+00 3.314912255506635153e-01 2.026469927491945988e+00 6.274728780826097640e+00 1.400493194257551144e+00 2.038305785160978267e+00 1.361349560551567750e+00
6.768965797303149179e-01 4.608013846975516081e+00 2.172093122287221956e+00 5.395788222015043267e+00 2.895700000896838766e+00 9.436374134391096735e-01 5.814377076183157911e+00 2.935509978566348543e+00 3.104063121601951192e+00 2.894878605944094740e+00 1.191643425347804097e+00 6.253784845671476411e+00 5.184298897423361696e-01 8.719992559878226857e-01 3.657289772147057416e+00 4.272339630212468542e+00
5.585650262879990002e+00 6.041114350634236629e+00 3.372579177804697625e+00 5.022677230165544238e+00 4.615809767938499952e+00 5.615407139024594763e+00 8.401999886643433113e-01 6.031133466982625535e+00 2.216026821210534070e+00 3.344802111885262441e+00 3.318909479678004537e+00 6.074138328852037638e+00 3.530502638013223393e+00 3.124013454363092634e+00 2.664627689275385958e+00 1.631784334803515701e+00
3.003054895149788184e+00 2.453448648995968373e+00 2.054317642147942991e+00 3.088010487148091787e+00 2.251123581664443929e+00 3.770802246383382794e+00 2.407036044308299427e+00 3.713886732359372278e+00 6.034685882140676805e-01 6.138638483928865242e+00 5.210734408911728011e+00 3.924540793995822341e+00 3.705837266215497472e+00 2.584988666300116034e+00 2.996484337202153014e+00 3.543689852016216779e+00
3.222670718993681849e+00 5.901978049610898225e+00 2.944606516335322333e+00 4.958277670738775456e+00 7.812603205346031754e-02 2.704920468929501887e+00 3.410813021322941285e+00 3.831600769669095907e+00 3.657795866939204110e+00 2.684504813463551187e+00 3.593584958970949650e+00 6.730604202028137584e-01 6.228653797417528892e+00 6.169868602520620193e+00 4.932074980032497891e+00 3.975350701161548539e+00
4.374966066883662741e+00 6.068371296786685853e+00 1.041841721343338856e+00 5.007465110495319394e+00 5.205428363394025482e+00 5.751106849386432351e+00 1.182250814917933823e+00 2.262939169123182825e+00 1.653670134852621487e+00 4.803652573870378362e+00 8.474949319630659117e-01 4.384006022550236636e+00 5.362664230674063504e+00 4.574365009760477108e+00 1.693673212580347753e+00 5.106772842814317315e+00
7.198270491478611088e-01 5.892890841179953654e+00 3.865719250902007076e+00 5.701527071076958997e+00 2.683872169638857663e+00 2.521827341072790385e-01 2.281835431690432348e+00 3.878580104873507572e+00 4.906722499580891572e+00 1.995221094569084919e+00 4.493510065531245878e+00 4.529571803897624704e+00 1.999064013389452610e+00 3.864529997985963305e+00 2.770714994368143280e+00 1.387096765369060236e+00
1.758003197753498781e-01 4.191676666481442659e+00 4.279996637305101714e+00 3.092719975812599831e+00 1.353690927686088008e+00 3.661673150403527366e+00 1.277009344121684764e+00 2.018728747192786444e-01 5.394824136652050406e+00 9.500232899096066053e-01 4.932916639018435134e+00 2.886532190436641887e+00 1.049379821522814504e+00 2.496537213442751924e+00 4.022364268055584446e+00 1.639594469236523189e+00
5.176340634479726255e+00 4.173757208024976073e+00 2.602347636021605126e+00 7.040080437327239649e-01 5.285563889497177925e+00 3.078737230252898360e+00 1.108670462807036960e+00 1.534807728038858121e+00 6.288573594256858801e-01 7.273690824028530288e-01 2.520988853087203108e+00 1.028199508791035832e+00 3.981966480639151929e+00 5.587302541969560110e+00 4.667388100972438281e+00 1.856159426786759825e+00
8.720780424335278225e-01 5.816027354541967398e+00 5.498707269009966758e+00 2.753064718639176789e+00 3.938390703467924858e+00 1.380065866043466372e+00 6.126622556651317719e-01 4.062485344172317880e+00 4.959086196715730921e+00 4.169450918545290818e+00 5.766495540697009758e+00 5.341692714298481803e+00 1.251863587595264837e+00 2.236777106495731804e+00 2.038758336224105960e+00 4.439374106975138901e+00
3.178326653847980410e+00 3.108295040452548896e+00 5.184107981562861234e+00 2.573850612099761292e+00 3.225636735014134615e+00 2.282540184718417464e+00 3.217424262370212951e+00 3.463875728206345705e+00 2.455535008149478671e+00 2.620270585168871791e-01 2.887573524910414857e+00 6.017927658133458202e+00 2.231684226125389081e+00 8.346920042265928430e-01 1.482704581516776088e+00 6.066481404544783018e+00
1.718857687443929638e+00 2.691778108193508601e+00 2.704160790038049100e+00 4.234667936516731679e+00 4.330868583254959603e+00 4.557286261340790290e+00 5.902753762794294978e+00 6.233283473574297240e+00 6.272036482262290491e+00 1.074639321690279703e-01 4.863865752741506121e+00 5.781079896444103028e+00 1.625495655097867198e+00 1.118879877275155810e+00 7.369430142081965229e-01 4.633790495073626836e+00
2.419135291450560388e+00 3.122709121850507863e+00 5.084596013783651891e+00 1.010684108729908992e+00 5.627951306136574239e+00 6.019473745858845426e+00 5.702408974986367340e+00 4.969850209559263932e-01 6.174414429977034935e+00 4.224955929378746422e-01 1.596821139908582765e+00 2.848836823494347303e+00 5.554315198922014751e+00 5.699550957696767561e+00 3.056946933288811508e+00 2.289297471378914484e+00
5.912821583207475307e+00 2.889049059231753258e+00 4.029165885701427641e+00 2.360093937521004381e+00 5.024969705618294036e+00 2.258189742463194261e+00 3.276151790865375002e+00 5.231870291145263252e+00 2.525667610995698809e+00 6.651113396463467220e-01 5.293919524226442519e+00 5.524897485553042387e+00 2.810407098947071525e+00 1.882658566785607279e+00 5.226555928438763043e-01 7.095145906509210398e-01
4.180273224984604852e+00 4.607469980014748501e+00 1.375493951886857413e+00 2.705352215691319451e+00 5.878302076604080106e+00 3.922269753083795774e+00 2.823263173505277113e+00 2.734815261319622492e-01 4.637483639317363071e+00 2.660388686617177534e+00 3.528556493828405305e-01 3.635494173242294291e+00 5.939600456008736984e+00 1.609635993562630096e+00 1.653385940680366151e+00 5.828780694550583341e+00
3.088978898659373584e+00 5.401967130055844279e+00 4.731714034379897349e+00 2.605715037702136527e+00 1.004596939763499952e+00 5.615453448676699821e+00 5.513613037946449857e-01 6.051862985036017939e+00 2.424493734863117922e+00 1.556400634032727215e+00 2.569910263477100276e+00 9.855083423953189259e-01 4.955514907932085045e+00 6.515545756038980674e-01 4.162672546194133183e+00 5.210725851035541423e-01
4.679898441089064498e+00 5.750526925818910229e+00 1.434949522993882454e+00 1.637706520412825384e+00 4.052955910667489725e+00 4.811630261316626189e+00 2.691125043021040941e-01 5.997264223156251184e+00 5.591214626032797064e+00 3.197577169026609045e+00 1.786654679979061022e+00 3.899335342252522985e+00 2.441586921681853095e+00 1.049713863997825181e+00 2.355068559722192312e+00 1.745604489133847137e+00
9.182163754229423491e-02 3.250405763350486255e-01 5.951561055023547375e+00 6.029400396504944304e+00 2.163098441582195441e+00 1.091515778862127251e+00 1.395743214035378155e-01 8.077553535739662172e-01 4.531201546717992912e+00 1.502351674951218463e+00 4.255853231701863137e+00 3.067725653073941405e+00 1.982170852121538873e+00 1.834943901535028177e+00 1.002628801430720307e+00 5.677897395793681135e+00
