2.337188190102043872e-01 4.645392941734650449e+00 1.428276830928994601e+00 4.263906663919732942e+00 3.297914664863533574e+00 2.404148791030148669e+00 3.818569182834962827e+00 1.444130231478513604e+00 2.061587980909911633e-01 4.596157542874482083e+00 6.060656870228571691e+00 4.429751379562024916e+00 5.743169676174323612e+00 9.593433269544254793e-01 5.732231074568788110e+00 5.304848307794486573e+00
3.917367169025909757e+00 1.132491132853275850e+00 5.113400910608661754e+00 5.124870797688448221e+00 3.368523134788744322e+00 1.776529544457512211e+00 4.648943532918177191e+00 2.531858211903843081e+00 1.471373122171368619e+00 4.093425120265076211e-01 2.209830854990244564e+00 2.670580778547500866e+00 2.231555181291917211e+00 6.259292101337490699e+00 1.891951461600274387e+00 2.498752710290017998e+00
3.069783653796681389e+00 3.698399941320651418e+00 4.519674170381785316e+00 4.933995883188367237e+00 4.821409433915802012e+00 2.888703815095984062e+00 4.655810359509868768e+00 5.137695411000663626e+00 3.035789538020987166e+00 7.450543583909867706e-01 2.906775970342771576e+00 2.697523772904003359e+00 4.697846838971405425e+00 2.938430043664163716e+00 3.903821208923147434e+00 6.304331301553241229e-02
1.590633902866154470e+00 3.254289450978162801e+00 5.734844321803617362e+00 1.880805503744151785e+00 2.835738892440554881e+00 3.377452327757426875e+00 5.393959520249453021e+00 4.732992954388021367e+00 4.681990278377810566e-01 5.736570054450806033e+00 7.105388974489215692e-02 1.078992399755211107e+00 6.050781311956221487e+00 3.914736591152273348e+00 4.947744146027045709e+00 4.496643862341472619e+00
3.829658135232993921e+00 3.222196477591359187e+00 4.009208506888818135e+00 1.348034022003889776e+00 3.889116500737447968e+00 4.769331764319994171e+00 5.992327065392062391e-01 1.798552368193858664e+00 4.703129657121405849e+00 2.130472901086303494e+00 5.023715072108906554e+00 1.491559178556197018e+00 5.375289900231787321e+00 1.897824839890261739e+00 4.021860506945425517e-01 6.063797250759221491e+00
1.605515960456251445e+00 6.179212731764782696e+00 5.714175881582507444e+00 1.484844304943752302e+00 5.455877312483184305e+00 2.553598486622419728e+00 3.596553154145055053e+00 1.596296183615243613e+00 6.163322447901183665e+00 5.486222764839378208e+00 1.988752565379363402e+00 2.891165289150011031e+00 1.601162499930688932e-01 3.722217941088002302e+00 3.443354288061743151e+00 5.130453930235290283e-01
9.002457392683865800e-01 2.699611611876167494e+00 5.703767754279905233e+00 5.752097317180279390e+00 1.064473983918679867e+00 1.994819597440223191e+00 1.740252157988592119e+00 8.578664995871878585e-01 6.367317292918820426e-01 4.668552478939236750e+00 5.395603751594378217e+00 3.024118692208206838e+00 1.616859305647082579e+00 5.464392726316021687e+00 3.218402788430503869e-01 6.236503825743064056e+00
4.732657839009696055e+00 2.186001087314439761e+00 4.452332989226393423e+00 3.353996704332057099e+00 1.533511634473065710e+00 1.034388420581226375e+00 7.957823088196650518e-01 1.536437141516700411e+00 2.197432499543782836e+00 6.026987654356501523e+00 5.340346324868454175e+00 1.785953766077617244e+00 3.239470611794716515e+00 3.082522741415472556e+00 3.354170513056324410e+00 4.213316407516943585e+00
1.922374657218478777e+00 1.094779159327236018e+00 3.976373599645753598e-02 2.964517369591614493e+00 4.164168428380048859e+00 4.314619527321246650e+00 4.177399968233922678e+00 2.888767783712558046e+00 8.001692475237688340e-01 4.205147904155288607e+00 1.664693508895316976e+00 4.689934770983456680e+00 3.205798506649138790e+00 3.107829460243725084e+00 2.517942223498939036e+00 2.067968857102044644e-01
1.474885078589291521e+00 2.431541336259227748e+00 5.647039702965120256e+00 2.621726261241890121e+00 5.075219234063498064e+00 1.763821532301405037e+00 3.830477706730741172e+00 2.249717770102087844e+00 5.782066051121135253e+00 1.303097939514397341e+00 2.828231284590812411e+00 1.041752384084241756e+00 1.986145713556213277e+00 6.251183512938925269e+00 5.956761923678453918e+00 7.244807458628964580e-01
1.343943446112138895e+00 4.990521747077432124e+00 4.496232177270178987e+00 5.007443826885751292e+00 2.813883680904045725e+00 2.375727692064929286e+00 6.997022947622359990e-01 4.222058788997820500e+00 5.049785760867615991e+00 1.194033132686426607e-01 3.594263088610010204e+00 5.158314800232413511e+00 5.261185543355144212e+00 2.077023285795689400e-01 2.012660395713188333e+00 5.050853618415448665e+00
4.366840663660573441e+00 4.717094275949627397e-05 3.828698051612608122e+00 6.211966238810499696e+00 5.239946720770540800e-01 2.930612248511391904e+00 4.243800116826652591e+00 5.565556355529060362e+00 3.237408372136522772e+00 4.094459464429222706e+00 2.482235477775301735e+00 1.641184624497919131e+00 2.650112071991824969e+00 8.794150086184667758e-01 3.685251715679077833e+00 5.251581502161765336e+00
5.597265606661890658e+00 4.367561690645316297e+00 5.760982386782460551e+00 4.182258559015955335e+00 3.223893258000755324e+00 2.587491556209436272e+00 5.241037150953255619e+00 2.247745360891896471e+00 1.228053661954715325e+00 5.630313383821269113e+00 9.005451284834542491e-01 1.811008786966627815e+00 3.232924684810675742e-01 5.084321515637737043e+00 1.341361651106415920e+00 3.130331854929011559e-01
5.953317935728340338e+00 1.084422388586208097e+00 2.622142737753653474e+00 5.690524101509425670e+00 2.455030094297393273e+00 2.084306754181300292e+00 3.983766062082152892e+00 5.406976677435147316e+00 1.731756793495054403e+00 5.568715186139786333e+00 5.165598352092311885e+00 1.004353672186627966e+00 3.630697836727814654e+00 3.613899099722815422e-01 1.838048164805926366e+00 6.588160373551875670e-01
4.831542087964370569e-01 2.633156735958634087e+00 4.767357126490667341e+00 3.321444401120797085e+00 2.436286627101512892e+00 4.202865112889672794e+00 6.118234765763784111e+00 3.782683198627668553e+00 2.695042285791945158e+00 9.367595288653478569e-01 5.246104380791702049e+00 4.559249115718412071e+00 6.710752849041243806e-01 4.485477277750860026e+00 3.320789397332091220e+00 1.882380030073578903e+00
3.173477240068931504e+00 2.271162640308904024e+00 2.478007597413037111e+00 1.169916588935434154e+00 5.492049390092209826e+00 4.387537825336517372e+00 6.235378256187074086e+00 6.037552902618718242e+00 4.445046091865383353e+00 2.511150014195136393e+00 3.988037103833602104e-01 5.366499490353309199e+00 6.001584112153533823e+00 5.584938347474396103e+00 1.892385209751863417e+00 5.216201340468937353e+00
6.234092738490746299e-01 4.216020305835228854e-02 2.124222459946884189e+00 1.902330325309486536e+00 5.588576482326964801e+00 2.774157423436789838e+00 3.288701149457183170e+00 5.486982866353078414e+00 5.059698140897165963e+00 1.928566590114974444e+00 5.172950243944674398e+00 2.697139047476266871e+00 4.297111750816039688e+00 1.032514425090559573e+00 6.444671262003108803e-01 4.348130733766854661e+00
5.638396020598665181e+00 5.178152123238362492e+00 4.348396825890905149e+00 2.639195641659727531e+00 5.851324610897257195e+00 3.854967558169688502e+00 1.170408155466211131e+00 5.744797968447704406e+00 5.969652137226966637e+00 1.521681324723879181e+00 2.077673698934079938e-01 2.296101495507859802e+00 1.438218546781621532e+00 1.115164174978905187e+00 5.846201840272962080e+00 5.700284490083411981e+00
2.216894692067594708e+00 2.254676824828437898e+00 2.674433100538556207e+00 1.319972811894334130e+00 5.552838194833369379e+00 3.995182535336731622e+00 9.211270784824435731e-01 4.123798708929609091e+00 2.240764291396896146e-01 2.909674021673152033e+00 3.306278829050884216e+00 3.201462337509349609e+00 5.597053827017887784e+00 4.288121113758138314e+00 1.656799657781081292e+00 2.195175696057396930e+00
3.007811392797725691e+00 5.257704532736832803e+00 6.224453663621646982e+00 2.427240558757381095e+00 3.898255883406227973e+00 3.066401043335683418e+00 4.521389211886044812e+00 2.380079537547689750e+00 1.339359358759908636e+00 2.040733612448307088e+00 4.511608295161704696e+00 4.739697623936352855e+00 1.529981854944484132e+00 5.806695096580195559e-01 1.640192952091837686e+00 5.000283055779372710e+00
9.190814081763526433e-02 5.750867755218121991e-01 1.397438047736781597e+00 5.799100988123071510e-01 1.013487498783747442e+00 4.434144494918878188e+00 3.339009730218850613e+00 5.368804323689209568e+00 2.057568736214760996e+00 3.599778544532493463e+00 3.935724266312925490e+00 4.763118632430244581e+00 4.431784134799375607e+00 2.283234576145792005e-01 9.505152420561635562e-01 5.965776647769186702e+00
3.600917965546589716e+00 6.031086223114759726e+00 3.431115763504275495e+00 5.187818915434096567e+00 3.002323987691497109e+00 2.513760920617563510e+00 5.778643660022118489e+00 1.589615737775988302e+00 3.283364015145424197e+00 2.563450579767484250e+00 5.479975234230431980e+00 6.145626362242043506e+00 3.066749005092876512e+00 4.073620106716763445e+00 1.098317890319906898e+00 2.769519785118479849e+00
1.746473748878946575e+00 5.305176461164195167e+00 2.231038727667335575e+00 3.508767011989483375e+00 5.424717384166918066e+00 1.793229904087609849e+00 3.084941877335931171e+00 2.902042747685185109e+00 4.781367355639313921e+00 4.728123066959838416e-01 5.198673731159956013e+00 2.609286546907025883e+00 4.029913775811052368e+00 2.884792348854278377e+00 3.993559030116734743e+00 3.580415996379988641e+00
6.230350899252588448e+00 4.183864886414633943e+00 4.562994275982010794e-01 1.190966391182279732e-01 1.289847165254450312e+00 3.463198496517785330e+00 2.904032774999717459e-01 4.752581091023644788e+00 6.087546716663402080e+00 4.784470634530544331e+00 4.893632928991950237e+00 6.034634933531820566e-01 4.824916641845232057e+00 9.359495524851372261e-01 4.965118258280455166e+00 1.212510469466758334e+00
4.238449170745983707e+00 1.054639255342903481e-01 2.415521184404212374e+00 3.030863808811611104e+00 5.556749527589042614e+00 5.651139248376004787e+00 2.194141800584467727e+00 5.501659116745649669e+00 6.057643725745534447e+00 7.756619686966491622e-01 2.761925851402607712e+00 2.090203286122211956e+00 6.038448908969124673e+00 5.645905700044928643e+00 2.044507961699381315e+00 4.694071137474517208e+00
1.782155959796732025e+00 3.960604798673136306e-01 5.283723010138646758e-01 2.241771624449158118e+00 1.300060280407052238e+00 4.692119412450758809e+00 9.835357035826877148e-01 1.780728669852283508e+00 1.747398905189784246e-01 2.252714354622166737e-01 5.251103452094646684e+00 1.132696376632483570e+00 2.383928963888388264e+00 3.263625891195225392e+00 2.770414268501700583e+00 4.914944526643886924e+00
1.011301484224844449e+00 1.367466883659059551e+00 4.897904970886591158e+00 4.542870758516410312e+00 3.799702649189491854e+00 4.427718655925547253e+00 3.512815909627219124e+00 1.662222255560438899e+00 1.047442959972094689e+00 6.128040689286649467e+00 5.928301332452424965e+00 3.114951786559507774e+00 2.931999151556555105e+00 4.565625370873298117e+00 5.264751449443492604e+00 2.039471447948093985e+00
4.717579655380875758e-01 2.410050478381868810e+00 2.382322493184001022e+00 4.053165455499502912e+00 2.354879291891962545e+00 2.851821200506655885e+00 1.420491491902039938e+00 1.504174628903592437e+00 3.421816907027561250e+00 1.544831858103158373e+00 6.050561784182910685e-01 3.921628562396368700e+00 6.916600408174772285e-01 3.258683703694103873e+00 4.074283102350511498e+00 1.642601430163819431e+00
5.866501233357430678e+00 2.621232227068280851e-01 4.326603654036357938e+00 4.744531502363278364e+00 3.048453608735251397e+00 2.363699102521825690e+00 2.425430124878712679e+00 1.461652495281094088e+00 2.791205509810248842e+00 2.469191977863018472e+00 5.733913626103626981e+00 1.222057906977477071e+00 1.038903681487438391e+00 8.248357857022105000e-01 3.507208205279506608e+00 3.853419538851459158e+00
1.404882273416575345e+00 1.687335221339144820e+00 1.278163077762982658e+00 4.075941461718235459e+00 2.862130837843272602e+00 4.044010566956504960e+00 3.604848620790788161e+00 4.825680655943626718e+00 2.791921748035660622e-01 3.741609163117950221e+00 4.046864054092233154e+00 3.669157319902444758e+00 2.504987169300711525e+00 1.543743804799446506e+00 2.731315021937697374e+00 2.633591446574848671e+00
4.327479704803021576e+00 6.087967115844162613e+00 1.339198134747786595e+00 1.254611704460907584e-01 4.006311711850561785e+00 1.617627832859821702e+00 5.445524897862588531e+00 5.611572773360215649e+00 2.590824132811068381e+00 1.437177743233085669e+00 3.990095536780084551e+00 2.293788811213566259e+00 1.662424208309651208e+00 1.743179505118440664e+00 1.382423552701878555e-01 2.642337776469717792e+00
6.147839052631239198e+00 1.379273218977286941e+00 4.713860666052228865e+00 2.558611333763078477e+00 1.949556005324216912e+00 2.953873588772619740e+00 8.663452577243417885e-01 2.007479673768702177e+00 2.757955461178848378e+00 3.183925678797000725e+00 1.522035054909338658e+00 2.273399235097237181e+00 3.851041576550159551e+00 3.195956115771319883e+00 1.875233137644369830e-01 4.623416792453526547e+00
