5.559068871170790516e+00 5.205591449330706055e+00 6.050913941117611827e+00 3.205200262903364350e-01 1.325913402294147392e-02 5.355374735019466037e+00 4.676375504319631560e+00 4.406151041427633253e+00 2.546587777808149156e+00 5.401604421525194155e+00 5.572848932478127182e+00 2.890860912796186621e+00 2.520520147656308274e-01 2.149800294019749813e+00 1.785578379784934944e+00 1.248519395746638061e+00
1.785017663228376517e+00 5.063074482456107361e+00 4.442162406515215878e+00 3.386021507334909142e+00 4.281158935877509286e+00 5.587209707256437952e+00 2.619743396064897034e+00 5.888878072501083416e+00 5.611293099153168207e+00 6.238887415397195824e+00 5.146911370578167499e+00 4.977075140347583471e+00 1.921613719950991284e+00 2.405373314934769802e+00 3.961925787503931318e+00 2.772864745873400150e+00
6.027402874818200473e+00 1.665180082941187245e-01 5.168901829316432384e+00 4.018236025425937719e+00 2.912100512848106781e+00 1.475577016161427668e+00 1.597180067380356450e+00 2.782082724031324172e+00 1.268474073513349065e+00 2.122745549082282412e+00 1.058097633762744794e+00 5.996143632952549929e+00 5.758783892880404709e-01 3.210634813220615946e+00 4.695316771131657352e-01 2.912565836697530663e+00
1.821653245384453612e+00 3.829849615945783547e+00 2.984128237132613659e+00 3.948220567649554091e+00 5.531540060793215474e+00 4.059008470414731562e+00 2.374647993959659864e+00 3.621861567129347037e+00 5.929990202578664382e-01 4.604234820780245485e+00 2.349934217036832251e+00 1.719309250370151476e+00 3.732042860511692872e-01 2.203118645765512529e+00 6.201692751969446249e+00 2.348525474536059754e+00
1.485603270055146918e+00 1.016812750549992872e+00 1.921173170277278075e+00 3.755661607179340944e+00 1.454442541620333040e+00 4.264993927417653374e+00 1.403942149654918481e+00 5.353156816676779783e+00 9.138730107336682229e-01 8.101994821662981128e-01 3.948392315948827114e-01 4.622021022644099197e+00 3.942439853402462946e-01 5.171288787748059335e+00 3.199524077629743335e+00 3.915795268387068262e+00
5.583495831774061280e-01 5.475336582470182734e-01 6.488613029433187851e-02 2.305769802051070627e+00 4.799833897919552506e+00 4.727095543852996684e+00 5.574420866458901891e+00 1.427772096556771952e+00 4.532883154793467817e+00 1.161516401977584101e+00 3.045164826592705598e-02 5.784897064675281975e+00 4.526532343267716918e+00 6.085056098093770238e+00 4.243504828601236234e+00 2.856985716810536591e+00
1.474716150826183014e-01 2.092455783983100837e+00 1.018573615617710315e+00 5.949048530509116084e+00 1.069753901880616365e+00 5.480834822805380480e-01 9.577375530783853730e-01 4.588108233521213108e+00 1.376984286792803713e+00 5.307933785325030129e+00 6.029238705027200496e+00 4.352243268848832614e+00 6.223518154959998938e+00 5.690253736921841998e+00 3.900337470742159418e+00 1.395007528383612971e+00
4.249722465535896165e-01 6.274840706198988372e+00 5.283886134753442043e+00 4.587626818066747325e-01 4.410877411095670553e+00 1.448599937796289483e+00 2.061465769855525654e+00 3.674453459563444824e+00 6.087679451425777266e+00 3.439401038256487464e+00 2.527894279048814585e+00 2.600155846420615813e+00 5.163913053813472764e+00 3.691617990054071541e+00 5.700444302271582941e+00 6.202339364427532642e-01
3.032904731263462494e+00 2.656190314495315175e+00 5.289028973038942816e+00 5.717659165580760039e+00 1.428736470989462992e+00 3.634366834166586013e+00 3.973134391267354903e+00 6.205428034345272792e+00 4.838558523315827031e+00 4.083806102598935617e+00 2.322897528645554655e+00 3.263720950301763679e+00 7.043796604229861646e-01 3.987848161918386758e+00 5.921002980981464603e+00 4.434151419472486033e+00
1.987927144897427389e+00 1.389070077874429820e+00 3.911746381884088741e+00 5.480611418713556837e+00 5.175724889778702931e+00 3.375287637139780528e-01 5.450637481346995550e+00 5.400970257575211875e+00 5.689825855276898103e+00 6.045259105974261082e+00 1.696200001479492681e+00 1.398849822434874213e+00 3.722704595677471806e-01 2.412213121642884150e+00 4.679529586661694829e+00 4.967277970022083267e+00
5.973797648372508817e+00 1.549417352456572639e+00 3.025939458077192334e+00 5.167723921168852819e+00 3.658948119988814085e+00 4.148291645803199756e+00 4.684807872102632054e+00 5.092375902915332597e-01 4.594686850519397403e+00 9.340932849052681064e-01 6.156614121457483435e+00 5.488552822353197413e+00 2.015008903498970216e+00 2.798380432374746096e+00 1.881142453282938165e+00 1.278329816082987680e+00
3.796058342230813620e-01 5.331633305061715955e-01 6.316868504666836026e-01 4.520341406850325150e+00 3.429291063276101781e+00 4.368891837840545578e-01 5.190211453529780528e+00 4.320842125307183146e+00 2.353642241365087262e+00 2.745998038102280159e+00 4.573244731642843952e+00 4.912754711294842758e-01 1.363345969493504839e+00 5.926267306959777770e+00 6.057674000932629532e+00 1.437624535348343002e+00
3.524687279065445544e+00 4.831758382664378182e+00 4.873290548508581566e+00 3.909101194982558258e+00 2.605105369285619421e+00 5.625260759422367585e+00 3.945884726253086505e+00 3.163358624293473031e+00 2.767356810022638669e+00 3.593593006767700881e+00 1.919348659911920940e+00 8.061271204274618185e-01 5.215335662667151873e+00 1.238625646000210967e+00 1.142110977868143751e+00 3.421260290378381530e+00
5.224603653524192204e+00 5.191585500130275754e+00 5.988310057462114422e+00 4.797517090667989592e+00 2.311429178826225339e+00 2.708075250029362557e+00 6.464262394385535959e-01 1.071034664935420322e+00 4.840118889156526549e+00 3.579348560619358466e+00 4.675712781166113885e+00 2.309079148456150588e+00 8.946233990051412066e-01 5.179247623460191186e+00 1.595503790622603058e+00 2.568536304419632987e-01
5.277896843976080277e+00 3.716267715000278304e+00 3.598050774822727060e+00 2.362815779351928214e+00 1.140505044767962328e+00 2.875921341408536058e+00 8.166611968248510545e-01 6.234918851373720372e+00 3.987904276908824208e+00 1.298868140516664216e+00 4.899762048176192764e+00 5.085725494577123307e+00 1.033644785285936063e+00 6.244520623757161992e+00 3.684181642894091890e+00 1.296119027653059419e+00
1.592108487882090362e+00 3.364703153437043071e+00 5.953154530545972989e+00 5.216003019397006391e+00 5.468124284785020883e+00 5.550365296460456344e-02 1.024157239720632440e+00 3.022058806082236426e+00 4.135827520110138877e+00 1.691268145805539191e+00 3.597289714241929115e+00 5.244325793533142210e+00 5.738068363318115317e+00 5.028803669761562567e+00 3.363238521836013017e+00 5.280750155073516083e+00
7.045457366413145905e-01 4.276312000366307764e+00 1.167884623895773633e+00 9.641946408338520902e-01 6.084026164290650129e+00 5.302153354445163558e+00 1.962538226472302805e+00 2.542231728535734980e+00 5.058287716178601734e+00 3.022644656564339449e+00 5.193291238935588972e+00 1.898627652692014500e+00 3.341689117428513267e+00 3.192358928901848802e+00 4.733260099170554014e+00 2.438502312125063742e+00
6.015312164605362000e+00 2.151054204997682184e-01 2.784766496441539729e+00 1.473516170262545666e+00 5.662946251854299895e+00 5.938742614765037953e-01 5.909604228709772755e+00 3.768483450146554059e+00 4.730816266857916119e+00 5.609803010431867243e+00 5.543754593803439157e+00 2.662476765674026691e+00 5.670563213031790895e+00 1.844008564592388044e+00 2.157085564924907661e+00 2.156167998483538462e+00
1.752202578465986149e-01 2.526280336893088840e+00 3.817421042386681673e+00 4.952850521163044917e+00 1.761660981710635898e+00 2.075994811174020960e+00 6.646397450832914888e-01 5.348995718902154195e+00 8.011630195698575818e-01 4.510770724295490197e+00 5.203851610355765267e-01 4.844407041849328799e+00 3.589678409277750060e+00 4.126794762981591980e+00 5.280084795776770257e+00 2.156691688467739176e+00
2.087164721278662594e+00 3.649997551841491550e+00 3.263707669738149519e+00 4.981734267258232762e+00 1.695024143713952158e+00 1.576509198980746707e+00 7.115481690429779904e-02 2.703112516102189611e-01 4.677620827748609322e+00 1.442698798865535981e+00 1.718729033728731759e+00 3.154129797245289524e+00 6.081237770845595136e+00 4.694701379931430552e+00 5.698857543691061345e+00 3.796277687510204668e+00
3.218537603947714043e+00 2.248550363280782616e+00 3.110828727071342836e+00 1.997770608356477684e+00 7.033071348628729957e-01 2.970235336498215251e+00 4.050471518372492419e+00 5.326161250155883042e-01 3.931518327234856169e+00 3.507401747428920746e+00 5.401107338754724374e+00 8.881412966258546149e-01 5.783345056991168853e+00 2.173503002910124327e+00 5.586509389328571384e-02 5.857474077034803273e-01
4.192366482708463238e+00 1.498757079106725953e+00 5.877898012790055304e+00 2.634132591429795500e+00 5.629551245414829985e+00 5.181724109453662130e+00 5.666809536273995640e-01 6.139116008510689504e+00 4.430882679401991986e+00 1.026336433212491350e+00 5.014607490834305237e-01 4.290900134839491509e-01 2.110313413926003800e+00 4.115880488172173557e+00 5.934126122702346073e+00 3.225479856582854410e+00
6.520258413819425281e-01 2.744105330613864524e+00 2.630057191898050650e+00 4.413998116764500601e+00 2.951670124351924773e+00 1.437770670956121544e+00 7.346011306183494183e-01 5.416662540110296575e+00 5.655774921033873248e+00 6.004040576543065555e+00 2.820558185724590938e+00 2.585502310535676695e+00 2.520045521825299062e+00 2.090106934422626850e+00 4.545097901594347678e-01 5.238007290336565092e+00
5.611262290079279680e+00 4.399358241193040975e+00 1.824961292650959743e+00 6.247311920624148307e+00 2.203077645009276164e+00 1.386227328883925969e+00 4.429952970983360494e+00 1.516032047651221459e+00 5.311157260995558183e+00 5.718880623047926548e+00 8.315789640717792253e-01 5.629712697192453597e+00 3.707409660185137845e+00 9.995069786375061771e-02 5.141759847861091526e-01 6.130873025598027937e+00
5.990760881701805651e+00 5.897827031812846066e+00 4.913117127581911880e+00 2.194868676776278615e+00 4.582010355780869126e+00 3.293654316848257935e+00 1.472222838674726031e+00 2.294964152248552658e+00 4.846730018488328184e+00 1.091032147596075363e+00 1.796391340078893784e+00 4.622236361341820476e+00 1.873942818370518459e+00 1.209283329541677610e+00 1.394570536778861003e+00 2.310601547304455661e+00
5.850804774468958414e+00 4.746723534544616818e+00 4.510340005184814594e+00 4.007019258699400233e+00 2.147348126993499307e+00 5.348549788653097714e+00 5.159747428546047843e+00 2.873555186065347211e+00 1.370100728592205552e+00 1.754290783111801755e+00 1.242531161165845166e+00 5.548633880627771298e+00 6.235857945630368881e+00 1.680241590489460979e+00 5.151602341922157935e-01 6.675958128030112793e-01
1.308403421164736846e+00 6.046284365748960887e+00 4.890560908270886742e+00 4.630553591911018785e+00 4.560800776815388424e+00 6.027616402840165755e+00 4.304156105704975310e+00 4.079198574727552540e+00 3.645236782719747826e+00 2.894621963046733804e+00 6.279608411071693652e+00 1.904462641210749263e+00 2.977710407650364210e+00 1.252864683743855734e+00 4.026512379468325520e+00 5.731011669063594383e+00
4.254853755379951252e+00 3.438082276017390360e+00 3.600473214120173283e-03 2.433948258479186055e+00 4.240776881982979418e+00 8.379903683640582690e-01 6.037303409741568316e+00 5.620186460901975600e+00 7.044108773268299428e-01 6.276164304943980810e+00 1.039858207583473693e+00 1.601120868779565054e+00 6.084509811726341866e+00 6.198203118405642087e+00 1.485303127964490155e+00 1.908910118676445666e+00
4.038795218274402465e+00 2.981854780024880552e-03 6.483717806064895894e-01 4.975039931516342939e+00 5.151899329504917802e+00 4.552571952639023145e+00 2.665552782111336505e+00 2.864772348701099425e+00 2.059629582555850824e+00 4.471021490392847575e+00 5.395343300133622400e+00 5.195353268203700914e+00 3.545865640284620035e+00 4.131585350842111204e+00 1.741657671288672882e+00 9.902545829556232970e-01
1.378597687318883436e+00 5.805056382090536538e+00 3.490422516006223219e+00 1.056017493902354776e+00 2.389906904549732314e+00 4.480332979616227007e+00 4.847805994955507458e+00 5.749034816958864980e+00 4.067606669460366753e+00 5.543775796340757012e+00 5.371578483939915216e+00 2.212292480701627095e+00 6.104234421590446935e+00 2.267418474787835869e+00 6.395549589875809682e-01 3.333061759051869632e+00
3.671220404014816641e+00 4.557256704204368347e+00 1.324578258306382539e+00 1.326171330353902167e-01 5.693265478796423196e+00 3.461767723674244568e+00 4.967115211481733184e+00 1.608044241540893093e+00 3.343591078979174736e+00 5.141946547634002940e+00 5.660885652658153022e-01 1.359396346574472947e-01 2.890728745900938090e+00 4.618404371013223653e+00 5.291109096760689745e+00 5.742782517450192081e+00
6.271913901295933513e-01 1.501285989287806322e+00 1.790087822634332415e+00 5.331381419257901211e-01 2.818166617109708394e+00 6.166403161706338842e+00 9.799842359255125368e-01 3.139627805556269191e+00 5.303802130726825936e+00 1.247194176731598381e+00 5.398723970791140248e-02 1.959551960211688204e+00 6.083400551637986098e+00 4.487544275544969707e+00 3.454436985391364345e+00 3.986925981562009280e+00
