1.181939216546462525e-03 4.447524160304931584e+00 2.410765199769770550e+00 1.358254513021133425e+00 2.247610904946603760e+00 5.943927372504671069e+00 2.229725050670529285e+00 7.823816241602309374e-01 1.210072517511972645e+00 3.972993923783504133e+00 1.437023236106546031e+00 1.035806553822048892e+00 2.139955589832135630e+00 3.688624163402205003e+00 5.789897946592510891e+00 4.986791906282914688e+00
3.162129601045010840e+00 6.157264895158725437e+00 7.489114110663209756e-01 4.980248654935431674e+00 3.977168958402248933e+00 2.729483422740377474e+00 3.730429585239171786e+00 4.474454534073283085e+00 4.711586191582547656e+00 2.276129763860972766e+00 5.300646575303051833e+00 1.366562225331058089e+00 9.293614065200551666e-01 4.494863151799932233e+00 4.893171382062837083e+00 3.818920198531218890e+00
6.251673840948554606e+00 3.378101651732392963e+00 1.447077694089648370e+00 1.846613621410924777e+00 5.033365418988632989e+00 3.879737537290746996e+00 3.593897221088621752e+00 6.026142957580455928e+00 3.083416103894837779e+00 4.750305603689338518e+00 2.170999937013160963e+00 5.305743370834254513e+00 3.449791885816805959e+00 6.106296214296446090e-01 2.205935384889570638e+00 1.559500190493372074e+00
6.103036578547007984e+00 5.093041918367222642e+00 5.345000623020098374e+00 5.527900310917415183e+00 4.098729924304449490e+00 2.887453682559885770e+00 3.756720335775403097e+00 5.274945523918094459e+00 2.097517411477310301e+00 2.343246885645506872e+00 2.291947636048369819e-01 5.318114785541700584e+00 3.508764639777746108e+00 3.590474210328937321e+00 4.801124591061364022e+00 3.231208532071779160e+00
3.550940736155861366e+00 1.223948149412052544e+00 3.410553135584400763e+00 1.195880805616688303e+00 4.172791505067792173e+00 3.735504540862218281e+00 4.480051045944412280e+00 5.045723897988792395e+00 2.348259072087715005e+00 1.979383223985127227e+00 3.788643559992919130e+00 6.271178536962456640e+00 4.176343200429997182e+00 4.336569933905798813e+00 3.157145077961672985e+00 4.396535283199083821e+00
3.441167945477097145e+00 1.921009012640723101e+00 2.206798671716525995e+00 3.932657063477835724e+00 5.196396614142931192e+00 5.835266480761932550e-01 4.852958736415796670e-01 1.013744486575888004e+00 2.835086160713597980e-01 4.226448333186451300e+00 2.761221242888791672e-01 4.642804749333618197e+00 4.700243127789535791e+00 3.808963511433205440e+00 5.609715751376952220e+00 4.987757473687469911e+00
2.411433207417410962e+00 4.509768502022862280e-01 4.816761697868208181e+00 5.863011171825198709e-01 4.122621053170643535e+00 2.740021116527135980e+00 4.459279459183187022e+00 2.173240323536296259e+00 6.132504419942669038e+00 2.926446722780868259e-01 5.955041288959246337e+00 2.773523673389055588e+00 3.134017471440071478e+00 3.644500144605246295e+00 2.947672349447177931e-01 1.273657321488777416e+00
2.137640376163826961e+00 3.143498195849594001e+00 2.396200735192945963e+00 3.902195662013833166e-01 1.529491972017129831e+00 4.104161736474307709e+00 1.833059552358522692e+00 2.163235176420013950e+00 1.595760015933136211e+00 3.355517548618691670e+00 2.125669102434582403e+00 1.121628897956984838e+00 3.024749498794160107e+00 5.643652703866658404e-01 5.164933096980598215e+00 1.129051775820358428e+00
2.317247858974464947e+00 5.815510400167933192e+00 4.372931751385463528e+00 5.388314520996369872e+00 1.125544855596170457e+00 1.269251444447157873e+00 3.449320918240332379e+00 2.570732017366330058e-01 1.895891795401042135e+00 7.383702676421545208e-01 3.796575503890776471e+00 2.978375750897037211e+00 4.038450537185981126e+00 5.470708263193333032e+00 4.467596644942638306e+00 8.497985673503872794e-01
1.017599656203253877e+00 5.530154896277733378e+00 3.133943511505052015e+00 4.039708633034896579e+00 9.226034618132572529e-01 4.810953665273342672e+00 2.486782732659472028e+00 2.541943877435702159e+00 2.117441504740966152e-02 3.510667877601911790e+00 4.631646457431025432e+00 5.409489621674920201e+00 3.283100594381441084e+00 4.247835999052216316e+00 4.233410884259201978e+00 4.973994069528558271e+00
7.300824834994998520e-03 2.403574014329587172e+00 5.238896375593607324e+00 3.541040275721472952e+00 3.380646833982231758e+00 2.868267853031214454e-01 3.937779964543600020e+00 4.521419985688424958e+00 1.832489633719132316e+00 1.133597820886190211e-01 7.157372054255803917e-01 5.285349043413648529e-01 1.842707738420116481e+00 4.615097748118830445e+00 4.433652632150156259e-01 4.353683985137195123e+00
1.620091669622558239e+00 6.048926751445604211e+00 2.388286228346231166e+00 4.209763656517873542e+00 2.483345042108983769e+00 5.478022607346392014e+00 2.632614435591739799e+00 9.896582067514939074e-02 5.732463116952042637e-02 1.595636120560317117e+00 2.224054588210266026e+00 2.156106328850038167e+00 2.006962825124563476e+00 2.433407150418360754e+00 1.706605467619062066e+00 3.822075425172067664e+00
2.672458397618135972e+00 2.055707922427798984e+00 1.343430425934937666e+00 5.398113812093340513e+00 5.367031386065829857e+00 3.100708795327018930e+00 6.269380081180624842e+00 5.565785880342818182e+00 2.937838184706552447e+00 2.682650218158343369e-01 1.608827867163258762e+00 6.654073184341324776e-02 1.952266547355765658e+00 5.669181791489325661e+00 2.321275407915222022e+00 2.007045010492776171e+00
3.167804085071598053e+00 1.266674540870625476e+00 4.665589994890781966e+00 5.873033163787112265e+00 1.591888191705423949e+00 4.576450523316493602e+00 5.955380146827972787e+00 2.684818449635065996e+00 7.588563381108229811e-01 9.841607378898906688e-01 1.852130734167785509e+00 3.242409588071274662e+00 1.940264662471183232e+00 9.055848611868672071e-01 6.688612854359180515e-01 1.897058758368848075e+00
4.919090190233203153e+00 2.933706922391161598e+00 4.811407981544657098e+00 2.912150640402514923e-01 5.410811736793886162e+00 4.115661426845572457e+00 9.955363020494871484e-03 3.784160699944934425e+00 2.610057559614933353e+00 5.110793123527844761e-01 3.009569281700697818e+00 5.316309538662030043e+00 1.035445458560934506e+00 6.722765299464751321e-01 5.026278633237113880e+00 3.040722562216410907e+00
1.673634758379511700e+00 3.561286319437370285e+00 6.263267623297938513e+00 3.674734487854892429e+00 2.948112906830027580e+00 1.048604198054518405e-01 4.426874474052327813e+00 4.558100449683760935e+00 2.559313280589170958e+00 3.904447928996185091e+00 5.100092022209131493e+00 5.318202548514711303e+00 4.639890262797473852e+00 3.620660840700971494e+00 6.172603768206121444e+00 3.453472447893932262e+00
4.767525659579522568e+00 1.883111423445107263e-02 5.015129773472374985e+00 2.693332381844654400e+00 4.872853726217288184e+00 2.950709608108471604e-01 1.118829400105214367e+00 3.863280887792236662e+00 4.254616291410934004e+00 4.785492441042489276e+00 2.111199075878591902e+00 4.170803619012173336e+00 4.064830807947332758e+00 1.221610908243900617e+00 1.603267680599745004e+00 1.944735061720580527e+00
3.645139675113615030e-02 4.083930650332358248e+00 2.201992697325108495e+00 5.835579530098000234e+00 4.155652983162419822e+00 1.948870758781546531e-01 3.123488900606254948e+00 7.159320522596048786e-01 5.469507401104068300e+00 2.505592545570919150e+00 4.227624951637544370e+00 1.409871458719202941e+00 3.259208837510108925e+00 1.447886236574543517e+00 3.661004158390475549e+00 5.118314467084505992e+00
2.333719082580760329e+00 6.127633576919235381e+00 2.480680038561901224e+00 2.097896591166922509e+00 6.259698059467634634e-02 5.374596833273624696e+00 5.195016734791288116e+00 3.547073993449431750e+00 1.534256091821243784e+00 1.712962114352118759e+00 3.046924298150217592e+00 1.130313986474134502e+00 1.295826741975050878e+00 1.177843275659766098e+00 4.393473906680390506e+00 1.972665841712736734e+00
1.308396948226813628e+00 5.231184974046950709e-01 5.478402950437327057e+00 1.271062754966346464e+00 4.366034189888329031e+00 3.320792210002473599e+00 1.459446936222355218e+00 4.413206893020828581e+00 4.183743458746278954e+00 5.604556527190579507e-01 5.934307504362729802e+00 4.065587675589860339e+00 4.077874228902735432e+00 7.817953934672700056e-01 2.121142453487239621e+00 2.365669158630790747e+00
4.891581872073646586e+00 1.516040098100194689e+00 1.352609938293891645e+00 3.358745832992159341e-01 2.800651514377543450e+00 1.075985473161561679e+00 1.963741063895518835e+00 8.694270925177037534e-02 3.511058822188544593e+00 1.787991009467700287e+00 2.068334860692562671e+00 3.595695145185674679e+00 3.303031778918352757e+00 2.646641267560698285e+00 3.205121715666056748e+00 4.140220928171006953e+00
1.889576956081616022e+00 2.658590656576639510e+00 4.785351615955452331e+00 5.821934100268627565e-02 5.879247741127847426e+00 5.798443858409283003e+00 5.787971145884412749e+00 1.692510383226720094e+00 1.770847653588216497e+00 1.418870476948172810e+00 1.700812325240691703e+00 3.273547799021349292e+00 2.151525963413421394e+00 1.062345010314775351e+00 3.149442271349593092e+00 1.520140313363588458e+00
5.019592005272653701e+00 1.119041095471751124e+00 5.628935411688603452e+00 6.365943814574382964e-01 1.129583190921237934e+00 5.214854869218037869e+00 2.268972998036760114e+00 3.015063897074077293e+00 5.105119657817994927e+00 5.532866733586656594e+00 3.571521712095977019e+00 1.926072203768860902e+00 5.283477873026574123e+00 8.990550891849399262e-01 5.896990549019164973e+00 3.638909851941596330e+00
1.394913881709786141e+00 3.239556339706694210e+00 4.304883923474951968e-01 6.024098169997524899e+00 1.607387468549429821e+00 2.054793541613852081e+00 2.719788247312318497e+00 5.881046336370441274e+00 1.075933186829159727e+00 2.237203048893163349e+00 3.320175947152526064e+00 2.009265731256216547e+00 9.417917889776403761e-01 1.130889715901909121e+00 8.862849392912892643e-01 5.679474723957561366e+00
2.734456210205521653e+00 3.330709921257122286e+00 1.311021129933419127e+00 4.808138882079463272e+00 5.174400784644060280e+00 6.135383035957069353e+00 4.812862995914718445e-01 3.827976213845462716e+00 3.924609792593195312e+00 3.966580028071915454e+00 1.714039495713334249e+00 2.768554965766302889e+00 1.417269565607900850e+00 5.602908536315977628e+00 1.587230894083823340e+00 4.307916577436868621e+00
2.415861307659180834e+00 4.951439096953230035e+00 1.215911931042892524e+00 2.786523449170981603e+00 2.171573581087864024e+00 2.180089763963870109e+00 6.256829716041863776e+00 6.106793173352999204e+00 3.385318155646012350e+00 5.802185701094260573e+00 2.135683182989638329e+00 4.460088371207677760e+00 5.902693445943670847e-01 2.403765265077754343e+00 4.699414198112034313e+00 3.722132809359093741e+00
2.894817761406399903e+00 5.133678787306327429e+00 5.444578469431599288e+00 1.888100490914181417e+00 6.171794568955567328e+00 5.210415237039118352e+00 1.482740236118389010e+00 1.889252958081384826e+00 3.899411845165690060e+00 1.060008966118262341e+00 8.130424523323102060e-01 5.129128579649756325e+00 5.036844342132631880e+00 1.084997850923720142e+00 5.823738179906874812e+00 4.470641682977922748e+00
4.205271124121998660e+00 2.889485398001074845e+00 4.335440846603129117e+00 2.823649681939268241e+00 4.770830462356176582e+00 3.391229124770871906e+00 5.477197382456732377e+00 1.883085999888782336e+00 4.988398961405616783e-01 6.022491211322471116e+00 3.309501904975008735e+00 6.117435876105088433e-01 5.035377041989187674e+00 1.403155805019012492e+00 4.048153243262980538e+00 5.763429774244232640e+00
2.316948128310729604e+00 2.981426386677763496e+00 3.470177179624469033e-01 3.156742345994925536e+00 2.229038474053553376e+00 4.330446822143075636e+00 5.286768130907448793e+00 2.581141358160341959e+00 3.646485119870353397e+00 1.924063639900097655e-01 5.062390885329072887e+00 4.428720143684830468e+00 6.262234466263570942e-01 4.732878544286392319e+00 4.317538369811955157e+00 2.130290899510984826e+00
5.763695745651152613e+00 1.142617551863068792e+00 4.959716744445525904e+00 1.047055651565054424e+00 3.368275883200881005e+00 4.814143347203901691e+00 4.627151442837638129e+00 1.401178662691835219e+00 4.295614231216422496e+00 5.934553539864045879e-01 2.488204456012372071e-02 1.476962810978676544e+00 1.631911703013287918e+00 1.864109776876296254e-01 1.657843577476400432e+00 3.244951639458122816e+00
4.385524395323685987e+00 4.660462498240860896e+00 3.575926487808369192e+00 2.635530367804493679e+00 1.719925064352377131e+00 2.915620181853717519e+00 1.203570071517506834e+00 1.727235659840353765e+00 5.252740887060899588e+00 5.362960569843558289e+00 3.859288753638266956e-01 4.140349172766198294e+00 2.689500536657449814e+00 4.087820979891693796e+00 5.274779401817395907e+00 8.132723415292675284e-01
4.459186937285915420e+00 4.417191903617298188e+00 3.820212560724205897e+00 5.755065177863834869e+00 1.262543553718992184e-01 8.770127909700692337e-01 3.909399648384636272e+00 4.384220588191718448e+00 5.446711542977219267e+00 1.657439102979689771e+00 5.219645035760407836e+00 5.639669450110288418e-01 1.158815595955727806e+00 1.950220869547702796e+00 4.934337486177227561e+00 3.739975213802325005e+00
