2.419708788424242307e+00 2.634327241448331414e+00 2.334864746544459135e-01 4.266205105756413651e+00 4.684015616608222743e+00 3.590936045920303799e-01 5.325021902522199646e+00 2.606301470945506349e+00 5.331671754524430762e-01 1.455365515992881109e+00 2.539909739038297865e+00 1.121191396963216125e+00 9.827160982235600972e-01 3.215725670579135276e+00 3.298569371134783823e-02 3.014553954819209292e+00 2.170890224125464840e+00 3.912834363212937205e+00 2.501760966894371219e+00 3.051889724794049741e+00
3.959981513596470659e+00 1.704451411358941959e+00 5.412826892824252667e+00 6.226797460740900902e+00 3.185657699492201900e+00 1.025628764684236804e+00 4.512309885784610231e+00 4.339464941191801373e+00 8.762219559119427403e-01 6.090795108772841360e+00 6.063625590496180884e+00 3.267581729597310414e+00 3.099729880213786259e-02 5.689089555639419871e+00 3.633087835504836827e-01 1.981072520862028119e+00 4.764739675849211764e+00 3.504169453433656933e+00 2.881921245942490550e+00 4.869699911013515958e+00
7.270383182628531449e-01 2.310082497713246141e+00 2.856614347694643286e+00 5.549787965929894540e+00 3.957483881819450211e+00 8.836118858203931836e-01 7.164507741665018248e-01 5.567686767340316756e+00 2.947260845220930570e+00 1.888974115724764813e+00 1.494989189713899824e+00 3.233605158355665310e+00 6.307425731650397882e-01 4.232575552338444069e+00 5.275579940681431879e+00 1.231069547517665397e+00 4.034275269290549915e+00 1.165963799420452141e+00 5.023967786357154353e+00 3.973064021447385130e+00
2.349600950017686873e+00 4.631549521486292953e+00 4.502014604319354518e+00 5.174591854399147373e+00 2.024278027867391749e+00 4.910087895629954957e+00 4.018671181951933846e+00 1.961412984416259109e+00 6.158355484185552342e+00 4.716321936747020160e+00 4.824766057951581644e+00 2.967275323016856259e+00 2.512284979799381368e+00 4.970361035780363146e+00 2.673706963291508476e+00 4.138144041830491560e+00 5.246780894102458959e+00 4.323939262905367009e+00 5.376888334346918263e+00 7.994399669521253804e-01
5.194888187317747708e+00 1.734231065955333939e+00 2.260722912191893474e+00 8.250730834260823210e-01 2.142194325025342572e+00 5.175705110079087845e+00 5.993579045035112074e+00 9.323756948686331980e-02 5.164008790928311221e+00 5.927061156401764563e+00 3.247542886452130073e+00 4.631357141134542665e+00 1.166956482747973700e+00 2.121247066719488039e+00 1.164366908722870964e+00 6.147911378290215723e+00 4.010927473169169311e+00 4.694628358399759449e+00 5.233150548320582907e+00 5.991535719455657549e+00
2.751603487458420982e+00 4.400374300533293592e+00 3.040651110142861935e+00 5.922400189763673772e+00 5.984750817028246850e+00 6.950865161031103412e-01 4.652175446501895628e+00 1.073041475168064585e+00 3.177889856676386238e+00 5.403915353610325489e+00 3.137304827000052754e+00 1.480103196732460935e+00 3.709503955105396544e-01 5.554737819209867311e+00 2.193300247786205581e+00 2.193801863234521754e+00 5.249087920411633412e+00 1.095365520624702382e+00 1.746349163944065364e-01 3.768115377295428114e+00
2.471408538473867988e+00 3.752749058328568310e+00 1.297149133025983780e-01 6.244249530008715965e+00 2.981089194371584039e+00 2.594646922947166257e+00 2.911814855780485711e+00 4.653677282821261585e+00 2.454313321195915609e+00 5.185568674140918155e+00 4.619686333270835443e-01 5.901364090673586915e+00 5.003808354027685645e+00 1.848139683430373825e+00 1.867728879709611212e+00 6.621191841729150429e-01 2.159598622357286057e+00 3.084063684021005614e-01 5.750336855982729922e+00 3.534057474913085084e+00
5.456369472721455338e+00 1.419279720632988795e+00 4.367553132013379802e+00 1.252790381552479015e+00 6.652492528355082035e-02 2.323801364216683929e+00 5.166830654087316788e+00 4.434472493454796549e+00 1.128465351573128439e+00 4.833877261494641253e+00 3.797778028577925458e+00 2.946559970215758995e+00 2.807249703991673062e+00 2.379976593263995799e+00 5.335084165240608023e+00 1.753355227960703422e+00 3.647764016128513198e+00 8.677689287178798061e-01 4.724711360228113222e+00 3.423106606155555287e+00
5.195416794282396111e+00 4.323835814472199446e-01 6.166712554915890543e+00 2.838945531622471652e+00 5.992033324222623136e+00 1.803334037430289971e+00 5.237315806198139967e+00 3.307139187180513584e+00 5.267886799852660396e+00 2.190371366817324139e-01 3.977925054846205732e+00 2.852087855575240471e+00 5.569760636449915481e+00 2.713788746106748473e+00 3.187370013291792148e+00 5.819017607938712366e+00 6.017633491888562780e+00 5.031449378416474438e+00 2.459283203915676896e+00 3.633392862279422708e+00
3.600289026323286734e+00 4.915208536780880877e+00 2.990028151259587208e+00 8.953402087903307160e-01 4.115875971040671821e+00 1.465467113458871484e+00 4.643805486162840168e+00 2.822711669710551874e+00 1.229115257852438026e+00 2.097848872654493935e+00 1.163372106614026125e+00 3.871296317272915122e+00 2.011551531728344333e+00 2.049413377193405772e+00 2.717262470959833642e+00 2.821405247985302900e+00 5.643871843114816933e+00 5.025907825510416593e+00 1.837965720360740685e+00 2.983905257367559738e+00
3.154999992295717703e+00 2.403217236529880285e+00 5.693654231034440683e-01 2.106967768918475148e+00 3.094994108952920264e+00 5.042747812673325392e+00 4.603667070146324036e+00 4.882371036232483696e+00 1.461717242381250781e+00 6.028160565596089704e+00 5.738415546735688544e+00 5.723858054500428061e+00 3.540296325957015267e+00 3.907133377522421736e+00 2.350321139493976863e-01 4.558436838246461953e+00 1.070639677684722457e+00 4.457828834033651155e+00 9.222856545731887845e-01 6.012589766232056654e+00
4.240199738742754576e+00 3.645464031303346619e+00 2.396171243682815977e+00 5.128888317695018628e+00 1.010009665766798070e+00 3.216020877765347202e-02 2.703921148815015663e+00 5.664480623556415573e+00 4.917617669687158966e+00 2.314096348526224034e+00 1.221164727543631867e-01 5.849699615038791656e+00 2.915358190431433183e+00 4.657353887628870037e-01 5.075641198076896288e+00 5.351341662415726397e+00 4.897131827072439547e-01 2.082564196359844022e+00 6.200442130642774607e+00 2.654284460511970423e+00
6.174142113543888755e+00 5.497880860128958602e-01 4.532283005857260960e+00 8.130926443933590431e-01 7.383568964789229971e-01 2.986552493214930659e-01 3.092081377326121316e+00 2.066215155582098451e+00 5.047341584008180781e+00 4.556589208747362285e+00 3.070653550931739861e+00 5.849054416084836561e+00 1.478078189075521243e+00 1.137693874053376186e+00 5.049680818005951366e+00 6.282827898523675181e+00 2.531316409136558310e+00 1.061347658053267251e+00 3.571293243410917473e+00 4.799092840002090021e+00
5.501630676609658543e+00 4.789723052589915930e+00 8.954125281544998982e-01 4.293098948321495634e+00 5.014657663756260320e+00 1.910588715469076382e+00 4.681439448042976181e+00 1.264681092581217747e+00 3.377730668333665420e+00 1.188305382753061412e+00 7.224267683244102178e-01 1.235237024936833405e+00 3.096811958012359423e+00 4.232459956017655678e+00 4.308821849270588089e+00 5.758607849334424600e+00 3.067053482705405010e+00 3.011836883590868208e+00 3.792800739780410879e+00 2.029289048826425024e+00
6.158783645046222333e+00 4.766995507631227369e+00 2.798861467994420149e+00 2.990295225510482879e+00 9.386251617617484902e-03 8.803472255363270493e-01 5.503812934676084900e+00 3.806035654083178343e+00 2.747839017070633716e+00 3.289123215622374641e+00 3.223889756767450265e+00 3.677213753588751910e+00 1.523666353062837153e+00 5.557562154574603674e+00 4.708541653413490735e+00 2.819404225647644591e+00 6.005198226085252777e+00 1.741771184687125551e+00 8.079754639381404591e-01 5.189869598770559200e+00
2.358466629648230839e+00 8.902100161145790613e-01 8.478083869537018646e-01 6.022599868470821072e+00 4.461407173383556746e+00 2.305267733943015540e-01 3.459055751957693214e+00 2.977683153344045763e+00 1.999603423474235697e+00 2.075876884454197491e+00 5.673794695922492748e-01 1.440099483905563416e+00 3.215944015389171629e+00 3.147427900222968145e+00 2.206656282128730329e+00 1.448207682178101363e+00 4.551120242490700463e+00 4.613054028025305620e+00 4.045472721444735242e+00 3.302858588046262867e+00
2.033596933650872352e+00 1.396403012747520656e+00 1.137936153028497710e+00 3.688872648333124005e+00 1.107165189985261783e-01 4.119040022177465232e+00 5.632468882102613428e+00 4.031278097399723315e+00 2.600186801658055380e+00 3.653027395570001890e+00 4.782639173424914958e+00 4.966007000919104186e+00 5.643702583063621603e+00 1.104504725649041869e-01 4.710894678311110084e+00 3.492302071578641254e+00 7.553550849985023186e-02 5.350892483537380784e+00 3.564012743961690877e+00 2.391352333261335783e+00
3.532141866999358726e+00 1.639370317603974003e+00 1.025423385922680231e+00 5.525838456116835218e+00 3.817844024400954828e-01 4.559108782374580393e+00 4.881056943430357897e+00 3.722121551092175684e-01 1.377213627257743322e+00 5.757576958056462857e+00 1.748628412328738335e+00 2.618365540641195199e+00 5.057424392255964740e+00 5.424530571888718455e+00 5.619071687434320062e+00 2.715458844406780869e+00 4.615796044074282456e+00 5.029049964073885270e+00 5.095724062695754952e+00 5.752643660621566291e+00
1.554301414850085328e+00 1.667730005558277551e+00 5.641936509827935708e+00 3.583236835530303477e-01 7.452091459537452112e-01 5.650805414975893726e+00 2.640295535222439760e+00 2.975178457736312509e+00 4.059985751819940702e+00 5.551668213867189117e+00 4.916821806159277664e+00 6.751006264188166295e-01 8.560930750718170890e-01 4.112380446840344206e+00 5.058762650251482640e+00 5.457496324859658188e+00 2.095360075750657636e+00 3.358503038865998658e+00 6.239496529790995449e-01 4.414467920404592682e+00
1.505452250020522076e+00 3.514781435650871089e+00 1.728649035083012375e+00 3.049803083604422760e+00 1.051898015463766933e+00 4.415397984955689026e+00 9.611549030983592701e-01 1.258816853283884818e+00 3.680110715263966270e+00 1.691763676584154386e+00 4.446344771755138758e+00 3.300265047177512567e+00 4.222488414428217318e+00 5.931811520496597545e+00 2.007916697469952716e+00 4.003368442404799943e+00 4.957399992564121227e+00 5.067668828484920063e+00 2.159825098693286538e+00 2.882333485391640693e+00
3.672928694629128188e+00 7.073582870692975977e-01 3.855679235201450616e+00 4.725854812150617867e+00 1.896758847339884202e+00 2.481097341225226849e+00 8.653977228129046129e-01 4.334117733704579756e+00 4.997917212489492833e+00 5.971362299309488364e+00 2.113162077280283047e+00 4.225386802069320269e-01 5.419825301789090055e+00 1.237694473028608133e+00 1.144679849404033778e+00 2.128540548439042723e+00 1.791796437975929912e+00 6.188172356755895720e+00 4.644533907361840797e+00 3.654138707877709447e+00
2.063733669363193357e+00 5.887418170058849043e+00 5.011806604178448588e+00 1.719822294549149699e+00 1.355786234284539926e+00 8.184073713058118704e-01 3.925360547368464292e+00 3.333065925531969675e+00 1.838955202724712246e+00 1.662617981965192726e+00 5.824348919623226983e+00 2.271340665047691054e+00 2.891737450497643191e+00 4.768406592131402277e+00 3.216352161755096084e+00 3.730700566072863378e+00 6.201211361823748547e-01 2.603359979241492095e+00 2.527184870775736503e+00 3.365939044513497347e+00
2.360161186567011349e+00 4.009300714671978128e+00 3.462305559146269029e+00 3.293171567220729123e+00 3.320510193815276345e+00 2.466676829577942431e+00 3.880829638106244150e+00 2.936236690856993459e+00 5.837523982273884471e+00 1.375665828369869281e+00 3.832896907740582115e+00 7.016772648937030787e-01 3.026285566119325532e-01 6.095240785198445366e+00 2.026954942761939257e-02 5.558552303564304964e+00 1.131115589510995001e+00 4.671567979807933035e+00 5.604455382774120586e+00 2.598223519135826276e+00
5.250628727061339873e+00 6.210335913023920185e+00 5.052898546962291348e+00 1.072284634756366595e+00 3.309298047604941395e+00 5.685127654741166658e+00 2.696022415627719493e+00 2.308097306821769390e+00 1.962538866818232863e+00 1.515427087386517435e+00 2.701510736834968007e+00 1.256510634320588515e+00 2.264696448326734224e+00 5.319460305210808038e+00 2.186177105453292135e+00 3.703503932072353511e+00 3.182177232836182590e+00 2.161311641371966186e+00 5.589017722237480612e+00 5.528151654839979834e+00
5.476282183752714694e+00 4.487744513327987406e+00 2.394878025103482244e+00 2.572990989812915963e+00 1.126947612295419870e-01 3.811575757127281250e-01 3.262568724712635593e+00 3.553026714436965605e+00 3.095422268413154376e-01 1.177959955174001427e+00 2.806997942663893131e+00 3.297856653411752603e+00 8.589253355628464481e-01 5.668724948653838247e+00 4.945560370865688782e+00 4.862399628725413869e+00 1.085993565177428399e+00 9.512268976325690684e-01 3.391109687411652640e+00 5.595277395978574653e+00
2.580929090432171336e+00 1.271557587269013245e+00 5.613605288135463667e+00 2.649495578324427392e+00 8.642421447151816816e-01 4.825046816420760720e+00 4.976743802119830029e+00 5.236137310378048859e+00 4.886021713475686923e+00 3.844459002120762664e-02 2.171444535021444633e+00 5.560818586278803544e+00 1.906201574808005672e+00 4.671093829738204306e+00 2.780570856939659219e-01 3.831621140723880714e+00 2.099651344609253290e+00 1.033751857237608318e+00 4.387257752600281613e+00 4.764865617910675866e+00
3.773033883203721572e+00 1.080981005104170389e+00 2.429575872994949925e+00 5.505736473977348666e+00 3.078622799687264600e+00 3.304358305451715605e+00 3.926274850677031303e+00 2.982353165039746123e+00 6.057656727004574471e+00 6.234827981927089091e+00 5.918443291715786536e+00 1.845665389435737991e+00 6.018909788392699411e+00 5.522742521924708825e+00 2.372238208973624640e-01 1.198465930896276399e+00 2.027001048402895744e+00 1.062247971798224944e+00 7.910785290529902258e-02 2.106978073173773058e+00
3.791035626707429662e-01 1.062357879605883904e+00 1.561683317066649535e+00 1.305005546636876401e+00 4.978360137142623820e+00 3.810304029337383103e+00 5.132882692187024531e+00 1.765609849167082412e+00 1.233056692685015499e+00 3.718688641292359875e+00 5.009617790048952912e+00 1.418160572858564450e+00 1.922837724487299824e-02 1.825409316112535540e+00 1.150451415400200794e+00 5.876531790993088755e+00 4.548812656547830957e-01 6.251093483180162558e+00 1.494814769838095136e+00 5.527277780566791421e+00
5.984727982380449313e-02 2.673509086547492419e+00 1.488277999662716677e+00 5.843336854577191097e+00 2.810341581435499947e+00 3.148126360297717197e-01 5.197092313307901668e-01 3.315377573723875315e+00 2.910974547312393801e-01 3.828532794400352657e+00 5.332548957606425333e+00 6.056533608028357385e+00 6.149209322836610703e+00 4.052753119625475131e-01 4.361561838704953509e+00 2.117233615497566834e+00 4.550963589161132639e+00 1.510685796052531948e+00 3.098555681736963496e+00 1.892735048624891170e-01
1.640332181564552627e+00 2.281414257535807177e+00 5.743837621777819535e+00 1.404074851485566100e-01 1.250105407770533361e+00 1.275085587876824134e+00 1.378199826297975994e+00 5.396502990812720668e+00 1.075170523594928818e-01 5.044054236287113469e+00 3.520609783255633118e+00 5.802599173925811371e+00 2.248905519218818316e+00 3.801442080990262706e-01 2.212545090770857037e+00 5.145838794195186416e+00 3.015223203870418089e+00 1.168304443834242035e+00 9.767113583653678210e-01 1.193247044548859659e+00
9.509822360291781962e-01 3.265181807232637290e+00 4.716634836874590064e+00 2.320539615271205225e+00 2.157718821401824805e+00 5.811611175305154475e+00 5.039398030019958341e+00 5.586870096969085431e+00 4.973127224771165089e+00 5.095187237883271436e+00 5.465868668162514599e-01 5.412556955264268943e+00 5.783899229413820287e+00 2.710216090356327712e+00 2.793072645859358438e+00 8.247336437548260513e-01 2.956058372487477381e+00 1.186432395429837916e+00 1.834909281043940465e+00 5.602439137328468988e+00
8.663408286604632469e-01 3.124713756358660888e+00 2.139223511335390793e+00 4.194078797221872712e+00 1.192982172842692368e+00 4.760347344300686956e+00 2.740387627417108174e+00 6.228106389696273837e+00 5.445509174376836903e+00 9.029087505100995559e-01 1.716362315443496489e-01 1.588818221813168841e-01 3.014520854771080671e+00 5.014466198955636500e+00 1.069627237295481592e+00 3.751059762878649728e+00 2.489161936864936919e+00 2.237695309507879760e+00 3.444734686454764994e+00 2.798938055168841199e+00
