3.495516307339654016e+00 2.742631906048532464e+00 5.082789915288492999e+00 2.079186320442588887e+00 1.019298858789200901e+00 3.059947680387051339e+00 5.066273149718268698e+00 4.748448362742739848e-01 3.060567449481754299e+00 8.834993169209515163e-01 5.553665651365661482e+00 2.310449231310216067e+00 3.247171049776595431e-01 4.220205127181420934e+00 2.453896701428209148e+00 1.064735423884579368e-01
7.919982394684661753e-02 2.450476042361703133e+00 3.027342500557968386e+00 4.914879392813684689e+00 5.119474840352608247e+00 3.233197931003485071e+00 2.497057715676652023e+00 3.260057547221013152e+00 3.430477709642649309e+00 6.049257026444330165e+00 3.302085113918100667e-01 5.874147772121311561e+00 1.164122508711712412e+00 1.323721887071910741e+00 1.439111403473788853e+00 4.233851637038831939e+00
7.204489008763089730e-01 1.018157528736790995e+00 1.456433818050550721e+00 3.019592114022167983e+00 2.925187840656531257e+00 3.656616916895649022e-02 2.162269854916622158e+00 5.586920252338089199e+00 5.187124209961467614e+00 3.128792101007472848e+00 2.072935415448924276e-02 7.463422612536561029e-01 3.112477371338587151e+00 3.031222556244224098e+00 5.996752484096167457e+00 3.851811968924572671e+00
3.420225175011910590e+00 6.146526265607126227e+00 3.463345439612403709e+00 2.095663829893880781e+00 7.601327840990269591e-01 5.715293232456793993e-01 4.250628914126523550e-01 9.504718295136095341e-01 5.546444408112483515e+00 4.752078336913902135e+00 3.517422036222408011e+00 5.548344966618894425e+00 2.387652592314756905e+00 3.907934849543011513e+00 6.098415291160994123e+00 4.019911727128080869e+00
6.187890962072605916e+00 5.900188053251113729e+00 4.318739480893522220e+00 4.497649152002053619e+00 5.032878250768265893e+00 1.390276385595253517e-01 2.579598317315789480e+00 5.365018621554598965e+00 1.057580966602055028e+00 4.233340275895231208e+00 1.329490988118807622e-02 5.389233470961309891e+00 3.043910621709288833e+00 1.033731915754563246e+00 4.941512224833409128e+00 1.379726407842400748e+00
1.791985886437387432e+00 1.127085203733076302e+00 1.384473762136276598e+00 3.321327975892947482e+00 1.356814313754902912e+00 9.407489047486151668e-01 2.867724160901500507e+00 1.172507611966928875e+00 6.010331764380762998e+00 1.533004764380892171e+00 1.124431262046486912e+00 4.808627876238930732e+00 2.197721981652260403e+00 2.378236605508868007e-01 4.927016167623742504e+00 1.204471303220413070e+00
3.584527060209378835e+00 2.987798652730700777e+00 1.026001389547135156e+00 3.955288666866407787e+00 4.312465412309256507e+00 5.147296461893303032e+00 1.445856477784389416e+00 1.004699669860557476e+00 3.467378560102488461e+00 1.208141370456202734e+00 5.672263245897475770e+00 4.332265618269722118e+00 2.099157227880449561e+00 1.408234118858865846e+00 2.853978289194506246e+00 8.319996520218020386e-01
3.859291762789342495e-01 5.242457302671239994e+00 1.238027274602800931e+00 9.379590146363117054e-01 1.290328842434929069e+00 3.734440126610204302e+00 1.581965249066972445e+00 3.847834067543821845e+00 3.141015341760094337e+00 3.346744430501605194e+00 2.973548186527223525e+00 5.829080525667374779e+00 5.517672646647222123e+00 1.479412008788313915e-01 5.985866816890181852e+00 1.852862067941168034e+00
3.665295414081530367e+00 2.040971140451840693e+00 8.448045610596917054e-01 2.605527718865520370e+00 1.739834775217022345e-01 7.560949936410116257e-01 3.605893591815003241e+00 1.555655215488381371e+00 5.816417498789047791e+00 1.036601956673261160e+00 4.233587254412220169e+00 1.777094453207907598e+00 2.287434630716187023e+00 4.644691667118697964e+00 2.472447785741877180e+00 4.914410946407983261e+00
2.117699786033879761e+00 2.219498090634031140e+00 6.044316329894972917e+00 4.925528514427499061e-01 8.486478248472369978e-01 2.026020837643141004e+00 7.664313435091876237e-01 5.296797865920898296e+00 2.775542946828312374e+00 2.694787136832159202e+00 3.369562855572526328e+00 5.001556288358469438e+00 1.091703775586191805e+00 4.493854128170364781e+00 2.729412164607669222e+00 5.766804938261134161e-01
3.682591635917279227e+00 3.732277007728545204e+00 5.581140139423514945e+00 4.789293596652203000e+00 6.173297142952801408e+00 2.957238283655531763e+00 3.732808905485847095e+00 5.004302332151265631e+00 4.044774354921433890e+00 5.954518570764888885e+00 3.629089996619945246e+00 5.284279242575117053e+00 1.690359931335268628e+00 2.096165615768043278e+00 5.506723682893419181e+00 1.507199162118655122e+00
3.378146813597223019e+00 3.829296239638949051e-01 3.705428284551025797e+00 3.310744666629589883e+00 1.629990512852520723e+00 1.273136921803030841e+00 3.975541937531662295e+00 3.040900379676857224e+00 1.706274158476692060e+00 6.850551370625418413e-02 1.092616031791331099e-01 2.841537705533454083e+00 1.372685277483079114e+00 9.993421140968573591e-01 3.786071587779329839e+00 5.195672550408250601e+00
2.748109871357727219e+00 6.077458728961225631e+00 3.731946244792749390e+00 1.424270864061594200e+00 4.718996809588984931e+00 2.529166277549247610e+00 2.445868659523349642e+00 5.387947636248900274e+00 2.077057792779470891e+00 5.132732104762010028e-01 4.233621017063374126e+00 4.393701003572801689e+00 5.500301908438723686e+00 1.346810391422544440e+00 4.539985795437593730e+00 1.759702237432678951e+00
2.853504683704925604e+00 1.604397773438124286e+00 2.443278879927460512e+00 4.956286582838787536e-01 6.310638625643834043e-01 6.373735339735556726e-01 4.096444657861316507e+00 5.290751170189801122e+00 4.658538775074980265e+00 3.670730127936658871e+00 1.034995815363953353e+00 1.687734778127382373e+00 5.067390353441415307e+00 3.550822223703291147e+00 5.170018452855987157e+00 1.120304667073467542e+00
1.359891787323152190e+00 1.251118684324136421e+00 5.354805182552223819e+00 5.241532051837573647e+00 6.160665630389599912e+00 3.283920476696880364e+00 9.835853103351241966e-01 2.745765979039523241e+00 3.738145022237199466e+00 1.166711381219837973e+00 5.036606918771567187e+00 3.542432387048258580e+00 3.845815042800625250e+00 1.771735998948447355e+00 4.253276830601286917e+00 3.537919263015424587e+00
1.659386407765936822e+00 1.086914570769493826e+00 3.654625679147681883e+00 4.964069341356880827e+00 2.809219253254276794e+00 1.216428781401298398e+00 4.458730969241837983e+00 1.196668218131877515e+00 8.924118924591848412e-01 2.964479722013503071e+00 5.655973768196671081e+00 1.186772056649777252e+00 8.668995364709441986e-01 4.915165582064846106e+00 4.787940418685586508e+00 1.801765662330734985e+00
1.451289526187813150e+00 2.876042855054482539e-01 3.692907819575129036e+00 3.203702639261136742e+00 7.516284715283756412e-01 2.159026911663012083e+00 2.424829762899681107e+00 5.672885689230144912e+00 2.796323447891753577e+00 2.683398449429745813e+00 2.088007889204398282e+00 4.688886509654747847e+00 3.977608364923089224e-01 2.442483832779476227e+00 5.919223557404362790e-01 3.673463279173827534e-01
3.844245031246706912e+00 5.850471219283642554e+00 2.971664883787797695e+00 6.003812206765088533e+00 3.419204132086229642e+00 3.769159338783668378e+00 5.685420021073047891e+00 2.540446575724100597e+00 2.505345201613309869e-01 3.264533228482580984e+00 4.261386932339796374e+00 5.727455664190575391e+00 3.875556188821668524e+00 2.734898573372930741e+00 2.261717024599020076e-01 3.325387263996181897e+00
1.336229029746594410e+00 1.409005347684691989e+00 1.695012509939065160e+00 1.945966306797029421e+00 3.601704934997660423e+00 1.953524226918255557e+00 3.357833996714873148e+00 6.041910180829768606e+00 4.651693824912014996e+00 2.368289974928221575e+00 9.882364323290030450e-01 2.374253811032200012e+00 3.904115699901511416e-01 5.884016627933653432e+00 3.447783125591549869e+00 3.007161001296255520e+00
3.805279620767436644e+00 4.532559734930774020e+00 5.739113507963447880e+00 4.765305851520452163e-01 5.426567946816065913e+00 3.535458848148253175e+00 6.204800182194588842e+00 1.512147785574441405e-01 5.485885818203765751e+00 3.484714242622356295e+00 1.268400828240076939e+00 1.682940899207555852e+00 4.806728114341929370e+00 4.581513447854375087e+00 6.338576006179267308e-01 5.222623981752100519e+00
2.154091268940336867e+00 1.654434089362108118e+00 1.972026142581715602e+00 1.334305491952171074e+00 3.966764466583192927e+00 2.947344745497886720e+00 3.641053189507770238e+00 4.449900664564865771e+00 1.756287748897920054e+00 3.970734566307870139e+00 6.108095190884125225e-01 1.793156816923432872e+00 5.986146064039110648e+00 1.890568338413408656e-01 3.045928993018746311e+00 5.799386576401762916e+00
4.407633723029668715e+00 5.392837021107732554e+00 5.689018072486146771e+00 2.957712988600751380e+00 1.034603735158687865e+00 1.128582269732460563e+00 3.500781157773819707e+00 5.557293308254656949e+00 3.115882868705000419e+00 5.114060582556022361e+00 5.117172780695680601e+00 6.102533855882346092e-01 5.400740637527277954e+00 1.686100498430706418e+00 2.899739677395932080e+00 1.014176873000259826e+00
6.200798200629170864e+00 4.339982116676495139e+00 4.014520707805944610e+00 2.418078381542106303e+00 3.514687882521104534e+00 1.953878916808120758e+00 2.331379184458063081e-01 2.901182371957639727e+00 4.233411602476399693e+00 3.191547415635075158e+00 1.930532694896430979e+00 5.091212413880187304e-01 1.136903494717761198e+00 1.014100714059264607e+00 5.532088734133773222e+00 6.183739381843095018e+00
2.173854577405573085e+00 3.798010994453518752e+00 4.364490394356728586e+00 1.534690061250091331e+00 9.925246321774588987e-01 4.212240474296121029e+00 3.119049231859676308e+00 2.248725827963320878e+00 5.895196668680823926e+00 4.747787290970115315e+00 1.020555279165494822e+00 2.716233263971777223e+00 5.487598766985125387e+00 3.810103924196598157e+00 2.794416877376097563e+00 5.915989302371850833e+00
2.261033560797639286e+00 4.852827751545995549e-01 5.347061346491649436e-01 6.838130092057566056e-01 9.132369868502190347e-01 1.028210888520026289e+00 4.742915810578216096e+00 2.639266302465198333e+00 9.586939275441499486e-01 1.264465130307570906e+00 2.063272263195989442e+00 4.837845868214982303e+00 7.485454809949354527e-01 4.785124079298119781e+00 1.663455090478261678e+00 2.273260584362649883e+00
4.070454859851261986e+00 1.311610870734478407e-01 5.747943266612579594e-01 1.784264146868694612e+00 5.720901433040062933e+00 3.294876888117210356e+00 2.514698361680661520e+00 6.207259290121296402e+00 3.841136729217196955e+00 2.705833814491852785e+00 3.517433795815814612e+00 9.687232772929029734e-01 2.514610799788894901e+00 2.253449568061979935e+00 4.495106238248236963e+00 3.508971760095346948e+00
4.515298466675334299e-01 2.424153587970127033e-01 5.558659623940093830e+00 1.696022621661453234e-01 2.646169877787090119e+00 4.804207198830117598e+00 2.872283638439749431e+00 4.500287885297824531e+00 3.411265304523901865e+00 1.592636711956667783e+00 5.255165852998755938e+00 2.459423516045548652e+00 1.537467439515002754e+00 4.225214916037141499e+00 2.689772490310086805e+00 5.291793398636680301e+00
2.422338535299568274e-01 7.190918981098078921e-01 2.172004891603180332e-01 4.995876200672605627e+00 1.431787166256053068e+00 2.219798383309841139e+00 4.214301761289397596e+00 1.492016342123169803e+00 2.206279047177804209e+00 4.935664444420396535e+00 2.963136857386313938e+00 6.245493783674786137e+00 4.970987504070829566e+00 6.018850425072266752e+00 4.771485656448733792e+00 3.198092316859276973e+00
4.550867753415972494e+00 5.756846091725170922e+00 1.144177011228312280e+00 2.459384643826537431e+00 6.933401513858018506e-01 9.319250609171223498e-01 1.014951322960195634e+00 4.172474955001306718e+00 1.196206944057491395e+00 3.517899790325819342e+00 2.447453735843582390e+00 5.394209578349858702e+00 3.236036276331255124e+00 7.246831534008627562e-01 9.087215448565030274e-01 4.987534856385728688e+00
6.363606602446873761e-02 1.116333388598193421e+00 4.074473501849525725e+00 5.436188279907861798e+00 5.336505241429139623e+00 2.449814568460219610e-01 1.245899350854364096e+00 3.767150657566862293e+00 2.748314573445834186e-01 4.708157594109113830e+00 4.960650403021230614e-01 2.219054928164436280e+00 5.746880165645149141e+00 3.532118416831294017e+00 8.860191280400974145e-01 3.424282323522038762e+00
3.502974522899620635e-01 3.025231668383075334e+00 2.467454883389830655e+00 1.514874229602311217e+00 2.715183755101974850e+00 6.620734525983685836e-01 3.589718422293722178e+00 1.477464377892631298e+00 5.914474329691017829e+00 4.566858683462407420e+00 4.296461110780847470e+00 5.534737028123388747e+00 5.170248528974915381e+00 4.426670428433350679e+00 2.912046299507261793e+00 4.931910347775462000e+00
1.301151490937362487e+00 3.243177326727422649e+00 7.152798488528099019e-02 5.183742408520732425e+00 4.774253072284339261e+00 4.019419490937780282e+00 4.929565784619559743e+00 4.017085907793290112e+00 2.963893335104458071e+00 6.244963197631234308e+00 4.301045116206845265e+00 6.607127049774599303e-01 2.788908614806447694e+00 3.577850255168920857e+00 1.396785226287764692e+00 2.659742882038763856e+00
