4.048950820560979658e+00 4.367175061090416754e+00 2.824419938624092907e+00 5.108519136168358621e+00 3.661966847596108909e+00 6.040970873846837286e+00 3.564658405992850554e+00 2.916590695069039896e+00 2.992287883656629788e+00 3.761605892438993237e+00 5.129353019814823611e+00 2.218329086063078215e+00 6.259761813757807047e+00 3.524095901298825328e+00 2.137539747920645716e+00 2.180039502139803353e+00 3.986570421670413200e+00 1.333927580833597748e+00 3.734795863546474859e+00 5.550804682535114054e+00
4.336162215310594092e+00 1.743633628231266330e+00 3.025168595264824400e+00 2.405434251864660755e+00 4.532161888622136203e+00 2.612262597825124821e+00 4.310522432736008547e+00 3.736144553202207064e+00 3.021690056772381450e+00 6.228794730354942466e+00 5.541750316541631527e+00 5.270410889417864730e+00 5.567777835218425508e+00 2.295675927681520179e+00 5.359279581075908183e+00 1.123719598068395609e+00 4.057839249108546320e-01 9.037894863440395880e-04 2.656498228112983417e-01 3.206231329792517126e-01
2.270900787541345167e+00 9.995314423415162519e-01 5.200306920758479556e+00 5.928723738983943115e+00 4.763175462636054291e+00 2.030663464677546770e+00 1.533192882340183694e+00 2.201474154206034761e+00 2.955018519049048997e+00 5.209729337019776807e+00 3.001910829226150046e+00 2.692434697290008838e+00 4.918195039171341598e+00 2.994764679041850980e-02 7.135021784022614610e-02 3.948600261240122311e+00 1.796448089935301917e+00 5.496668148898151252e+00 1.872406373241205069e+00 2.118262673549176967e+00
4.589685551891939497e+00 2.873469532258576820e-01 1.736699220518256981e+00 3.283895963303474108e+00 2.160075918798885830e+00 6.246443366343792825e+00 2.011489183473225140e+00 4.628940855460895731e-01 3.762583803523052772e+00 1.484025278261764669e+00 9.799557326049062045e-01 4.884189057723107297e+00 2.380707137636424608e+00 4.563371738333035665e+00 5.976285795486529828e+00 3.070338022072282236e+00 5.346727543753161671e-02 2.894626722115331674e+00 5.631070648881553176e+00 5.253695341051027867e+00
8.357649410996487171e-02 1.007366401320331839e+00 6.010326781492127068e+00 4.985896625485415790e+00 3.249575719099622617e+00 1.077554806920859587e+00 5.162549648381926204e+00 5.619437582386839658e+00 1.416923336814052803e+00 2.577020506719113868e+00 1.066296394186683871e+00 4.458400636605355238e+00 5.374356550540520416e+00 4.368171428258793121e+00 1.378928425249588585e+00 1.136600422102034269e+00 3.467990544113415563e+00 5.192636096379375843e+00 1.697797212316025650e+00 4.504457013947969379e+00
5.917871194006795177e-01 6.046530921587490504e+00 6.752973757046542014e-01 3.301834902939758010e+00 2.197773267135108011e+00 4.435737068152584284e-01 1.803900908751902010e+00 5.940330960974195662e+00 4.258463693100256187e+00 2.076077868677000726e+00 6.042334043899014517e+00 5.983693838766024342e+00 2.442758031551626186e+00 3.717615086461399376e-01 2.869937397423413028e+00 1.161977586693134556e+00 7.176767622652159284e-01 5.906604677645874268e+00 1.459577566277861838e+00 2.956031140586301009e-01
3.042029957367338611e+00 9.618014951004575375e-01 5.217810867030803212e-01 2.404333231246985836e+00 6.663643984465704717e-01 1.581291644989275547e+00 1.504659362423765634e+00 6.023598196204222877e-01 1.350797812117926489e+00 2.613318871866333382e+00 4.970007318620962344e+00 5.765094612139676222e+00 2.176226810501550535e+00 5.800540544636068496e+00 4.588515429819003622e+00 3.913673328696538611e-01 5.546784198854422421e+00 1.512212569080470859e+00 5.210615646906061826e+00 1.315770439931024161e+00
1.686391299386047760e-01 2.570939595153452828e+00 4.175920499593911650e+00 3.449787941296864613e+00 3.456957010109757533e+00 6.005974504310350959e+00 4.593554041113103281e+00 5.486433728951697120e+00 5.159563243682044664e+00 4.288643338931486859e+00 5.741772947485048739e+00 5.936677718698812889e-01 4.355804686867922548e+00 4.568468525089550702e+00 6.018500469114525409e+00 4.930309759012262205e+00 4.725057641858641411e+00 5.137324997142964200e+00 1.155082777022137464e+00 6.081506061619684544e+00
4.129315799639861062e+00 5.561329601183293114e+00 4.402086010622000778e+00 3.400746987058632431e+00 1.887888808510233440e+00 3.010371470456600029e+00 1.041411172547977548e+00 1.350133115819088792e+00 4.385756443575209218e+00 4.367410940280674225e+00 1.110118045385107610e+00 2.088359018281163326e+00 6.362306203606075128e-01 2.389362071392158615e+00 1.562037457649546379e+00 3.556043441687483320e+00 5.206233309731169712e-01 4.510660434039842848e+00 3.326040801229218413e+00 1.685259140949112888e+00
2.622737142441580627e+00 2.527751226115772187e+00 3.226482647695959050e-01 3.178143955658961683e+00 1.318769297869481605e+00 3.089149586950157289e-01 6.232843812504844649e+00 4.930123051309333704e+00 1.971049526789880435e+00 6.173291960861830852e-01 4.806623332044778429e+00 4.621826168806061119e+00 5.866040904282009416e-01 8.740953043184673810e-02 1.982689604830724095e+00 2.927109488824674255e+00 4.801790110242862397e+00 1.374884486784084148e+00 2.685298531246131937e+00 1.764746609187573423e+00
1.552619325934370131e+00 1.832485554146036089e+00 2.833777738908959787e+00 4.492505698742866649e+00 4.646992837301294088e+00 6.208026116244541370e+00 1.580448521671404594e+00 2.683797981441161107e-01 1.614648400352595603e+00 1.104038563902202785e+00 4.647747886154843577e+00 2.664637915231660159e+00 5.814977617976744284e+00 4.501821495842501797e+00 1.027383669171401781e+00 4.075503473960022660e+00 1.138760968720010203e+00 1.377929424990634422e+00 2.388700123810553855e+00 2.711869401729889884e+00
5.116753921727269727e+00 6.237233858089126670e+00 5.107879318976298322e+00 3.557836848962843135e+00 4.131126627602616175e+00 1.777377039308080553e+00 1.401826417231564204e+00 5.876992698104203328e+00 8.856370049077842976e-01 1.732231086573047030e+00 3.210093660461773801e+00 2.084712699040782991e-01 2.954723987259784579e+00 8.096508356117692040e-01 2.837420162989610528e+00 3.943483402898793511e+00 3.715639346540801746e+00 3.717117182098465200e+00 2.421322553907677921e+00 4.832007408454867203e+00
1.399592261611856348e+00 2.392350345118706034e+00 1.967684150915872232e+00 5.644061313250060330e+00 3.867051098421149913e+00 6.260216693211924976e+00 5.683931578219156400e+00 2.865163283816557716e+00 3.895842402076926891e+00 4.648450885949729994e+00 2.999078233577910702e+00 6.125430230144503163e+00 5.154595448878363406e+00 6.072306041648174890e+00 5.094400241677841112e-01 4.788048138581834756e+00 3.657530872488340634e+00 2.027205571793704308e+00 4.972415968997275115e+00 4.953381630107243083e+00
4.240710287083202523e+00 1.961724891155903094e+00 1.758485947484923262e+00 2.938583019915381289e+00 5.080124112617662391e+00 4.026805336128380652e+00 3.029973763977480417e+00 4.120206986200988908e+00 5.248226035029260217e+00 8.638919769198734055e-01 1.264100938335702473e+00 3.709841375566893973e+00 1.103881936630587424e+00 4.119991928971135309e+00 4.998941157794874357e+00 3.853227406390432375e+00 3.325819236116396294e+00 5.816959534011409971e+00 2.181545897067169282e+00 1.389986990398358158e+00
3.139213531348698627e+00 5.069716728529122918e+00 2.569037511888187630e+00 1.478334387626473623e+00 2.899077630383183113e+00 2.330511335994617905e+00 5.828075670180443701e+00 4.137174287271847106e+00 1.793121088473633495e+00 9.805076768459968228e-01 2.056280116185483120e+00 3.638522014657784354e+00 3.268744647546858673e+00 6.103665213710320003e+00 3.504647998132688347e+00 4.105126487100838162e+00 6.573893207450448584e-01 3.473260358413929882e+00 9.737094688147184263e-01 4.281851445802815626e+00
4.207252375501102648e-01 4.946541113099655718e+00 4.516543177631762163e+00 6.280125896534229035e+00 9.880162525413929142e-01 2.037861219801750057e+00 1.107065844385079822e+00 8.666548753141608552e-01 3.901514703491246294e+00 3.190689034264895252e+00 4.524341996778926678e+00 1.630770414344877128e+00 6.952841820848029153e-01 3.291658739080586926e+00 3.544815650444548716e+00 4.347678070132561245e+00 6.002898074467147183e+00 2.616057323747732255e+00 4.951039333630504302e+00 1.392749018723071552e+00
4.410102855138062772e+00 1.474100590606202354e+00 5.471550637734714506e+00 4.037134204455801623e+00 5.129692528709597354e+00 5.706358852940278226e+00 6.256081491293737251e+00 2.851338241659437944e+00 2.478240988989001359e+00 5.010950528243953705e+00 1.085633528493228139e+00 4.088584027329199344e+00 1.419016603121689091e+00 1.029301251047986199e+00 4.720767510961167146e-02 1.106783631340473972e+00 2.674794259594938328e+00 2.349010934920796878e-01 4.450008056655292421e+00 3.037636578856846459e+00
3.607929104989740843e+00 1.327394486835779874e+00 6.190523627378938798e-01 1.687871404205441017e+00 4.906515777572373338e+00 3.376147903927808613e+00 1.214926378660382111e+00 3.874233567452883609e+00 5.585714602454546984e+00 3.440988200504669692e+00 7.000919817377651011e-01 3.669640486162861759e+00 1.899552265003859430e+00 6.077470878710295565e+00 4.351547920914563328e+00 1.643074135869135644e+00 5.222171947143745108e+00 4.730211895943739364e+00 1.839251765912906622e+00 1.920200866690979558e+00
3.965468386034977311e+00 4.263956091680872085e+00 3.706106664616228397e+00 5.124814196138258282e+00 1.492243926204818605e+00 4.689586753398369723e+00 2.896821612645133825e+00 5.153419128609431965e+00 1.487456439859343948e+00 4.537256383425101181e-01 4.441984773007164655e+00 3.418967260373393824e+00 1.872181559352713132e+00 5.079976537020121974e+00 5.407838012310130615e+00 3.660314315021583109e+00 4.985340350200271331e+00 1.807314296633706352e+00 3.521012897299177880e+00 5.403942322186151337e+00
5.142737764780461518e+00 7.166451631994175120e-01 4.005374288132721894e+00 5.446372724725456749e+00 4.073489427459836776e+00 1.951393233951932357e-02 4.125147357174857810e+00 1.436638029932184590e+00 4.150297539380209955e+00 4.610304293149955157e+00 3.794027482650122796e+00 6.436888768857796927e-01 5.002511832059193253e+00 9.051759683637056186e-02 5.066920486283610359e+00 4.781177157079050666e+00 2.694955726584237432e+00 2.308201644638470551e+00 5.722003799545190894e+00 2.801246693872136984e+00
1.608726829224089272e+00 1.590149435250779897e+00 4.042610349270600700e+00 1.088113657266930545e+00 5.076497919408415882e+00 2.848788257063088469e+00 3.312379117053402044e+00 2.896637138743230810e+00 5.613893335151548314e+00 2.661064558126475355e+00 5.980544458699379895e+00 5.777987877168476949e+00 5.814499527603480544e+00 1.813121610052598198e+00 4.210216378442303231e+00 5.025862525350276222e+00 5.282833396115535152e+00 2.138963597755130674e+00 4.733846330266946012e+00 1.432953626162220884e+00
1.852542802933469401e+00 1.652111183150837270e+00 4.718133418134895507e+00 5.334201528731376207e+00 5.051348251458110283e+00 3.719027199925629912e+00 2.564257773019511522e+00 3.198591255411804557e+00 3.045992156924352212e+00 4.852466978619633942e+00 2.258714650960992110e+00 4.416402897205839118e+00 3.746708706678267387e+00 9.528660586874874161e-01 2.214422102108841273e+00 2.998956176886914626e+00 2.687613349721295730e+00 1.940611699238953269e+00 2.407931144897785813e+00 6.040508693401606344e+00
5.522633360473074404e+00 5.890476399660486528e+00 3.235322520036946869e+00 2.211570099336780171e+00 2.780681511493276581e+00 5.721436620149641605e+00 3.237000476676763494e-01 1.091588930941331803e+00 3.977105539200514794e+00 1.067906690943921433e+00 5.675384841881915499e+00 1.618802194797769878e-01 3.678582588907357120e+00 2.574533853003822426e+00 1.509551876311455931e+00 4.761268005180154361e+00 2.173161848896882020e+00 4.903459130588298187e+00 6.379180632799056339e-01 2.554571063444433410e+00
5.368456736746603397e+00 4.657973111099479091e+00 4.201059633439719221e+00 2.013796243923502871e+00 4.874099799247399112e+00 3.307092187459137911e+00 3.977482230896381310e+00 7.514137668411573212e-02 2.779563966256823448e+00 5.419832091347655201e+00 3.297973765726337270e+00 3.978685874327867911e+00 4.166488482740363430e+00 5.977036280844346905e+00 5.249633990148246276e+00 6.015249099566422508e+00 1.031514975466687245e+00 1.778525461568244870e+00 3.015274872943384032e+00 4.887954627477913760e+00
5.789742963897861472e+00 2.598629792577267672e+00 3.445911118945172991e+00 2.412523336505075111e+00 1.230755266002493409e+00 5.505487589567144013e+00 4.885605871502959552e+00 6.655572663098549002e-01 7.864247842793871124e-01 4.775200758184431571e+00 5.967613341475468403e+00 4.548468387165649496e+00 1.613891004567583609e+00 1.175783981722903215e+00 4.496417164498478058e+00 2.991646999135770812e+00 1.390008522129636326e+00 2.354215597452559428e-01 4.775221805787613683e+00 5.885689668979798839e-01
3.886408095420269326e+00 2.519270889058528251e+00 4.737240596653920832e+00 1.474876783033712613e+00 3.288012640083660898e+00 1.441054124758228028e+00 2.085952512764395639e+00 1.857982256689362233e-01 3.573121382939085322e+00 1.852332773533102772e+00 3.954501797948639652e+00 5.336948054317893764e+00 2.945613566317127674e+00 6.269880731046676203e+00 5.937109065659093021e-01 5.481040641977685368e+00 8.385459255748659579e-01 1.118143916577892805e+00 6.081292052440794293e+00 5.903035042130850840e+00
3.497886675888335350e+00 4.960665770254995444e+00 6.236445776409188291e+00 6.066810545628764650e+00 2.698745024116714131e+00 4.304910382810789748e+00 1.581200952367286972e+00 4.812138262691322055e+00 1.799391621847172162e+00 5.866351002408795035e-01 2.682893389235874171e+00 2.185300474625176681e-01 3.614219176778467268e+00 3.928374910649344631e+00 2.342767057564016930e-01 5.774190191835441688e+00 3.304853094423706228e+00 4.562332607602708201e+00 5.242835974995936787e+00 3.603101178033164764e+00
6.011895735751009440e+00 5.954302437763375089e+00 2.787954406123346551e+00 1.242940241597918716e+00 4.436281097552917885e+00 2.807302291191913657e+00 5.753761420831707163e+00 1.496217022704083854e+00 5.455769596882622530e+00 4.935641306558674835e+00 2.821769569865488769e+00 1.204400300486601516e+00 1.361419023325060484e+00 4.323288153589825988e+00 3.729023516050276932e+00 2.879240704453825753e-02 2.580619875357156534e+00 1.105022573885829695e+00 1.221516880035615982e+00 6.193977217886425635e+00
1.618916875700982194e+00 3.248898660650118231e+00 8.397666045897065334e-01 4.334849118482055452e+00 5.909899458544412454e+00 1.974652617164200263e+00 4.536529667299426194e+00 2.884004064989393323e-01 5.724256912372847950e+00 1.645362721057366029e+00 4.451507331891908947e+00 4.685288133000754307e+00 4.562165729911515477e+00 2.944317332371190421e+00 4.001757016161335834e+00 2.111775439521549613e-01 5.676835495217900984e+00 4.029709568744917370e+00 2.822814737659661066e+00 3.718132574471735285e+00
2.651016836612489769e+00 4.248487350061926904e+00 3.943503636576911831e+00 4.421429848525819106e-01 3.083844300275872641e+00 1.453805839772709829e+00 3.865815038735295861e+00 1.989260244048421944e+00 4.467432912047113902e+00 4.912682544513713445e+00 3.347965732781173820e+00 5.059798484219971471e+00 2.322337248690283573e+00 1.257884104102655387e+00 3.076316530031680818e-01 2.218438029977008341e+00 9.764907847719735967e-01 1.457948521966252742e-02 2.585303250866865188e+00 3.510227750966159910e+00
3.400754055769427797e+00 6.203248894996538532e+00 3.805065128530858432e-01 4.803020867183841247e+00 2.051554252455509708e+00 5.971326142835796880e+00 1.648531104519068924e+00 4.711831628289151475e+00 4.467706552981307588e+00 3.962651544285518135e+00 6.157239738432112475e+00 4.999845089562414913e+00 4.203132829093831013e+00 1.270668689378906313e+00 2.799833661492899139e+00 9.054198550328559358e-01 3.605665693839037900e+00 4.541616183690377895e+00 3.529210896566249200e+00 3.480294582763233002e+00
3.089876222761415381e+00 2.274992144544402795e+00 5.405537602522831442e+00 6.036389405128405050e-01 2.939216266710483971e+00 3.766119282434249538e+00 3.657930451845501363e+00 9.924899188915243808e-01 6.946660683959391402e-01 5.811994507776435448e+00 5.372874857527746073e+00 8.118445003460911247e-01 4.698292325014835846e+00 2.757274400800902914e+00 1.339118858142396062e+00 2.297720125444084882e+00 3.120438071088492915e+00 2.926998303795071976e+00 4.624397599963740113e+00 1.270903492867004603e-01
