7.732181549072265625e-01
7.505741119384765625e-01
7.725238800048828125e-01
6.812915802001953125e-01
7.123870849609375000e-01
7.512378692626953125e-01
7.300567626953125000e-01
7.433128356933593750e-01
7.434597015380859375e-01
7.604236602783203125e-01
6.830024719238281250e-01
7.675895690917968750e-01
7.616920471191406250e-01
8.129501342773437500e-01
7.754249572753906250e-01
7.343387603759765625e-01
5.843143463134765625e-01
7.709541320800781250e-01
7.280807495117187500e-01
7.151889801025390625e-01
7.896041870117187500e-01
7.879028320312500000e-01
5.913391113281250000e-01
6.084594726562500000e-01
7.720108032226562500e-01
7.838668823242187500e-01
7.421398162841796875e-01
7.681770324707031250e-01
7.665920257568359375e-01
6.636447906494140625e-01
7.131175994873046875e-01
7.375583648681640625e-01
7.512359619140625000e-01
7.033157348632812500e-01
7.688579559326171875e-01
8.174743652343750000e-01
7.356204986572265625e-01
7.113227844238281250e-01
6.287097930908203125e-01
7.260322570800781250e-01
7.312717437744140625e-01
7.800922393798828125e-01
7.434940338134765625e-01
8.017673492431640625e-01
8.055725097656250000e-01
7.387123107910156250e-01
7.486896514892578125e-01
7.452182769775390625e-01
7.202472686767578125e-01
7.121028900146484375e-01
7.295017242431640625e-01
7.166461944580078125e-01
7.711048126220703125e-01
6.714096069335937500e-01
7.613372802734375000e-01
5.136718750000000000e-01
7.573757171630859375e-01
7.498550415039062500e-01
5.039062500000000000e-01
7.669868469238281250e-01
7.096805572509765625e-01
7.501201629638671875e-01
6.681919097900390625e-01
6.809291839599609375e-01
6.637706756591796875e-01
7.474422454833984375e-01
5.745105743408203125e-01
7.068309783935546875e-01
7.799243927001953125e-01
8.034133911132812500e-01
7.756252288818359375e-01
7.659225463867187500e-01
7.510833740234375000e-01
7.237720489501953125e-01
7.592048645019531250e-01
6.817054748535156250e-01
7.292041778564453125e-01
6.181449890136718750e-01
7.611370086669921875e-01
5.030174255371093750e-01
7.555541992187500000e-01
7.895355224609375000e-01
6.421394348144531250e-01
7.986679077148437500e-01
7.355766296386718750e-01
7.440567016601562500e-01
6.732196807861328125e-01
7.566928863525390625e-01
7.052593231201171875e-01
7.803592681884765625e-01
7.173175811767578125e-01
7.261714935302734375e-01
7.470645904541015625e-01
7.606124877929687500e-01
7.551975250244140625e-01
7.687110900878906250e-01
6.362895965576171875e-01
7.274723052978515625e-01
4.994468688964843750e-01
7.655639648437500000e-01
7.474250793457031250e-01
6.987915039062500000e-01
7.177410125732421875e-01
7.023849487304687500e-01
7.274265289306640625e-01
6.651115417480468750e-01
7.272224426269531250e-01
6.234207153320312500e-01
6.922855377197265625e-01
7.624797821044921875e-01
7.669429779052734375e-01
6.756477355957031250e-01
6.534194946289062500e-01
7.569255828857421875e-01
7.718105316162109375e-01
7.279853820800781250e-01
7.272033691406250000e-01
7.729415893554687500e-01
7.499923706054687500e-01
6.676807403564453125e-01
7.501049041748046875e-01
7.213001251220703125e-01
7.510623931884765625e-01
7.706851959228515625e-01
6.569480895996093750e-01
7.790985107421875000e-01
7.600269317626953125e-01
7.255744934082031250e-01
6.749191284179687500e-01
6.568450927734375000e-01
7.524967193603515625e-01
7.404136657714843750e-01
7.326946258544921875e-01
7.249298095703125000e-01
7.328815460205078125e-01
7.979736328125000000e-01
7.539787292480468750e-01
7.116584777832031250e-01
7.151203155517578125e-01
7.239723205566406250e-01
7.919445037841796875e-01
7.351436614990234375e-01
7.348880767822265625e-01
4.984397888183593750e-01
6.681613922119140625e-01
7.193069458007812500e-01
6.608867645263671875e-01
7.217979431152343750e-01
7.590541839599609375e-01
6.951522827148437500e-01
7.823638916015625000e-01
6.828269958496093750e-01
4.871749877929687500e-01
6.724777221679687500e-01
6.472625732421875000e-01
5.778865814208984375e-01
7.405948638916015625e-01
7.563323974609375000e-01
7.640724182128906250e-01
5.320529937744140625e-01
7.323265075683593750e-01
7.255458831787109375e-01
7.347850799560546875e-01
7.253398895263671875e-01
5.416030883789062500e-01
7.524147033691406250e-01
6.907196044921875000e-01
7.422542572021484375e-01
7.248554229736328125e-01
7.817802429199218750e-01
5.917816162109375000e-01
6.354598999023437500e-01
7.537212371826171875e-01
6.019382476806640625e-01
6.562175750732421875e-01
7.073020935058593750e-01
7.631530761718750000e-01
7.620468139648437500e-01
7.543411254882812500e-01
7.705039978027343750e-01
6.941909790039062500e-01
5.937824249267578125e-01
6.688671112060546875e-01
7.581768035888671875e-01
4.869136810302734375e-01
7.924175262451171875e-01
7.053680419921875000e-01
7.813568115234375000e-01
7.636356353759765625e-01
7.280788421630859375e-01
7.624740600585937500e-01
7.511940002441406250e-01
6.061515808105468750e-01
7.728500366210937500e-01
7.573928833007812500e-01
7.184448242187500000e-01
7.002010345458984375e-01
7.293262481689453125e-01
5.826606750488281250e-01
5.364151000976562500e-01
7.595443725585937500e-01
6.566543579101562500e-01
6.698894500732421875e-01
7.778663635253906250e-01
7.737026214599609375e-01
6.624107360839843750e-01
7.573890686035156250e-01
6.727066040039062500e-01
5.712661743164062500e-01
7.489032745361328125e-01
6.552276611328125000e-01
6.764335632324218750e-01
6.192817687988281250e-01
6.660060882568359375e-01
6.370487213134765625e-01
7.163085937500000000e-01
5.136718750000000000e-01
7.089538574218750000e-01
7.645034790039062500e-01
6.732139587402343750e-01
7.504749298095703125e-01
7.378063201904296875e-01
7.393836975097656250e-01
7.293624877929687500e-01
7.274990081787109375e-01
6.903381347656250000e-01
7.029609680175781250e-01
7.707767486572265625e-01
7.281970977783203125e-01
7.263965606689453125e-01
7.447071075439453125e-01
7.435665130615234375e-01
6.762199401855468750e-01
7.780170440673828125e-01
6.548385620117187500e-01
6.924800872802734375e-01
7.864570617675781250e-01
7.558517456054687500e-01
7.162189483642578125e-01
7.036170959472656250e-01
7.183418273925781250e-01
6.772727966308593750e-01
7.825050354003906250e-01
6.448402404785156250e-01
6.691627502441406250e-01
7.181186676025390625e-01
7.665195465087890625e-01
6.834716796875000000e-01
7.412872314453125000e-01
7.281589508056640625e-01
7.674770355224609375e-01
7.128963470458984375e-01
7.646446228027343750e-01
7.354984283447265625e-01
7.790889739990234375e-01
7.668781280517578125e-01
6.738281250000000000e-01
7.392730712890625000e-01
6.639804840087890625e-01
6.361198425292968750e-01
6.680755615234375000e-01
7.811489105224609375e-01
6.502971649169921875e-01
6.798839569091796875e-01
7.335453033447265625e-01
7.189540863037109375e-01
7.702865600585937500e-01
7.597732543945312500e-01
6.991539001464843750e-01
7.156047821044921875e-01
6.669673919677734375e-01
7.065067291259765625e-01
6.618156433105468750e-01
7.515888214111328125e-01
7.489242553710937500e-01
7.080192565917968750e-01
6.788883209228515625e-01
5.761108398437500000e-01
7.500343322753906250e-01
4.862270355224609375e-01
7.802906036376953125e-01
7.026309967041015625e-01
6.596317291259765625e-01
7.560577392578125000e-01
7.255077362060546875e-01
7.922954559326171875e-01
7.441501617431640625e-01
7.015819549560546875e-01
8.009929656982421875e-01
7.468433380126953125e-01
7.800331115722656250e-01
6.589241027832031250e-01
7.582511901855468750e-01
7.307510375976562500e-01
6.755256652832031250e-01
7.067470550537109375e-01
7.319850921630859375e-01
6.802291870117187500e-01
7.177314758300781250e-01
6.990489959716796875e-01
7.691535949707031250e-01
7.112178802490234375e-01
7.078418731689453125e-01
7.246322631835937500e-01
7.076053619384765625e-01
7.149372100830078125e-01
7.132472991943359375e-01
7.247753143310546875e-01
7.643604278564453125e-01
7.061443328857421875e-01
7.077350616455078125e-01
6.302413940429687500e-01
7.109508514404296875e-01
7.379226684570312500e-01
6.165924072265625000e-01
7.642765045166015625e-01
6.567344665527343750e-01
7.814331054687500000e-01
5.136718750000000000e-01
6.664390563964843750e-01
7.175502777099609375e-01
5.949268341064453125e-01
7.343578338623046875e-01
7.241554260253906250e-01
7.046833038330078125e-01
7.585105895996093750e-01
7.539691925048828125e-01
7.337779998779296875e-01
7.589797973632812500e-01
7.212390899658203125e-01
7.535762786865234375e-01
7.694625854492187500e-01
6.961421966552734375e-01
7.886180877685546875e-01
7.132492065429687500e-01
7.597332000732421875e-01
5.045413970947265625e-01
7.329082489013671875e-01
7.135219573974609375e-01
6.958541870117187500e-01
6.923542022705078125e-01
7.213096618652343750e-01
6.652870178222656250e-01
7.820396423339843750e-01
6.936569213867187500e-01
7.352027893066406250e-01
7.350597381591796875e-01
7.282161712646484375e-01
6.834774017333984375e-01
6.570510864257812500e-01
4.804687500000000000e-01
7.107601165771484375e-01
7.166442871093750000e-01
8.196144104003906250e-01
7.248744964599609375e-01
6.951026916503906250e-01
7.838954925537109375e-01
7.560443878173828125e-01
5.974369049072265625e-01
6.838951110839843750e-01
7.676486968994140625e-01
7.657623291015625000e-01
7.703361511230468750e-01
7.634944915771484375e-01
8.064193725585937500e-01
6.744899749755859375e-01
6.623802185058593750e-01
6.393432617187500000e-01
5.476875305175781250e-01
6.386871337890625000e-01
7.265529632568359375e-01
7.253742218017578125e-01
7.039012908935546875e-01
7.701759338378906250e-01
7.560272216796875000e-01
6.776237487792968750e-01
7.747936248779296875e-01
7.456836700439453125e-01
8.294029235839843750e-01
7.905235290527343750e-01
6.201114654541015625e-01
7.345371246337890625e-01
7.352256774902343750e-01
7.172889709472656250e-01
7.383728027343750000e-01
7.534236907958984375e-01
6.983680725097656250e-01
6.960620880126953125e-01
6.181449890136718750e-01
7.107868194580078125e-01
5.939636230468750000e-01
7.283573150634765625e-01
7.070999145507812500e-01
7.128429412841796875e-01
7.421855926513671875e-01
7.199935913085937500e-01
6.774559020996093750e-01
8.211441040039062500e-01
7.462196350097656250e-01
7.288951873779296875e-01
7.567539215087890625e-01
7.479286193847656250e-01
7.051372528076171875e-01
6.687679290771484375e-01
6.551742553710937500e-01
6.601200103759765625e-01
7.548789978027343750e-01
7.805786132812500000e-01
7.713603973388671875e-01
6.806621551513671875e-01
5.773887634277343750e-01
7.413711547851562500e-01
8.012638092041015625e-01
6.908874511718750000e-01
7.749176025390625000e-01
7.449035644531250000e-01
7.260837554931640625e-01
7.377166748046875000e-01
7.112369537353515625e-01
6.803054809570312500e-01
5.641860961914062500e-01
7.333106994628906250e-01
7.078227996826171875e-01
7.391090393066406250e-01
7.160205841064453125e-01
7.785205841064453125e-01
8.155441284179687500e-01
6.673469543457031250e-01
7.612094879150390625e-01
6.267948150634765625e-01
6.262435913085937500e-01
7.843627929687500000e-01
7.006320953369140625e-01
7.540130615234375000e-01
6.191329956054687500e-01
7.343883514404296875e-01
7.714099884033203125e-01
7.504405975341796875e-01
7.455844879150390625e-01
5.836601257324218750e-01
6.864814758300781250e-01
7.283573150634765625e-01
7.146472930908203125e-01
7.699546813964843750e-01
7.130355834960937500e-01
7.125568389892578125e-01
7.570724487304687500e-01
7.528686523437500000e-01
6.979198455810546875e-01
7.120952606201171875e-01
6.431369781494140625e-01
6.967258453369140625e-01
6.742134094238281250e-01
6.744499206542968750e-01
7.796936035156250000e-01
5.731239318847656250e-01
6.963520050048828125e-01
7.454013824462890625e-01
6.552658081054687500e-01
7.482261657714843750e-01
6.784687042236328125e-01
6.670246124267578125e-01
6.817531585693359375e-01
6.946487426757812500e-01
7.593650817871093750e-01
6.912212371826171875e-01
6.778640747070312500e-01
7.445735931396484375e-01
6.897411346435546875e-01
7.150669097900390625e-01
7.575130462646484375e-01
7.699642181396484375e-01
6.049480438232421875e-01
6.956901550292968750e-01
6.594753265380859375e-01
7.180290222167968750e-01
7.483272552490234375e-01
7.696762084960937500e-01
7.291507720947265625e-01
6.417751312255859375e-01
7.690258026123046875e-01
6.625804901123046875e-01
7.183113098144531250e-01
8.011779785156250000e-01
6.917133331298828125e-01
5.540885925292968750e-01
7.388095855712890625e-01
7.625465393066406250e-01
7.641124725341796875e-01
7.379608154296875000e-01
8.059844970703125000e-01
7.716140747070312500e-01
6.541919708251953125e-01
6.672630310058593750e-01
7.634620666503906250e-01
7.492027282714843750e-01
7.584342956542968750e-01
6.353378295898437500e-01
7.765140533447265625e-01
7.059860229492187500e-01
7.627258300781250000e-01
6.821117401123046875e-01
7.537670135498046875e-01
5.880737304687500000e-01
7.773227691650390625e-01
7.663574218750000000e-01
6.492729187011718750e-01
6.645069122314453125e-01
6.259422302246093750e-01
7.522239685058593750e-01
7.091827392578125000e-01
6.277275085449218750e-01
6.992530822753906250e-01
7.475490570068359375e-01
7.560920715332031250e-01
6.772441864013671875e-01
7.496566772460937500e-01
5.611743927001953125e-01
7.721881866455078125e-01
7.097587585449218750e-01
7.343025207519531250e-01
7.051410675048828125e-01
7.102661132812500000e-01
7.667160034179687500e-01
7.380962371826171875e-01
7.537403106689453125e-01
6.967239379882812500e-01
7.709884643554687500e-01
6.598205566406250000e-01
4.856395721435546875e-01
6.944828033447265625e-01
7.446575164794921875e-01
5.451984405517578125e-01
6.743087768554687500e-01
7.157936096191406250e-01
7.775154113769531250e-01
7.248725891113281250e-01
6.052970886230468750e-01
7.114582061767578125e-01
7.373428344726562500e-01
6.905536651611328125e-01
7.908763885498046875e-01
7.483348846435546875e-01
7.092590332031250000e-01
6.740360260009765625e-01
7.494869232177734375e-01
7.072410583496093750e-01
7.914314270019531250e-01
6.751308441162109375e-01
6.626052856445312500e-01
7.110748291015625000e-01
5.307273864746093750e-01
7.532882690429687500e-01
7.636337280273437500e-01
7.635593414306640625e-01
7.783107757568359375e-01
7.304687500000000000e-01
7.407302856445312500e-01
6.617107391357421875e-01
7.606372833251953125e-01
7.057018280029296875e-01
7.267093658447265625e-01
7.451763153076171875e-01
6.513404846191406250e-01
7.466411590576171875e-01
7.563705444335937500e-01
5.756626129150390625e-01
7.144298553466796875e-01
7.496318817138671875e-01
7.881965637207031250e-01
7.541599273681640625e-01
8.063716888427734375e-01
7.205352783203125000e-01
7.398281097412109375e-01
6.930656433105468750e-01
7.981643676757812500e-01
7.779312133789062500e-01
5.708198547363281250e-01
5.772743225097656250e-01
7.071495056152343750e-01
7.799625396728515625e-01
5.895156860351562500e-01
6.593494415283203125e-01
6.824893951416015625e-01
7.595615386962890625e-01
7.943878173828125000e-01
7.249679565429687500e-01
7.486820220947265625e-01
7.795543670654296875e-01
7.163658142089843750e-01
7.286376953125000000e-01
7.433853149414062500e-01
6.575527191162109375e-01
7.638683319091796875e-01
7.244911193847656250e-01
7.362232208251953125e-01
6.912307739257812500e-01
7.288131713867187500e-01
7.599468231201171875e-01
7.307090759277343750e-01
6.464405059814453125e-01
7.252349853515625000e-01
7.104511260986328125e-01
7.945003509521484375e-01
7.312145233154296875e-01
7.264442443847656250e-01
7.448844909667968750e-01
7.576370239257812500e-01
7.199287414550781250e-01
7.248592376708984375e-01
5.582332611083984375e-01
7.103176116943359375e-01
7.449760437011718750e-01
7.251987457275390625e-01
7.914676666259765625e-01
6.861133575439453125e-01
7.028980255126953125e-01
6.452560424804687500e-01
6.383857727050781250e-01
6.084556579589843750e-01
6.911621093750000000e-01
7.840557098388671875e-01
6.790237426757812500e-01
7.177467346191406250e-01
6.900978088378906250e-01
7.545032501220703125e-01
7.321548461914062500e-01
7.235298156738281250e-01
7.285270690917968750e-01
7.402515411376953125e-01
6.692695617675781250e-01
7.374839782714843750e-01
5.761051177978515625e-01
7.696361541748046875e-01
6.944084167480468750e-01
7.645397186279296875e-01
6.965789794921875000e-01
7.507209777832031250e-01
6.442813873291015625e-01
7.414894104003906250e-01
7.242565155029296875e-01
7.033767700195312500e-01
6.896381378173828125e-01
6.056804656982421875e-01
7.756519317626953125e-01
7.262325286865234375e-01
7.247905731201171875e-01
6.512565612792968750e-01
7.524299621582031250e-01
7.854976654052734375e-01
7.376041412353515625e-01
6.452846527099609375e-01
7.703094482421875000e-01
6.847400665283203125e-01
6.893482208251953125e-01
5.306091308593750000e-01
7.699527740478515625e-01
7.190475463867187500e-01
7.156352996826171875e-01
7.698974609375000000e-01
7.979564666748046875e-01
7.563247680664062500e-01
7.558803558349609375e-01
6.708793640136718750e-01
6.532001495361328125e-01
6.843662261962890625e-01
7.321605682373046875e-01
5.618133544921875000e-01
7.335567474365234375e-01
6.920394897460937500e-01
7.649555206298828125e-01
6.795558929443359375e-01
7.281913757324218750e-01
7.461318969726562500e-01
7.802848815917968750e-01
6.605033874511718750e-01
7.121753692626953125e-01
7.314529418945312500e-01
7.349643707275390625e-01
6.202373504638671875e-01
7.328720092773437500e-01
7.390480041503906250e-01
6.939773559570312500e-01
7.608013153076171875e-01
7.544784545898437500e-01
5.000972747802734375e-01
6.884479522705078125e-01
7.206153869628906250e-01
7.583370208740234375e-01
7.508659362792968750e-01
7.273712158203125000e-01
7.354125976562500000e-01
7.107410430908203125e-01
6.093082427978515625e-01
7.127037048339843750e-01
7.399368286132812500e-01
7.794742584228515625e-01
7.504425048828125000e-01
8.088932037353515625e-01
7.336273193359375000e-01
5.891780853271484375e-01
7.303619384765625000e-01
7.167243957519531250e-01
7.597846984863281250e-01
6.864452362060546875e-01
6.226100921630859375e-01
7.715454101562500000e-01
8.099021911621093750e-01
7.899360656738281250e-01
7.474555969238281250e-01
7.313442230224609375e-01
7.750320434570312500e-01
7.907009124755859375e-01
6.839065551757812500e-01
7.487220764160156250e-01
7.509136199951171875e-01
6.482086181640625000e-01
7.310485839843750000e-01
7.391548156738281250e-01
7.472267150878906250e-01
7.908496856689453125e-01
6.284637451171875000e-01
7.324428558349609375e-01
7.795677185058593750e-01
7.149715423583984375e-01
7.048225402832031250e-01
6.762008666992187500e-01
7.595520019531250000e-01
7.220611572265625000e-01
7.350997924804687500e-01
4.844913482666015625e-01
6.679553985595703125e-01
7.649173736572265625e-01
7.608661651611328125e-01
7.673454284667968750e-01
7.107543945312500000e-01
7.029895782470703125e-01
7.205390930175781250e-01
7.955017089843750000e-01
8.113746643066406250e-01
6.348266601562500000e-01
7.535305023193359375e-01
6.761531829833984375e-01
7.247486114501953125e-01
5.195312500000000000e-01
7.465839385986328125e-01
5.879859924316406250e-01
7.200794219970703125e-01
7.806205749511718750e-01
7.199897766113281250e-01
7.780284881591796875e-01
7.610397338867187500e-01
7.731323242187500000e-01
7.713203430175781250e-01
7.112083435058593750e-01
7.369079589843750000e-01
7.026138305664062500e-01
6.589794158935546875e-01
7.183208465576171875e-01
7.913417816162109375e-01
7.238044738769531250e-01
7.569313049316406250e-01
7.317733764648437500e-01
6.206874847412109375e-01
7.847042083740234375e-01
5.429096221923828125e-01
7.378520965576171875e-01
7.345981597900390625e-01
7.338504791259765625e-01
7.716541290283203125e-01
6.271419525146484375e-01
7.523975372314453125e-01
6.958789825439453125e-01
6.721458435058593750e-01
6.836223602294921875e-01
7.350063323974609375e-01
6.675643920898437500e-01
4.871578216552734375e-01
7.509593963623046875e-01
7.181854248046875000e-01
7.340812683105468750e-01
7.696933746337890625e-01
7.613601684570312500e-01
7.633380889892578125e-01
5.481929779052734375e-01
5.253906250000000000e-01
6.904468536376953125e-01
5.907363891601562500e-01
6.922531127929687500e-01
7.373619079589843750e-01
7.617225646972656250e-01
7.501659393310546875e-01
6.547126770019531250e-01
7.409343719482421875e-01
6.496715545654296875e-01
7.036418914794921875e-01
7.759246826171875000e-01
7.234611511230468750e-01
5.811271667480468750e-01
7.706127166748046875e-01
7.512378692626953125e-01
6.976528167724609375e-01
7.473621368408203125e-01
7.445812225341796875e-01
7.201690673828125000e-01
7.552909851074218750e-01
6.702556610107421875e-01
6.863918304443359375e-01
4.881687164306640625e-01
7.429561614990234375e-01
7.197322845458984375e-01
6.533126831054687500e-01
7.471790313720703125e-01
7.452507019042968750e-01
7.443866729736328125e-01
7.303276062011718750e-01
7.199459075927734375e-01
7.023696899414062500e-01
6.840095520019531250e-01
7.158260345458984375e-01
7.078914642333984375e-01
7.732486724853515625e-01
7.323436737060546875e-01
6.633682250976562500e-01
6.120338439941406250e-01
6.036586761474609375e-01
7.614898681640625000e-01
7.599754333496093750e-01
6.629199981689453125e-01
7.316246032714843750e-01
6.946926116943359375e-01
6.777229309082031250e-01
7.833194732666015625e-01
5.234375000000000000e-01
7.544956207275390625e-01
7.163600921630859375e-01
6.775608062744140625e-01
7.937755584716796875e-01
7.442779541015625000e-01
7.882118225097656250e-01
7.407703399658203125e-01
7.158603668212890625e-01
6.902961730957031250e-01
7.207775115966796875e-01
6.604576110839843750e-01
7.070426940917968750e-01
7.027206420898437500e-01
6.775951385498046875e-01
6.913013458251953125e-01
7.456398010253906250e-01
7.506217956542968750e-01
7.793540954589843750e-01
7.482891082763671875e-01
7.866497039794921875e-01
6.694507598876953125e-01
5.018730163574218750e-01
5.165748596191406250e-01
6.316757202148437500e-01
7.957382202148437500e-01
7.274837493896484375e-01
7.843723297119140625e-01
7.621955871582031250e-01
5.699443817138671875e-01
6.025657653808593750e-01
7.630367279052734375e-01
7.288665771484375000e-01
7.755985260009765625e-01
6.624832153320312500e-01
6.097717285156250000e-01
7.523612976074218750e-01
7.050094604492187500e-01
7.239303588867187500e-01
7.746906280517578125e-01
5.751476287841796875e-01
7.177505493164062500e-01
7.349853515625000000e-01
6.651210784912109375e-01
6.898994445800781250e-01
7.299289703369140625e-01
5.777263641357421875e-01
7.359161376953125000e-01
7.930736541748046875e-01
7.068786621093750000e-01
6.550750732421875000e-01
7.372722625732421875e-01
7.377910614013671875e-01
6.971778869628906250e-01
7.671546936035156250e-01
7.204456329345703125e-01
6.755657196044921875e-01
7.076511383056640625e-01
7.482509613037109375e-01
6.822814941406250000e-01
7.426204681396484375e-01
7.480812072753906250e-01
5.615310668945312500e-01
7.024898529052734375e-01
7.547645568847656250e-01
7.519378662109375000e-01
6.868667602539062500e-01
6.937904357910156250e-01
6.928997039794921875e-01
7.564926147460937500e-01
7.224674224853515625e-01
7.225952148437500000e-01
7.499580383300781250e-01
7.520294189453125000e-01
5.167160034179687500e-01
7.449016571044921875e-01
7.139644622802734375e-01
7.273159027099609375e-01
7.609462738037109375e-01
7.324333190917968750e-01
5.982837677001953125e-01
5.837593078613281250e-01
7.680034637451171875e-01
7.468891143798828125e-01
8.045368194580078125e-01
6.565322875976562500e-01
5.989265441894531250e-01
7.028636932373046875e-01
7.514419555664062500e-01
7.368259429931640625e-01
7.060089111328125000e-01
6.022453308105468750e-01
6.611957550048828125e-01
7.433280944824218750e-01
7.203865051269531250e-01
7.121448516845703125e-01
6.202087402343750000e-01
7.737979888916015625e-01
7.510623931884765625e-01
6.955566406250000000e-01
8.090171813964843750e-01
7.424793243408203125e-01
7.384357452392578125e-01
5.209960937500000000e-01
6.978092193603515625e-01
7.800140380859375000e-01
7.260341644287109375e-01
7.471847534179687500e-01
6.717376708984375000e-01
7.694988250732421875e-01
7.421417236328125000e-01
7.003288269042968750e-01
6.965465545654296875e-01
7.726612091064453125e-01
7.424201965332031250e-01
7.762527465820312500e-01
6.447696685791015625e-01
7.911510467529296875e-01
7.623081207275390625e-01
4.856777191162109375e-01
7.079849243164062500e-01
7.127571105957031250e-01
6.810817718505859375e-01
7.730293273925781250e-01
6.982021331787109375e-01
7.631816864013671875e-01
7.970294952392578125e-01
7.538852691650390625e-01
7.370281219482421875e-01
7.650432586669921875e-01
6.601562500000000000e-01
7.846565246582031250e-01
7.067050933837890625e-01
5.007801055908203125e-01
7.247333526611328125e-01
7.495594024658203125e-01
5.527343750000000000e-01
6.736640930175781250e-01
7.074775695800781250e-01
4.804687500000000000e-01
7.086009979248046875e-01
7.387752532958984375e-01
6.662406921386718750e-01
7.264499664306640625e-01
7.451095581054687500e-01
7.224884033203125000e-01
7.177238464355468750e-01
8.084831237792968750e-01
7.546920776367187500e-01
7.586250305175781250e-01
7.833976745605468750e-01
6.173095703125000000e-01
4.855136871337890625e-01
7.023677825927734375e-01
6.977577209472656250e-01
7.373905181884765625e-01
6.887798309326171875e-01
6.048908233642578125e-01
8.055248260498046875e-01
7.072753906250000000e-01
7.524032592773437500e-01
6.961154937744140625e-01
6.640625000000000000e-01
7.669792175292968750e-01
7.718811035156250000e-01
7.384929656982421875e-01
7.462863922119140625e-01
7.543792724609375000e-01
7.178955078125000000e-01
6.896629333496093750e-01
6.245670318603515625e-01
6.982116699218750000e-01
6.784820556640625000e-01
7.639293670654296875e-01
7.536354064941406250e-01
6.044273376464843750e-01
7.401733398437500000e-01
6.261215209960937500e-01
7.024841308593750000e-01
8.206386566162109375e-01
5.819263458251953125e-01
7.792415618896484375e-01
6.704578399658203125e-01
7.180576324462890625e-01
7.250881195068359375e-01
6.982364654541015625e-01
7.767086029052734375e-01
6.752014160156250000e-01
6.680984497070312500e-01
7.221717834472656250e-01
7.175312042236328125e-01
7.022380828857421875e-01
6.406822204589843750e-01
7.615585327148437500e-01
5.637722015380859375e-01
6.970653533935546875e-01
7.045154571533203125e-01
7.540760040283203125e-01
6.566429138183593750e-01
7.549266815185546875e-01
7.550792694091796875e-01
6.761474609375000000e-01
7.126445770263671875e-01
7.121753692626953125e-01
7.397251129150390625e-01
5.784339904785156250e-01
4.980468750000000000e-01
7.898578643798828125e-01
6.830329895019531250e-01
7.771053314208984375e-01
6.104316711425781250e-01
7.634487152099609375e-01
6.891841888427734375e-01
7.252101898193359375e-01
7.321739196777343750e-01
7.497882843017578125e-01
6.837081909179687500e-01
7.512855529785156250e-01
7.659492492675781250e-01
7.053184509277343750e-01
7.428493499755859375e-01
7.569255828857421875e-01
6.319522857666015625e-01
7.334594726562500000e-01
6.882705688476562500e-01
7.458572387695312500e-01
7.193965911865234375e-01
7.268981933593750000e-01
7.114620208740234375e-01
7.605991363525390625e-01
7.152519226074218750e-01
7.790775299072265625e-01
6.879253387451171875e-01
5.563430786132812500e-01
6.768093109130859375e-01
7.661914825439453125e-01
7.619895935058593750e-01
6.900119781494140625e-01
7.157344818115234375e-01
6.714153289794921875e-01
7.241210937500000000e-01
7.301368713378906250e-01
7.608661651611328125e-01
7.457962036132812500e-01
8.043041229248046875e-01
6.943950653076171875e-01
6.533718109130859375e-01
6.260471343994140625e-01
7.389068603515625000e-01
6.755905151367187500e-01
6.534538269042968750e-01
7.531490325927734375e-01
7.395076751708984375e-01
6.685028076171875000e-01
7.087745666503906250e-01
7.555522918701171875e-01
7.160949707031250000e-01
5.762577056884765625e-01
7.777481079101562500e-01
7.372264862060546875e-01
7.657680511474609375e-01
7.551841735839843750e-01
7.148551940917968750e-01
7.173175811767578125e-01
6.631851196289062500e-01
6.931686401367187500e-01
7.505283355712890625e-01
5.903320312500000000e-01
7.157344818115234375e-01
7.848186492919921875e-01
7.438201904296875000e-01
7.493228912353515625e-01
7.815246582031250000e-01
7.709865570068359375e-01
6.692066192626953125e-01
7.747707366943359375e-01
7.402992248535156250e-01
7.746639251708984375e-01
7.186145782470703125e-01
7.194728851318359375e-01
6.894721984863281250e-01
6.885604858398437500e-01
7.084331512451171875e-01
7.767791748046875000e-01
7.465953826904296875e-01
7.684211730957031250e-01
8.011646270751953125e-01
7.726821899414062500e-01
7.855873107910156250e-01
7.882347106933593750e-01
7.375545501708984375e-01
4.866847991943359375e-01
6.683025360107421875e-01
7.317314147949218750e-01
7.350158691406250000e-01
7.623577117919921875e-01
6.831741333007812500e-01
6.657962799072265625e-01
7.671108245849609375e-01
7.468776702880859375e-01
5.805263519287109375e-01
7.244453430175781250e-01
7.585334777832031250e-01
7.435607910156250000e-01
6.771831512451171875e-01
7.172222137451171875e-01
7.554225921630859375e-01
6.590614318847656250e-01
7.633476257324218750e-01
7.164993286132812500e-01
5.012950897216796875e-01
7.577495574951171875e-01
7.034015655517578125e-01
6.737651824951171875e-01
6.271896362304687500e-01
7.320518493652343750e-01
7.859954833984375000e-01
7.768115997314453125e-01
6.869792938232421875e-01
7.249393463134765625e-01
7.165870666503906250e-01
6.532802581787109375e-01
7.475795745849609375e-01
6.110534667968750000e-01
7.546329498291015625e-01
5.007400512695312500e-01
6.825294494628906250e-01
6.951885223388671875e-01
7.339248657226562500e-01
7.489948272705078125e-01
7.367248535156250000e-01
7.070903778076171875e-01
7.261486053466796875e-01
7.025642395019531250e-01
7.493934631347656250e-01
6.675872802734375000e-01
6.960372924804687500e-01
7.157897949218750000e-01
7.601566314697265625e-01
6.953735351562500000e-01
7.357616424560546875e-01
7.644557952880859375e-01
7.459030151367187500e-01
8.057804107666015625e-01
4.980792999267578125e-01
7.819919586181640625e-01
7.319049835205078125e-01
5.917758941650390625e-01
7.563953399658203125e-01
6.624469757080078125e-01
7.286396026611328125e-01
7.058906555175781250e-01
6.613349914550781250e-01
7.035102844238281250e-01
6.514949798583984375e-01
6.835346221923828125e-01
7.591266632080078125e-01
5.670490264892578125e-01
6.725788116455078125e-01
7.312488555908203125e-01
7.346153259277343750e-01
7.625789642333984375e-01
6.678352355957031250e-01
6.961135864257812500e-01
7.512302398681640625e-01
5.742225646972656250e-01
7.326221466064453125e-01
7.325325012207031250e-01
7.458934783935546875e-01
7.721252441406250000e-01
6.975421905517578125e-01
7.360420227050781250e-01
6.738281250000000000e-01
7.672328948974609375e-01
6.872005462646484375e-01
7.413463592529296875e-01
7.530174255371093750e-01
7.582607269287109375e-01
7.222785949707031250e-01
7.777004241943359375e-01
6.566638946533203125e-01
7.158718109130859375e-01
5.447635650634765625e-01
7.821578979492187500e-01
8.021278381347656250e-01
7.207069396972656250e-01
7.236557006835937500e-01
7.600688934326171875e-01
7.507190704345703125e-01
5.348320007324218750e-01
7.546329498291015625e-01
7.762222290039062500e-01
5.009021759033203125e-01
7.688159942626953125e-01
6.948070526123046875e-01
7.368927001953125000e-01
7.069721221923828125e-01
6.835441589355468750e-01
7.879810333251953125e-01
7.105636596679687500e-01
7.646045684814453125e-01
7.334117889404296875e-01
6.984119415283203125e-01
7.049636840820312500e-01
7.056579589843750000e-01
7.469062805175781250e-01
7.256202697753906250e-01
6.890792846679687500e-01
7.670516967773437500e-01
7.341117858886718750e-01
7.486610412597656250e-01
7.836513519287109375e-01
7.418842315673828125e-01
7.099514007568359375e-01
7.211971282958984375e-01
7.766876220703125000e-01
7.561683654785156250e-01
7.200641632080078125e-01
6.572074890136718750e-01
7.472267150878906250e-01
6.270923614501953125e-01
7.264499664306640625e-01
7.549877166748046875e-01
6.909618377685546875e-01
7.046051025390625000e-01
7.480621337890625000e-01
7.487449645996093750e-01
7.739620208740234375e-01
6.041584014892578125e-01
7.527713775634765625e-01
7.465229034423828125e-01
6.126804351806640625e-01
7.154083251953125000e-01
7.158966064453125000e-01
6.892471313476562500e-01
7.595996856689453125e-01
6.556797027587890625e-01
7.312946319580078125e-01
7.976608276367187500e-01
7.872772216796875000e-01
7.300281524658203125e-01
4.852828979492187500e-01
7.479877471923828125e-01
7.515449523925781250e-01
6.961975097656250000e-01
6.483802795410156250e-01
7.701797485351562500e-01
7.418880462646484375e-01
7.480945587158203125e-01
6.568355560302734375e-01
6.570758819580078125e-01
7.342567443847656250e-01
7.165470123291015625e-01
7.485618591308593750e-01
7.054557800292968750e-01
7.669677734375000000e-01
6.498508453369140625e-01
7.416973114013671875e-01
6.613922119140625000e-01
8.048381805419921875e-01
6.959228515625000000e-01
7.419910430908203125e-01
7.221717834472656250e-01
7.454509735107421875e-01
5.685577392578125000e-01
6.586246490478515625e-01
7.932033538818359375e-01
7.471275329589843750e-01
5.670642852783203125e-01
6.791248321533203125e-01
7.944278717041015625e-01
6.299419403076171875e-01
7.440299987792968750e-01
7.382717132568359375e-01
7.317237854003906250e-01
5.778427124023437500e-01
6.127071380615234375e-01
7.132453918457031250e-01
7.395668029785156250e-01
7.209720611572265625e-01
7.387371063232421875e-01
7.393035888671875000e-01
7.749385833740234375e-01
6.851596832275390625e-01
6.537017822265625000e-01
7.619609832763671875e-01
6.905498504638671875e-01
7.100887298583984375e-01
7.253894805908203125e-01
7.432556152343750000e-01
7.513904571533203125e-01
6.899433135986328125e-01
7.181587219238281250e-01
6.818046569824218750e-01
7.573776245117187500e-01
7.753372192382812500e-01
7.686214447021484375e-01
7.227096557617187500e-01
7.709789276123046875e-01
7.119197845458984375e-01
7.773323059082031250e-01
7.026672363281250000e-01
6.467666625976562500e-01
7.629470825195312500e-01
5.775794982910156250e-01
7.412738800048828125e-01
7.285499572753906250e-01
6.603641510009765625e-01
7.218589782714843750e-01
7.733802795410156250e-01
5.394573211669921875e-01
7.661342620849609375e-01
7.531127929687500000e-01
7.698078155517578125e-01
7.239151000976562500e-01
6.883831024169921875e-01
7.596950531005859375e-01
7.305870056152343750e-01
7.411251068115234375e-01
7.643737792968750000e-01
7.360553741455078125e-01
7.453746795654296875e-01
7.327041625976562500e-01
7.300262451171875000e-01
6.736831665039062500e-01
7.395267486572265625e-01
6.020526885986328125e-01
7.305355072021484375e-01
7.285957336425781250e-01
7.543182373046875000e-01
5.741100311279296875e-01
6.240139007568359375e-01
6.523666381835937500e-01
5.679225921630859375e-01
7.386112213134765625e-01
7.127914428710937500e-01
7.041435241699218750e-01
7.464103698730468750e-01
7.469539642333984375e-01
6.878719329833984375e-01
6.548442840576171875e-01
7.274856567382812500e-01
7.263565063476562500e-01
7.126808166503906250e-01
7.646579742431640625e-01
6.814556121826171875e-01
8.215084075927734375e-01
7.324867248535156250e-01
6.764736175537109375e-01
6.621303558349609375e-01
7.669391632080078125e-01
7.170619964599609375e-01
7.524948120117187500e-01
7.026920318603515625e-01
5.777854919433593750e-01
6.992092132568359375e-01
7.640323638916015625e-01
7.444992065429687500e-01
7.504367828369140625e-01
7.164592742919921875e-01
7.512435913085937500e-01
7.583541870117187500e-01
7.463455200195312500e-01
7.647514343261718750e-01
7.616100311279296875e-01
7.976818084716796875e-01
7.492523193359375000e-01
6.966571807861328125e-01
6.979503631591796875e-01
7.572135925292968750e-01
7.676143646240234375e-01
7.074413299560546875e-01
6.911029815673828125e-01
6.906948089599609375e-01
6.660900115966796875e-01
7.556991577148437500e-01
7.016925811767578125e-01
7.266311645507812500e-01
7.778606414794921875e-01
5.895118713378906250e-01
7.039012908935546875e-01
7.583827972412109375e-01
5.661449432373046875e-01
7.579727172851562500e-01
7.388000488281250000e-01
7.436275482177734375e-01
7.865104675292968750e-01
7.303485870361328125e-01
6.842937469482421875e-01
7.027435302734375000e-01
7.342643737792968750e-01
7.666778564453125000e-01
7.301235198974609375e-01
6.110706329345703125e-01
6.975116729736328125e-01
7.694435119628906250e-01
7.290344238281250000e-01
6.906261444091796875e-01
7.330017089843750000e-01
7.715225219726562500e-01
7.740478515625000000e-01
7.234706878662109375e-01
7.624130249023437500e-01
7.688331604003906250e-01
6.780967712402343750e-01
7.511463165283203125e-01
5.640239715576171875e-01
7.579193115234375000e-01
7.524757385253906250e-01
7.039108276367187500e-01
7.879695892333984375e-01
7.436103820800781250e-01
6.472854614257812500e-01
7.948226928710937500e-01
7.395381927490234375e-01
7.739696502685546875e-01
7.545661926269531250e-01
7.697010040283203125e-01
6.883621215820312500e-01
7.301406860351562500e-01
5.312500000000000000e-01
6.922721862792968750e-01
7.468471527099609375e-01
7.237968444824218750e-01
6.767463684082031250e-01
7.657737731933593750e-01
6.755313873291015625e-01
7.343902587890625000e-01
6.559772491455078125e-01
6.787071228027343750e-01
7.548408508300781250e-01
4.849357604980468750e-01
6.091251373291015625e-01
4.941406250000000000e-01
7.647552490234375000e-01
7.435989379882812500e-01
7.380981445312500000e-01
7.349624633789062500e-01
6.157798767089843750e-01
7.994728088378906250e-01
7.400264739990234375e-01
7.191524505615234375e-01
7.097415924072265625e-01
6.030368804931640625e-01
6.739521026611328125e-01
7.340812683105468750e-01
7.290401458740234375e-01
7.442913055419921875e-01
6.474494934082031250e-01
7.274627685546875000e-01
6.870288848876953125e-01
7.033443450927734375e-01
7.056732177734375000e-01
7.656078338623046875e-01
5.738277435302734375e-01
6.244831085205078125e-01
6.864547729492187500e-01
6.645259857177734375e-01
6.132316589355468750e-01
7.422866821289062500e-01
7.187309265136718750e-01
7.159767150878906250e-01
7.622928619384765625e-01
7.500286102294921875e-01
6.734104156494140625e-01
7.705287933349609375e-01
7.232513427734375000e-01
6.916217803955078125e-01
7.170829772949218750e-01
6.762542724609375000e-01
7.882556915283203125e-01
7.194919586181640625e-01
7.497558593750000000e-01
7.172412872314453125e-01
7.110385894775390625e-01
7.615642547607421875e-01
6.963005065917968750e-01
7.093029022216796875e-01
7.174320220947265625e-01
7.560081481933593750e-01
6.836452484130859375e-01
7.514381408691406250e-01
6.788082122802734375e-01
7.150650024414062500e-01
7.125263214111328125e-01
7.764320373535156250e-01
6.747798919677734375e-01
7.423858642578125000e-01
7.781810760498046875e-01
8.098049163818359375e-01
7.249755859375000000e-01
6.658744812011718750e-01
6.998996734619140625e-01
7.009639739990234375e-01
6.828823089599609375e-01
7.704124450683593750e-01
7.750091552734375000e-01
7.574558258056640625e-01
5.774841308593750000e-01
6.326236724853515625e-01
8.021583557128906250e-01
7.039470672607421875e-01
6.610813140869140625e-01
6.145629882812500000e-01
7.916889190673828125e-01
7.122497558593750000e-01
7.610378265380859375e-01
6.422328948974609375e-01
7.114810943603515625e-01
7.087917327880859375e-01
7.022628784179687500e-01
7.590751647949218750e-01
7.915897369384765625e-01
7.572975158691406250e-01
7.772998809814453125e-01
7.646980285644531250e-01
7.752323150634765625e-01
6.435184478759765625e-01
7.210102081298828125e-01
7.517967224121093750e-01
7.109680175781250000e-01
7.497806549072265625e-01
7.514839172363281250e-01
7.183856964111328125e-01
6.825046539306640625e-01
7.398319244384765625e-01
7.573814392089843750e-01
7.421188354492187500e-01
7.634544372558593750e-01
7.343463897705078125e-01
6.700916290283203125e-01
7.026367187500000000e-01
7.290802001953125000e-01
6.836986541748046875e-01
5.746154785156250000e-01
6.059799194335937500e-01
7.460136413574218750e-01
7.021770477294921875e-01
7.187595367431640625e-01
6.981830596923828125e-01
7.694416046142578125e-01
7.115612030029296875e-01
7.608871459960937500e-01
6.660938262939453125e-01
6.954727172851562500e-01
7.127361297607421875e-01
6.262969970703125000e-01
7.325172424316406250e-01
7.370548248291015625e-01
7.669506072998046875e-01
7.780227661132812500e-01
7.106113433837890625e-01
7.472114562988281250e-01
7.787399291992187500e-01
7.435264587402343750e-01
5.691337585449218750e-01
7.740554809570312500e-01
6.239585876464843750e-01
7.469615936279296875e-01
7.799453735351562500e-01
7.034397125244140625e-01
7.565765380859375000e-01
6.413536071777343750e-01
7.432479858398437500e-01
7.599201202392578125e-01
7.542819976806640625e-01
6.680221557617187500e-01
6.889152526855468750e-01
6.535968780517578125e-01
5.222377777099609375e-01
6.388645172119140625e-01
7.519111633300781250e-01
7.771053314208984375e-01
7.096004486083984375e-01
7.416019439697265625e-01
6.966743469238281250e-01
7.499809265136718750e-01
5.954532623291015625e-01
5.589962005615234375e-01
7.688751220703125000e-01
7.807979583740234375e-01
7.300090789794921875e-01
6.294231414794921875e-01
6.681098937988281250e-01
7.451038360595703125e-01
7.120819091796875000e-01
7.516593933105468750e-01
6.455345153808593750e-01
7.695941925048828125e-01
7.817096710205078125e-01
6.119575500488281250e-01
4.990921020507812500e-01
7.196083068847656250e-01
7.394466400146484375e-01
7.523231506347656250e-01
7.165775299072265625e-01
7.263393402099609375e-01
6.328506469726562500e-01
6.662731170654296875e-01
7.262649536132812500e-01
7.781581878662109375e-01
7.275733947753906250e-01
7.549915313720703125e-01
7.488327026367187500e-01
6.375370025634765625e-01
7.594184875488281250e-01
7.879333496093750000e-01
7.553863525390625000e-01
7.586193084716796875e-01
6.562728881835937500e-01
7.439441680908203125e-01
6.781024932861328125e-01
7.342796325683593750e-01
7.461700439453125000e-01
7.128391265869140625e-01
7.234840393066406250e-01
7.227325439453125000e-01
6.600227355957031250e-01
7.715587615966796875e-01
7.898406982421875000e-01
6.670093536376953125e-01
6.720523834228515625e-01
6.981449127197265625e-01
6.816806793212890625e-01
6.948852539062500000e-01
7.152900695800781250e-01
6.628131866455078125e-01
7.420101165771484375e-01
5.032291412353515625e-01
6.874351501464843750e-01
7.710762023925781250e-01
6.985492706298828125e-01
7.536373138427734375e-01
6.874046325683593750e-01
6.549339294433593750e-01
7.143630981445312500e-01
6.420555114746093750e-01
7.304382324218750000e-01
6.243762969970703125e-01
7.651100158691406250e-01
7.315597534179687500e-01
7.483272552490234375e-01
6.706027984619140625e-01
6.750411987304687500e-01
7.473125457763671875e-01
7.090225219726562500e-01
7.836074829101562500e-01
7.270584106445312500e-01
7.393894195556640625e-01
7.781047821044921875e-01
7.179698944091796875e-01
6.839027404785156250e-01
7.626304626464843750e-01
6.581115722656250000e-01
8.170967102050781250e-01
7.119007110595703125e-01
6.948223114013671875e-01
7.471580505371093750e-01
7.667236328125000000e-01
7.438926696777343750e-01
6.135330200195312500e-01
8.210868835449218750e-01
7.906131744384765625e-01
7.096214294433593750e-01
6.805782318115234375e-01
7.864837646484375000e-01
7.667560577392578125e-01
7.612419128417968750e-01
7.450370788574218750e-01
7.634677886962890625e-01
7.291526794433593750e-01
7.916030883789062500e-01
6.990184783935546875e-01
6.719074249267578125e-01
6.915988922119140625e-01
6.603584289550781250e-01
7.251815795898437500e-01
5.014514923095703125e-01
6.689262390136718750e-01
7.652816772460937500e-01
7.603092193603515625e-01
7.444381713867187500e-01
7.351455688476562500e-01
6.543598175048828125e-01
7.148799896240234375e-01
6.795730590820312500e-01
7.385292053222656250e-01
6.645641326904296875e-01
7.569255828857421875e-01
7.849349975585937500e-01
5.989665985107421875e-01
7.277126312255859375e-01
5.981788635253906250e-01
7.242965698242187500e-01
7.770996093750000000e-01
8.046264648437500000e-01
7.900352478027343750e-01
7.440605163574218750e-01
6.662292480468750000e-01
6.857128143310546875e-01
7.416496276855468750e-01
7.226333618164062500e-01
7.569675445556640625e-01
7.335624694824218750e-01
6.870975494384765625e-01
7.606716156005859375e-01
7.679996490478515625e-01
6.864719390869140625e-01
7.785434722900390625e-01
8.211250305175781250e-01
5.779514312744140625e-01
7.731094360351562500e-01
7.081470489501953125e-01
7.185039520263671875e-01
7.491855621337890625e-01
6.610164642333984375e-01
7.529544830322265625e-01
7.131042480468750000e-01
6.917304992675781250e-01
5.919742584228515625e-01
7.957668304443359375e-01
6.925163269042968750e-01
7.900028228759765625e-01
6.210556030273437500e-01
7.048988342285156250e-01
7.606983184814453125e-01
7.168121337890625000e-01
7.520961761474609375e-01
7.233791351318359375e-01
6.895980834960937500e-01
7.846965789794921875e-01
7.245826721191406250e-01
6.929721832275390625e-01
7.854442596435546875e-01
7.440319061279296875e-01
7.232952117919921875e-01
6.935787200927734375e-01
7.803421020507812500e-01
6.981582641601562500e-01
5.946674346923828125e-01
6.410484313964843750e-01
6.802673339843750000e-01
6.966152191162109375e-01
7.795524597167968750e-01
7.524852752685546875e-01
7.305583953857421875e-01
7.098636627197265625e-01
7.522716522216796875e-01
6.794548034667968750e-01
7.069816589355468750e-01
7.536926269531250000e-01
7.906112670898437500e-01
7.424716949462890625e-01
7.294387817382812500e-01
6.730556488037109375e-01
7.045841217041015625e-01
7.661895751953125000e-01
7.411651611328125000e-01
6.883525848388671875e-01
5.753593444824218750e-01
7.541942596435546875e-01
6.681289672851562500e-01
7.645969390869140625e-01
7.628078460693359375e-01
6.923942565917968750e-01
7.426776885986328125e-01
7.647857666015625000e-01
7.848091125488281250e-01
7.308101654052734375e-01
7.128658294677734375e-01
5.612125396728515625e-01
7.997684478759765625e-01
7.658920288085937500e-01
6.478481292724609375e-01
6.458301544189453125e-01
7.416172027587890625e-01
7.927513122558593750e-01
7.837448120117187500e-01
6.554794311523437500e-01
7.414913177490234375e-01
7.742366790771484375e-01
5.527343750000000000e-01
7.604846954345703125e-01
7.399253845214843750e-01
7.751884460449218750e-01
6.965198516845703125e-01
7.713451385498046875e-01
4.865016937255859375e-01
7.397499084472656250e-01
7.108192443847656250e-01
7.395420074462890625e-01
7.612285614013671875e-01
7.105197906494140625e-01
7.132778167724609375e-01
7.318191528320312500e-01
6.633052825927734375e-01
7.045726776123046875e-01
6.291084289550781250e-01
7.635211944580078125e-01
6.851024627685546875e-01
7.262287139892578125e-01
7.847137451171875000e-01
6.179103851318359375e-01
7.565536499023437500e-01
7.634124755859375000e-01
6.791286468505859375e-01
7.421321868896484375e-01
7.887630462646484375e-01
6.598339080810546875e-01
6.960010528564453125e-01
7.866096496582031250e-01
7.736396789550781250e-01
6.683597564697265625e-01
7.684516906738281250e-01
7.138290405273437500e-01
7.804374694824218750e-01
7.286701202392578125e-01
7.692737579345703125e-01
7.293624877929687500e-01
6.701412200927734375e-01
7.703781127929687500e-01
7.476367950439453125e-01
7.466373443603515625e-01
7.533130645751953125e-01
6.964836120605468750e-01
7.587432861328125000e-01
6.856193542480468750e-01
7.149925231933593750e-01
6.512165069580078125e-01
4.997596740722656250e-01
8.041076660156250000e-01
7.486953735351562500e-01
7.685146331787109375e-01
7.677154541015625000e-01
6.153049468994140625e-01
7.898254394531250000e-01
7.017955780029296875e-01
7.342491149902343750e-01
7.106933593750000000e-01
6.749801635742187500e-01
6.945686340332031250e-01
6.830406188964843750e-01
7.240829467773437500e-01
6.587543487548828125e-01
7.439403533935546875e-01
7.519626617431640625e-01
7.579021453857421875e-01
8.051548004150390625e-01
7.528438568115234375e-01
6.275577545166015625e-01
7.288112640380859375e-01
7.404880523681640625e-01
6.652660369873046875e-01
6.948471069335937500e-01
7.573032379150390625e-01
6.908168792724609375e-01
7.317352294921875000e-01
7.309360504150390625e-01
7.092323303222656250e-01
7.573223114013671875e-01
7.462520599365234375e-01
7.261562347412109375e-01
7.451591491699218750e-01
7.057838439941406250e-01
7.580928802490234375e-01
7.489223480224609375e-01
8.202800750732421875e-01
7.158756256103515625e-01
6.647071838378906250e-01
7.197875976562500000e-01
7.143383026123046875e-01
7.326087951660156250e-01
7.198848724365234375e-01
7.580718994140625000e-01
7.879848480224609375e-01
7.212333679199218750e-01
5.669555664062500000e-01
5.834102630615234375e-01
7.797489166259765625e-01
7.933635711669921875e-01
7.614192962646484375e-01
7.600803375244140625e-01
7.225265502929687500e-01
7.694721221923828125e-01
5.620861053466796875e-01
6.857032775878906250e-01
7.079982757568359375e-01
5.322799682617187500e-01
6.578960418701171875e-01
7.080249786376953125e-01
7.293071746826171875e-01
7.291526794433593750e-01
6.986370086669921875e-01
7.118873596191406250e-01
6.118850708007812500e-01
7.386779785156250000e-01
7.249984741210937500e-01
7.482032775878906250e-01
7.536659240722656250e-01
7.670459747314453125e-01
5.527343750000000000e-01
6.590995788574218750e-01
7.592716217041015625e-01
7.652359008789062500e-01
8.173866271972656250e-01
6.514282226562500000e-01
7.843379974365234375e-01
7.773513793945312500e-01
7.385768890380859375e-01
7.244777679443359375e-01
7.047672271728515625e-01
7.277221679687500000e-01
6.582260131835937500e-01
6.803340911865234375e-01
7.000980377197265625e-01
7.842655181884765625e-01
7.776145935058593750e-01
7.357215881347656250e-01
4.862098693847656250e-01
7.572727203369140625e-01
6.771030426025390625e-01
6.661148071289062500e-01
7.345561981201171875e-01
7.138710021972656250e-01
7.343559265136718750e-01
7.107009887695312500e-01
7.179908752441406250e-01
7.248611450195312500e-01
7.938156127929687500e-01
7.400989532470703125e-01
7.254009246826171875e-01
7.269439697265625000e-01
5.269393920898437500e-01
5.339374542236328125e-01
7.045059204101562500e-01
7.682933807373046875e-01
7.314834594726562500e-01
6.918354034423828125e-01
5.136718750000000000e-01
5.474853515625000000e-01
7.229576110839843750e-01
7.465972900390625000e-01
7.858657836914062500e-01
7.403221130371093750e-01
7.686729431152343750e-01
7.118911743164062500e-01
7.864608764648437500e-01
6.800251007080078125e-01
7.464160919189453125e-01
7.348728179931640625e-01
7.419281005859375000e-01
7.436046600341796875e-01
7.865924835205078125e-01
6.918163299560546875e-01
7.651119232177734375e-01
7.028999328613281250e-01
6.790428161621093750e-01
7.296390533447265625e-01
5.413665771484375000e-01
6.742496490478515625e-01
7.430725097656250000e-01
7.380504608154296875e-01
7.857952117919921875e-01
6.630058288574218750e-01
7.565097808837890625e-01
7.578678131103515625e-01
7.648582458496093750e-01
6.403369903564453125e-01
7.636337280273437500e-01
8.157577514648437500e-01
7.567253112792968750e-01
7.379627227783203125e-01
7.702884674072265625e-01
6.768493652343750000e-01
7.038612365722656250e-01
7.660541534423828125e-01
6.821937561035156250e-01
6.662845611572265625e-01
5.818843841552734375e-01
6.209735870361328125e-01
6.780128479003906250e-01
6.841773986816406250e-01
7.185649871826171875e-01
7.731380462646484375e-01
6.344509124755859375e-01
7.301368713378906250e-01
7.572250366210937500e-01
7.544250488281250000e-01
7.596607208251953125e-01
6.861763000488281250e-01
7.480144500732421875e-01
7.561511993408203125e-01
7.127285003662109375e-01
7.070827484130859375e-01
7.226886749267578125e-01
7.266063690185546875e-01
5.870590209960937500e-01
7.711753845214843750e-01
6.762580871582031250e-01
6.337413787841796875e-01
7.512760162353515625e-01
7.083911895751953125e-01
7.721004486083984375e-01
7.635383605957031250e-01
6.457958221435546875e-01
6.562175750732421875e-01
7.189750671386718750e-01
7.605953216552734375e-01
7.020835876464843750e-01
6.586990356445312500e-01
7.172126770019531250e-01
7.167510986328125000e-01
6.406345367431640625e-01
7.526550292968750000e-01
7.533378601074218750e-01
7.107925415039062500e-01
6.823368072509765625e-01
6.473178863525390625e-01
6.661128997802734375e-01
7.295036315917968750e-01
7.716293334960937500e-01
7.126541137695312500e-01
6.804542541503906250e-01
7.483882904052734375e-01
7.201271057128906250e-01
7.531337738037109375e-01
6.807079315185546875e-01
7.388553619384765625e-01
6.863288879394531250e-01
7.337226867675781250e-01
7.385540008544921875e-01
7.302131652832031250e-01
7.189750671386718750e-01
7.498226165771484375e-01
7.515296936035156250e-01
6.635456085205078125e-01
8.058280944824218750e-01
7.217407226562500000e-01
7.122135162353515625e-01
7.452793121337890625e-01
7.435607910156250000e-01
6.447334289550781250e-01
7.731819152832031250e-01
7.869853973388671875e-01
7.569389343261718750e-01
7.194824218750000000e-01
7.818088531494140625e-01
7.767677307128906250e-01
6.528034210205078125e-01
7.529430389404296875e-01
7.193794250488281250e-01
7.820873260498046875e-01
7.668304443359375000e-01
7.246837615966796875e-01
4.998092651367187500e-01
7.431659698486328125e-01
6.993293762207031250e-01
7.876319885253906250e-01
4.867134094238281250e-01
6.970081329345703125e-01
7.455596923828125000e-01
7.183151245117187500e-01
7.439708709716796875e-01
7.764968872070312500e-01
7.697734832763671875e-01
6.940460205078125000e-01
7.514820098876953125e-01
7.206554412841796875e-01
7.226409912109375000e-01
7.491683959960937500e-01
7.210617065429687500e-01
7.611751556396484375e-01
7.864894866943359375e-01
7.198085784912109375e-01
5.898380279541015625e-01
7.931900024414062500e-01
6.096744537353515625e-01
7.154407501220703125e-01
6.949329376220703125e-01
6.818542480468750000e-01
7.287235260009765625e-01
7.709503173828125000e-01
7.905349731445312500e-01
7.764377593994140625e-01
7.526435852050781250e-01
6.722106933593750000e-01
7.832431793212890625e-01
7.658424377441406250e-01
6.656570434570312500e-01
7.804546356201171875e-01
6.599121093750000000e-01
7.556114196777343750e-01
7.283706665039062500e-01
6.814899444580078125e-01
7.578792572021484375e-01
7.346382141113281250e-01
7.587604522705078125e-01
6.059455871582031250e-01
6.910285949707031250e-01
7.568817138671875000e-01
7.992401123046875000e-01
7.656269073486328125e-01
7.339057922363281250e-01
7.653713226318359375e-01
4.897727966308593750e-01
7.424507141113281250e-01
7.547111511230468750e-01
7.561779022216796875e-01
7.988967895507812500e-01
5.460929870605468750e-01
7.329235076904296875e-01
7.487583160400390625e-01
6.985664367675781250e-01
6.546821594238281250e-01
6.832580566406250000e-01
6.522102355957031250e-01
7.983283996582031250e-01
7.005004882812500000e-01
5.647869110107421875e-01
7.588863372802734375e-01
5.527343750000000000e-01
7.095375061035156250e-01
7.609233856201171875e-01
6.147556304931640625e-01
6.712112426757812500e-01
7.473773956298828125e-01
7.564430236816406250e-01
7.414894104003906250e-01
6.764049530029296875e-01
6.690540313720703125e-01
6.976547241210937500e-01
7.447834014892578125e-01
7.540740966796875000e-01
7.025489807128906250e-01
4.989261627197265625e-01
5.890045166015625000e-01
7.202606201171875000e-01
6.797218322753906250e-01
7.167491912841796875e-01
7.373447418212890625e-01
6.794166564941406250e-01
7.498321533203125000e-01
7.666988372802734375e-01
7.423782348632812500e-01
6.826496124267578125e-01
6.915149688720703125e-01
6.694622039794921875e-01
7.545585632324218750e-01
7.704315185546875000e-01
7.376365661621093750e-01
4.996070861816406250e-01
6.500110626220703125e-01
7.294998168945312500e-01
6.998271942138671875e-01
7.043933868408203125e-01
7.547931671142578125e-01
7.771949768066406250e-01
6.586513519287109375e-01
7.570247650146484375e-01
8.086910247802734375e-01
7.566375732421875000e-01
7.623386383056640625e-01
7.599220275878906250e-01
8.110198974609375000e-01
7.797622680664062500e-01
6.689777374267578125e-01
7.202396392822265625e-01
7.493152618408203125e-01
6.644306182861328125e-01
7.318592071533203125e-01
7.520866394042968750e-01
6.807651519775390625e-01
6.524944305419921875e-01
7.212543487548828125e-01
6.942329406738281250e-01
7.566452026367187500e-01
7.167530059814453125e-01
6.982994079589843750e-01
6.964244842529296875e-01
7.758941650390625000e-01
7.507209777832031250e-01
7.464828491210937500e-01
5.771770477294921875e-01
7.960338592529296875e-01
7.017784118652343750e-01
6.694431304931640625e-01
5.867633819580078125e-01
7.089118957519531250e-01
4.990940093994140625e-01
7.734184265136718750e-01
7.617149353027343750e-01
7.752094268798828125e-01
6.327571868896484375e-01
7.190685272216796875e-01
7.088088989257812500e-01
6.919345855712890625e-01
7.563877105712890625e-01
7.265605926513671875e-01
7.347221374511718750e-01
7.352294921875000000e-01
7.445030212402343750e-01
6.725578308105468750e-01
6.958770751953125000e-01
7.445144653320312500e-01
7.263870239257812500e-01
7.480850219726562500e-01
7.602043151855468750e-01
5.957622528076171875e-01
7.023639678955078125e-01
7.429847717285156250e-01
7.137851715087890625e-01
7.467231750488281250e-01
7.249736785888671875e-01
5.661487579345703125e-01
7.479267120361328125e-01
7.742881774902343750e-01
6.626701354980468750e-01
7.471504211425781250e-01
7.166347503662109375e-01
6.726646423339843750e-01
7.487163543701171875e-01
7.761440277099609375e-01
7.484893798828125000e-01
6.587467193603515625e-01
7.530212402343750000e-01
7.801246643066406250e-01
7.451438903808593750e-01
7.658004760742187500e-01
7.542667388916015625e-01
7.118034362792968750e-01
6.760730743408203125e-01
7.713832855224609375e-01
7.633171081542968750e-01
6.894741058349609375e-01
7.620811462402343750e-01
7.610073089599609375e-01
7.089633941650390625e-01
7.585334777832031250e-01
7.139949798583984375e-01
5.126266479492187500e-01
6.808128356933593750e-01
7.076416015625000000e-01
7.607421875000000000e-01
7.063980102539062500e-01
6.740398406982421875e-01
7.787475585937500000e-01
6.937580108642578125e-01
7.833347320556640625e-01
7.310676574707031250e-01
6.879234313964843750e-01
6.785526275634765625e-01
7.391548156738281250e-01
7.903957366943359375e-01
7.485904693603515625e-01
6.492328643798828125e-01
7.736206054687500000e-01
7.752952575683593750e-01
7.325572967529296875e-01
7.614269256591796875e-01
7.239799499511718750e-01
5.238685607910156250e-01
7.374649047851562500e-01
6.335144042968750000e-01
7.502937316894531250e-01
7.533836364746093750e-01
7.029876708984375000e-01
6.870384216308593750e-01
7.456817626953125000e-01
6.201019287109375000e-01
7.736663818359375000e-01
7.610607147216796875e-01
7.665786743164062500e-01
7.482566833496093750e-01
6.972656250000000000e-01
6.302642822265625000e-01
7.171115875244140625e-01
6.998043060302734375e-01
7.191371917724609375e-01
7.327079772949218750e-01
7.503662109375000000e-01
7.356491088867187500e-01
7.451019287109375000e-01
6.852664947509765625e-01
7.508907318115234375e-01
7.731742858886718750e-01
6.927242279052734375e-01
7.422103881835937500e-01
7.393741607666015625e-01
6.543235778808593750e-01
6.627101898193359375e-01
7.504177093505859375e-01
6.950283050537109375e-01
7.343254089355468750e-01
6.209373474121093750e-01
6.772460937500000000e-01
6.750183105468750000e-01
7.552776336669921875e-01
6.544227600097656250e-01
7.321662902832031250e-01
7.423210144042968750e-01
7.741565704345703125e-01
7.227783203125000000e-01
7.200241088867187500e-01
7.591037750244140625e-01
6.605625152587890625e-01
7.352027893066406250e-01
7.946834564208984375e-01
5.143280029296875000e-01
5.707664489746093750e-01
6.779384613037109375e-01
7.637100219726562500e-01
7.576217651367187500e-01
7.996425628662109375e-01
7.453460693359375000e-01
7.327957153320312500e-01
7.560710906982421875e-01
7.834033966064453125e-01
7.605628967285156250e-01
7.669372558593750000e-01
7.502098083496093750e-01
7.127552032470703125e-01
7.685718536376953125e-01
7.539176940917968750e-01
6.874408721923828125e-01
7.521667480468750000e-01
7.686443328857421875e-01
7.467308044433593750e-01
7.833480834960937500e-01
7.278213500976562500e-01
7.793750762939453125e-01
6.022777557373046875e-01
6.415615081787109375e-01
6.922531127929687500e-01
6.843986511230468750e-01
7.624988555908203125e-01
7.045021057128906250e-01
6.986370086669921875e-01
7.249412536621093750e-01
7.328643798828125000e-01
7.404785156250000000e-01
7.289638519287109375e-01
7.512130737304687500e-01
7.038516998291015625e-01
5.715618133544921875e-01
6.850166320800781250e-01
7.928981781005859375e-01
7.272224426269531250e-01
5.585937500000000000e-01
7.610321044921875000e-01
7.293052673339843750e-01
4.869918823242187500e-01
7.918796539306640625e-01
6.810493469238281250e-01
8.193721771240234375e-01
6.988506317138671875e-01
7.296047210693359375e-01
7.339057922363281250e-01
6.918163299560546875e-01
7.536411285400390625e-01
7.494297027587890625e-01
8.050785064697265625e-01
8.048572540283203125e-01
7.295169830322265625e-01
7.775058746337890625e-01
7.409954071044921875e-01
7.512779235839843750e-01
6.034336090087890625e-01
7.749595642089843750e-01
7.140617370605468750e-01
7.434482574462890625e-01
6.223354339599609375e-01
7.205905914306640625e-01
7.836189270019531250e-01
6.744174957275390625e-01
7.179317474365234375e-01
6.870632171630859375e-01
6.967639923095703125e-01
7.507438659667968750e-01
7.285938262939453125e-01
7.588596343994140625e-01
7.440166473388671875e-01
6.526565551757812500e-01
7.999496459960937500e-01
7.420406341552734375e-01
6.560134887695312500e-01
8.022708892822265625e-01
7.733993530273437500e-01
6.927013397216796875e-01
7.292213439941406250e-01
7.050571441650390625e-01
7.607288360595703125e-01
7.580795288085937500e-01
6.947994232177734375e-01
6.797657012939453125e-01
7.198181152343750000e-01
7.255859375000000000e-01
7.198085784912109375e-01
7.394599914550781250e-01
7.548217773437500000e-01
7.935390472412109375e-01
8.146438598632812500e-01
6.640033721923828125e-01
7.469596862792968750e-01
7.569942474365234375e-01
7.563285827636718750e-01
7.749481201171875000e-01
6.963520050048828125e-01
7.566509246826171875e-01
7.315540313720703125e-01
6.378936767578125000e-01
6.631584167480468750e-01
7.808475494384765625e-01
7.374343872070312500e-01
7.353038787841796875e-01
7.074775695800781250e-01
7.353534698486328125e-01
7.550182342529296875e-01
7.631607055664062500e-01
5.255126953125000000e-01
7.782154083251953125e-01
7.699947357177734375e-01
7.953815460205078125e-01
7.059936523437500000e-01
7.220039367675781250e-01
7.518939971923828125e-01
7.440052032470703125e-01
6.777744293212890625e-01
7.515335083007812500e-01
7.395553588867187500e-01
6.019935607910156250e-01
6.781349182128906250e-01
6.861534118652343750e-01
7.262210845947265625e-01
7.218112945556640625e-01
7.878971099853515625e-01
6.692981719970703125e-01
7.457008361816406250e-01
7.039108276367187500e-01
6.978454589843750000e-01
7.115859985351562500e-01
7.049541473388671875e-01
7.639865875244140625e-01
7.460708618164062500e-01
7.271137237548828125e-01
7.100429534912109375e-01
7.611656188964843750e-01
7.632865905761718750e-01
6.062145233154296875e-01
7.537040710449218750e-01
7.419624328613281250e-01
6.601562500000000000e-01
7.523269653320312500e-01
7.594165802001953125e-01
7.586708068847656250e-01
7.502574920654296875e-01
7.428932189941406250e-01
6.970424652099609375e-01
6.521186828613281250e-01
8.070850372314453125e-01
6.568470001220703125e-01
6.644458770751953125e-01
7.475414276123046875e-01
7.708377838134765625e-01
7.098217010498046875e-01
7.409648895263671875e-01
6.125049591064453125e-01
7.079963684082031250e-01
