2.913123855180028254e+00 1.509555729157019854e+00 5.372746601474378103e+00 5.705805012091540007e+00 3.526820468168507250e-01 2.876321299448008517e+00 8.561408591410546443e-01 3.509550423868988300e+00 5.467759329537879687e+00 1.498544615048634787e+00 1.575954540819823890e+00 1.864035608963646062e+00 2.931197757968015072e+00 5.445340238612021544e+00 4.945535240042906899e+00 5.313636202022149924e+00 2.704146295828339319e+00 3.385044173719103267e+00 1.219227375792880430e+00 1.299644745313098593e+00
3.645013015745352192e+00 4.580337393068124818e+00 2.006760658171035938e-01 3.380800571418579370e+00 3.653832285019694037e+00 2.661761585385458595e+00 1.895590023374246424e+00 6.487113712827760059e-01 3.194542583925796819e+00 3.933719652252188670e+00 1.538526441713251813e+00 1.269544640172659111e+00 4.576950450383428404e+00 4.461381863667641667e+00 2.334344686530606783e+00 3.635433903207482054e+00 2.570893353931174019e+00 1.032726988485968000e+00 1.093303523253748910e+00 3.605528241322942140e+00
2.097703669857126307e+00 5.851782616539304982e+00 1.621109774760891131e+00 5.356684725567138372e+00 2.009131022713490200e+00 5.122759250611878201e+00 1.183952459307764521e-01 2.324336302650121588e+00 3.770515963414374117e+00 5.828912221195570176e+00 2.623169983465410304e+00 2.708540583064694474e+00 1.641427199268869763e-01 4.973529200111896031e+00 4.628504877268590612e+00 3.923796965066813858e+00 5.746115122206918890e+00 6.088030818940216804e+00 3.394832000732320942e+00 2.299485841039109246e+00
6.277823009298764134e+00 5.907645988404174986e+00 2.131788962749694871e+00 3.753412471776236270e-01 6.053546686654484255e+00 4.353511709544062747e+00 2.791993708088778892e+00 4.573393036643636833e+00 5.428127839044853964e+00 4.658850317645820027e+00 2.483941370496801415e+00 3.795766380975696297e+00 4.347352980768325104e+00 2.668532160785387131e+00 8.520951607794462479e-01 2.958366201247125904e+00 5.861457762084977929e+00 5.557734644056538942e-01 6.053319780142926376e+00 5.507507058254717869e+00
5.653386542334785325e+00 2.727630957046244919e+00 7.803100660418063050e-01 5.978181933598449016e-02 1.163371983433933332e+00 3.240648155876806324e+00 2.844065300074403613e+00 6.243284518443574349e+00 4.989990003843804978e+00 4.719094895551138258e+00 5.829906679902899569e+00 2.816543910201875445e+00 1.887135153519133857e+00 3.990318792683340998e+00 4.165923142504992960e+00 3.547847619370309680e+00 7.910647786518268387e-02 6.698331526946068593e-01 3.992291185100371287e+00 3.162431841503372087e+00
5.655447207600605708e+00 1.176999375763519984e+00 4.458965344798945796e-01 3.836511018204408874e+00 5.058787282104152183e+00 3.471480059076052505e-01 4.414732176966010613e+00 7.286918795623762435e-01 1.118865608692438007e+00 3.999112218635171967e+00 5.776440117491102200e+00 1.925171288713231288e+00 3.690036901148361803e+00 5.300996141787742921e+00 4.195911582509146420e+00 1.965871800460230689e+00 2.240996707958077927e+00 5.098331372716701004e+00 1.863284585589272124e-01 5.483957059675084622e+00
1.169060392854917030e+00 2.269709370631869838e+00 4.436723828518077006e+00 1.736660895900783430e-01 6.245067025752183421e-01 2.499733131485562865e+00 1.559969305418093644e+00 3.107743608485846742e+00 2.012476820305982184e+00 2.186681020810873122e+00 3.296825957712227417e+00 3.803666823249786777e+00 2.055529086602262190e+00 4.195882814030985841e+00 3.577557739340496923e+00 2.262010510137637098e+00 2.772884200270099520e+00 2.652922430095575379e+00 6.131014490185600962e+00 4.616545419311057330e+00
2.778650011413491550e-01 1.720687030987240185e+00 6.123444965601055223e+00 1.401724677668883534e-01 2.747004878409419759e-01 3.543396957464049812e+00 1.707355995345918975e+00 1.245005736833686871e+00 2.501966198881500958e+00 8.770460943024568912e-02 3.999961308246952729e+00 2.110710264536676206e+00 9.969871854810091749e-01 1.389563835524560420e-01 4.158102836867965557e+00 3.590338358400533725e+00 5.157851336860384883e+00 5.919231385950264546e+00 2.300521960809144506e+00 3.701291394666750278e+00
1.600929867829407494e+00 2.970731534018482112e+00 4.473032767170536772e+00 2.160833517102253687e+00 4.209660228146887562e+00 6.243913839444899416e+00 1.935313215043707347e+00 2.392944974231424413e-03 5.430793254898048872e+00 4.484441459044847811e+00 1.898608807485504757e+00 5.394934681335787019e+00 4.256147951473622904e+00 5.021103678796775327e+00 3.802238113582463441e+00 2.092533218491075875e+00 2.741051067517172868e+00 3.242447035406076594e+00 1.434898730118637333e+00 3.941175664912424992e+00
1.171042593407316090e+00 4.470098852572118808e+00 5.451676077435454459e+00 2.218639365326674273e+00 5.991801300505592565e+00 1.404287081436494500e+00 2.713796993077572051e+00 2.759094558920321738e+00 4.266527269351620077e+00 1.780121439328165467e+00 3.615212136822390843e+00 1.342515559734549280e+00 9.100668657510961879e-01 2.655876463057677217e+00 2.043540617581479424e+00 1.840908728207859557e+00 2.157009080892375419e+00 6.215904924109935115e-01 5.367130299588090736e+00 3.580009996596790423e+00
6.411341979360468679e-01 2.130981623083797682e+00 3.157951792035137206e+00 4.213866558682187069e+00 1.839477545376903223e+00 4.090512794139289809e+00 1.349367746402215518e-01 1.625679484789126050e+00 4.806551308958003865e+00 1.700668075455701533e+00 3.406285356682185128e+00 2.811860501561407322e+00 1.056562431643384370e+00 4.173322726151472928e+00 4.926926360747802214e+00 1.480649356145537610e+00 6.115632370027483056e+00 3.275833888389863446e+00 4.659828255374253381e+00 4.343017753737230535e+00
4.777823693163399277e+00 5.950497752176013400e+00 3.562434383165259177e+00 4.740138269654299741e+00 4.526776937821822777e+00 2.117821009877509209e+00 1.445863109129795543e+00 4.065463737164411562e+00 7.816715588529361547e-01 4.172550944004181639e-02 4.457440159936947310e+00 5.048833937092697788e+00 4.607576760217445333e+00 5.756793914301391091e+00 2.904030313587417367e-01 3.273702709235272845e+00 3.908019598655269267e+00 3.146956517616182225e+00 5.292767934446538369e+00 6.140005578679208931e+00
3.191726419472658449e+00 2.078861818391283034e+00 5.565498679906016655e+00 5.635000457771404569e+00 3.656859323201152034e-01 2.041353785567663337e+00 6.149535774069621930e+00 7.330890536334407903e-01 1.311308993817984492e+00 4.532468345275070476e+00 2.121018303353409351e+00 2.719786618772316977e+00 3.953255613721156969e+00 4.703576284211356651e+00 5.914861133336068555e+00 5.490021576707511120e-01 3.311405610495349983e+00 2.107239852557890814e+00 4.491010159408617142e+00 1.304790096515281217e+00
2.971524883712775011e+00 4.007561358041088262e+00 2.878396063573628094e+00 2.790349070892855554e+00 5.004861991523321230e+00 2.073694161943524072e+00 8.766376858749328482e-01 1.289464255159397554e+00 3.144183313017418602e+00 4.479082836160683811e+00 5.455510507292429700e+00 5.481583899099311985e+00 2.186092915960931582e-01 3.899390156849788180e+00 1.317832639994267918e+00 3.040796018196324280e+00 9.428147150536995147e-01 3.744045961274168111e+00 1.116446800225416869e+00 2.530036989014533000e-01
3.418894967209450186e+00 4.445997190412358968e+00 3.384640519371776790e+00 1.021303930309524821e+00 3.859069473638053083e+00 4.562714146993544162e+00 6.027873601524168734e+00 2.904513114705103316e+00 5.855735315142659658e+00 6.491198017762171979e-01 3.522701883841676818e+00 9.179110792201723434e-01 5.561946608759766875e+00 1.656389022655230026e+00 2.784018787324166411e+00 6.154891817636072737e+00 2.167728587250762895e-01 3.415864590509176235e+00 2.662132416882696084e+00 4.910396630000724905e+00
5.267301714193184381e+00 1.680403177058405806e+00 2.435302440379744915e-01 6.051784884294918676e+00 1.091539135562847207e+00 2.138063194672021439e+00 2.312824439589730385e+00 5.082763648859503824e+00 3.321425127769177532e+00 3.781722757252667932e+00 2.371774217900245174e-01 3.468534809876192337e+00 4.356546050569039430e+00 6.149062677621480733e-01 5.178328996799470119e+00 5.285777605498723553e+00 1.183804026350068650e+00 8.948403053961431208e-01 4.632858568941619737e+00 9.075693259235814159e-01
1.415052860022627534e+00 4.928490319231875638e+00 1.209915644119609279e+00 9.064342207090546610e-01 2.446849107484829311e+00 1.509653173423463279e+00 2.351733568461366275e+00 1.915474493325957928e-01 2.850949889429173822e+00 2.207655255173468944e+00 4.424581565889380563e+00 1.331416342943003706e+00 5.760390764521432061e+00 5.905000849066705193e+00 4.353713973735234610e+00 5.862674760180726086e-01 1.753459814139869177e+00 9.189639618150864386e-01 4.022705143943475115e+00 1.129997820114409635e+00
6.217661967368868225e+00 2.539533111270047883e+00 4.944454448216620612e+00 4.194706690549497630e+00 2.445729730734985008e+00 5.913667345952552168e+00 3.523100387748965723e+00 3.667882939512114415e+00 1.977799236034379904e+00 5.971153228812375424e+00 6.843253053462893254e-01 1.270936148746676375e+00 4.107230429123391424e+00 2.318712545130269476e+00 1.877132639454801355e+00 3.600369189500359557e+00 9.626624306147687493e-01 2.514247955025963877e-01 4.682711376283184457e+00 8.284141047497127763e-01
3.755573327910071590e+00 4.976241362843678573e+00 1.685255617957781116e+00 4.081452549520085071e+00 2.299806820352811254e+00 1.181861286310008641e+00 4.533723172657238565e-01 4.913742256960212273e+00 1.375044071824352399e+00 5.140894659131959976e+00 1.088418969980413431e+00 2.059642380687966678e+00 4.967135991237015880e+00 4.275024638139044875e+00 9.182637238405533253e-01 4.226553297804769294e+00 6.198932995211212216e+00 2.838075108206112862e+00 4.939703953175508921e+00 5.780614588340279525e+00
3.184175101521161455e+00 2.352279141350446690e+00 4.280254308329335622e+00 6.840298631023041809e-01 2.798842266097022247e+00 2.663741072782050967e+00 4.684352641931851302e+00 2.172748084802154978e+00 2.679919304326158214e-01 2.779336161645949765e+00 4.436574420345796299e-01 2.379327371790094681e+00 6.024657444968633868e+00 2.606490619502852546e+00 5.039848736710560217e+00 4.129924048139678838e+00 3.430703711801431410e+00 1.576496169622136456e+00 1.843279976254788233e+00 5.948877713016487156e+00
3.595007262504275936e+00 2.079723386251574269e+00 2.891480678723227449e+00 3.780368972355634849e+00 5.171940478758785709e+00 1.748456974568469047e+00 1.141530610458860284e+00 4.537820377620077394e+00 6.140742499860147419e+00 1.999551157356772357e+00 4.570325401758937645e+00 5.531528431206691465e+00 4.721963181010185195e+00 5.227223723490149965e+00 1.646610008480271281e+00 2.783655125929349605e+00 2.742062842770721098e-01 5.322475003119800929e-01 4.528382158906866906e+00 3.631950577139541725e+00
1.086160657259591655e+00 2.632775690026195825e+00 3.543319872843251783e+00 1.038072926116297534e+00 2.235501255938521226e+00 1.901552440008894340e+00 5.463709078513013573e+00 1.285305025486024766e+00 6.053801661970173775e+00 3.732254048182667372e+00 3.869854785114641871e+00 9.833510345870962732e-01 4.260265707903007737e+00 5.642006890054331869e-01 3.777043986267533349e+00 3.454991475079088326e-01 5.393228260895539528e+00 4.399662902501808581e+00 5.678989610126539134e-01 3.575472157092062786e-01
5.165228537675429443e+00 6.062363424114933785e+00 5.715808878162546236e+00 3.050229587152851085e+00 5.184792660409094367e+00 4.791215566131281633e+00 2.423719947268061059e+00 4.581982276882316185e+00 3.737863954795785038e+00 5.319376074526282139e+00 1.491561106300901107e+00 5.835248062838565425e-02 1.381854884560827834e+00 5.529849855282100712e+00 4.414133953380169118e+00 2.872023290765236769e+00 4.540775982200154992e+00 4.438320684496552260e-01 1.922615395601592114e+00 2.262167486030199015e+00
2.013429167121431274e+00 6.452327031602006491e-01 5.047179706092591367e+00 4.466169420078590413e+00 2.593859152229063714e+00 1.369258311699754760e+00 3.411726273976822821e+00 1.487984689492320767e+00 5.436074042098107739e+00 3.673268579987687965e-01 1.463867438562414192e+00 2.715559390649479266e+00 3.906976205078638742e+00 3.667685085311187088e+00 8.540674448482237224e-01 3.419218049816461047e+00 4.825239620270177276e+00 3.802814572104156632e+00 2.524993614103718365e+00 2.431708639009080297e+00
5.788841344790806254e+00 1.398212873340174134e-01 3.467473302670025959e+00 3.377478514577790136e+00 1.436517217838499061e+00 2.028097278671021186e+00 4.688648482710633836e+00 2.520832097773837432e+00 2.949062378209111324e-01 4.901351781448844314e+00 6.075505842786416366e+00 3.187024997049783703e+00 3.346150629976233581e+00 2.750331211076912030e+00 5.049472328068346227e-01 6.175018317352300556e+00 1.115523779250518627e-01 1.133401321478145984e+00 2.176738389541691132e-01 1.606548900190456264e+00
1.860525932725559217e+00 1.573394481120470312e+00 7.449636450430332513e-01 1.740922179723322305e+00 3.184854212355697101e+00 3.193096770773097948e+00 5.044926773036610967e+00 1.107904253199535116e+00 2.331357872986151936e+00 2.180041114251280110e+00 3.323331331447148873e+00 9.550676686196539755e-01 1.952319915272075379e+00 2.315542563852557301e+00 5.075176583447229994e+00 1.335842424979547971e+00 3.279200164367881865e+00 1.109426739348099211e+00 3.547813914579924344e+00 3.840593954589395231e+00
5.587289585162955596e+00 3.665271721239141023e+00 2.294526619684885471e+00 3.356922247780222968e+00 4.326720529842036811e+00 3.556122595159917577e+00 1.734191741878233772e+00 2.361412645258716303e+00 2.955050030900031599e-01 2.677331610495938818e+00 5.986482157177716701e+00 3.080220417439948122e+00 5.374413906383748163e+00 3.306528022965393721e+00 3.872628261638694447e+00 2.870676637654824948e+00 5.751742256254201102e+00 3.168142246480694535e+00 3.492647148817323632e+00 1.906052496551462028e+00
1.032080736137034105e+00 1.840386892821304965e+00 3.627976300894953265e+00 9.895460708747649825e-01 4.948234382851749658e+00 4.205964563721537708e+00 4.321715063853598160e+00 2.162754052013648565e+00 6.055084810760142489e+00 4.651452994895460269e-01 5.794434147251758205e+00 2.549893067024122217e+00 4.471100025318073712e+00 3.252901362184460243e+00 3.021381628424460342e+00 1.506715224460244640e+00 5.302502289944313496e+00 1.698688593352174481e-01 3.833604692766756639e+00 3.355907097405455897e+00
5.917052596344811732e-01 1.023732794793630996e+00 7.232142439305164761e-01 4.644340877653332922e-01 4.146539243279879550e+00 4.446259440649111383e+00 5.379138424753039160e+00 2.136217652255462340e+00 7.628622397688049339e-02 2.918223718283968537e+00 2.477520780176120763e+00 3.393017679130421738e-01 4.174684479995972808e+00 4.675349423725733367e+00 2.736907309777040886e+00 2.340194366803438175e+00 2.578018715585943088e+00 4.238826263760551605e+00 5.482142685727767528e+00 3.859699665225443610e+00
5.713631700265376701e+00 6.085345408309571269e+00 3.861394463200406690e+00 3.101562127960975079e-01 2.292817325797379624e+00 4.683472213628006919e+00 4.415904091872894455e+00 4.826672776398057696e-01 4.016709416630995122e+00 2.427835836598247532e+00 1.345194723940271286e+00 5.643574194837953917e-02 8.624689775451417351e-01 2.182441586230256192e+00 2.513028640797816848e+00 7.802716703036408630e-01 5.990651892179754689e+00 2.905966263991835330e+00 1.908211128421903213e+00 2.575117668679330674e+00
2.196191012838957096e-02 6.282136490355707537e-01 5.214816548781459282e+00 5.443905392045074620e+00 3.177181472974799803e+00 3.620411611628963744e+00 6.159234300290127528e+00 3.423885705311394911e+00 5.261934874595840306e+00 5.618707834537453927e+00 1.189114797813484614e+00 4.388784498135221313e+00 4.825932844738619387e+00 4.631385231274108172e+00 1.142440763805526061e+00 4.043978052647640098e+00 1.439851201672455172e-01 4.871439861009173811e+00 3.725959182470848674e+00 7.646122057424589169e-01
1.918825381142299280e+00 5.882963645232726080e+00 6.057365350046505448e+00 5.903761069486014534e+00 4.083563634098061002e+00 4.664891051989882520e+00 2.596056374559561952e+00 3.090372295027721705e+00 4.269323025310968411e+00 2.386471157513252894e+00 2.645852073655353465e+00 1.277910662834539135e+00 1.082394758298296011e+00 2.957992251714975040e+00 9.073210515450331748e-01 9.718297883631298317e-01 4.477794709011301499e+00 5.115301664383572700e+00 1.646132410490467990e+00 2.784577430364068018e+00
