3.486880158956859432e+00 4.983640284939622411e+00 5.011395015620596638e+00 9.276917739497109183e-01 3.455586678373187559e-01 3.865209764932555636e+00 6.263583742788354058e+00 1.047390198028331554e+00 7.050698896090122902e-01 5.203112343943021578e+00 2.347999682804766231e+00 5.508048063573898645e+00 2.202603205299235256e+00 3.671920361865519400e+00 5.758690001594885643e+00 3.293162311890047711e-01 3.949153050938453813e+00 3.057411619725903251e-01 4.799088660759056602e+00 4.752544308740241696e+00
2.104353958683033543e+00 1.279986766792513775e+00 3.891900800533354965e-01 3.851314168291028572e+00 6.238771588676661040e+00 4.576916166328343749e+00 4.400162330105580999e+00 1.427230715226196933e+00 1.951175298360695365e+00 3.920651442244407647e+00 9.240799294009797160e-01 1.307578912428442042e-01 4.402837973173124198e+00 4.059059881937130854e+00 3.126201716102805950e+00 3.489992607197993646e+00 2.267528541335313008e+00 8.457027291650104361e-01 6.244228694538854540e+00 3.289812540522237150e+00
1.205247754051762987e+00 3.309400060527585730e+00 1.249739356961850900e-01 9.997224645837248236e-01 4.209701389232395563e+00 3.896262526500730683e+00 2.632842570618983302e+00 4.081618928216130371e+00 5.002148278134620485e-01 8.880603975742575873e-01 8.520461163558968876e-01 1.617335342366410300e+00 1.629473120863246693e+00 5.651455998396578195e+00 3.897240473803923466e-01 5.013279542627181229e+00 2.022012928214807825e+00 2.211863091759282418e-01 4.158489145158491773e+00 3.021719856920457303e+00
3.426645313914525204e+00 4.738344643669849532e+00 1.489918588035195501e+00 6.087387494789110676e+00 2.670100568774556482e+00 4.969232894965770697e+00 9.841146252123477156e-01 1.299059907752593945e+00 3.550201235047002246e+00 5.247639726930274584e+00 5.421822097947039509e+00 5.982299387379296007e+00 3.040385121737192886e+00 6.003179104053807391e-01 1.109592911304461138e+00 1.819775463917577829e+00 5.607520279920839013e-01 3.633601826509280652e+00 7.173754713899800628e-02 4.876369421460681863e+00
3.043194253160445228e+00 1.102047100608063213e+00 1.097459877621291380e+00 1.937595619567397121e+00 2.310733010010432853e+00 1.222974054374098118e+00 2.095315994118373215e+00 3.718685707606518065e+00 6.140101140221168041e-01 4.862643136472471816e+00 6.200387824907504175e+00 5.702165181893548151e+00 4.210473802058086745e-01 3.049329692947474690e+00 5.711242661268898679e+00 1.819344139369396762e+00 5.177430137718853409e+00 5.133265414342098154e+00 3.132525041148261913e+00 3.798603117107750005e-01
8.488470170906079471e-01 2.201171623024852142e+00 5.400443257986686341e+00 1.592920604572401366e+00 4.540398633450451804e+00 4.871043305517518407e-01 7.782174784014270763e-01 9.115702169318828929e-01 3.841556909645759799e+00 5.682162978685162180e+00 3.245508989422700274e+00 2.288976652228388975e+00 2.121067249591809256e-01 4.801028522062265602e-01 3.327083962690849384e-01 1.257701880761297186e+00 4.247970918819697239e+00 2.885700709006855824e+00 2.920203988174495890e+00 2.324204052667143472e+00
3.029174152467792425e+00 2.154826992554869758e+00 8.145427078910477681e-02 4.354290047371585537e+00 4.772066666617327257e+00 2.326542746442231413e-01 8.306666227409367220e-01 4.028388997512858616e+00 5.770858036078323927e+00 2.178729729705973506e-01 2.365043555121391972e+00 9.128180254343133404e-01 1.117877180402588461e-01 4.859126733763278749e-01 5.972829532592892399e+00 1.710644592868516778e+00 1.613658325683233086e+00 1.737709745849092213e+00 4.171474639695945008e+00 2.591332645982476368e+00
4.569642092361028141e+00 6.170345802407728897e+00 6.262025571294810966e+00 9.069707350127739209e-01 5.019268969205076480e+00 5.592865094509420487e+00 3.716442846858958760e+00 3.314804014488775263e-01 5.143953165563316610e+00 2.557564215668076457e+00 4.025703166189896542e+00 3.515799259556192879e+00 5.782052478775523419e+00 1.011291738866840095e+00 2.064418998906197178e+00 2.370007902645200559e+00 5.374381944004310796e+00 4.394391324203214211e+00 4.229250860025479675e+00 5.504316140131114921e+00
4.118683933545955078e+00 3.495021254196760907e+00 2.887499050726386685e+00 2.174322901406269715e+00 5.501636452563477775e+00 3.202964292812993552e+00 6.228932730899493286e+00 4.998923854749001805e+00 4.211069170004881457e+00 3.041882555315821524e+00 2.104538550402569985e+00 1.003522279071276113e+00 2.403973755232370557e+00 2.336145976997195728e+00 3.866236877699670837e-01 2.550421478216700955e+00 2.279471596214200257e+00 5.869029207736348397e+00 4.274938568469315747e+00 3.125857805680974266e+00
2.435835170685532347e+00 3.268780907181838113e+00 3.310506567601745775e+00 5.324522909440639218e+00 3.731694612299083502e+00 3.208432205637021806e+00 5.338752363679913904e-01 5.194091898899092286e+00 4.146785474029505814e+00 3.572237346896909749e+00 4.879481168320038087e+00 1.311236310172866570e+00 1.070820485201563893e-01 5.200149366876707369e+00 5.049949737991567211e+00 4.540987831643799488e+00 4.052100356616283428e+00 2.918810499668747838e+00 2.529880918368289766e+00 1.405612810847848060e+00
6.647708985304374707e-01 5.970692933911669442e+00 3.966313267818728061e+00 2.365035897838137835e+00 8.315203357452956023e-01 2.706999380456331927e+00 4.109600755276796136e+00 4.535840828524950297e+00 5.614007846539825763e+00 4.113480370758404447e+00 4.962773855897595787e+00 1.334636899345029493e+00 5.245595163400090577e+00 3.743310501922634259e+00 6.206926725842487613e+00 5.759173284879854471e+00 2.183926814215738865e+00 3.164083452989708167e+00 2.292491190009358970e+00 7.497719074287857444e-01
1.091339757187732573e+00 2.699192954062060723e-01 5.020135727102688072e+00 4.498219374805795923e+00 5.090260786334773968e+00 2.000812670971585938e-01 5.984684924327572375e+00 1.164446067795151585e+00 4.100318813058001943e+00 2.065467159025496713e+00 5.495294462734926277e+00 4.819089857979609870e-01 4.273389529903466766e+00 1.256751373296732366e+00 4.829715364609457495e+00 6.006921616864028479e+00 2.222468750148879124e+00 2.075282452546394651e+00 4.005955755271435770e+00 5.712826348238832175e+00
2.987554776895460673e+00 2.687065892971140180e+00 2.159608384994827102e+00 4.722317100987308613e+00 4.870565019967621367e+00 1.366292977968819322e+00 1.094228075456956661e-01 4.461159995179121651e+00 1.620645368734164649e+00 2.915135795508935423e+00 3.973104910889856400e-01 9.677593536667201679e-01 1.551711397613620091e+00 4.788302230350845790e+00 9.828042176056311918e-01 6.053866332793277349e-01 1.205285188230008186e+00 2.220295818198988247e+00 5.514276349490613072e+00 3.914142993719451624e-01
5.915285483572943370e+00 1.904894027195295214e+00 1.195095052807894492e-01 4.675422486089500396e+00 4.645446672795950249e+00 2.739346889555796416e+00 5.197436188821011882e+00 5.396822640827015904e-01 8.287003411018664112e-01 2.324035136676051660e+00 3.381685881242238789e+00 5.505333733531245777e+00 5.478627376835463636e+00 7.512618854882663344e-01 6.057769284614795247e+00 5.728187353156946493e+00 3.072046940770087442e+00 1.681781832633464924e-01 2.533096539060581076e+00 2.251367357417568549e+00
4.324498299483026109e+00 4.938560659392579599e-01 8.381845930137449274e-01 7.728417610200932764e-01 4.484146631581100273e+00 4.412551571107906412e+00 3.237081447411565449e+00 4.965435015854905210e+00 2.016464810363086668e-01 1.525334144115663371e+00 3.911108347659798312e+00 5.216103358271162449e+00 2.545438541476885419e+00 5.321935872703972947e+00 3.126631172780623302e+00 1.235349740065015300e+00 3.921108812511466368e+00 5.561985253659787354e+00 1.634339052367610901e+00 4.736770899007444413e+00
2.507190626903866626e+00 1.795016795211000993e+00 5.599652940345154484e-01 4.722457256534056680e-01 6.113351678102745268e+00 4.966327574100467324e+00 7.316163352644811102e-01 1.836229262064403844e+00 4.843174544463425768e+00 2.769254142396285534e+00 1.984934111446054583e+00 4.109145679320835853e+00 1.437190734931412806e-01 3.601776017881029635e+00 9.103198792306749568e-03 5.429330611623131908e+00 4.744588255077351491e+00 4.232475011801080100e+00 1.296272364203403971e+00 3.206039161252842273e+00
5.216031799275661740e+00 4.737201229389564006e+00 6.234267502320526511e+00 3.225635064283279618e+00 5.654307226353866289e-01 4.647756466042302748e+00 1.607592219665024524e+00 5.760746909823739159e+00 1.828300191159839772e+00 1.349573670535715531e+00 1.184366390096759147e+00 4.952475653662590238e-01 1.562845135611702796e+00 5.481181810359704976e+00 4.287616320133783368e-03 2.281703249639384534e+00 3.278971239279226513e+00 5.148204609748348481e+00 7.639423999651470676e-02 5.430989110691800015e+00
1.653997351421541806e+00 3.712896923762785573e+00 4.984628820987657249e+00 5.870382731980623880e+00 1.455672770815534145e+00 9.638427428064079150e-01 1.945256249618274147e+00 2.842831564778958153e+00 6.126800403374854653e-01 5.235219675278488971e+00 5.261467117254484904e+00 5.811832770331655240e+00 5.673337054556959913e+00 3.709904783853866794e-01 3.482009693367880576e+00 5.086696554191493469e+00 6.148450531793004714e+00 3.457922137282043895e+00 2.516185791835087837e+00 3.014825992536726562e-01
2.296902602552514328e+00 4.264450172974513009e+00 3.021120518307660596e+00 2.527757336393948062e+00 2.743465340587352141e+00 1.606206753114854058e+00 2.463632465203818622e+00 1.385108307074155443e+00 3.321839059417363238e+00 1.018874500892191115e+00 2.952316052702266713e+00 3.060394385510346815e+00 2.602726713494774025e+00 2.127434178010615629e+00 1.233100450301397588e+00 4.512709166234042613e+00 5.578342756340397557e+00 4.179451091233682192e+00 3.020970845708275565e+00 2.531373918031325498e+00
1.681586876325269486e+00 8.408612370646082468e-01 5.898611978068258210e+00 4.209374894425240043e+00 9.485283981447458768e-01 4.528978988482077916e+00 2.051263215063103384e+00 3.209326225849737479e+00 1.639520832363384084e+00 1.648396889149785327e+00 3.868985897601261659e+00 1.471340204341707203e+00 5.966510226595399535e-01 4.423023812731640803e+00 5.668258850985569808e+00 3.114782950856174182e+00 5.886225869207496686e+00 4.666674969649485583e+00 1.921583990397168762e+00 3.256514564163179859e+00
3.887742151755556375e+00 1.102274529730275399e+00 1.926130822596996861e+00 6.167212677247380981e+00 8.025444740666103360e-01 4.674312206101016720e+00 4.475755151265957466e+00 1.154740512953932596e-01 1.154198281622565991e+00 5.741112142433032695e+00 3.503273602594411784e+00 1.331054709444728257e+00 5.677020078010118986e+00 4.432620984066113046e+00 1.573980555633285761e+00 6.137708345842360913e+00 4.130272351301999656e+00 3.534179411596623521e-01 5.374522893901610310e+00 1.825258348604453129e+00
4.753677944349743889e+00 4.215151126644066437e+00 6.388799869303644074e-01 5.210831106756802278e+00 5.262501169561565106e+00 4.287633849914629813e+00 4.124818827160122048e+00 5.626762523910844749e+00 1.540906135698859869e-01 2.514536409544288365e+00 4.596413966424419684e+00 2.883262982064064506e+00 4.347617610378512687e+00 3.871360854999919443e+00 8.485426571950287489e-01 5.291179740624112782e+00 5.765573920336310998e+00 5.467786354393340709e+00 5.037918335862541674e+00 3.156575316337636217e+00
2.649904133447725574e+00 3.550604497657643854e+00 2.714012675226094851e-02 4.664554781868196720e+00 1.716087598786294466e+00 3.465213606825561232e-01 4.978382956944837900e+00 4.329525738045692407e+00 4.301340608726669096e-02 4.684191532194535768e+00 9.787054848096152782e-01 4.316039704178979086e+00 3.044940185777312180e+00 1.185907769959254177e+00 6.251009407591596734e+00 1.118028965789972462e+00 4.456939073689729081e-01 1.758986951261259701e+00 3.472895964937259716e+00 1.515547314362704068e+00
6.096895322369005887e-01 1.425741366294652090e+00 7.638633955329769964e-01 5.637533528742512345e+00 1.902856271642445751e+00 6.136064381004215029e+00 1.759658104421312208e+00 3.322925326762667719e+00 3.900001099548166206e+00 2.762520380050792479e+00 4.438722917588730499e-01 8.586654831462081638e-01 5.956793577754665669e+00 6.472733190120967262e-01 9.119000283309389721e-01 1.135864789321669788e+00 6.072466080705733127e+00 5.068162216203022652e+00 3.978010792933971196e+00 5.384887325312119888e-01
5.318478403323166903e-01 5.278752637909271073e+00 2.907779110617939811e+00 2.001341491672555595e+00 3.308438066155075852e+00 3.712657981272922680e-01 9.881846333755044398e-01 4.764111582052292349e+00 3.165165483597980334e+00 4.403179090485111580e+00 5.534905202671562385e+00 1.448151140853163987e+00 1.835169808415571868e+00 2.966882690177248261e+00 5.502752146412777101e+00 2.859904254094247200e+00 1.579059773743705541e+00 3.147659633794592349e+00 3.904056307029069472e+00 2.871966765669478505e+00
6.399025057234200564e-02 4.901630522029051029e+00 3.753140404648590334e+00 3.015515344215962568e+00 5.557325727311510200e+00 6.266334958689661505e+00 1.868085566605200087e+00 3.815312687290445925e+00 4.281342522615827484e+00 4.557183130695745543e-01 3.780464982246872108e+00 3.490630776463336526e-01 6.273666264325424180e+00 3.391889276315865676e+00 1.526496381791491164e+00 1.292922167265002420e+00 2.186786104329558444e+00 1.141477925089483314e+00 6.018032360082934851e+00 7.512589524494912574e-01
7.114499332294514922e-01 4.584845072134825728e+00 5.033808159715834840e+00 5.547767136365855833e+00 1.240817112665509425e+00 3.163097286809374520e+00 1.955298167746591487e+00 9.477670277341906369e-01 2.035684876470988947e+00 9.340822684516062457e-01 5.748761397632597969e+00 2.152951585869803619e+00 2.739965555355688309e+00 6.421743831178131634e-01 3.426017326799573048e+00 1.786624476336475142e+00 4.390683452780820950e+00 5.025810192162617263e+00 4.903303638614252336e+00 5.714546456565367194e+00
6.630575899929840381e-03 4.163942781027400564e+00 5.615386553050720764e-01 4.300887379780596653e+00 4.313912068492133045e+00 3.975344027965254767e+00 5.670563740556066712e+00 6.122848831184665386e+00 1.336036425947722872e+00 1.422271290693270185e+00 1.822064760444177978e+00 2.088992112094680387e+00 1.939997768820353130e+00 5.945906330257015426e+00 3.704077020802353459e+00 1.395425353898734233e+00 5.916998103611580184e+00 3.556202871531294107e+00 1.944399054627459211e+00 5.811327500850206995e+00
3.485629019978948584e+00 3.561056938540975825e+00 2.892408577523247537e+00 4.566381615943194028e+00 1.306268637293932056e+00 5.276675512040690741e+00 9.604521831022382328e-01 2.987346606643668245e-01 5.082584734613832644e+00 1.229443636359687231e+00 3.536746114610215930e+00 4.302801296073718973e+00 3.322472919389751755e+00 4.783728234035804050e+00 4.523923407188195966e+00 3.993504512994572764e+00 4.508167620333582981e-01 5.553699045103900112e+00 3.886034169567071928e+00 4.438021856884859950e+00
4.987132903164424036e-01 2.463587432935925303e+00 4.158113739551817511e-01 4.058224236570641352e+00 1.361212497281324464e-02 5.271325803198912752e+00 3.700099533038375466e+00 3.047058448476620995e+00 3.509856177844678182e+00 3.956435680541365407e+00 1.729033569204212029e+00 1.703812015977547389e+00 1.762010503362220426e+00 3.172116893765704049e+00 4.813365791778029035e+00 5.062726878598070357e+00 7.694129949036208060e-01 2.824577060602746936e+00 3.108815165957584004e+00 1.372823747945128181e+00
5.708630539922768143e+00 2.531823617342253030e+00 4.741287071293013078e+00 4.870207561448581579e+00 4.247905227989909882e+00 5.699330458574264346e-01 4.239089110155299878e+00 4.832884651315746183e+00 4.136216829834013176e+00 6.081015836828682630e+00 3.066260509311985238e+00 2.298141649754312787e+00 5.812613182979740500e+00 5.418639702450263052e+00 3.449964249188608445e+00 3.093519358631946492e+00 4.975901395427882790e+00 1.993645737753380720e+00 4.668021425059752261e+00 3.111795130306480139e+00
3.129969656407440848e+00 3.204603124119100865e+00 7.022116537361169919e-02 6.468586721565012798e-01 5.297314708329679434e+00 4.218575384243663962e+00 4.365676997393890701e+00 3.499077143626357356e-01 1.421503199867580447e+00 7.992747837094855701e-01 1.365750688289076198e+00 2.492100992608054233e-01 1.416699033505395722e+00 3.860885219650157296e+00 6.004322316825955852e+00 3.887965946142422968e+00 4.225570835425282112e+00 2.618350375350866205e-02 4.280819847931482403e-01 2.548235393314310482e+00
