2.198578662018498164e+00 5.345599745861269625e+00 3.678460570446497324e-01 5.382383255270952738e+00 2.096211334954048766e+00 1.277878417031842240e+00 5.685308294835073717e+00 3.503646141976112016e+00 2.803649704257797914e+00 2.884855222798751839e+00 4.603761439672239497e+00 3.587912865023291875e+00 1.846096085358932548e+00 8.384120621976682841e-01 2.971435352736965463e+00 2.789490928083443233e+00 2.700643464149576012e+00 5.567169045882408795e+00 2.274859055503616612e-01 1.350260565879118024e+00
2.461637910404866680e+00 1.009615511169198898e+00 3.461213409809164698e+00 3.733456913627008600e+00 1.458007633052659013e+00 3.331164986286067276e+00 5.872945331909274813e+00 5.562875991433654299e+00 3.066186253600326594e+00 6.100363353911020248e+00 4.621026753062153603e+00 1.209863154450256051e+00 2.691699630261261245e+00 2.476967240575459694e+00 1.655755728352428457e+00 3.691180230822079356e+00 5.322510349947338959e+00 2.354292800220008086e+00 3.323604129939362384e+00 5.594330043385003393e+00
2.514184367857987823e+00 4.206168827187068082e+00 2.276978293618265869e+00 1.852900663521066749e+00 6.004972501868427237e+00 5.488673879729354610e+00 5.456786214062464557e-01 1.583557172228754695e+00 3.047280788976512444e-01 3.715781693738991365e+00 4.067574714875949127e+00 2.924882540235048012e+00 1.241945622112384351e+00 5.178791203789268494e+00 2.092642067652347393e+00 1.116118978603988232e+00 8.261709294657025859e-01 3.056369948694114491e+00 1.408314722474948155e+00 4.353864736001615832e+00
6.269873319246298315e+00 1.007462744096549345e+00 5.511384894532530332e+00 6.942893567445451719e-01 3.546193576314371043e+00 6.098095743940532998e+00 3.027738151069479411e+00 3.907095079036922325e+00 4.830742944138646244e+00 2.853936224294272517e+00 6.430159245464236450e-01 5.566771641099233392e+00 2.265448667564690446e-02 3.702229889983323918e+00 2.722510149594405515e+00 1.591012222799115694e+00 2.433441399129784077e+00 1.861311679180355672e+00 4.621484200305888912e+00 2.926747652694420498e+00
1.838412368538394626e+00 2.273315978250524338e+00 1.071412445394781754e+00 6.224186007103839735e+00 4.466919459903611944e+00 2.455988333211184482e+00 3.862761776702480443e+00 1.340325315844084875e+00 5.549668078313936270e+00 1.715804958318508211e+00 6.174482190831790618e+00 4.794557471466105447e+00 4.733652768422844659e+00 2.813221826514277768e-01 1.492108128640069697e+00 2.769326660778431926e+00 6.147230715608124285e+00 5.925129659219141587e+00 5.223673591665359828e-01 5.692874195142103133e+00
3.913638045334538518e+00 4.152550612057346768e+00 5.180090796083720583e-01 1.309230624856916769e+00 5.435748785698757857e+00 3.543079772275349537e+00 5.351894522730257231e-01 4.484158041016635954e-01 9.079452886908272180e-02 4.130741549377455191e-01 6.145400366183075391e+00 5.598431647515464071e+00 8.324874774763254548e-01 4.751198178352449730e+00 1.337482317040944446e+00 2.372349781880355390e+00 9.887855894318804406e-01 1.480688838418170450e+00 3.864348982715328784e+00 3.948664589037604311e-01
5.956649127318517145e+00 3.681356954852755159e+00 3.971501949445159774e+00 4.919711632894570918e+00 2.316866705382007563e+00 2.480631763471681683e+00 2.246643937343200115e+00 1.070913156190687276e+00 1.731802441123176717e+00 1.996611400189281793e-01 1.314198556766198678e+00 5.731227579552252038e+00 4.224810422653538566e+00 4.855700668556178989e+00 4.362935085894351417e+00 3.071814558684850649e+00 3.397524702354652426e+00 3.344468495977284128e+00 5.190559874472751467e+00 2.359590217167173876e+00
4.500151514770244776e-01 3.088106438979333124e+00 3.370456393264279704e+00 3.696930951473574645e+00 3.635732282776588331e+00 4.820559515787940619e+00 7.563289346634164412e-01 1.508788392889612417e+00 6.241229607270694757e+00 1.608737082459150036e+00 9.038997236033047278e-01 1.366605609910152452e+00 1.410578848442453959e+00 3.014796307841205447e+00 5.419773331609111899e+00 4.334743800367925282e+00 3.185933579244703662e+00 4.136386146777011774e+00 4.117968121563353456e+00 3.630404371554506682e+00
3.931279089329304366e+00 5.717483267236246114e+00 2.257447239985896470e+00 5.835306015118716161e+00 5.829492746860802654e+00 4.739986368789483429e+00 5.024057593646800157e+00 1.780029782028778179e-02 4.348342050803461589e+00 2.175900995243046587e+00 3.355729720213708411e+00 5.360162000389268933e+00 4.144595285407609575e-01 9.899559601455583113e-01 3.887683137616774420e+00 4.511348858969002507e+00 6.213624455518758083e+00 5.132744628096312489e+00 1.487873049468540154e+00 5.546373354971752434e+00
1.463860294672779006e+00 4.018981347857580211e+00 5.931164688517601036e+00 1.817881178791585617e+00 2.071672717001985298e+00 3.403719781917477594e+00 2.048381361596596228e+00 5.575440191721994232e+00 5.679560783127545420e+00 4.079681883411369725e+00 5.084460688953290841e+00 4.521656635469355479e+00 1.166986720399186828e+00 2.622893656675481910e+00 5.564671709263092403e+00 1.392722416627751203e+00 8.487056303741274954e-01 4.776397780473732091e+00 4.697849075321477663e+00 4.561506992052753340e+00
2.294296433159859649e+00 2.947115499715285969e-01 6.230974644357913927e-01 4.685649332442295645e+00 4.594941900646198008e+00 4.373242486910153382e+00 2.907597796409899793e+00 4.956316380289206514e+00 5.028624820881288926e+00 4.713809329138905824e+00 2.967153075187580313e+00 4.290160222716566274e+00 4.616805300054906525e+00 5.129406469451948780e+00 4.680765143349382207e+00 4.531937577365613201e+00 4.225188382868253711e+00 3.634528947643415719e+00 5.183906668799890483e+00 5.777698631943958496e+00
1.603484411141783639e+00 4.125374126569957944e+00 2.943351501799242431e+00 4.525052429015611111e+00 5.978648000753610248e+00 5.374866263009177025e+00 4.729280342004549276e+00 6.209256960802815861e+00 8.566782775662162841e-02 3.605132983693098314e+00 4.778106245806275076e+00 2.661106829708811961e-01 4.403373715797779475e+00 2.469783855548198570e+00 5.820854910982936836e+00 1.482788268083373717e+00 4.300563416732610555e+00 5.259857460118505301e+00 3.152777015667585392e+00 4.090116493178933332e+00
6.267863346135913005e+00 2.998267470574254467e+00 1.286089842089269020e+00 6.021494951331579415e+00 4.902682241686873610e+00 2.028582660598567067e+00 7.282941150089969895e-01 5.628090290799590001e+00 1.640108348040655750e+00 6.677563697957289435e-01 4.441111125325257980e+00 5.478660970989238876e+00 8.461733230858575761e-01 2.437602624546226782e+00 5.638362002502084636e+00 1.791925571933373540e+00 3.119402043671883895e+00 2.927391103750692558e+00 5.619906089719384212e+00 1.573719982046425159e+00
5.691320058951827576e+00 3.139824668933422380e+00 9.121818039884921347e-01 1.043538114713718823e+00 2.858442739442585090e+00 3.655989324377291183e+00 1.551076043704550544e+00 4.375281529645069334e+00 3.493538513907997078e+00 9.517320262033327483e-01 3.560210844349536163e-01 2.856362721547590855e+00 8.904943084930706798e-02 4.846605646522093025e+00 2.819460581533604238e+00 5.556161367384132355e+00 6.219488934164298932e+00 3.222914804447107873e+00 2.163752963762915371e+00 2.488738471426451326e+00
4.378518856959566108e+00 5.801222660374797613e+00 6.431771234300074358e-01 5.502567916066233522e+00 5.014097818065718748e+00 2.504766461368952424e+00 1.751892400549869055e+00 4.989135684528349657e+00 2.758643437113426522e+00 2.044880493016610623e-01 9.898316743298094522e-01 4.109481153888310700e+00 1.134203424621621770e-01 1.948481062132088271e+00 5.261037798752285610e+00 1.775097118161144572e+00 3.809739036263156020e+00 2.703778158185602187e+00 2.170952506501442891e-01 5.451963622321947867e+00
2.630953073336329134e-02 2.907550506539143154e+00 3.352036992805346172e-01 4.699113198318297102e-01 2.589083671522771635e+00 3.599062858629765049e+00 3.583040730500336224e+00 1.945877031969348137e+00 2.409986235927354059e+00 5.259379008933859900e-01 3.200811170398535133e+00 2.262088698724264102e+00 6.080562919052677984e+00 4.121116332489394019e+00 4.811391613879982820e+00 5.637118636622765466e-01 2.215766843194798330e+00 1.302077505801436663e+00 1.374683880455044527e+00 3.396945005777973758e+00
2.652669393072253357e+00 5.289593159977287407e+00 5.211988447596541674e-01 1.580836941567126175e+00 2.205469442804641300e+00 5.764540917061345970e-01 1.513681347576094627e+00 4.402945257178864757e+00 1.511768504157942727e+00 2.837074041447496420e+00 1.233023011596847462e+00 3.192642072623523841e+00 5.508100307577898036e+00 4.797837781234537857e+00 3.837206521385253533e-01 1.721795049745247663e+00 5.509095004703195464e+00 4.572512297800609415e-01 8.589622275449313449e-01 1.572545526912254132e+00
6.058786234652428604e+00 4.271753223471537630e+00 1.549753311479973306e+00 2.199865134424141111e+00 3.217117827842952860e+00 3.057318344799294429e+00 8.534675475438661119e-01 4.673560479380201471e+00 2.635115787779391372e+00 6.021722303016646904e+00 5.067744413927639968e+00 4.229271757773208407e+00 1.897162137914229385e+00 1.303484539668467113e+00 3.020361909161350944e+00 5.478595787634473524e+00 1.451800887502304960e+00 1.170442263080221146e+00 6.072380557981883475e-01 3.415226638121682812e-01
5.299112605065769976e+00 5.220270640912138660e+00 6.020107842583005464e+00 3.838714890745213992e+00 5.374165674710373430e+00 2.200243304429361668e+00 3.721616037516958242e-01 5.296027328046882587e+00 3.382515103150668612e+00 2.635388753526632932e+00 5.839495643514923451e+00 6.724656573912861646e-01 3.016399253762739541e+00 1.747014406690440946e+00 5.576032412424021700e+00 5.498774108443987840e-01 1.335398947639237832e+00 1.906148661173996839e+00 4.812858339313268452e+00 4.453513080227346599e+00
2.055860182401208380e+00 2.497115823050577887e+00 1.097423783616151560e+00 1.054906685809174682e+00 4.247664951025366342e+00 4.205583086742372245e+00 4.838035753990333809e+00 5.508177440541146552e+00 1.784797920439154639e+00 1.135207017628949933e+00 4.423774763805191412e+00 6.021900175687535217e+00 2.130547117129776513e+00 4.552795109565656695e+00 3.616250054140234926e+00 5.671092488698128875e+00 1.036268311490824656e+00 3.477371598012677367e+00 4.411644318351227056e+00 3.751059221552951239e+00
1.066225388571419241e+00 5.277708859610370951e+00 2.486213738484854829e+00 4.742968953921577580e+00 2.484055799447566937e+00 2.330539919369426283e+00 6.796265808476079640e-01 4.676735296767231098e+00 1.890520469395590597e+00 3.297734713703388554e+00 9.171970781153134800e-01 5.370685982248649681e-01 4.091165671889345212e+00 3.595524999082659434e+00 1.750020441049384701e+00 3.302766158847112443e+00 2.647903677630826458e+00 2.632058047730797323e+00 2.476436239287033825e+00 1.405228377936314832e+00
5.657152615753166636e+00 3.679944633107913088e+00 3.030171770250776220e+00 4.647273682954188523e+00 4.382092951651723745e+00 5.155857060607496045e+00 3.430769706356008864e-01 8.468217551081372862e-01 2.613132847216673049e+00 1.392803190172140715e+00 2.995736999214212992e-01 3.762376173082619957e+00 5.329984334643039112e+00 5.293017488006524829e+00 2.172558259108120282e+00 1.128735031880664597e+00 4.792631220615014342e+00 5.132524638360933089e+00 2.711944348432674956e-01 5.818012146149825981e+00
1.335072549579822798e+00 5.373295921839468470e+00 2.442114791937047169e+00 4.894780385531521283e+00 3.034991688008034760e+00 1.873259548282032005e+00 3.927503395223865823e+00 2.941572702915461690e+00 3.459222804999208201e+00 1.650406932855329023e+00 2.497075462614942065e+00 8.901018775649658377e-01 5.037495509785648196e+00 9.485040604182872759e-01 1.826822138253880956e+00 5.558774987612070895e+00 2.862117375176159495e+00 2.003651549390187636e+00 2.033510278868656262e-01 4.697098598653415280e+00
4.897170651724450430e+00 4.361416853730512244e+00 2.754648823109372646e+00 4.348087758740736497e+00 3.946624589144204887e+00 3.920339204925999965e+00 4.289475656896923894e+00 1.276883209644145700e-01 5.229568396355298354e+00 1.236765598199695698e-01 4.209904974446444292e+00 5.515335502409464574e+00 5.454288576886979989e+00 5.661444169601860033e+00 3.610364161527042093e+00 5.361732116553615590e+00 3.997306906880684352e+00 4.560148575068343924e+00 5.895073499852905297e-01 4.389839977886532907e+00
2.966709776754409500e+00 4.892817255998227921e+00 2.706045234386327714e+00 6.941246291329601359e-01 3.535160114498848927e+00 1.607299511537034320e+00 1.208580371318954405e-01 3.546022283054130586e+00 2.386531332549871376e+00 5.258190165287293105e+00 2.729038099033056941e+00 3.033297251803697581e+00 2.803489122400851130e+00 3.150075631381491714e+00 5.584800520479581643e+00 2.535031967817604759e+00 6.147910281537853905e-01 6.240238316830253318e+00 5.023150532692588488e-01 1.851179742414770457e+00
3.651295079328508386e+00 3.363659985256423290e+00 2.759961314188709713e-01 3.576265101699257265e+00 1.431146385155787293e+00 3.832226284453350118e+00 1.738861750304901310e+00 4.318237372251855000e+00 5.343728718389846755e+00 9.214260916533724144e-01 2.756559366926299326e+00 4.108540660479718665e-01 5.333120824824161277e-01 1.864011396485720118e+00 1.420014468389069417e+00 2.418405338416645733e+00 1.196190594794712819e-01 6.117472026753913106e+00 1.734347591146596090e-01 4.655767563293844447e+00
2.625791668446775251e+00 4.321062909948988562e+00 9.283939091507523722e-01 2.469182218147318419e+00 2.583413738032467322e+00 1.333961891668245525e-01 1.790633557431069445e+00 2.517633863536849148e+00 3.649958874383560481e+00 3.909373121569324483e-01 2.693070257828283687e+00 1.451971466917787668e+00 4.033610101122270031e+00 5.272665011194507478e+00 2.066530946740827712e+00 1.439551399179270108e+00 2.411036536148208231e+00 2.379721322274402640e-01 5.236751646624824730e+00 1.948585817585505087e+00
2.259243499077841832e+00 5.858006066692225566e+00 2.286586075035390020e-01 3.060392011995732631e+00 6.252270622360816432e+00 4.884919755805817942e+00 5.791732227527140786e+00 2.626705359274799534e+00 3.064534659179944942e+00 5.004983396236105664e-01 3.519162498358798796e+00 4.339071160557293361e+00 1.459788361226581399e+00 1.493836604137449342e+00 3.159642886736495182e+00 5.376546561293728210e+00 4.477769845478714039e+00 3.055801964753448452e+00 5.762352450507110646e+00 5.315786685544171775e+00
1.370180322738495882e+00 2.578499769079194870e+00 6.169237205038703209e+00 2.622562723968657306e+00 4.305053817961241869e+00 4.652865038079442961e+00 4.122783134440067165e+00 2.199775950217385034e+00 7.634373802933914765e-01 1.062271428690889419e+00 1.659698841647239131e+00 9.760185080996122142e-01 1.811887065833505783e+00 3.939837131054361841e+00 4.846836162092636791e+00 4.487780099729255845e+00 1.655104826020755482e+00 2.574953643150722726e+00 6.310417815681410580e-01 5.856056222665550592e+00
4.844214176979659392e+00 1.334400769333339731e+00 3.550016471822140307e+00 3.410412577448091564e+00 5.178355464310099299e-01 4.372304009032368377e+00 5.032648268345221609e+00 2.187943920667515751e+00 4.824744792357487100e-01 3.387792696326547559e-01 3.101490214634983200e+00 7.452131134848221095e-01 5.773276043923154965e+00 3.230382220865575693e+00 5.114286510487393578e+00 3.119478204295984547e+00 3.018675607476453582e+00 1.781371034002389608e+00 1.575352635286139558e+00 4.769478151108546005e-01
2.440978424928355928e+00 4.623843828609431661e+00 3.854571336695610473e+00 1.501418924071905359e+00 5.345111358302929716e+00 3.030857870823185696e+00 5.167204146153715705e+00 3.326157166492280659e+00 4.198736674488815268e+00 2.953956370086646022e+00 2.750680658933862599e+00 2.160007115634917430e+00 3.319619017275696748e+00 3.722629343656862932e+00 5.267234098126868602e+00 3.755751069097626349e+00 3.009073787890006457e+00 1.204049468860665772e+00 1.728804569417031534e+00 5.218759369787391300e+00
4.109609325019042636e+00 4.384470211608687329e+00 4.625578055355814122e+00 4.257285770755015797e+00 1.690427583338906192e+00 5.336157038432855160e+00 1.684794213186419753e+00 3.435039991553120675e+00 5.016421368495656452e+00 2.057649677010254141e+00 4.278119896383169696e+00 2.400175878911837479e+00 1.424899160820503941e+00 5.005165082044350733e+00 1.154142005724204445e+00 4.707035993588280398e+00 1.027322355337271231e+00 3.243967173431263173e+00 1.888112135968531002e-01 2.924024973507476588e+00
