5.397790286012920546e+00 1.672949703404881472e+00 2.955496163111787311e+00 3.148884912920305812e+00 3.136589333187951301e+00 8.639860679099025109e-01 1.315378229776549501e+00 3.668232593358412785e+00 3.898590775384616069e+00 1.950037612508324525e+00 5.857304504272762280e+00 4.700230095586488410e+00 4.856088714048982347e+00 3.512399167005036960e-01 2.244575390760877642e+00 2.581034041403612811e+00 5.073482382848681027e+00 4.486303976924159720e+00 6.074944631274953322e-01 5.345257165070979255e+00
1.609001583246230105e+00 4.747710365843193614e+00 1.135932322854360965e+00 3.231930923285291524e+00 6.986272126919669256e-01 2.817311896769368662e+00 2.070332348977355519e+00 9.214081557933867517e-01 1.289218875744855497e+00 4.239201753803392592e+00 1.562511614585363473e+00 1.725875315232692220e-01 1.280042143391054710e+00 1.754199044027004550e+00 4.886348884742652388e+00 3.280944882228543857e+00 6.166962218545602781e+00 1.265550708448864414e+00 3.346119240438548914e+00 5.045705691162867268e+00
6.212204430253736476e+00 4.166317899435674654e+00 2.166521737148448423e+00 2.654783945749419338e+00 1.402464378984194626e+00 2.473842910469506773e+00 1.902548418615038983e+00 2.103500655217838133e+00 2.966273785144871500e+00 8.003335493549782464e-01 1.314169204472167563e+00 1.606056167201295182e+00 7.583397671306901788e-01 3.705352620785128948e-01 5.692735648138014248e+00 4.121519810072489243e+00 3.025861883026740085e+00 3.399589627165257699e+00 5.992655068828506515e+00 2.316179318745628102e+00
3.337016199802509853e+00 6.992836018336348602e-02 2.385387009621220855e+00 6.107752049644723513e-01 1.997395911391735002e+00 6.220076223620142564e+00 4.550273086118270527e+00 1.902243074434695647e+00 1.647416603099463028e+00 1.316967482515327692e+00 1.346877318752253805e+00 5.492454325976931173e+00 3.367083643831620066e+00 1.464751026747713514e+00 3.584658778079719887e+00 4.094082269777887362e+00 4.395354626181694258e+00 4.577801649906235504e+00 4.882035686526196017e+00 5.813515325773926712e+00
1.267737554739675865e+00 3.237205907198936750e+00 2.518452437724374882e+00 5.893056937963677910e+00 2.644243249819631991e+00 6.782712595730374661e-01 6.199826416622173930e+00 2.371000963785069526e+00 2.588791584412820868e+00 4.586835115553163256e+00 2.472075166155613957e+00 1.810183622861218478e+00 1.255401017326684077e+00 4.905209323003054123e-01 1.370752092122381915e+00 4.337178914948341957e-01 3.524730107076880170e+00 3.059406357740332982e+00 5.266145475478604787e+00 4.848321575784872550e+00
7.596314048547259112e-01 2.540641995795139607e+00 1.088965794441080215e+00 2.809595049302540115e+00 4.459275866406148481e+00 7.698942689558945229e-01 5.035576661675725596e+00 2.017072911264752300e+00 5.337944689052281255e+00 3.491342545831064736e+00 1.050843234161243034e+00 5.268971215067902447e-01 2.849316646336238712e+00 5.314434062996101993e+00 3.364141680561753667e+00 2.031391904084149935e+00 1.200399261115922434e+00 3.049308825396008338e+00 1.860063945702373545e+00 1.308813397495406816e+00
1.258715989035217753e+00 1.183711524331551579e-02 1.892742799750589233e+00 8.290963244693166923e-01 3.535083891375428333e+00 2.879716974664796592e-01 4.020422184797895149e+00 1.632222461959240700e+00 5.256488048811950087e+00 5.945517225663981442e+00 5.708954276445026288e+00 2.883397493311238069e+00 7.103617605659545697e-01 4.537987571926859864e+00 5.630158196925242331e-01 4.343177300773255034e+00 4.917979618251551166e+00 2.478616795288411279e+00 1.730137510592346439e+00 2.674911774059529623e+00
2.030514594022787112e+00 2.120921762841574409e+00 1.925973053440914962e+00 1.738412139132933243e+00 2.291489186608619111e+00 2.182800887380593746e+00 4.138528871610350102e+00 4.804722502237325443e+00 1.005821393603792968e+00 4.857344310776124274e+00 5.336882009990678633e+00 2.014530734200996154e+00 4.349917608904337318e-01 4.994286837305180526e+00 1.028060249144778115e+00 2.170897706390565673e+00 3.481527772229332740e+00 1.623474459159035987e+00 2.348550894051729454e+00 2.613337540795118930e+00
5.351577287963571017e+00 9.955005157282111883e-01 5.708220113157000064e+00 1.559390122561446823e+00 3.904501057517329787e+00 4.806395439897010569e+00 1.894673893923386920e+00 5.902132470190605495e+00 4.820352964019498643e+00 2.896529637309213090e+00 3.904685574701212580e+00 8.271389063722539570e-01 2.884035206333725565e+00 1.358374529444178247e+00 1.234854494480399412e+00 1.927693379566767451e+00 8.968474000733310803e-01 3.347179395963504334e+00 5.555806490715612389e-01 1.240204254425838704e+00
5.882231830242728776e+00 3.595240599089847056e+00 5.122734502063918782e+00 3.999341036250426029e+00 3.507069217660246263e+00 5.090652348786007808e-01 4.039119779181485015e+00 4.593328235325572884e+00 2.343314282627023459e+00 4.719447503292851565e+00 4.882193844037497676e+00 9.162654778558460000e-01 7.026090375969180901e-02 4.878180939420178497e+00 1.931941954386989790e+00 1.882394270325225438e+00 6.165850848789076188e+00 3.643754559954823335e+00 4.615177236610237266e+00 1.964086653785137582e+00
6.204325518261226691e+00 3.282733246928388748e+00 2.856066494131663358e+00 5.727798375947140030e+00 5.606932883982055138e+00 3.933703342014307047e+00 3.378817833447885222e-01 5.382127535123170325e+00 2.628548004660864024e+00 9.775596133817085476e-02 1.357651237496899865e+00 5.379775301020612854e-01 2.602466274621437758e+00 5.344957541351988972e+00 3.562991445002657187e+00 2.616568503548925229e+00 5.082154979459707178e+00 7.715700101894892304e-01 6.171989832933941322e+00 3.448593801910994294e+00
2.053223568187999337e+00 4.130244666091002159e+00 6.042396328770136549e+00 3.873086123406067394e+00 1.291689512843336551e+00 5.606389126600089590e+00 2.712662249135166626e+00 2.767537567144032096e+00 6.411648420882716526e-02 2.487344028532267881e+00 1.154698904495371492e+00 5.565131304003156032e+00 4.673352847206823313e+00 6.056856124594984792e+00 1.931992362634324056e+00 2.814844855966180948e+00 2.709415542893881756e+00 1.604436217231170136e+00 3.576070507661758491e+00 2.165601928468025683e+00
2.234608374659509789e+00 5.877632518431032960e-01 1.184066985454703125e-01 5.298361763704200200e+00 6.492408176254428342e-01 4.812948390282651978e+00 2.684503908298164099e+00 1.145000609047679418e-01 5.510254158084096687e+00 3.959535910938254410e+00 3.023808061170577766e+00 1.760135764595353869e-01 6.201964461923684668e-01 2.484527085076178032e+00 3.903261784519088451e+00 3.723144482223762708e+00 1.444676298347207899e+00 2.763353420285053819e+00 1.358271734506260486e+00 5.302578885541282538e+00
3.440905121823408658e-02 1.161408638477553268e+00 6.281688405121441221e+00 5.420630458539359431e+00 2.769711733422864253e+00 4.177109979919806371e+00 1.923462467361108486e+00 4.482333280682550658e+00 3.874971187402825201e+00 3.240523307160549038e+00 3.904577802565065148e-02 4.601527250755717446e+00 3.688465193777743067e+00 8.521860719150099461e-01 4.877435084555385103e+00 5.712413290647633701e+00 4.311978858638186196e+00 4.513404887122171694e+00 4.410078861690115204e+00 8.173323713339722962e-01
4.279812996553611804e+00 4.589418993941614566e+00 5.559122375739922184e+00 1.787282367020526452e+00 4.090632212245147947e+00 1.674148716076509169e+00 2.748188634246453876e+00 5.643656170268241290e+00 5.840937457677128464e+00 2.051287321925971074e+00 4.583802327202830540e+00 2.878457555729302619e+00 7.897834780873910221e-01 1.028181855133190048e-01 2.686867188727020128e+00 3.850839518212036072e+00 4.841295729106898982e+00 3.082681315194778726e+00 1.587858124267362170e+00 5.375556798792124891e-01
1.393407014772754193e+00 5.490312759946108789e-01 5.692183730884869952e+00 8.568916902603893604e-01 5.446705343771579777e+00 4.026386653197691956e+00 3.284001675910013685e+00 1.205025484033567906e+00 2.461471190995191627e+00 2.448553559196260831e+00 6.002662725912092156e+00 5.654935542541353222e+00 1.316674675905677994e+00 1.895433432732247736e+00 5.105946763187934501e+00 2.507254533610018404e-02 1.383173549811681502e-01 5.921310816780295916e+00 5.809337639159116051e+00 6.853593960238630878e-01
9.495637962331451298e-01 2.460137856358374009e+00 1.415805181327999263e+00 2.134551763837900573e+00 5.472668319552306926e+00 1.617115007695973716e+00 1.109325160734099702e+00 6.000821767046673472e+00 5.129145366830973884e+00 3.514939423511084460e+00 5.856037599086041823e+00 2.086325700477699829e+00 2.234105932279591755e+00 2.653734230418532736e+00 6.213043298972431572e+00 4.453712181528741709e+00 1.692295981874176514e+00 5.759908285351991175e+00 5.370703836029412592e+00 3.458834238313649223e+00
4.157860512586754709e+00 1.515835598669667883e+00 1.588812207373501373e+00 3.201278863732806457e+00 4.474612945528385843e+00 2.125655230979138555e+00 5.256274462983849816e+00 3.796573426885654912e-01 6.000914656454803264e+00 2.336314749866585494e+00 4.331490221170321675e+00 6.130202373438024210e+00 9.382606273502618333e-01 2.450306132893534716e+00 2.777382822132775431e+00 3.760327202116064971e+00 3.245014423489582356e+00 4.745441816978366312e+00 6.059865984766085845e+00 3.980733692332619533e+00
3.582929980301976958e+00 8.879508389338951480e-01 3.250964882305447112e+00 3.625371828844006661e+00 2.621919960613454670e+00 3.770533052837820254e+00 5.421765652262029445e-01 3.036665908293814109e+00 2.882382119468615667e+00 2.537097397432578894e-01 3.749012333416980702e+00 2.797119196272297881e+00 5.195018253436145095e+00 3.309762133109012350e+00 1.520410078317616431e+00 3.774605908202180782e+00 4.654414032465427731e+00 3.246258953476299336e+00 6.163085902891195289e+00 3.540389847498350839e+00
3.024044266603969078e+00 2.070640094451833502e+00 1.411621353808790058e+00 2.423043338320471474e+00 2.405103730832596209e+00 5.667420397217787453e+00 4.865794736050762737e+00 4.070136813056821623e+00 4.569129303750847804e+00 2.401558892815086388e+00 2.894898820788861737e+00 2.350704860545826946e+00 3.362352679624885265e+00 2.814038256969966234e+00 5.670420145398135325e+00 5.679401497735457660e+00 2.632612794068760920e+00 4.704058500824162437e+00 4.482252450559971457e-01 1.873950715406200729e+00
2.029830513194483821e+00 1.642519838693198286e+00 1.382161378027079723e-01 5.348205550421963217e+00 4.824185780844515214e+00 7.276447031230999229e-01 2.233839485879570930e+00 5.782081494971431646e-01 3.653497739799496991e+00 5.877751135695620910e+00 5.386054430626290745e+00 5.161375092865550407e+00 3.017994829256351874e+00 5.227427459077595095e+00 6.227539172772921461e+00 1.165639883685908984e+00 4.220322994512342163e+00 8.513317082093809773e-01 6.053839983651081447e+00 3.734659708033958747e+00
3.789737731762044426e+00 4.668882331163743515e+00 5.739677357755651244e+00 2.547648139124515931e-01 4.394878745334830583e+00 5.638576961199791349e+00 4.126222644616172053e-01 5.147597790091700709e+00 4.142484900743533593e+00 9.695885295228813261e-01 1.429079324632799297e+00 1.179411967839825603e+00 4.805760777180855925e+00 2.129505499836712890e+00 1.439457916058177966e+00 5.045038888969901159e+00 8.535744648554677294e-02 5.137282254133257453e+00 6.018825439168762337e+00 2.101191526530703957e+00
2.499047770464715712e-01 1.883919387547169588e+00 2.826932456654141390e+00 1.872000542463075456e+00 4.057780450101129865e+00 4.705571672953861473e+00 4.732099062536284428e+00 4.175963677459672674e+00 3.166434698035252460e+00 1.752144250740754972e+00 5.971640098373421246e+00 4.556797730879331709e+00 2.043580234873566825e-01 2.830853326125916780e+00 3.028391154749212610e+00 2.714256316552132287e+00 5.771798296618709578e+00 2.676917695474032577e+00 5.865040887661197466e+00 5.368865886339225568e+00
4.051592490693831650e+00 5.372050674829994321e+00 2.920048286134749649e+00 2.452562868166796139e+00 5.917578785312635148e+00 4.324054880393219391e-01 9.173878600366084379e-01 4.537000238505692451e+00 2.563431326958020673e+00 1.877213214424588550e+00 9.130093555541635153e-01 5.405137247290209501e+00 5.715207520204169889e+00 5.669929521370560277e-01 8.951206910083560064e-01 6.199822558467391609e-01 2.854552149158635199e+00 9.201360266230675933e-01 2.585435282736629592e+00 4.790526330072709449e+00
2.700369919232581850e+00 7.618338992155404554e-01 4.355510214034735483e+00 4.888227237013740734e+00 1.438407164612530043e+00 3.455980509409247059e+00 4.998446324497734850e+00 2.632947902649608984e+00 4.756677598535338447e+00 3.220718472851039849e+00 4.596934973311477712e+00 6.547822347764509221e-01 5.188150987094329203e+00 8.635371365946571398e-01 1.718505525429174341e+00 3.776204254997771237e+00 5.392205057243802280e+00 3.863373033443586735e+00 2.099476603930793939e+00 2.158989248695488250e+00
4.358877077449609061e+00 7.577166706320116463e-01 1.199243704938413702e+00 2.633662006182401427e+00 4.950282140951278720e+00 5.605427032275961174e+00 5.122112869579019012e+00 3.514235913952784340e+00 6.169809190502506091e+00 6.333848808099320493e-01 6.159597123272893882e+00 5.143431333143836603e+00 1.420812452418405591e+00 4.012982352035047384e+00 5.804846553603872472e+00 2.212950109289538503e+00 3.625314306206533832e+00 6.484266436564942726e-01 2.505474476223193303e+00 5.379798816343702050e+00
7.593019936975550221e-01 4.176787152169733064e-01 3.933057393859916928e+00 5.760155774091132663e+00 3.163789383566729008e+00 2.258538988006569159e+00 5.513449345854343875e+00 4.676972462920535811e+00 1.108120809663563744e+00 4.606103530382187117e+00 2.038038149277784594e+00 4.432191956028979085e+00 2.899337124162187251e+00 5.136539168522372023e+00 5.281792827364554910e+00 4.487852440554791045e+00 4.042181523536536147e+00 4.733292602971506668e-01 1.371674726897315344e-01 3.452579420350512240e-01
4.896167090000624889e+00 1.819984833448629713e+00 2.555437672955663597e+00 3.833169927429805224e+00 3.007066003758259054e+00 3.792850317400844773e+00 4.643489034120968917e+00 4.460393099800122663e+00 9.687849101792874729e-01 3.384424850938903440e+00 3.712823435947577355e+00 4.870141165270516659e+00 5.080536806393382676e+00 6.128868592593502029e+00 4.134959495877300384e+00 6.930178748314951287e-01 1.539449619367142086e+00 3.446406659884130974e+00 5.202335558904894519e+00 6.156704425078936005e+00
5.479557729572412050e+00 5.731599427500574606e+00 3.216766820029343332e+00 1.164712574162417580e+00 6.680993690339014357e-01 5.733529883952392048e+00 3.834622128557572118e+00 4.931914467314929773e+00 3.575751604562120711e+00 1.849618286267514344e+00 2.578105435186904160e+00 5.591718920724715325e+00 5.813509791439024355e-01 4.919830976120465493e+00 2.554320072480453341e+00 3.901548194293152694e+00 9.286449817612363322e-01 6.108102754264107759e+00 4.771109378016777036e+00 2.619886127768689121e+00
2.884211345208916866e-01 6.154143026755959589e+00 4.640359231934771955e+00 5.765174127633615697e+00 4.066703164247686075e+00 5.787964406533530948e+00 4.494214201569315947e-01 3.511382053143229598e+00 2.164697528375371327e+00 5.956934491170187584e+00 2.603321012802828349e+00 4.796823470321213700e-01 4.498835920408568612e+00 1.008915235065292126e+00 5.607084636560534463e+00 1.442112988529334061e-01 5.530126836962257819e+00 4.681099739975422280e-01 1.061571681346453966e+00 4.206852463533601316e+00
4.537967696413793384e+00 5.707714794749942921e-01 1.284183091592950410e+00 5.937787852125379295e+00 5.574808525991743480e+00 5.145145055077722240e+00 3.824578571592252008e+00 3.210117319512281409e+00 4.966198479465946392e+00 3.043016897202847293e+00 4.097228984260591567e+00 1.963483351048501024e+00 2.900563713833261836e+00 3.604747005737800158e+00 4.194635375179824877e+00 2.222070061929755536e+00 1.578033983275372476e+00 3.397066861032981056e+00 5.248669809850697199e+00 4.549363553674659499e+00
1.485096255414308564e+00 1.620878026186246768e+00 4.032708380007629323e+00 3.388240400087742632e+00 3.043981968896043888e+00 5.540156077706853033e+00 3.308409381356800072e+00 6.208777089901415636e+00 1.241075871679713449e+00 3.048850866125062953e-01 2.338208440514925712e+00 2.956724163350271439e+00 4.905485325184297807e+00 5.143415267521328715e+00 1.908845470612785755e+00 3.994046725235682604e+00 4.050838666539141819e+00 2.714627572294964875e+00 1.391173375889599217e+00 2.583009257785468193e+00
