5.086299726575929547e+00 4.965509564591896741e-01 4.806650866110491194e+00 5.104744849176547916e+00 4.952809123156946214e+00 9.977690685065496723e-01 1.875004399220837836e+00 3.144443878974024553e+00 2.547266809289847611e+00 4.504750922624304543e+00 3.921412168436566592e+00 1.672661250269177557e+00 5.066057753551161724e+00 2.234927279700192670e+00 6.140646889419569820e-01 3.926868869587992750e-01 5.483390854328694886e+00 5.241579472939123185e+00 5.456159337481858884e+00 5.226191749069094783e+00
2.045449024361679413e+00 5.516774809224015641e+00 1.587172524303628318e+00 8.298548359384724238e-01 5.267274381937946615e+00 2.958968183858623036e+00 5.069708578042982916e-01 5.233594545079954585e+00 3.727183399322053337e+00 9.036785836246531423e-01 2.052806960107741663e+00 8.298352272760324277e-01 5.677100703254330583e+00 4.131048370997633334e+00 4.391885341861618386e+00 1.884259434772279196e+00 1.970923066482324737e+00 1.672042543416918159e+00 1.183480324479684320e+00 3.492187380169216038e+00
1.869140769083570630e+00 1.909733312758279178e+00 1.961503197586170533e+00 3.124998696553888955e+00 2.593718988475343323e+00 1.480559404491538888e+00 4.792571457823675551e+00 8.135535161457231601e-02 5.154014601646315974e+00 5.506314649804283867e+00 1.257805973195686766e+00 1.121387058330890252e+00 2.551222408189722124e+00 6.905935531773107483e-01 4.259923492782029086e+00 1.119206346600411184e+00 4.888752664305668488e-02 3.123003052337618435e+00 2.590374071961748736e+00 1.791419123204059716e+00
3.169016498298013129e+00 7.341246993172726443e-01 3.962920566991974258e+00 4.139770974436594919e+00 2.505298082417209304e+00 3.414729371356929555e+00 4.448796388595900098e+00 2.064995987425886526e+00 1.508957692139105022e+00 7.998282152188773697e-01 6.191341212525692583e+00 5.289792930242258606e+00 3.691208531060815812e+00 3.800689670600565062e+00 3.691756328619904437e+00 1.172835140515626540e+00 3.837244004813401332e+00 7.060934434613540533e-01 5.035205810644418634e+00 5.886344876071924581e+00
2.396498241164125353e+00 3.255051771666682914e+00 5.072395132487772962e+00 3.141161642241542262e-01 4.304391315278482288e+00 1.687441539923318246e+00 1.749953622985666479e+00 3.970782378290123482e+00 1.025685357559468880e+00 5.224888117069999005e-01 2.150105389045267934e+00 5.503177804342733737e+00 5.893161898411436006e+00 6.011610045186286833e+00 1.213692019745773010e+00 2.541187559868994139e+00 1.410692077715664849e+00 5.517158943573395646e+00 3.799311886095321888e+00 2.791313017285696141e+00
3.513802727630280121e+00 2.427005951882098778e+00 4.047844483817145900e+00 2.718906120020300410e+00 4.688233696535508699e+00 5.246503947291801140e+00 2.284035325831081487e+00 1.149500758560051628e+00 3.916569419331328294e+00 5.982559049561841924e+00 4.413386385368049503e+00 3.945093123341763430e+00 1.817474007767364785e+00 5.447657368335850236e+00 6.165746330878318915e+00 3.506499737653890669e+00 5.260802544539516568e+00 5.086600659386766310e+00 1.899700631640495407e+00 5.385083090782129212e+00
3.799512662443949473e+00 1.164389974278314144e+00 6.269110796922835682e+00 4.504033651370580316e-01 3.989843002069785260e+00 2.673706025891670279e+00 6.006998684634294594e-02 1.904971758654418368e+00 6.247779317907223628e+00 2.550122225918474150e+00 5.943006210231182251e+00 5.035285237617299181e+00 6.145201185930104337e+00 3.535237871480523264e+00 5.663053153187493471e+00 8.410980206493611222e-01 4.241145124175483616e+00 4.333821764248505737e+00 3.644663760504332828e+00 3.388627910352153716e+00
5.341250283289054046e+00 2.071492140116641956e+00 1.969530218296684509e+00 5.009852314396174400e+00 1.820872000887065800e+00 3.352344702813110811e+00 8.612074025851697012e-01 2.325283950119531262e+00 3.313966587941687969e+00 2.963046728011180964e+00 3.380547100346042111e+00 4.692660318025767552e-01 5.444822072632956811e+00 1.270304226320237539e+00 2.434270639984027262e+00 3.531069820341133703e+00 5.983988074529600354e+00 5.625106447958367895e+00 2.131299617252861101e+00 1.875685550317255812e+00
2.498861120441540074e+00 4.458177446097376873e+00 9.693026265315206613e-01 2.398431273969990229e+00 5.972714498924458937e+00 2.535142030076181996e+00 5.619674413721177153e+00 1.832679776070466948e+00 3.524135852904796362e+00 2.142289735522012517e+00 8.305006474705491915e-01 1.242764951895248604e+00 4.241501645680807453e-01 1.426609831979893439e+00 6.139626267068081233e+00 6.033312241738983950e+00 4.341924337004095413e+00 3.708239578828907423e-01 4.580031833499901062e+00 5.113388387825891002e+00
5.046172490487065510e+00 2.493224341058603244e+00 1.580437392472409552e+00 1.846697873464976603e+00 5.573026079193420301e+00 5.301011151625005802e+00 3.319209622489904810e+00 3.436342886938422492e+00 3.174973400238200849e+00 3.221257048106821230e+00 5.011215952966276532e+00 1.815812247031756366e+00 4.358036151279138792e+00 2.912340690662996945e+00 3.520772798882153776e+00 1.404728687091153783e-01 6.360706286945825294e-01 1.693735272863271080e+00 5.358227927308465866e+00 4.897752323454511725e+00
5.536825955394968773e-02 5.832655095193386430e+00 4.632894101762168759e+00 2.678271790907737593e+00 1.845512258290209928e+00 6.189970004856483854e+00 2.808585709545304621e+00 4.068712853797060269e+00 2.350478010442070609e+00 5.075902173886445823e+00 3.919028705472128227e+00 4.507214396214830531e-04 5.603379258607532165e+00 2.690751137404072124e-01 6.147054683070383163e+00 1.505248498733180673e+00 1.048715537852756841e+00 2.179208028625592597e+00 2.103365743197770144e+00 1.318867402784111187e+00
2.835020177632709970e+00 3.484957931541513787e+00 9.774969208124110187e-01 2.961271366095998836e+00 5.357122699764213181e+00 2.723007228279818115e+00 2.748354704790782588e+00 2.059375897069490868e+00 1.065106788189426279e+00 2.629191049530050339e+00 3.359141465140563998e+00 5.520616293123349116e+00 3.169185379413046899e+00 5.602136219298297082e-01 3.571839591554197391e+00 5.751828872001915727e+00 2.977616645664850736e+00 4.483929730807032499e+00 1.618562379090559444e+00 3.635271951416671143e+00
1.303605474361634986e+00 6.125319966552239315e+00 1.771387345858260964e+00 4.493850184501351208e+00 1.762326991308424518e+00 1.712848457869844132e-01 2.854688842296699391e+00 3.818697690306330550e+00 5.887243796386948169e+00 5.000110176810417251e+00 2.409999398926441661e+00 3.784455695719196378e+00 6.109120477863204890e+00 4.244781629537543566e+00 1.933772140782377802e+00 4.100129050532775210e+00 4.377189912379694015e+00 2.184413822485693490e+00 6.027847478640622647e+00 5.020106078641378922e+00
2.360460484246521773e+00 1.289088414321869935e+00 2.933253707646096498e+00 1.178098600286889841e+00 3.048142074364635246e+00 5.809773311759560688e-01 6.078832336929131941e+00 2.868445623727553517e-01 5.061648242078647719e+00 1.894359338971706608e+00 1.515869653171580067e+00 3.450602346635677442e+00 3.722477235553501296e-01 2.841844971760412619e+00 4.743403468639376674e-01 4.289972529908833820e+00 6.123221076327411971e+00 6.012783293255778538e+00 1.238124250687462347e+00 2.194012625760778101e-01
2.095933820374064283e+00 2.127535369641492480e+00 1.880293852514958397e+00 7.273494932464459328e-01 4.996121980974654875e+00 4.930760067820682657e+00 1.185302853412672774e-01 4.644725281858911536e+00 4.261678635624872591e+00 5.282199057880891502e+00 3.285798542122865262e-01 1.304727375758288899e+00 8.228491729339106886e-01 1.569948213264892978e+00 3.388467880685970268e+00 4.022794316812759341e+00 5.460202592989291226e+00 4.061625526026001687e+00 2.516166841669996934e+00 1.062987413158554384e+00
2.529154490575999947e+00 4.777209688695892020e-01 4.088347522099078368e+00 5.866153564715296476e+00 2.586823122187421387e+00 7.294082479159821331e-01 6.064167790482128950e+00 1.479704594639872139e+00 1.721332669719414010e+00 4.108435779034136814e+00 6.124103441365063460e+00 3.028008192700700985e+00 5.848818467492737483e+00 5.622196607286886305e+00 4.873257279833759448e+00 5.548110287440992217e+00 5.848593342313050947e+00 1.654285796711991274e+00 3.790583470761764495e+00 5.356042907496750161e+00
3.415141227470739338e+00 5.176265714715611921e+00 5.139643006864464070e+00 5.730559328063060676e+00 3.250670992053024122e+00 5.879452421678918128e+00 5.007397734623840968e+00 2.932166788086200349e+00 4.375180682828562484e-02 4.645334395663414107e+00 1.863465578258356459e+00 3.773174598343425057e+00 4.552811655964522863e+00 4.325436432311931867e+00 6.344974111588856935e-01 4.685256086956479216e+00 2.819794411810392365e+00 1.419660238549549369e+00 4.973378192824996269e+00 5.601245446790761306e-01
4.453812157060050403e+00 1.010143362021971081e+00 4.642418748968873743e+00 1.281691767443338348e+00 9.937661008152811615e-01 2.741008701907055034e+00 3.767019881275658122e+00 8.456183428379994427e-02 3.488449348760512603e+00 9.545437184432327415e-02 2.571251758907719953e+00 1.862791199367389350e+00 1.884905227581571197e+00 3.549019951204314793e+00 3.999292941657914824e+00 6.967431576746773159e-01 1.640153605997658914e+00 4.295037734093093640e+00 4.733054188740231538e+00 1.752639960258193685e+00
5.756814680683547181e+00 1.532256721124620080e+00 2.157357142052085841e+00 3.244143850768054005e+00 5.520554847858599068e+00 1.264695636821110414e+00 2.304575460684678667e+00 6.072925006834089423e+00 1.172523039322743932e+00 2.227372459831303608e+00 2.709688858146431123e+00 3.948226670076040890e+00 1.651135929409362157e+00 4.727697075768137580e+00 3.888560596275601355e+00 2.361211866331741627e-01 3.908408031523833870e+00 7.556803761730130908e-01 1.844644310728483338e+00 5.140955089870474559e+00
1.518121902015589830e+00 4.636521449414872542e+00 3.754656703788248340e+00 3.027167993640289989e+00 4.921591002695829609e+00 1.525762629865698994e+00 5.209699373552242996e+00 3.096262592112128953e+00 6.635257447076853277e-01 3.582353439048111543e+00 4.752407995807153895e+00 2.879110223761451870e+00 5.265188059866686920e+00 1.239592232731677734e+00 3.859883418265268151e+00 4.045749156746935582e-01 2.631034248217940075e+00 9.260203332880054816e-01 2.113463997177780662e+00 5.423126360434344484e+00
4.719043144610203244e-01 3.593872932726017932e+00 2.566657745048375183e+00 5.567596659808814685e+00 3.529359330776413728e-01 6.042874409268493840e-01 1.122478688861875407e+00 9.037002470280078859e-01 3.930025620350811710e+00 5.850032683846226433e+00 5.492151158690864676e+00 4.819637688976203371e+00 3.797124512208957636e+00 3.509844564995802330e+00 5.153168130846390582e+00 2.461053500773115577e+00 3.370594930822707447e+00 1.896298300733988640e+00 3.956545690219623435e+00 6.176543589545661073e-01
1.636006473169336006e+00 2.205440620819072883e+00 1.855939605038492868e+00 4.083885108167292444e+00 2.966068498784226182e-01 3.714334081282512634e-01 1.476607551584509403e+00 4.610683220600241050e+00 1.242527090620481500e+00 2.232654084897259583e+00 2.230504651777379888e+00 5.937793769295831581e+00 2.491550295507098944e+00 6.965541561428146844e-01 2.989549252422358805e+00 3.753925894720810397e-01 4.156153059761616753e+00 4.799812218716659196e+00 2.558615361099084162e-01 1.097245557152795037e+00
2.668519563024605024e+00 2.781574186257743109e-01 4.178753968473144731e+00 5.915653175345562786e+00 3.587055834198514814e-01 8.152084329537050422e-01 5.050958381968905009e+00 8.740319766160427328e-02 1.936231700013970825e+00 1.396163519692334765e+00 5.495538963121708420e+00 5.582473298290618224e+00 1.587057262528268842e+00 4.634214945762848537e+00 3.515276064249095000e+00 3.162596254286897057e+00 3.296193610804582619e+00 3.879010354309817554e+00 2.516739924384937321e+00 5.992703346017248300e+00
1.761822434102470414e+00 3.172723644771100471e+00 4.476225282139010275e+00 8.358259695493834851e-01 1.397628252518559933e+00 4.215560482402273657e+00 2.139921254572430875e+00 1.816813551208697364e+00 5.097837861820115890e-01 5.766874562592453124e+00 4.690145873851087721e+00 1.102273748039899415e+00 1.863646598215473515e+00 4.513502753182286220e+00 4.523732858094908771e+00 1.064471477998413906e+00 2.434961333390783356e+00 3.788726364438218308e+00 2.301525036677372960e+00 4.746081637704558709e+00
3.825060215333381031e+00 2.970297572454442481e+00 4.309333991712906098e+00 3.488303979701526725e+00 6.208838464570611393e+00 3.488538580743964168e+00 3.288642127846435947e+00 7.750342139767257832e-02 2.527207112602376071e+00 6.137354779280675743e+00 2.433163022517874641e+00 3.062717415183259462e+00 1.661153761781573257e+00 6.014271888312525682e+00 2.927244698721554794e+00 4.308260447239580238e+00 2.350203332827759173e+00 3.274052622083432951e+00 3.595203287340182463e+00 2.059356754124042510e+00
1.650321245676064530e+00 6.245228625108413922e+00 5.294816474612589197e+00 2.741507617841463684e+00 3.374914769143865900e+00 5.697447506412771645e+00 5.334660588823430416e+00 5.931695935533737973e+00 5.485043449267058335e+00 5.465116408456104580e+00 2.450191913303941593e+00 1.594967893432837000e-02 3.405216166128431254e+00 5.092157705929995615e+00 3.478831796711448376e+00 3.426865749796673910e+00 6.235523450933706968e+00 2.620837746953551761e+00 4.140351364173079141e+00 5.751342234512359930e+00
5.813413675035301154e+00 2.815273444206209508e+00 4.027814448347434961e+00 4.483264103570712145e+00 2.032176089604628366e+00 3.076486945779942861e+00 4.835209411969200843e+00 1.887274624117849742e+00 4.588061021765192926e+00 1.538740504196590919e+00 4.193762988733437780e+00 4.123547903743591814e-01 1.224521675503215945e-01 1.760914878771281167e+00 4.360918798298098586e+00 1.909246047989957784e+00 1.922255486720627626e-01 3.878051019503530594e-01 3.104377367663347709e+00 2.169503290243331328e+00
1.889848989889143238e-01 1.176679447374189058e+00 3.125665009720899890e-01 5.375826909914067642e+00 6.146480270949806091e+00 4.346179566873674460e+00 1.052323671600143840e+00 3.246766419844708818e+00 3.787545816704861235e+00 1.101889329531036577e+00 5.038513746752886213e+00 3.628782827315662346e-02 4.881513801948369924e+00 4.280332447813607999e+00 3.124081780912652206e+00 3.048686413299606102e+00 5.978164573281458338e+00 2.153090806235934684e-01 1.998915914989774389e+00 1.037507970536327484e+00
2.906310016575810895e+00 5.851698951306804730e+00 2.102930414066929821e+00 1.072155801903868166e+00 4.077868512495939513e+00 3.517393846325389983e+00 2.754081288503372082e+00 3.806882455554178257e+00 2.685494209270665955e+00 1.543117657666001508e+00 1.320573701864963034e+00 3.056762828185950021e+00 3.629431817852496245e+00 5.060548647896898622e+00 2.783455332650748293e-01 2.615505885471134828e+00 7.731287162866888885e-01 6.100530722879701884e+00 3.796477979898411181e+00 2.633079299988964062e-01
6.820322265457290367e-01 2.610157047397306140e+00 2.981554509976920730e+00 2.003132348786046180e+00 4.371729021277797500e+00 4.397845049684869778e+00 4.633933754913631908e+00 3.221509981694866021e+00 5.010884292763650549e+00 9.429936203812109285e-01 5.952144754976142593e+00 2.081801972389440980e+00 3.348635901390792036e+00 4.122714991317689481e+00 2.322269906183126231e+00 3.534869841364108645e+00 5.448541790323274903e+00 1.997169301057961865e+00 3.138160576800138823e+00 2.867504694459314329e+00
3.876550174703529361e+00 3.341346270785153560e+00 6.201055399876602259e+00 6.861184134118986089e-01 4.505710750866215308e-01 4.090159563318966462e+00 2.324955712498615767e+00 8.283860224159969587e-02 3.024412357014182540e+00 3.911627933744797669e+00 1.644801655473244084e+00 3.947668737228702707e+00 4.570000287641298620e+00 3.389559173824695293e+00 2.587381463748641863e+00 2.788657680246032555e+00 5.128177634130199891e+00 2.461533799701611347e+00 4.081879795609025585e+00 1.406429845986243654e+00
2.128730754616851684e+00 1.814964624654256953e-01 3.243550088686156574e+00 6.140743251644209977e+00 7.397611681824998175e-01 5.014488518617450374e+00 4.190335005549729708e+00 5.158910141666493310e+00 3.488294266036748859e+00 3.004673154527850443e-01 6.166754634686934189e+00 4.965670268213593808e+00 5.468266414870467607e+00 5.374274892410812576e+00 1.145305916024676129e+00 4.265220445085270207e+00 9.309022394202791650e-01 5.557643908315188952e+00 6.250787157039278341e+00 7.081526872355241309e-02
