1.045826785894941935e+00 6.005714120630694097e+00 5.320544213995573202e+00 2.537260326374231600e-01 2.897854621663027430e+00 2.795186502821946473e+00 4.229611049563541947e+00 1.305234779028519032e+00 1.917647764975979552e+00 1.358720240514173783e-01 5.193386561632230780e+00 1.534764895259346784e-01 2.257604708325647191e+00 5.150328914013048376e+00 2.119931427218479048e+00 5.360255935653548853e+00
5.449511194093087596e+00 2.885064502254885532e+00 5.689837618252399309e+00 4.673465904723396847e+00 2.518372622140431449e+00 2.745974774685833619e+00 4.567259310781208725e+00 2.226687195501227290e+00 1.796349990860718782e+00 4.589237338224427809e+00 2.451866816189157916e+00 2.101721885676020474e+00 4.501506406705654051e+00 2.426241785232891690e+00 4.662574819970115136e+00 2.660792160266568729e+00
5.692805141803409796e+00 5.139494671025643946e+00 1.540987790303157134e-01 3.030312388166862547e+00 5.456015769393661508e+00 4.416487719679590640e+00 5.672989830602739758e+00 2.810514962979588915e+00 3.746521459884795124e+00 3.656141413673194673e+00 6.056827357006566714e+00 3.361257897753107571e+00 2.274213859903515100e+00 1.024948439959090241e+00 1.167598212645089673e+00 5.026244265891199881e-01
5.125527375584070455e+00 3.037354871672161227e+00 2.584308662778798116e+00 3.145804863231184800e+00 8.951373425737978451e-01 3.545800439310471397e+00 3.569518995916834969e-01 2.682731204806986014e+00 2.529703208584957785e+00 2.373149829619687345e+00 1.136153255706014331e+00 1.167352543491501304e+00 3.610444404209657510e+00 3.585028786955967384e+00 1.780020524731642073e+00 4.795453717056264331e+00
1.976535804479469860e+00 6.008824749204602966e+00 2.684223216364046927e+00 4.513661211056421152e+00 3.730981166922232806e+00 4.700199838352435711e-01 2.932093547617209417e+00 3.266976261352002364e+00 1.999438641484085233e+00 2.260942627020303686e+00 7.484347758238222292e-01 3.751281383431034566e+00 5.644511050348122616e+00 4.269973712798850407e+00 1.318792992644294726e+00 4.357309302570525844e+00
3.658146721835364268e+00 2.308526050812638175e+00 3.493926260028888731e+00 2.239130606558085823e+00 5.276301480194982574e+00 1.218481993179081124e+00 1.116822840997657051e+00 4.290486993713925834e+00 2.826864762096444217e+00 1.242595453083398471e+00 5.381600085443083437e+00 6.805632868930902753e-03 4.857700465304690240e+00 4.643808243759652399e+00 6.118831638359343295e+00 4.034209614350273476e+00
1.837316132540953495e+00 2.453394290846208747e+00 2.956784120105995672e+00 3.610565913013166206e+00 4.768292163204880474e+00 5.571509724416209508e+00 2.976467446310855802e+00 2.092866019553043522e+00 5.186612064184181747e+00 1.205291722514607811e+00 2.037373338470953144e+00 4.126581810905238790e+00 1.179445328364702172e+00 2.307261269771570866e+00 4.520982741384250936e+00 2.679744922494609050e+00
4.171854805209237682e+00 1.787702054524164641e+00 4.871524424403197884e+00 4.280459976564696234e+00 1.685445923402568713e+00 6.879249479845347404e-01 3.783470644309083752e+00 7.383426206524897895e-01 1.143912494223732645e+00 5.966319145256578693e+00 1.561336335605932879e+00 2.041654097664552303e+00 3.025897325839653540e+00 2.503083140844098775e+00 4.238466825272774408e+00 3.812062017954281234e+00
4.955713672270670500e+00 5.103240611732007714e+00 3.084458979314645521e+00 5.877234389882617371e+00 9.345050334505411449e-01 1.427265665248093951e+00 2.201793457734984472e+00 6.019385796987848813e+00 4.449340017678448334e+00 2.577899607849394759e+00 2.879471501292647506e+00 1.316400989369414409e+00 3.346359492223143661e+00 3.800047251687636685e+00 5.736666049144109714e+00 5.340212032882149629e+00
4.434760501212379857e+00 2.706919825894830822e+00 2.404937250481101074e+00 1.647703436703749080e+00 2.040544287005653601e+00 9.673801307124502147e-01 3.177301542021170100e+00 1.775556871563607642e+00 3.607651771416212405e+00 3.517824902471209381e+00 2.441205708432311106e+00 8.846606770166335343e-01 3.797326141873622607e+00 1.461758064592552531e+00 5.153783232931890446e+00 1.546807984340958564e+00
4.039001499452125721e+00 5.166605786652722188e+00 3.991310524137883231e+00 6.101984352578011972e+00 4.090377074645808797e+00 2.924710180335440057e+00 5.577242858724622110e+00 2.894537541518043877e+00 3.971763959082832418e+00 2.552075024448969762e-02 3.304763656191623822e-01 1.184893870901456259e+00 3.861237526019526189e+00 2.895084083118835583e+00 4.170736198831435537e+00 3.380916288481868204e+00
4.586694928280513395e+00 3.323133527148841360e+00 1.719336988719679216e+00 5.083761036847719517e+00 3.677858074712216929e+00 3.776219946316291320e+00 5.572008334969045684e+00 4.054781862756520638e+00 1.811552537154121012e+00 5.705293314938900906e+00 4.813334191748405821e+00 1.368623433452985927e-01 2.567611971322518727e+00 6.033556886934385854e-01 2.846883335681312799e-01 4.979416284567625084e+00
1.945615477119189363e+00 8.922640572689377603e-01 2.619899183697839806e+00 1.188088918038151087e+00 3.169914806470131019e+00 6.037883791047134352e+00 1.816424088918531687e+00 5.361969939577512001e+00 4.073728112293567349e+00 5.158854914339863207e+00 3.927432104072625663e+00 1.914143441251612066e+00 4.578043404697496932e+00 9.111011701316438227e-01 3.943767919920898812e+00 9.080790295483212038e-01
8.052381382658717612e-01 4.882857934464052363e+00 6.152636657275195375e+00 4.712251544639941336e+00 1.572810357294705863e+00 2.798801174640868847e-02 9.723437699967480974e-01 4.260140159092621559e+00 2.615837575994583108e+00 2.316056265805980008e+00 1.391424659953063581e-01 1.207054697789881947e+00 1.552705187890698557e+00 3.455457316558240954e+00 5.680277840419830637e-01 2.590744571765064119e+00
1.556930269434049663e+00 3.121764484888602365e+00 3.610615145583568886e+00 2.253280159128454585e+00 4.349572154356020626e+00 6.016237769821927373e+00 1.245782633326578903e+00 1.491591343210918463e+00 5.124528300942137626e+00 5.589116483392420065e+00 5.359710646335504869e+00 2.401882080065275371e+00 7.432193996458451302e-02 5.151335262271317106e+00 4.353329071583748267e+00 2.914370366077736030e+00
6.058437968624879488e+00 4.588724448603809236e+00 1.455303461535960019e-01 5.958341783971261130e+00 2.540464552185202951e+00 1.149811014515077945e+00 5.073549267208793623e+00 4.599293689426598775e+00 2.739897838278795295e+00 6.798620971937208157e-01 5.381131780425239874e+00 2.417352728778659199e-01 4.297747130865370302e+00 4.344176663825060486e-02 2.615439910548640334e+00 1.331730367457649278e+00
6.168089483316262722e+00 1.825723114591700780e+00 7.455234191816266787e-01 1.029206339248729396e+00 3.228765589649267742e+00 2.088082061848446802e+00 6.459755114162737955e-02 8.903320012463479260e-01 1.566183478300531062e+00 3.354496672227988974e+00 1.300564606776408449e-01 5.122922939839462231e+00 3.575589527630756770e+00 8.237142558402072989e-01 5.412882277364428951e+00 2.223931849703282282e+00
2.997052471572093424e+00 2.214348678881750576e+00 3.183188535607313518e+00 1.348182611803069975e+00 7.856059360764019450e-01 1.611304566782528314e+00 3.560179434516839159e-01 1.745044223730405797e+00 3.525713867625936082e+00 5.513669897083791405e+00 2.248482959105284174e+00 1.487499539770557322e-01 2.602044099262631249e+00 1.277357829330071137e+00 1.162694321825242350e+00 2.546394855228041543e+00
3.584101417611849083e+00 7.114224009718348452e-01 5.081802767694915346e+00 6.340622492528109611e-01 3.217336706593334483e+00 5.359870727611895092e+00 2.367221259962910995e+00 4.194695216522275949e+00 2.468173324084209419e+00 5.588303533427595227e+00 3.604763706693450143e+00 5.742258953685573708e+00 4.498400396227077103e+00 5.213907760102138411e+00 5.487793669938157315e+00 2.821419391856181846e+00
2.591387646443399362e+00 2.143234658464829856e+00 4.568155529304261719e+00 5.342144485658661068e+00 2.264216346513030054e+00 6.133080194937384766e-01 1.204169553732925335e+00 2.838989133415737776e+00 5.861748932859982553e+00 1.896801032381706165e+00 4.417696367789138101e+00 3.249442903111343206e+00 4.943800452493143816e+00 6.677897204175556878e-01 3.130191061588331713e+00 4.562768118876295631e+00
5.286995877399318644e+00 4.157544583747402100e+00 8.100821022763768919e-01 8.902436840462538692e-01 2.194790957301953616e-01 2.834181871667593722e+00 3.083152009926965476e-01 2.978892522655186337e+00 5.314386820274926038e+00 4.205232234544230785e+00 1.425552622485318777e+00 4.550136604866384715e+00 6.196474438002892882e+00 8.474249156100866279e-03 4.557648516090039292e-01 5.322488351189523570e+00
6.830378572732187514e-01 1.129923101856377121e+00 2.374217116037041997e+00 4.202993752712639086e+00 4.097073405952484926e+00 2.057243755272414987e+00 7.213397197004838279e-01 4.765553082458306555e+00 3.846495419847729968e-02 6.111852834990267880e+00 2.531585517974867638e+00 4.021340130054840145e+00 5.554938302311021481e+00 2.444396517612071662e+00 1.904839904984098609e-01 3.589194531290515577e+00
1.956017001014499712e+00 3.835849773257499873e+00 3.108027329848678910e+00 5.529879303606222152e+00 2.697562317755417549e+00 2.329103206595896758e+00 2.159913850287911163e+00 1.988335401785870094e+00 1.620788904539244513e+00 3.895767314090904598e+00 3.951409606617536596e+00 3.829740743995878383e+00 1.207713315044788738e+00 5.361641467117522986e+00 4.002968331283083714e+00 1.126525002732880587e+00
5.671419377048941612e+00 3.377334484453073493e+00 2.595178049493819916e+00 2.271009706253129257e-01 5.135423569808150734e-01 4.147005818411960476e+00 3.550485355124165743e+00 3.222670303424475691e+00 1.593559440432796626e+00 2.119478031568702292e+00 1.845965013106605657e+00 3.885301359233425345e+00 3.906591340303013915e+00 3.491672022702307920e+00 6.075500847719793818e+00 2.474549310149299686e+00
4.708950823223248427e+00 6.261112650213871866e+00 1.612484106214006729e+00 3.529690694212785029e+00 4.059202456732143638e+00 5.469677489294781481e+00 3.646646490221262304e+00 6.126057086375531924e+00 2.046787251808618036e-01 3.364437578828980868e+00 4.192283210360232992e+00 4.840543368246520650e+00 6.107928837316124460e-01 3.271125160549703814e+00 4.984194990898030753e+00 3.357296119927967837e+00
5.390211712765022867e+00 1.245611251266761643e+00 4.963471931872507348e+00 4.602369747037819536e+00 3.154073240499221775e+00 4.702345968297319878e+00 4.445277822566127135e+00 6.171751420676899968e+00 4.554933354964180836e+00 6.267948278586166211e+00 4.038353785093690362e+00 6.762623487454840765e-01 4.326695687445399896e-01 2.253376409349277409e+00 1.638895978283140709e+00 6.126233217842848022e-01
2.479908373753110684e+00 5.528952973867755638e+00 4.956430316099464939e+00 5.935126488674168144e+00 1.837385993121222860e+00 2.820476138270142208e+00 4.710744271949429240e+00 5.289230887749877041e+00 3.734359714159157795e-01 5.551582407249684437e+00 5.249147584686313373e+00 2.355741744016231820e+00 2.522973662673203332e+00 5.095903553150674448e+00 5.002267636135115048e+00 4.204648142174161052e+00
2.592416340472906700e-01 2.999558248607950173e+00 2.079174948679478607e+00 4.092666495111902059e+00 2.663607660948433153e+00 4.156746930027626519e+00 5.397015668781161679e+00 7.203877748040835582e-01 6.017600199420263252e+00 5.566620556780977225e+00 5.748065637357518298e+00 4.363100325799926793e+00 2.584853460837920114e+00 5.638398951176206708e+00 4.136096347565464626e+00 4.190670636489721268e+00
4.955876596028523373e+00 2.520710851321372736e+00 4.516247702746070125e+00 5.088373971225361281e+00 1.306576330853587375e+00 3.482414469932918699e+00 3.466729963853640850e-01 2.002300962153094943e+00 5.264170595507069450e-01 9.391656677388406926e-01 3.851211579615223979e+00 1.343042949977840683e+00 6.162730852200625442e+00 1.142553225788367932e+00 4.793412147040369220e+00 3.299845384901048284e+00
3.759086585912911005e+00 1.801782705358626169e+00 2.267517484777440639e+00 2.943362179520438104e+00 1.868250033087907269e+00 4.074364184625722807e+00 2.450996295638773859e+00 2.543286696958666493e+00 5.546969512583332929e-01 3.448114517941444745e+00 3.903975452025536974e+00 7.384464631762330811e-01 6.259328899818275893e+00 4.475671659867945351e+00 2.237379033595502165e+00 3.693307027712984691e+00
4.861764067649529508e+00 1.398945148684124007e+00 2.248075661953839788e+00 4.839372855846876043e+00 9.607495492567664774e-01 5.274953674823638750e+00 2.965612890062043316e+00 5.793176814972419209e+00 2.093382516633830903e+00 3.635724308014583350e+00 4.080532303552223183e+00 1.770039046026364637e+00 3.247742188725574408e+00 3.465999337489847232e+00 4.223453051866204788e+00 3.620263594857903833e+00
3.221149620559351945e+00 2.165499508036948573e+00 2.911561694364911967e-01 2.210021153887216983e+00 2.632447178077516714e+00 4.266973512157046788e-01 2.350163066582715121e+00 5.664982656060655763e+00 4.619452566113540826e+00 3.616040293082062873e-01 5.119001489041512976e+00 3.097246671192294798e+00 1.946994468028210079e+00 4.597993081988794195e+00 1.267758406513696423e+00 2.795505162578689973e+00
