7.856872965568967304e-01
5.961196320549752015e-01
7.811148436267640882e-01
7.530757148729324557e-01
6.790303769370803488e-01
6.735235480730399349e-01
7.828274275253979120e-01
7.305677106571372148e-01
5.367531457546470541e-01
7.581757991416807618e-01
7.537912807258495551e-01
7.965553159392384508e-01
7.589858878892118410e-01
7.565798045241791669e-01
7.075836757815857636e-01
7.096596250809495965e-01
7.986087296653205936e-01
7.565860937241378759e-01
7.373858166558870941e-01
7.814414219020080488e-01
7.419225202574774025e-01
7.424291584504041364e-01
7.185801469471014835e-01
7.063345134371826761e-01
7.497097443612041889e-01
7.689785953471688362e-01
7.433126898582388398e-01
7.460631065982091803e-01
6.599970219875112010e-01
7.282847928676566829e-01
7.617452833723018513e-01
7.252378052897743288e-01
7.525093690715997097e-01
7.646921157356733056e-01
7.606088706962746970e-01
7.720296920128369988e-01
7.289067821382031465e-01
7.228447663790950051e-01
7.471268663322683246e-01
6.743143637877689889e-01
7.560891413554705620e-01
7.780230038752213861e-01
7.517743848353404257e-01
7.708346780310668667e-01
7.402117972675632540e-01
6.820895570778596761e-01
4.915229241946004191e-01
7.784899051047164953e-01
7.243074420165341865e-01
7.236409434101971350e-01
7.523935342343018862e-01
7.723065785500059510e-01
7.317887933318325544e-01
7.154270568657176144e-01
7.142091257106316649e-01
7.719506603497936492e-01
7.235817186885977748e-01
7.080766844631523060e-01
7.465886865103248393e-01
7.900126917202936472e-01
7.521075733959856624e-01
7.612158632824478355e-01
7.328844082079495337e-01
7.579373428632257825e-01
7.518717256053661924e-01
7.058940898763582661e-01
7.242714699922837562e-01
7.399254680481404112e-01
7.574836072897751515e-01
7.514971655866343747e-01
7.006315851451004884e-01
7.738779241028499456e-01
6.562104694745559685e-01
7.477277708190852579e-01
7.283165003188075692e-01
6.678122560194503787e-01
7.830203949347275261e-01
6.730660533801751111e-01
7.542438102836754865e-01
7.705132153800512418e-01
7.358660337239090188e-01
7.098631325829978245e-01
7.668710650702121878e-01
7.819769760842564255e-01
8.053809586947153765e-01
7.525788251050609112e-01
7.622455623906793098e-01
7.762675474659495034e-01
7.625442736327331383e-01
7.637090584277184124e-01
6.833628605190955607e-01
7.444040407548050409e-01
7.895831972845510638e-01
7.308997538618893230e-01
7.550419655407596409e-01
7.655936119532762429e-01
7.038725119014925813e-01
7.659505924416916134e-01
7.265182601524426964e-01
7.042892461411105476e-01
