3.903401602409265259e+00 9.861328669068517572e-01 2.743242467409019447e-01 5.633863756853612070e-01 3.553108046656805019e+00 5.380730010846386691e+00 9.291933448511187077e-01 5.739016955993747615e+00 4.477874859473867097e+00 4.281353073965757372e-01 4.116876627566616875e+00 3.957761126340394675e+00 1.762790350089469049e+00 6.235668347483896312e+00 3.471497624482913213e+00 5.432009123797122641e+00 1.526542937141192491e+00 4.134270909320814980e+00 5.537406637595362113e+00 1.886144489052509865e+00
3.519944896517187338e+00 8.515486750057504883e-02 7.686953556703881585e-01 4.959608043465835725e-01 9.900821353464998031e-01 5.268077044680947729e-01 2.658758103599694333e+00 5.251514890943538738e+00 3.803925758876924856e+00 4.803118694887604789e+00 1.547219486038742486e+00 1.919040167274580044e+00 2.782123930629127440e+00 4.057244910169922392e+00 8.148615467352054997e-01 4.297688203464789858e+00 4.640747213335582266e+00 5.993737289502743870e+00 6.194903064234715817e-01 1.074554725005480993e+00
3.908311307874252627e+00 2.071992034880723477e+00 2.207104224722138408e-01 3.750711778621581338e+00 3.927799959658617723e+00 4.288891259382614507e+00 1.743289549775116909e-01 2.899306060867261614e+00 2.598620076741270157e+00 5.840353903795901580e+00 1.353497172529764869e+00 9.840892275459446337e-01 3.070096789344622490e+00 4.102299860758703010e-01 2.201032209064317513e+00 1.952250385320891235e+00 4.988778516247084127e+00 3.400114954953326052e+00 2.858157109618396863e+00 4.651619996355800701e+00
1.497322616134361128e+00 6.154616807797920863e+00 5.165911959778093809e+00 3.326011606018164812e+00 4.121438345044699858e+00 2.960782524110327163e+00 4.500286174450184085e+00 2.416422285927455615e-01 2.543394937932544675e+00 5.032624120961961545e+00 3.515423951308073391e+00 2.595906740015909264e+00 5.603169271398710016e+00 5.181610149384150432e+00 5.827316239474871651e+00 5.765066092999612479e+00 2.491301134377082782e+00 4.675282768345016216e+00 1.814382544439803180e+00 5.959633729665070767e+00
4.668480576754069133e+00 7.699456992228792540e-01 1.268826905883243317e+00 3.752617473369728618e+00 2.583734528715001311e+00 3.058297038131369217e+00 2.458421351800553545e+00 5.638466219499218113e+00 2.908846274592647774e+00 3.462954900953398862e+00 4.704280307716713239e+00 2.668959159405110970e+00 3.971776152756692824e+00 1.155474773396065080e+00 3.020357942947858643e+00 4.200097955655363591e-01 4.265583547358573924e+00 1.241831629764310829e+00 4.722296650648840632e+00 2.412477351740673015e+00
5.985699514466986670e+00 5.476743703328943447e+00 4.564778582371324944e+00 5.426852897577104429e+00 5.122701250282930552e+00 2.823721071510482794e+00 2.829642230608748754e+00 3.022695958100810376e+00 2.091981165243625540e+00 4.479765217490868645e-01 4.595630653108210062e+00 2.426139915684408788e+00 5.222005551680799940e+00 2.316623699516583645e+00 1.372180561472616134e+00 4.633759077359220768e+00 3.138198462742702421e+00 5.529181527685730124e+00 4.263840819395270820e+00 5.967177525779631786e+00
9.214438354699924227e-01 6.191477243873820591e+00 5.076211634501348158e+00 2.060481666085755670e+00 9.678934382801407388e-01 6.042023347637951680e+00 4.290147571563299955e+00 5.197655803331726609e+00 4.322726261634191047e+00 6.249408196825644524e+00 1.566289068917491312e-01 4.122006628405451956e+00 4.963155598437674065e+00 5.416567615194205487e+00 3.107417066897256053e+00 2.717178677564845657e+00 4.692578827433399269e+00 4.710398654280132824e+00 5.384518293124508581e+00 2.752116810559986693e+00
3.825929069247686165e+00 3.301456602136113805e+00 4.073803335704599071e+00 1.422718831805939388e+00 5.248750662633528963e-01 2.584491462273148521e+00 5.330635889496867286e+00 5.075376839634735404e+00 3.221961793567761578e+00 2.846439437340196221e+00 2.400282972836554674e+00 1.931867591142751195e+00 4.175505576916755501e+00 4.995763997025633785e+00 3.912173060078627973e+00 2.957984814377770721e+00 3.714657178816187955e+00 1.508461424068208379e+00 5.796602916737700895e+00 2.182880391252728369e+00
4.168076379547065002e+00 3.517634927221230168e+00 4.522925848153590278e-02 2.271744480778179920e+00 3.114973117574122430e+00 2.049935349185201705e+00 4.954244160334757119e+00 1.060885778793664302e+00 3.459496797128400303e+00 3.881233515014895996e+00 6.175552336928688213e+00 4.338105589926596117e+00 1.089561836484588403e-01 5.648839977125755141e+00 2.747649831497489537e+00 3.238018573703717262e+00 4.657183517107600146e+00 1.717481388669978237e+00 4.075915057393109997e+00 4.654640080026343441e+00
5.609694246139483198e+00 3.843443325728994608e+00 1.662341803094228743e+00 4.415891097682814959e+00 2.313273216701662971e+00 4.521938761158333264e+00 4.069515801043060321e+00 6.106143706955772466e+00 5.811289836681567067e+00 1.016815631683964938e+00 1.115267817472346046e+00 1.097265910325907923e+00 6.083690654887963234e+00 2.687453945227048502e-01 2.305667819431960197e+00 1.699478503759507264e+00 8.953827614891579634e-01 5.681553059028308539e+00 2.264802415881330411e-01 3.212829063293470622e+00
5.688662477787817195e+00 1.339500629735191017e+00 1.377964115850546900e+00 2.553484653733562482e+00 1.484745912340182050e+00 6.778369197197151585e-01 2.825106875054449684e+00 6.170959118676462296e+00 2.432257751395366929e-02 5.761639642297499364e+00 5.601947988381263954e+00 4.025174393250138039e+00 2.478395326824608169e+00 2.804817498348504579e+00 4.666296487425315997e-01 7.587653513099458236e-01 4.288173568760942800e+00 4.891349960097607585e+00 5.317646812550310464e+00 1.691307370832874524e+00
4.875968829177194763e+00 3.528499786595011400e+00 4.649197878875336087e+00 3.536643560352629834e+00 4.893105709031862816e+00 2.766775609907844213e+00 1.078567846690067666e+00 1.698442279972428803e+00 2.030224867694757851e+00 2.469892147165311247e+00 3.586849618209155821e+00 6.541087176532903724e-01 1.550580700957913782e+00 4.073868611218324887e+00 3.535727384846616861e+00 4.077867766906747349e+00 3.947924292460475826e+00 4.507515688683918498e+00 5.606739624369310171e+00 4.487677137881702194e+00
2.376666716223873266e+00 2.646250811029149830e+00 5.089911318420266007e+00 1.975511861433978833e+00 4.966298252504563138e+00 4.374655806766065247e+00 5.140343803570115000e+00 4.903768162898337835e+00 1.670589839857270942e+00 3.955339689872337861e+00 1.666818680125483620e+00 1.187740484066994284e+00 3.259933791915925028e+00 4.725962920776757059e+00 2.217003853417518933e+00 5.676810771101570285e-01 3.798076430576619589e-01 2.678966208161814855e+00 5.020474506337928133e+00 2.062130223956048614e+00
3.057804456220935663e+00 4.331716181059105608e+00 5.509981447434077140e+00 5.631954922218016524e-01 1.635067828381230548e+00 4.735677652544377558e+00 1.445579110654420241e+00 5.443175816972761538e+00 1.969971015292052208e+00 5.595534464548998166e+00 4.658306777319104697e+00 2.178080707916192793e+00 4.805962163128592479e+00 1.695591568344693156e+00 4.124505837871343061e+00 3.340175872825374981e+00 5.307099360810590305e+00 2.991165271590972452e+00 5.696277990946420067e-01 3.864270311694323112e+00
1.162459997412812251e+00 9.588793378619960839e-01 3.295981433489140855e+00 6.594736007852670667e-01 4.315058888965082606e-01 3.592363239720147039e+00 3.342124631691443248e+00 4.981390412134536483e+00 5.018619497557633480e+00 4.169370178679778327e+00 5.942940456968062612e+00 1.961481699110398713e+00 5.608063194211243108e+00 2.178780713767287658e+00 3.480674353771799012e+00 7.145182402742494832e-02 2.633111427379719149e+00 1.498643242658296293e+00 2.948372678064440144e+00 3.653763172568691431e+00
1.356065567116870652e+00 2.244396589038831547e+00 5.515694524172666036e+00 3.861288190708269230e+00 1.047579998566449566e+00 3.341518798272107738e+00 4.291540391221775330e+00 3.169085171187461913e+00 1.249594970293574470e+00 4.851505137919933652e+00 1.765302990658136784e+00 2.680305301614410496e+00 1.560528935747757417e+00 9.938490516982129153e-01 3.786871535474851669e+00 1.965470504596010137e+00 1.030106768746263057e+00 5.698815958957776040e+00 4.165069091733639262e+00 5.704553789778469053e+00
8.727084896207419618e-02 3.527434720490262521e+00 4.648562927050045701e+00 3.492086423647184468e+00 4.441728627738120494e+00 3.750685828182184878e+00 1.019951478421255997e+00 6.255943096227945865e+00 3.072917000461731774e-01 4.372434014203024910e-01 1.193031191128674839e+00 1.042514196814429361e+00 2.641854111623700430e+00 2.304716083368411716e+00 2.733702116484592270e+00 4.427764887237091607e+00 5.009322207106016167e-01 5.568520677704371202e+00 1.674890142855710806e+00 5.915375666434735669e-01
1.610621470572340730e+00 2.068528900985284302e+00 4.462741468993522531e+00 1.947142883389070267e+00 3.168030313954370847e+00 2.554168943614629761e-01 9.076357456466956908e-01 5.308519227729531220e-01 5.284685026714649680e+00 3.362684283708881061e+00 4.111492159424956938e+00 1.453110564105231095e+00 5.220231897646461228e+00 4.729134701790457918e+00 5.445413743538186857e+00 5.559931125608692071e+00 1.324859332203027540e+00 6.272807634569751656e+00 2.654394583717321066e+00 3.879071072753648153e-01
1.422482473779937528e+00 5.654223721462082741e-01 1.804615967433852441e+00 3.473918572399913529e+00 4.472902607965885124e+00 3.511735982116667376e+00 5.709995714945272915e+00 1.386274247390875347e+00 1.407585327171500200e+00 6.848960925292577606e-01 5.299956691671332543e+00 1.522298025507644592e-01 2.090805949294635424e-01 2.906454351331942298e+00 4.789495149492898562e+00 2.730068447586246894e+00 1.386796825187468940e+00 6.113885471124945958e+00 1.866881364570382340e+00 7.701908010660364345e-01
5.399855013650689095e+00 3.998960329291423310e+00 2.728716193796196343e+00 3.710613781954608559e+00 2.702379196848879950e+00 1.750457033990942657e+00 5.524125307294062814e+00 2.726856649935482935e+00 4.669803638504361309e+00 3.174485659778609303e+00 5.674383966131850698e+00 9.804834656626217892e-01 3.674345042510594794e+00 3.486678446263249409e+00 4.751277319221434148e+00 4.778023175698216995e+00 1.051591003423442805e+00 8.148203280431148832e-01 3.659830392602713811e+00 2.174117662051450850e+00
9.112441013598546746e-01 4.965911042741879555e+00 3.852899889174367765e+00 3.402486227128209251e+00 3.657624150591643364e+00 5.494989878800825567e-01 4.279992707976562616e-01 5.490043945104344125e+00 2.227260234927190830e+00 2.255002734848324530e-01 3.696226288258030568e+00 3.732971982672576239e+00 6.263997416181368294e+00 4.818721399124943794e+00 1.417748622505792033e+00 9.814894133536386511e-02 1.371615761150090984e+00 4.995103694825289153e+00 5.426442295461033183e+00 4.422241958348958057e+00
3.448258278924256626e+00 3.437211947842654158e+00 5.081786042043544782e+00 2.166507100552522491e+00 4.158912389049781666e+00 1.426039441649935846e-01 3.938022720983677782e+00 1.074842337233018696e+00 1.405997141016753993e+00 2.601186800605998606e+00 1.760399617979122144e+00 3.227114005323740376e+00 4.194425952961176485e+00 2.230254400874440268e+00 4.194476626368784267e+00 4.490032908734973738e+00 5.597476096306992055e+00 5.434227764612171718e+00 4.672819307586205007e+00 5.102597216213969666e+00
2.445928511667282645e+00 1.450482690900625760e-01 3.160508299362307483e+00 4.850837894637951564e-01 5.034465009136398272e+00 5.876921778534097029e+00 7.805587904629084361e-01 4.364754257860425035e+00 3.313914896587876857e+00 1.598216103187606540e+00 1.974963326175527056e+00 4.234293998158260131e+00 4.345080908171715883e+00 1.791673674089585333e+00 2.855777799746105128e+00 1.234506811579075602e+00 5.361628769960330665e+00 2.093705650620338865e+00 5.028025293812004470e+00 3.669293534439834303e+00
5.114784911852033211e+00 4.495461557400572516e+00 1.782770342449645939e+00 1.493080248556585943e+00 4.885587698567824155e+00 5.935819055173499947e+00 2.092321902799751943e+00 2.033676805109623675e+00 2.021797764084712679e+00 4.523051329445819668e+00 6.167249564216333191e+00 5.482314422571453072e+00 4.303070677514994280e+00 3.023490561454933889e+00 1.813911220618885434e+00 6.179040724402645068e+00 1.663891271807366623e+00 4.371657977674747286e+00 1.314724268922426775e+00 2.698638214440227223e+00
1.547292079054227942e+00 3.085478082786294429e+00 5.578142448848197432e+00 5.616555204145138980e+00 4.824651723789232349e+00 4.896158862564955250e+00 1.339388874500438309e+00 8.188823142953473022e-01 3.436367488665198255e+00 5.893810524026860342e+00 8.270976862540505570e-01 1.679037558537413766e+00 2.191578950650672653e+00 5.304647825329873889e+00 6.140039036810774675e+00 4.217390594822091110e+00 4.658110751406517203e+00 1.005974186422828209e+00 3.867695351717267194e+00 3.110141611308761433e+00
1.447586510263100257e+00 4.426187880957201060e+00 5.775968151824924846e+00 3.254411478037822825e+00 4.981119322202094857e+00 1.353702794577966939e+00 1.161874124643768935e+00 4.944806478416817086e+00 3.103506012789449264e-01 5.890356108448481898e+00 1.760228004561685156e+00 3.488197667289336112e-01 3.150093970411977029e+00 1.581238673065212375e+00 1.172739166466365779e+00 1.605969882442776608e+00 4.605185762135420191e+00 3.957759907003925992e+00 3.664908214740607573e+00 3.224696677098314979e+00
2.535432604828669501e+00 7.492925093863274100e-01 2.780129868574783281e-01 1.251705755435680301e+00 3.796593012868819450e+00 3.809340891606995516e+00 2.960928465656235797e+00 2.956129458059009174e+00 5.597492892541853671e+00 3.225236761242386230e+00 6.217311483255423266e-01 9.314981380877405126e-01 2.190408639051829365e+00 1.435071781358948861e+00 2.231182829332563067e+00 4.697151832682234240e-01 2.163786734224113495e+00 6.112375179712214113e+00 1.126566834602755307e+00 5.223613008038104910e-01
2.767592076799191503e+00 3.753184294888489259e+00 4.137338251323831706e+00 4.792616168466475202e+00 4.742821962104718736e+00 6.019343811843233638e+00 3.900898089197920582e-01 1.780251778363067583e+00 1.622965137099859900e+00 3.453357606886826581e+00 5.108800394931103384e+00 8.458178697853637740e-01 2.836878340643513408e+00 1.515123341973099835e+00 1.170413826777054078e+00 1.042058276894492597e+00 1.254339471106797221e+00 2.021834961999533054e+00 1.993256752392263742e+00 1.476823253893010612e+00
1.155646074780398491e+00 3.286058271179530976e+00 5.513126241692980933e+00 5.563890993042314825e+00 2.842584292645459421e+00 5.261925538046117623e+00 4.622512716243842412e+00 4.334263620811413809e+00 3.300496655899447518e+00 1.296031541717962643e+00 5.443817520536992305e+00 4.500654490936592644e+00 6.050702626748858393e+00 1.136728663916833248e+00 2.853180600173989223e+00 3.924215969445967733e+00 1.383845812285741994e+00 2.510472099030266246e+00 1.957394621612372543e+00 3.657499014101300183e+00
2.372220626971524027e+00 5.277534060158183493e+00 2.968488648772616756e+00 3.696029513230123076e+00 5.770092604227381461e-01 3.610929836798357773e+00 4.812020712344052265e-01 4.247440650546223218e+00 4.320618116094840921e+00 5.519150883190409473e+00 3.957269617531707695e+00 5.769441173783929955e+00 7.825756438496893341e-02 5.830990614633440039e+00 1.176484087081978602e+00 3.067534247387748270e+00 2.700173037230058526e+00 1.416375631024834325e+00 4.970907534651815673e+00 2.479922888739346742e+00
5.887790833455621708e+00 2.234427443150358350e+00 1.100495916916464784e-01 5.028431238292834671e+00 5.286310233951843962e+00 6.108022589193016216e+00 2.664212164797979288e+00 6.241421549428926241e+00 3.160144412747186493e+00 5.569658400852269153e+00 1.761250959408815042e+00 4.084125334093545945e+00 3.741062588067945449e-01 4.132730216834052506e+00 2.216132569705568933e+00 3.169619805391552525e+00 9.330226011029814082e-01 2.004025674394591672e+00 6.041234825359048877e+00 5.836296261337546198e+00
5.840801602286219030e+00 5.737730224976295368e+00 1.261569517160614273e+00 1.796486255259156950e+00 5.928305076989689226e+00 4.049698563695963038e+00 4.217536094571305294e-01 5.919024986694439328e+00 8.195500497409394791e-01 3.844232347682792650e+00 5.261163653683572639e-01 4.794993313997872875e+00 6.251898941892251926e+00 5.748317750977342655e+00 5.145773385762030472e+00 1.309840331734903572e-02 2.197531541777509201e+00 3.294570454824179873e+00 5.351688075023159907e-01 5.644568149257471745e-01
