2.316776037933395926e+00 1.454815194094856601e+00 2.912640010685410008e+00 4.038690168273483039e+00 4.163037229589305888e+00 2.427515464328236838e+00 1.344379714410931514e+00 5.707971824025580787e+00 1.764758995948984444e+00 5.442071100080606350e+00 4.971317367691824529e+00 3.893557954727184800e-01 1.360558314425924564e+00 4.677730171284151695e+00 9.745501256994877348e-01 1.796032811912448901e+00 3.050794472049647155e+00 2.900121916705783232e+00 4.062385068538689303e+00 9.454528644715407548e-01
3.626285644076502557e+00 3.025782331603536601e+00 1.818294110229639493e+00 5.074063852767024763e+00 3.157697670776557497e-01 5.412033713877136165e+00 2.425495194695991064e+00 1.113292138484962113e+00 3.597927756129868371e+00 4.656237699037438560e+00 4.995369108549754245e+00 1.076457575172846015e+00 3.162720959819930400e+00 3.708619676826900857e+00 3.082821699730287524e+00 3.245744512746090660e+00 5.425511087328332316e+00 1.044393838463149704e+00 3.462753703421870277e+00 2.212550731981995700e+00
7.600350680084086985e-01 4.820297406437736853e-01 5.395820123719266448e+00 9.240559067060342135e-01 4.196644256806140838e+00 2.401634035869444794e+00 4.904010788874637150e+00 2.220041306671939552e+00 2.755720261655181691e+00 1.839323980212377085e+00 5.558578352658225974e+00 9.611040151570323653e-01 2.754952561309837455e-01 3.762326491801569972e+00 3.978374430990815558e+00 5.309327511343839845e+00 3.765649039859972014e+00 5.436676881329914224e+00 1.626454732306058970e+00 1.160858460855331842e+00
4.224200178276076301e+00 9.768475649416981099e-01 3.722434951833814232e+00 1.412985366796192244e+00 1.611843487440955958e+00 1.414618644787289936e+00 5.739743496672916834e+00 3.230187670226831287e+00 5.654626429436631518e+00 5.942878988102386906e+00 5.788768972506016297e+00 4.063409037920930444e+00 1.377322966525159342e-01 4.543285364234381341e+00 4.630727701834933541e+00 4.408412517370441375e-01 4.749275051546350213e+00 1.803325938396711958e+00 5.774170183595805916e+00 2.934645519375386424e+00
8.184330117895699530e-01 3.438794741889767970e+00 1.921186269433869054e+00 2.037015447971364246e+00 2.572666263077175719e-01 3.868547498321580846e+00 1.664615119549788247e+00 3.754113536618839841e+00 2.376512670315424014e+00 2.848621972492504928e-01 2.680079609719042466e+00 8.756382849042895211e-01 5.160698213241571075e+00 5.475310191929200876e+00 6.268670742072433910e+00 4.073046092587295774e+00 2.769728896967625920e-01 3.935674530291632056e+00 2.223223262412726609e+00 5.271136150807237186e+00
2.805674083361826554e+00 4.022000214086197012e+00 5.338350758035832477e+00 2.173094838340033252e+00 5.030522610918271909e+00 5.125407233009935837e+00 2.418337469745079016e+00 4.717507198088401466e-01 2.995778306569848226e+00 2.610656873898465236e+00 3.944095582094759855e+00 1.496658711034280831e+00 8.456259050381544906e-01 9.059988255827023940e-01 2.589993640149802268e+00 5.310469665363626746e+00 2.294628446876992633e+00 5.038047016932235778e+00 5.136115457443764853e+00 2.825217733312817003e+00
3.190862963670689556e+00 4.647697888523944165e+00 4.767141865668012457e+00 2.733204997138896641e-01 5.963434361342891954e+00 5.103082687374381088e+00 2.694412122265969156e+00 3.840058712814073960e+00 9.061654507351245558e-01 5.160098350637538189e+00 2.795985546436890345e+00 6.178909063034947913e+00 4.274703120825485425e-01 5.669812380589835499e+00 6.782317049999346814e-01 5.313643029668797091e+00 4.652950653725641539e-01 4.553242884692834558e+00 2.171830305157510299e+00 6.215292696284995255e-01
5.196941245408875254e+00 1.699153165453518133e+00 2.645107864557904698e+00 5.113672136783576683e+00 5.561795518700432872e+00 5.149039774058588037e+00 4.926543623304505459e+00 6.172819643303456338e+00 5.788081932500898752e+00 6.072066193193864869e+00 5.996157677373563644e+00 2.608792574237144835e-01 2.676639636735353989e-01 1.358529891142895352e+00 2.421167943689252589e+00 2.914295697611307912e+00 3.912002843850102884e+00 2.365505783970991871e+00 2.143042015682246060e+00 1.007126185017323872e+00
3.578443522927853948e+00 5.411839160808893823e+00 4.496140058961829999e-01 1.385399189605642511e-01 1.602500644589627488e+00 2.303075114829022496e+00 2.014515114588280587e-02 4.711925230731457859e+00 3.199609287074064223e+00 6.226966970944753044e+00 3.176555223515763693e+00 4.292376347448374929e+00 5.959569949075950390e+00 2.454405735886164841e-01 5.417141778327939916e-02 3.469681561226290595e-02 9.341381570265567813e-01 1.731295313553051551e+00 5.245585061883422995e+00 2.888362651977343543e+00
3.807999241009472513e+00 1.164531891491471072e+00 3.494194722311816381e+00 3.397355233675870334e+00 3.090887560064409012e+00 1.265097272153170804e+00 1.404150015650372119e+00 5.856332354182207212e+00 1.712467146954208985e+00 1.793332617862559708e+00 2.576916877678545159e+00 1.279750601481095318e+00 3.617214277564788638e+00 6.204071345671295035e+00 1.849999025979772282e+00 4.244956596288733230e+00 6.246497345377308719e+00 9.693980958599835995e-01 3.595605101071758014e+00 1.635213380552304141e+00
5.869528690730750675e+00 4.390844688370757254e+00 1.607003902874480916e+00 1.785601885885778506e+00 4.098986440201082715e+00 2.577053614392667225e+00 3.388504980990875382e+00 4.439506323353321626e-01 1.969783954541054039e+00 3.273962291547144465e-01 4.556948446528355845e+00 3.933799483045317569e+00 2.711879624585982196e+00 1.420088254618449897e+00 1.729076658715168746e-01 1.916467131892783948e+00 4.107651589763319233e-01 2.736231191458824874e+00 1.465683462227857170e+00 1.072754673246288259e+00
3.797162767335807043e+00 5.159770194113891151e+00 5.691537201142078395e+00 2.021313891057495038e+00 8.676430057339251656e-01 6.006000499899859513e-01 3.294728209545919828e+00 5.763162109619655027e+00 5.646112401132377556e+00 2.503920451605414321e+00 5.222286678400198667e+00 3.814596687536820685e+00 1.857180929316599505e+00 2.075064989472900745e+00 4.518471781537269472e+00 1.432469005460381029e+00 1.269809607196062062e+00 3.989409823361841578e+00 3.071423532732149297e+00 3.480204078689289604e-01
9.147728346039251113e-01 3.277944816318929089e+00 5.457303619847104770e+00 5.622415670835610335e+00 2.250526168669634508e+00 8.787758609427367418e-01 1.381584504090047627e-01 2.024206469006619269e+00 2.055053943489547397e+00 1.245454510339356613e+00 5.488089518464328798e+00 6.040818788675676565e+00 3.752361062613553955e+00 5.453235833405162047e+00 3.015306089812491930e+00 6.193302866407928597e+00 3.531668311385499637e-01 3.464476160288224360e+00 5.764330011922385033e+00 6.052335380976051837e+00
3.121800766166027419e+00 5.467434329993112740e+00 2.755482857991760959e+00 1.143900001726690263e+00 5.371519660899330084e+00 3.687385959811897429e+00 4.785995977293621806e+00 5.572738771082431875e+00 3.914504765153368204e+00 4.341604049339253257e-01 2.498523880258551877e+00 3.785210329044746747e+00 1.524528178726426653e+00 6.766317760696745065e-01 2.249287573629644488e+00 1.925911416469086923e+00 4.639571423169774889e+00 5.782843172418401956e+00 3.241653111866886761e+00 1.834404171842207054e+00
2.539948980345346552e+00 1.069815717514794429e+00 2.950896527930107816e+00 3.194806098801115546e+00 4.889675372005424236e+00 5.270401118439600907e+00 2.155974500969562335e+00 5.136579511121894370e+00 2.885876670416193779e+00 5.722832579822669352e+00 1.252435602092909050e+00 5.187933540363866669e+00 7.128661726282188305e-01 1.022707549431544618e-03 3.632486457569703564e+00 3.409290765456260086e+00 3.561248056246285376e+00 5.154001657217641252e+00 4.656278592730428656e+00 4.146344968577707846e+00
2.938968364565599956e+00 5.983415300869076248e+00 3.660033298600745333e+00 3.525733745592895207e+00 1.863206703172487266e+00 9.033945396348666002e-01 5.266088410460177727e+00 4.965678685232632894e+00 3.925014964057202516e+00 1.969601478636821890e+00 4.293338301479257879e+00 4.886081924510247809e+00 3.049259116173338224e+00 1.533539875396549457e+00 2.201705375691000555e+00 1.244520414553349053e+00 5.330150490788332363e+00 5.484306094143572174e+00 3.295404237264366820e+00 5.871571610548062203e+00
2.498597054954055707e+00 1.084964933797363695e+00 5.570363771625181037e+00 4.934954594169481901e+00 5.448045377229125741e+00 4.833112070604103749e+00 3.912844508655330067e+00 2.425792491988063126e+00 6.085586860080917759e+00 5.356423719254566507e+00 6.169186577868930321e-01 5.756969409422751482e+00 3.510616482706818253e+00 2.303623753245381156e+00 5.326378721546586092e+00 3.601244250970257799e+00 5.008994728608850977e+00 5.561299515205210930e+00 5.730696443085833813e+00 5.475642494537812155e+00
4.785558208577787020e+00 1.946165362318453163e+00 4.418710356750436219e+00 3.681588879388430158e+00 3.272833936734459659e+00 5.754178324869280381e+00 1.542788986806501450e+00 2.110288564767053288e+00 6.116849150154876291e+00 1.502896652175824910e+00 4.191379188248895993e+00 1.031000317094067364e-01 4.320555174007862931e-01 2.055248620185366748e-01 3.438624311535859679e+00 1.599942159054515978e+00 5.905152170946804446e+00 1.731134964631324991e+00 8.293715384729911655e-01 3.045927247351873479e+00
2.359659806805712634e+00 1.205950527651857840e+00 1.410214201794186994e+00 4.674184073253710103e+00 1.215612101561699188e+00 4.420676221494266311e-01 6.033004754972472128e+00 4.378426490638883450e+00 4.522427456303688587e+00 2.286737331868279988e+00 2.775806656842553899e+00 1.106082064742652582e+00 2.242154304066864556e-01 6.941828029685570556e-02 3.876907233406828635e+00 6.174933222294332502e+00 5.788014384679021518e+00 5.691526756920317176e+00 1.686657522038660373e+00 1.867934771047393028e+00
2.738655867049948789e+00 5.820876461367206822e+00 5.858593728297101677e+00 3.792005540202351810e+00 2.239453983722781150e+00 5.021715659257217190e+00 7.019975434115756086e-01 4.765093657685715911e+00 1.719144167118707989e+00 7.887144539159177681e-01 2.275015931513654444e+00 5.329789437872410884e-01 8.466606189211871580e-01 3.829811347363545337e+00 1.522289082413988526e+00 2.758448613721089071e+00 3.591366702748223894e+00 5.632802413493984695e+00 2.445837320612683996e+00 4.160724330225565204e+00
5.971577550731534956e+00 2.255798082748099453e+00 2.159782689167232483e+00 4.400207000459007034e+00 2.903730254981586434e+00 5.562554308804490866e+00 8.499288026378074012e-02 2.875557100067957617e+00 1.607315449999401347e+00 4.841663201410545625e+00 3.488460187632846932e+00 4.298218535362283710e+00 1.831699908789221620e+00 5.660429668822526850e+00 2.174447313279447958e+00 1.737534485620993330e+00 1.206443723179982719e+00 1.850026377762152840e+00 1.147647497496615099e+00 4.616542929775938831e+00
5.240433509272745205e+00 3.855419795136709293e+00 1.907067749928733624e+00 2.454262203051868152e+00 1.980367435671513965e+00 5.112077844132142168e+00 4.884078811657454611e-01 5.375164431440166091e+00 8.589828906349852855e-02 4.686264177777048623e+00 4.580576802433967920e+00 2.761034911781133250e+00 4.732315978063332373e+00 6.047845692147321373e+00 3.423332248136242040e+00 1.200478089507738044e+00 3.729598678076510243e+00 3.407904707198437855e+00 5.731263807305700730e+00 5.472776684989537621e+00
4.966692880240517027e+00 2.495392087408795589e+00 6.365543682696263028e-01 4.280846547711855798e+00 1.448002354626891419e+00 5.846321841415011988e+00 3.163368053072534991e+00 3.022843492088726602e+00 1.963696798054667680e-01 5.127916439169458940e+00 4.203301995905235344e+00 5.181774820784521118e+00 5.662719146329427744e+00 2.152012748927373043e+00 6.036791227630870615e+00 4.157234910744714185e+00 2.779095577191912358e+00 9.435967909508488072e-01 6.040048646513772823e+00 5.487632705700049573e-01
1.384783180151909265e+00 1.345969287755746757e+00 5.724991683583889213e+00 1.856774889683793450e+00 4.484920165986611806e+00 6.171863112765769266e+00 1.595701562976748145e+00 5.572584635011597953e+00 5.901951769716559326e+00 5.570881244345103234e+00 5.084527530082156410e+00 2.564202230914894187e+00 2.460887960526414009e+00 2.094431151402160740e+00 5.267002729350451773e+00 9.850282665751270983e-01 4.782464697146443733e+00 3.442084627249431539e-01 3.418589184966003836e-01 3.110441959831853342e+00
5.815673716071377619e+00 3.080288632254232439e+00 2.830437825955084197e+00 2.801531214895506494e+00 5.830174305478552199e+00 2.912961172528612530e-01 5.239192736796312921e+00 1.834616158513090900e+00 1.307532491199178803e+00 2.912719062560707339e+00 3.783183718008891638e+00 3.367548618090923540e+00 1.449992504868215626e+00 5.607420112187492478e+00 3.443071701148983976e+00 5.752177565225253808e+00 4.084504527123549722e-01 4.342395557910351478e+00 2.381330073054037932e-01 3.900418974810783701e-01
5.449194327675972005e+00 4.728238218826911421e+00 3.878629822516454606e+00 5.870390028754110645e+00 5.091042243485422780e+00 6.241428999334031502e+00 7.626048272133147954e-01 1.113434567736806713e+00 3.637476143365886649e+00 2.031625303514352499e-01 2.954975552098662472e+00 1.255501483510223171e+00 6.441633219832965107e-01 5.957521938014480156e+00 2.617022310711094146e+00 4.699152228062943415e+00 8.449434591451717713e-01 8.626791501993248401e-01 2.654789697025542683e+00 5.800470116090733264e+00
7.646233522785237380e-01 1.581152645550513158e+00 5.646568475363973327e+00 1.461738347945410688e+00 4.091314181064129585e+00 1.807189969432281940e+00 3.548018386099790256e+00 1.864910891844251850e+00 6.466220968202351926e-01 2.732514014030542615e+00 5.177338946181946788e+00 3.027347438607585151e+00 2.919939200755887754e-01 1.051250121633176882e+00 3.811740106370788528e+00 4.113207132376650144e+00 2.668698740501536992e+00 1.158235691254420496e+00 3.918810948946567674e+00 2.474592381018543730e+00
1.690223527850128082e+00 1.287051026066275083e+00 3.136090621542653722e-01 4.407713642747401295e+00 4.117046281673809816e+00 3.819035790433874755e+00 5.143843867047901419e+00 3.581651240829066385e+00 1.009350452398153797e+00 5.305479950308667370e+00 5.016195746890319995e+00 4.595126267695072819e+00 4.176937228247389555e+00 3.777934152284362135e+00 4.451294087839682057e+00 3.622445241439953723e+00 2.549464462398168152e+00 2.090383598389958131e+00 2.324548499585794126e+00 3.840232096668908301e+00
2.585242646614380746e+00 6.257241014140279667e+00 1.544411757065518309e-01 2.125902622699213373e-01 5.513173141150525147e+00 3.239154878222189726e+00 4.524036571489904901e+00 6.964688997152552741e-01 5.921047936370078091e+00 1.412055012065415394e+00 5.995402559302467793e+00 5.015969974339979487e+00 6.253270415915746838e+00 4.747445298330728036e+00 1.249464513450474934e+00 3.296370265445085934e+00 3.558379932542028001e+00 2.408929793773754990e-01 2.274027728140439741e+00 5.488068627688003964e+00
3.057018801243848838e+00 1.116831320645651493e+00 7.095895544371194630e-01 1.951532870283869014e+00 1.032122547859372297e+00 3.939499810228712096e-01 3.018545278154742384e+00 1.698340825458554582e+00 4.137029256090121621e+00 8.103478844055639341e-02 2.959523406623896236e+00 1.671427466178279975e+00 5.559618071093597180e+00 2.219958745927953725e+00 1.606040045794907112e+00 1.212935957015065958e+00 2.941405628783742898e+00 1.066968100501065830e+00 1.559150392753637204e+00 3.735401106222245637e+00
3.747401720600140873e+00 1.694197060216745321e+00 4.384785405961658000e+00 2.056461512966466287e+00 2.381589014738694221e-01 4.243249094428960255e+00 4.594814100559877268e+00 1.114273697184795742e+00 4.588234441444118517e+00 4.711765821551115785e+00 4.576419905236272179e+00 4.242078671057125661e+00 2.543934324188850571e+00 2.936223036507489351e-02 1.083889841576502366e+00 5.958274467866166546e+00 2.149886990271958620e+00 4.316826752730734462e+00 2.384799326086805671e+00 4.223467331090049015e+00
6.598847707688862418e-02 4.995110688767600671e+00 5.980626846933362550e+00 6.169096217990953646e-01 5.019672276938380584e+00 3.242240231922209226e+00 5.038694853337285506e-01 2.910918645722307740e+00 4.692452053954770719e+00 1.420136087968850269e+00 1.711242125549793380e+00 4.327317202997668644e-01 4.626049313990398204e+00 3.501171928961506197e+00 5.426436039763724573e+00 2.902841256580678042e+00 2.834085814733766640e+00 2.121251306754582178e+00 3.701650218191297803e+00 5.782516396529428171e+00
