5.808828682314541858e+00 1.902858228340340352e+00 6.801032696498285901e-01 6.107246937642575979e+00 3.184699500622826029e+00 1.653086956704157062e+00 1.860388885989077812e+00 2.330986734400161797e+00 6.255334598857650086e+00 7.776408533376284460e-01 3.092851706052507588e+00 2.816471615512435189e+00 3.009973479954664022e+00 1.174803320666776951e+00 6.220117504253084739e+00 1.291022661137618543e+00 3.522464387669064223e+00 4.813784461264419612e+00 1.852327921556096157e+00 9.099785262910284889e-01
5.882250450320848145e+00 3.691156830273228273e+00 4.859346992876979243e+00 1.004353581039826304e+00 3.854081902221225597e+00 4.603733097797646501e+00 1.852407922017009323e+00 4.756691322411751521e+00 3.428795328986878221e+00 1.843989592410300027e+00 4.703832280551262457e+00 3.449737760961135269e+00 8.219277115997681848e-01 5.251187163748140208e+00 1.186624079313469693e+00 4.356861260022854232e+00 2.975527350735784893e+00 6.234782350871561185e+00 6.200653368044259928e+00 1.182286907130168374e-01
3.587704963591920038e+00 6.101746980302402257e+00 5.199886909689023895e+00 5.552625103517795147e+00 4.054572579350254280e+00 3.249417690096297662e+00 1.789640950889287652e+00 5.445395580040239381e+00 2.649970292759368462e+00 1.645757825131875449e-02 4.885784165857185890e+00 4.108274422996230690e+00 5.884179478359118143e+00 2.784729117862710268e+00 1.728294453145510667e+00 3.381880050568435436e+00 3.562741187980912105e+00 4.028047090015012266e-01 3.676197899502255506e+00 3.298913911610300786e+00
9.183383331039953745e-01 3.924296995451223236e+00 6.239998531210553701e+00 8.833117318158796305e-01 1.005905323027046938e+00 4.726565397252947776e+00 3.007297201456131219e+00 4.117246963927176928e+00 2.697441491413026693e+00 5.719649680452032037e+00 1.950799671715225170e+00 6.073152356666314589e+00 2.422937889077598772e+00 2.600887414638323403e+00 7.154660035190013589e-02 6.092928223412294564e+00 7.067248261455320868e-03 5.686373202985619102e+00 6.136093247715223242e+00 3.677836435183953867e+00
4.289473041836552092e+00 5.425497325308726637e+00 1.854903323972785456e+00 2.444449829552598263e+00 9.822570533083764266e-01 5.516069319232955355e-03 3.115360034335036055e+00 2.410120263332780510e+00 8.457035963059761352e-01 4.216828630083530705e+00 8.967599046854585199e-01 1.713625113661893185e+00 1.435979135825688591e+00 1.154629618331671326e+00 3.975878107775704162e+00 1.719380872134075755e+00 3.577929874242720132e+00 4.129364764013157441e+00 6.056896418515924196e+00 3.006281369748462495e+00
4.962874907438845629e-01 7.440704511478895000e-01 4.813088980045940879e+00 8.998731194652113130e-01 5.506976164318958311e+00 1.348256834407014049e+00 1.572633747385341341e+00 4.822411288344885527e+00 2.590486960069052991e+00 2.206063811305771782e+00 3.109167516458645419e+00 6.124220736138879850e+00 2.824988626904046396e-01 1.057629165979986130e+00 1.692775643881148540e+00 5.684227166560236633e+00 3.511836947525165620e+00 2.236223135724901390e+00 3.924018060327870039e+00 7.831059405191791445e-01
6.005487678774319882e+00 5.731335358628642851e+00 4.634055727154082760e+00 2.515608932245025464e+00 2.731762847855827125e+00 4.001554094628911429e+00 3.774288128071058068e+00 2.782172476361102209e+00 1.385980952973825175e+00 6.100371703726226613e+00 4.584317273331580900e+00 4.893080489229490126e+00 4.241915322083441353e+00 5.447600619514536113e+00 2.257695297622736241e+00 7.279581685283723624e-01 1.621097647839485401e+00 9.173519415819791911e-02 5.450354813238344143e+00 2.759285707934024057e+00
5.496269066219453769e+00 6.005063828599181086e+00 3.710658036984006092e+00 7.299203497153023967e-01 1.755573248952421173e-01 6.033784239714410802e+00 1.154186400625099446e-01 2.512123517427441666e+00 2.869029759301604088e+00 4.159941872406546004e+00 1.244898960748067607e+00 2.550293109040365547e+00 5.673337795811774775e+00 2.794933119828366674e+00 6.130803152366586239e+00 3.334534707433918221e+00 5.180550590646864073e+00 3.250544546452733830e+00 5.492897342454880594e+00 5.084961614996677426e+00
5.137146407013742255e+00 3.783594909626670777e+00 5.226739005628852297e+00 9.384819403761290868e-01 6.399626952423079773e-01 4.628148093026075216e+00 2.362551602109431048e+00 5.302179680505993531e+00 3.125045963915531466e+00 6.093891360860062889e+00 3.105072785209084252e+00 3.243951621492190185e+00 1.242002931542781852e+00 3.128707113066502288e+00 3.043437787820385765e+00 3.315731572319259080e+00 6.206027736690883145e+00 2.601714642013980838e-01 1.295410570776123649e+00 3.668638328817069638e+00
3.027342823946304051e-01 6.009870004150180911e+00 5.280044963922988721e+00 3.124197370385085826e+00 5.158623838126292327e+00 6.160975028794915431e+00 5.289642615028109951e+00 5.048924799512435335e-01 7.183035045229961835e-01 3.297142247540998383e+00 2.607091522669790606e+00 2.862115674207844074e-01 5.065354913903132861e-01 3.292367578578046849e+00 4.467601160196685406e+00 3.615514335156222003e+00 2.414228549452841932e+00 2.566239588254305648e+00 5.636067813649189850e-02 5.845999211913640359e+00
1.034546720088205918e+00 1.935846318195839411e+00 1.006464315526654607e+00 1.820544035216761225e-01 1.923620185065813670e+00 3.869753071164149905e+00 2.329124141838959883e+00 6.201147799125657833e+00 4.509555385558797092e+00 5.711118190514143933e+00 8.061377786629924103e-01 1.966478321189573109e+00 1.559021557665365432e+00 1.566656909481482618e+00 4.489169991652155467e+00 5.108593624524671029e-02 2.187440952073373968e+00 2.673404674705306849e+00 1.582688396119251939e+00 3.292703903867131743e+00
5.584564866570386199e-01 5.979624756419712028e+00 3.005937595701305920e+00 2.315518202967686179e+00 1.208499039772984229e+00 1.948472103426376334e+00 5.183870658866571723e+00 2.957191065912573080e+00 4.894051711470568944e-01 1.489584462714463431e+00 4.592878285624437673e+00 3.256812422745058999e+00 4.780076955876523925e+00 2.498139306704636908e+00 5.258313789615368661e-01 9.797571526471761383e-02 3.345180855663198116e+00 4.625854276544631993e+00 2.297143464885510244e+00 1.410350052014947675e+00
8.734188749015497910e-01 4.712562677215955453e+00 5.732646241721462976e-01 1.351894037086445621e+00 4.430246732034505364e+00 5.043785335926904700e-01 1.492427203891686371e+00 5.810663885817516139e+00 4.351713637799228707e+00 5.274026596716191229e+00 2.976432751689928935e+00 3.210496742255075642e-02 4.582283544138070486e-01 6.188776543805688313e+00 3.669121660491842185e+00 4.291170743550146049e+00 9.655504255536505598e-01 5.581440920731964184e+00 2.665329640451401527e+00 3.223881965072640465e+00
3.808910274596822187e+00 4.407089663730730855e+00 5.342340257995862096e+00 4.612781847026389492e+00 2.213001879119929516e+00 2.892036667709266151e+00 2.767634582274497435e-01 4.079972112516180971e+00 3.762366395978138378e+00 2.060128697511899087e+00 2.736695185938105457e+00 4.629050466341417258e-01 7.346551938958132411e-01 2.153334935472991596e+00 2.850493307751120753e+00 4.795068628955315937e+00 3.829506949310951924e+00 5.792169164104991275e+00 4.399428250213293978e+00 4.288026348246491537e+00
1.053564257433857038e-01 3.200512570078747121e+00 4.229826206140125389e-01 4.388801774929035560e+00 1.221381709067337784e+00 5.936751881826746180e-01 4.873378212661017450e+00 3.998105518998511965e+00 4.401586267111602946e-01 2.186235426989946440e+00 1.685172288400887508e+00 5.277730747229472996e+00 1.848190667595898562e+00 4.699911892399870617e+00 3.667353017094040712e+00 2.642047530125678279e+00 5.465684639763160213e+00 5.617937711242044330e+00 3.888063665984987427e+00 1.366922967890839891e+00
3.023048461658544017e+00 2.770104037089827553e+00 2.127040985590508360e+00 5.599520416132675038e+00 6.252750065190689099e+00 6.139980826550632820e+00 3.325973175868802478e+00 2.857286324725717641e+00 5.011509447300690034e+00 2.401259953106655409e+00 3.852781216256351282e+00 8.265018689890618608e-01 2.202300629074179117e+00 5.196830454520683595e+00 3.197815615160280456e-01 3.438950033207490264e+00 1.908859190513696458e+00 3.287823038848001200e-01 3.389580204575912692e+00 1.428501152943072894e+00
5.747446888978591240e+00 1.905876970919730518e+00 1.768041087491759367e+00 4.861172931117465623e+00 9.129765132659997118e-01 1.375404785585742085e+00 2.632211902353688959e+00 2.702147226959860316e+00 1.937123539743364486e-01 1.752667591947062231e+00 2.391054458931933357e+00 4.049062301937589758e+00 2.700395561741999462e+00 4.891471608752384626e+00 1.927674123176054355e+00 4.873220526158897670e+00 3.839841912360032250e+00 6.179533714660802701e+00 1.505677297362256750e+00 2.226279778843305301e+00
3.545949013571308317e+00 1.881023558201048607e+00 3.117525189297466692e+00 7.359342224927805098e-01 2.494995465993434358e+00 4.197626339154194142e+00 5.005224548259071149e+00 4.544955943563321554e+00 4.512275234775118271e+00 4.068449585715049999e+00 4.552474878989798412e+00 1.807338590266244660e+00 2.990358911779610329e-01 4.003511465917150680e+00 1.251961047498092672e+00 3.744888701421713595e+00 5.254894979847560599e+00 6.447953998785960206e-01 3.885353155391610969e+00 5.002866525536916242e+00
4.963358560030945554e+00 4.287742488931341356e+00 3.819970723848357785e+00 3.534446197865548367e+00 4.286331909606518664e+00 3.611180450642876405e+00 3.253071223876705886e+00 4.101781956956769726e+00 3.938003368230435175e+00 4.452814598099159027e-01 2.112615990693713641e+00 3.568117808319398065e+00 4.889408858920822887e+00 3.627715174272827525e+00 4.799091141624723278e+00 4.595551605657555605e+00 4.240292955003518216e+00 5.346596647283698545e+00 1.488095910039751280e+00 1.612176794367432775e+00
7.891444943445197202e-01 4.049517423729825261e+00 3.325918893034751633e+00 5.897839779944365368e+00 6.234391639407993457e-01 2.326435761057077833e+00 1.314359607258159812e+00 5.866572065722546192e+00 6.024998172342383107e+00 5.504362184288813964e+00 5.092277586145874668e-01 2.265007966404855466e+00 4.548777969509578689e+00 1.462505551794622605e+00 8.656277872824110764e-01 4.455677446308693668e+00 4.256218795267650457e+00 2.420239112332370102e+00 1.786974643905129057e+00 7.530157023255649174e-01
5.684468367098377550e-03 1.944410078047190238e+00 3.588747581527408581e+00 6.151858083172719205e+00 1.984347033247920583e-02 8.392867709077740379e-01 2.604445584258386237e+00 4.352465199983714506e+00 6.236945456868598470e+00 1.564841715229094543e+00 5.600448447002188246e+00 8.274157346134985991e-01 2.270121974620914695e+00 2.682945401591648960e+00 1.914467720325515376e+00 5.495298842947189399e+00 9.298197672571055783e-01 1.413115530111807905e+00 4.105349298933028024e+00 3.099926026923220501e+00
8.182511060105458478e-01 4.808077927063981072e+00 5.404976755567575175e+00 6.158453505126396443e+00 2.109943061530446862e+00 8.559964326612169438e-01 4.876216887771422925e+00 5.254163409760489678e+00 4.756181205298404713e+00 3.477226450249584655e+00 5.240186533441738348e+00 4.370632796520770746e+00 1.147778476559527583e+00 5.033371457059105936e+00 3.773864879070317979e+00 4.505254561263114077e+00 1.218359129388641549e+00 5.695761609767625799e+00 4.934125238463966667e+00 3.878135624860789221e+00
1.520918310952711794e+00 4.248402278428516365e-01 2.120489025166368169e+00 4.423015317832576621e+00 5.386608148648758032e+00 4.305364244060664980e+00 7.135053549080131452e-01 1.206377398820540181e+00 1.005877344774630811e-01 2.318257315997074297e+00 2.305058414352243457e+00 1.176083324089204352e+00 2.627204277988628434e+00 2.993596922467322674e+00 2.299155444976420881e+00 1.195817985557285246e+00 1.039098903439816812e+00 2.673132817567902553e-01 2.759293252408603347e+00 2.592585765491061789e+00
1.551266498351549172e+00 1.342390418086229609e+00 5.824761858972282269e+00 5.287766229763336545e-01 3.575166611053718135e+00 1.963634559134423307e+00 4.666428063249981939e+00 2.037134071082939091e+00 4.715879357467072097e+00 2.781993178358809882e+00 6.240043989413966763e+00 2.232732190079793622e+00 3.986007414344311162e+00 5.899112363239257029e+00 1.428804567972556283e+00 3.233733907090472481e+00 7.605146507721133320e-01 1.217814443820556702e+00 3.790346248132272056e+00 4.720040949590124768e+00
5.423620378362721262e+00 1.932561993091767238e+00 1.205535273662342810e+00 1.125464555656621402e+00 2.763982427888164395e+00 4.455526334311216807e+00 4.741569094160927200e+00 5.438193056614106347e+00 3.690792703921196960e+00 8.552274291075397938e-01 4.167773818123392537e+00 3.712124500857872711e+00 3.485764415905764579e+00 3.061945509606812443e+00 2.044777782239703523e+00 4.046218456906125915e+00 3.788009705868292443e+00 2.243941003172477355e+00 2.862601535598302771e+00 3.709905318995251999e+00
1.663855706252293398e+00 1.750295819284417354e+00 1.540076353211643490e+00 3.184790235686787430e+00 5.877298704550864450e+00 4.015423856340285091e+00 1.854358825756797113e+00 7.137303756036461611e-01 1.692392034732434158e+00 3.335810366704370367e+00 5.573662657707013635e-01 3.714913299524726487e+00 3.290420674919058541e+00 4.637489295129775813e-01 6.777169804993232738e-01 3.176998049042810912e+00 4.246666075849637956e+00 2.092966569330798610e+00 3.147117945844023712e+00 3.032618135839605600e+00
4.748816833457559561e+00 2.209196801644779828e+00 3.494849226518055296e+00 5.952334252361257683e+00 8.143628246591315678e-01 4.070428488104209375e-02 3.158277369487592523e+00 1.059618903182891980e+00 3.988966789324082551e+00 4.518932708660813979e+00 1.280728120085765642e+00 2.255871540425086419e+00 1.820538815504734176e+00 5.963692811570802554e+00 2.260078658745165114e+00 3.224353216041239811e+00 4.819578639308311985e+00 1.938167452862060491e+00 6.095573850153447104e+00 7.630370858384534216e-01
4.828638732888675733e+00 3.439459895281072210e+00 5.314248525097545084e+00 8.276206426246499603e-01 4.772502438350939791e+00 1.238716414825946410e+00 6.653588496702398380e-01 5.903441613303292534e+00 1.886102321757444855e+00 2.694708966024776942e+00 2.177512678722630657e+00 4.120598329628133882e+00 6.256265315469988764e-01 2.376319630660384818e-01 5.920189964571624053e+00 3.326618747594557668e+00 5.446806534428866975e+00 3.673126305198961550e+00 1.190176235350812739e+00 7.386360824445362683e-01
1.905529142730976400e+00 2.390032185980192292e+00 1.229758395175267333e-01 1.745248362237563633e+00 4.837288637057768868e-03 9.356941947452690478e-02 4.329192330367177988e+00 6.183332285317548305e+00 2.616144731482161312e+00 1.004625644581869759e+00 3.493065604512977984e+00 3.367736146380724715e+00 4.310496183578260698e+00 5.735397121431183187e+00 4.548090466963189971e-01 2.220456839686303585e+00 2.809232949126116097e+00 8.547963406540313169e-01 2.758669355693580627e+00 2.221080486013013791e-02
3.134688328195171181e+00 3.960820521432629526e+00 3.455340077511507957e+00 6.134434536507630931e+00 1.970095717080944997e+00 5.115652548609899153e-01 5.783243592650918252e+00 5.976910590362521702e+00 5.796635955917870398e+00 6.148880237009959338e+00 5.582741674461514592e+00 1.278728794100791655e+00 4.914342614711773471e+00 5.484364658886240917e+00 5.028860764567645525e+00 5.616397314176806432e-01 3.997337268751996575e+00 3.723771346687000161e+00 4.991014128914815551e+00 5.289295110905332109e-01
1.145829694120478193e+00 2.535904423481361469e+00 1.409000414213203323e+00 1.000363738312451289e+00 1.769391773160197134e+00 4.074028481279049707e+00 5.509755936201502280e+00 1.153301484291644613e-01 3.604650980852893039e+00 6.005887039626752077e+00 5.631190200764019105e-01 5.727181730519621539e+00 1.864732534433101385e+00 3.012953364298904368e+00 5.811759586320681237e+00 4.315368954108063981e+00 2.425749451862621697e+00 3.833113878691318366e+00 4.460310355386583936e+00 5.418506039813042463e+00
3.514901453970709078e+00 1.790610315096696992e+00 1.847969980329744188e-01 3.660619818721801977e+00 3.147692342051755077e+00 2.329130349153726964e+00 4.674196360516914339e+00 3.953340579359017060e+00 3.523986739495160947e+00 2.855574397051994229e+00 6.201115619370173526e+00 5.759295682857628051e+00 1.342477959819302069e-01 4.487014582423705988e+00 7.077174595307529348e-01 6.182125913359760361e+00 2.739354576010060605e+00 3.248141763647318658e+00 5.261728858196970116e+00 4.965940785610586161e+00
