8.162693090608813540e-01 2.537260967021656821e+00 4.881471323764213111e+00 2.951190633908812977e+00 3.224405531399993308e+00 5.237296914155224137e+00 6.060965100688567198e+00 2.627291525313709020e+00 2.456083752609647675e-01 1.018004243185583135e+00 2.594712400438072386e+00 2.053864920686274687e+00 5.551240381684496850e-01 4.832424252302311984e+00 1.489322732850688613e+00 3.501347761786097745e+00
3.937732065380467716e+00 5.321294419082958527e+00 4.354522163779057653e-01 6.102551183327785900e+00 5.733303530690372352e-01 1.816314154516190590e-02 5.546735756554975971e+00 1.305827192069743736e+00 6.980133045534053782e-01 4.086331416288984997e+00 4.130230812687583963e+00 2.250800897713542081e+00 3.730981596549916013e+00 8.384223030593513926e-01 2.742121119635903881e+00 5.036063502924520208e+00
5.758404325031648341e+00 3.842172210521302311e+00 1.601894096403056189e-01 2.932520596964528270e+00 3.066439091030109587e+00 5.737361951211548572e+00 2.744697678374062200e+00 1.347134724549852391e+00 4.361568183687094091e+00 1.299171002454571955e+00 2.339073744047112380e-01 2.576737873284830727e+00 2.177237526419586455e+00 1.157665581386421394e+00 2.595394089599688758e+00 3.627334257203552070e+00
2.565477802232321025e+00 4.487295732578352236e+00 1.455898193884140657e+00 7.041915714096993462e-01 4.709646694998829375e+00 8.240179740435635836e-01 4.596619248428292615e+00 4.222972032886157301e+00 3.452998867985344944e+00 2.554227744014062607e-01 2.587655110787338231e+00 1.150761111406670700e+00 5.450096610611214309e+00 4.138150967908985400e+00 2.133056123353220812e+00 5.868899103952058383e+00
1.446050125766222605e+00 2.721406873277794958e+00 2.451298528819179090e+00 4.462516734867982393e+00 5.658770223934462607e+00 2.880013030300968779e+00 1.283838939759248010e+00 2.996465960459163025e+00 4.751977797794904923e+00 5.814047330572883254e+00 5.151807403705761512e-01 4.901610444388961874e+00 5.231734016768225359e+00 4.444809471270501966e+00 1.201895236285530411e+00 3.313341651417347045e+00
6.012716063937337374e+00 5.293889782052913162e+00 5.397174907737866789e+00 4.550700266705343999e+00 3.571381756157097076e-01 5.294297998313537867e+00 1.281994022900506458e+00 3.371576887456851246e+00 2.781787283561140800e+00 2.961720925195177934e+00 1.207441108449873290e+00 2.208625471105692684e-01 2.583984831220379474e-01 2.497762073996911969e+00 5.455630701369380553e+00 1.778473154527220768e+00
1.319434458879989336e+00 3.895663927835847140e+00 1.576613054316554852e+00 2.325045564338513948e+00 2.595354859587251095e+00 2.930542862968384288e+00 3.211390658396169329e+00 6.920174644022546451e-01 5.194754056461520220e-01 6.178483773355652353e+00 4.978936365159929878e+00 2.287494056152141297e+00 4.077298811775817988e+00 1.803069656821553624e+00 4.024063291984547597e+00 3.621631926598410711e+00
1.725287816743183766e+00 2.291830349387295129e+00 5.034583921056055900e+00 1.473916507261612718e+00 1.140065237622453598e+00 2.115698764193440606e+00 2.207164568672551841e+00 2.315407845734123615e+00 1.356691080893091206e+00 2.851911417843654206e+00 3.952841670965233090e-01 3.311104794903098725e+00 5.614250841430869166e+00 2.919951470776686042e-01 2.097546245999384329e+00 5.234040279625946646e+00
4.377457591698305173e+00 2.058045279223100987e+00 1.118140381158176710e+00 1.634873018694200431e+00 1.933180905634370284e+00 6.254016156931481163e+00 1.957743704443154709e+00 5.241425812832935627e+00 5.768743468923674733e+00 2.167602560374156884e+00 3.970575946764892450e+00 5.950488862371591026e+00 1.699575652853463126e+00 2.226158269963729175e-01 5.702518133515010135e+00 3.796337298798175386e+00
3.950662144790422214e-01 4.977516123960428196e+00 5.707073972650404947e+00 2.013329070795764952e+00 3.140199007339683934e+00 6.046721899483001650e+00 2.794158003167499071e+00 4.830554910951103231e+00 4.897008451796176054e+00 5.473126132149867651e+00 3.843417968183436617e+00 4.717349051954683681e+00 1.095058523939144379e+00 5.023044952010108588e+00 3.003790244442088753e+00 2.523513749062052725e+00
5.290372435112522531e+00 1.097901045723130853e+00 1.822984642874505790e+00 6.934554103068305553e-01 4.341191018137186219e+00 6.025769853253855501e+00 2.466459200676176522e+00 5.355455858563946236e+00 3.248693326017139338e+00 6.441814956301274986e-01 1.477892131466515213e+00 8.992881548049760365e-01 3.379846220539182600e+00 1.395014226188193485e+00 4.848918894127059787e+00 4.555540758025465875e-01
4.064771523066323056e+00 1.786026072481624039e-01 5.443160337454401088e+00 4.927536407758352333e+00 2.454075080647526885e+00 2.624333081024180281e+00 5.666703997002554338e+00 7.208241237464104723e-01 1.961662379443333437e+00 1.807199261416823355e-01 3.401430425002125446e-01 1.467029507079332384e-01 1.569252310211633805e+00 2.508226823022601693e+00 6.177846417330566275e+00 6.177644948152955173e+00
6.092795112822501302e+00 1.520491229567954017e+00 2.194979414923843741e+00 9.969748491098751053e-01 9.834903498215544770e-01 9.024479366689737159e-01 4.598932854558808181e+00 1.285429881088145709e+00 5.771384887851307433e+00 3.492239954046200801e+00 3.386505718720310920e+00 2.442132171886439274e+00 5.545951475185243451e-01 5.550777301375532602e+00 6.206895898671619172e+00 3.507431062658930898e+00
1.926165661098677040e+00 4.600168815988679993e-01 2.425546128329786999e+00 3.637149746216441493e+00 4.128026641144223241e+00 3.391966103043149161e+00 3.893092716439890966e-01 2.547538029478555899e+00 4.304467046188916513e+00 2.378535103213512691e+00 4.781987837655449880e+00 8.213755839928671421e-01 2.375860661203506030e+00 1.303265710095536267e+00 2.708676872098834121e-01 1.711378790661484794e+00
3.774371647566197474e+00 1.200191476531995427e+00 4.555901167215141712e+00 3.489536208541933693e+00 4.602208704164990394e+00 5.712552906796513064e+00 4.377022983118869170e+00 5.181514344212404310e+00 5.964491619087004537e+00 3.516907190495250024e+00 3.619283646518354214e+00 5.763266356282749747e+00 2.808892754793660185e+00 4.103617618453927918e+00 9.872271536502387201e-01 4.759908510466364651e-01
2.334659726633166787e+00 5.782864269904719912e+00 3.920665408305255006e+00 4.887935035882591706e+00 4.812175886510433820e+00 2.542786611669310748e+00 2.559966488776872495e+00 2.740574742863870483e+00 3.297458433227512309e+00 4.560441144145726433e+00 2.992018269451912182e+00 4.326926094415327384e+00 3.810254018473325122e+00 4.651033420235825555e-01 4.545723748273134746e+00 5.338092071727868593e+00
1.086977336767168678e-01 1.833168270800155542e+00 1.484160705694810511e+00 5.201485919219373422e+00 2.526274651502418145e+00 2.647257936620340812e-01 2.807740070809181532e+00 4.937592007726201437e+00 1.502685905939739275e+00 2.192840476656401361e+00 9.726911426836736263e-01 2.203837904461556363e+00 6.015100265495340714e+00 3.406384343160758110e+00 1.116173289807862457e+00 2.308231199763575159e+00
2.449893989309544828e+00 3.753878499262027546e+00 3.592208419046693191e+00 5.530328237595864671e+00 1.717333144721866933e+00 1.387772887245346753e+00 4.618805559511012682e+00 1.819034877661078520e+00 5.331654077102409239e+00 1.275842027937780676e+00 1.240536683745304014e+00 1.462089939868634891e+00 1.041302279092361838e+00 1.314170901197391661e+00 2.493807349931678186e+00 4.113371965734689439e+00
3.214651429419748130e+00 6.097801843237513175e+00 4.826188266216902001e+00 1.405539117842356189e+00 6.059437382973568376e+00 5.068021752486356668e+00 2.174613081043748897e-01 1.839097715675297229e+00 4.204629254975748687e+00 5.445661223965429620e+00 6.034526684904805371e+00 3.377187177951696651e+00 4.148620906992772639e+00 4.194358207055450372e+00 2.246748875982199856e+00 5.038278264614505453e+00
3.037150642137266932e+00 1.200247385842721837e+00 2.602359773658538877e+00 3.783498567446784033e+00 6.094507109500472808e+00 5.117422109175521427e+00 4.179813727249020339e+00 8.763415080563634607e-01 5.895426903563445009e+00 3.689696276060955071e+00 8.058761530711934240e-01 5.009959953758615470e+00 3.171506122793144478e+00 3.181796069662011117e+00 5.733988052984479111e+00 1.273769057739029043e+00
3.475848117891323863e+00 3.313004998906161624e+00 3.148446051986784511e+00 4.346835373256369373e+00 2.586180432881318936e+00 6.054273317626416073e+00 1.501859444734722882e+00 6.257720882866293799e+00 7.279159976575333424e-02 1.564786706937401739e+00 3.444178074435951808e-01 6.941698095545237868e-01 5.387710193576908502e+00 5.668587367052798420e+00 7.598472286434316582e-03 1.445546485815091486e+00
5.461157180859627758e+00 3.119765311144034214e+00 3.963059813718386448e-01 5.962924723803537219e+00 4.394629623599918489e+00 4.349846190957986636e+00 4.754151121692882676e+00 3.184473355139892270e+00 3.781065098844207384e+00 4.168186641470743581e+00 3.340906857484057912e+00 8.531950399736166757e-01 5.479742132362690477e+00 5.341858795743721799e+00 3.684308150497142886e+00 5.475592449928612382e+00
1.266092580303725068e+00 5.129435857917210129e+00 2.869568647704077713e-01 3.690991268062480568e+00 6.685270447007120032e-01 1.391332196840633584e+00 2.790992131078158245e+00 5.624270399456122727e-01 3.492306546505501430e+00 2.291803970553096370e+00 6.140873910355044707e+00 3.968515691678305313e+00 1.764118296323389012e+00 6.350667318359984881e-01 5.467766350832611089e+00 5.721252005189503720e+00
1.579931661394073483e+00 4.934441992418323153e+00 1.976800432997032342e+00 8.282376982489493278e-01 4.776441047882755697e+00 4.386443318701860328e-01 4.417467096550965699e+00 2.471316395779588948e+00 2.932304444441815150e+00 1.171233607049119024e-01 3.714010268355766531e+00 2.554407249315620909e+00 4.174892552965652648e+00 3.707536633845819996e+00 6.093453303577891056e+00 4.782810383450796898e+00
2.969923696847478034e+00 4.855072092848788046e+00 9.379529872312108996e-01 8.375263774334816835e-01 4.112764211349166921e+00 1.272970671962716516e+00 2.020344051537780405e+00 3.427111250389861752e+00 4.432481222053364256e+00 5.882290373224984492e+00 8.375285033428944148e-01 3.662567543894211575e+00 8.023501375173840433e-01 4.271976193408960398e+00 2.510348272167699957e+00 2.861030152301863083e+00
5.757414135584197012e+00 9.589378258848222369e-01 3.967908757164021694e+00 5.485226766857570269e+00 1.894964097034006478e+00 4.328088978888078309e+00 3.784026904836539806e+00 2.587154883826998653e+00 1.450131823267674536e+00 3.067370691337207855e-01 2.464363583555186032e+00 3.243965005521317835e+00 2.991416849971165526e+00 3.693057132390189068e+00 4.602668117353633015e+00 2.580607166889145265e+00
8.728975894970218974e-01 2.063242639990504890e-01 1.385639847814595482e+00 6.262104924346997059e+00 2.155386743301955788e-01 4.006626346353370227e-01 4.844581320989521878e+00 2.169875241866554560e+00 4.398843408026434254e+00 3.284926446798258848e+00 8.956809751391754393e-01 1.875773013271497813e+00 5.902969875572220637e+00 2.314894197347733940e+00 1.624309238217048534e+00 3.175824437097530595e+00
2.371952800928989635e+00 3.842481073505179978e+00 5.995851674480452420e-01 1.440920899792237586e+00 9.159553548200812800e-01 3.151388041894100045e+00 2.240721366646177604e+00 5.444000533650432239e+00 5.436609334959053186e+00 2.131923737288898835e+00 5.568140478283898354e-01 1.924605849313883565e+00 4.930702292147934429e+00 5.749690667741407246e+00 5.535972333390961175e+00 6.149691960567266413e+00
3.536509841530942833e+00 3.788342129817577231e+00 2.648939281197439377e-01 2.093385978969390937e+00 2.930492704668155923e+00 3.393928537248107613e+00 1.654923868749903493e+00 4.101133619842647349e+00 3.073089911800019447e+00 2.840618704847711840e+00 5.278480449542215514e-01 5.398700421218681988e+00 2.645169816613368585e+00 5.520424598199448418e+00 4.284564018426966214e+00 5.640891492026285370e+00
3.063883148584017890e-01 2.732779893781152047e+00 1.704606762356097427e+00 6.893402160376504995e-01 1.779309200290823734e+00 1.433123812314114787e+00 2.124452624085608310e+00 4.351289311602647203e+00 4.400572199036793641e+00 7.327538789627240368e-01 5.496227904880388593e+00 5.020310593797217891e+00 1.223236875687501168e+00 4.840797623113005876e+00 4.926169341952946645e+00 2.855843108783975293e+00
5.176546323508763869e-01 7.060455449345294232e-01 2.079245345169927095e+00 5.744012866417414820e+00 4.241708148417703939e+00 5.142370733551930861e+00 2.945147018201549116e+00 2.835423052233283059e+00 6.253580946857069556e+00 1.521300038923493636e+00 4.006850194759287831e+00 3.414904956937067748e+00 3.204432879394848221e+00 1.495558185925329520e+00 1.297051515128339716e+00 8.599209895775730139e-01
4.108507880058985151e+00 4.109686946746389680e+00 5.083805149273550317e-01 5.330396901381688757e+00 4.707204921806773967e+00 5.842029273799187905e+00 5.371342132054399698e-01 3.513656948161208327e+00 1.480188854681406374e+00 1.857541531393602785e+00 4.730671310609528391e+00 4.840534594066566498e+00 8.937941820892328915e-01 3.955034957405679563e+00 5.351091881431757180e+00 5.857538233242001624e+00
