3.065288169609402313e+00 9.440235619452285176e-01 4.057718807943764716e+00 3.354345623928358222e+00 6.096822917435758882e+00 3.276911965625720402e+00 3.532450424167028480e+00 3.819836037209765056e+00 3.237240458940015220e+00 4.404961902079465585e-01 9.053029242148966649e-01 3.143619332099744312e+00 2.984868912131453111e+00 2.478012723639068327e+00 6.264005136450620626e+00 4.574062424486305289e+00 6.206036319466565310e+00 2.225908007373331277e+00 1.491656806055477125e+00 2.849913519756044789e+00
3.925372512061590324e+00 5.396248029466268470e+00 3.852214865745444694e-01 2.234184867783073791e+00 3.161514652859760410e+00 5.037705057423402799e+00 4.321986642751623364e+00 5.723208704581597139e+00 6.217146508435327235e+00 4.524572950659888626e+00 4.760470821659970042e-01 9.614999411367538551e-01 1.085259090142675076e+00 1.304368832633866937e+00 4.180647275979644029e+00 3.993167506652401499e+00 6.020782106802273326e+00 9.508536515070501460e-01 3.911774074030639259e+00 5.308661808107540958e-01
5.880524461446928974e+00 4.763089312606727965e+00 3.771844222070662056e+00 3.321404725221045240e+00 2.288965847393329867e+00 3.798284503585092065e+00 3.766108664003619544e-01 4.026995718172715399e+00 2.395679961810154524e+00 4.413135968509402929e+00 1.953966072555902045e+00 1.414903173482271237e+00 6.282471348043703330e+00 5.489117225195372818e+00 6.148039191433605666e+00 4.164828230511505858e+00 4.506222583202969645e+00 3.150973231195429936e+00 3.692825222381202366e+00 2.652645782720115086e+00
3.384217848452257371e+00 5.138252605438549558e+00 3.502993499038930203e+00 6.075298202182595197e-01 5.152468555707482523e+00 4.357853917470498328e-01 1.985385855916751874e+00 3.035906606844207101e+00 4.120503394487760040e+00 2.431188174379228517e+00 3.355091077212241313e+00 6.797371371530838147e-01 6.064040788426519946e+00 5.686844700685989018e+00 5.118803135916500935e-01 4.552446998001193457e+00 6.148998443659991153e+00 1.825990968793030023e+00 1.837937589384791570e+00 3.298284392383694197e+00
3.418445887526200710e+00 5.993812304487822207e-01 1.813326785773032856e+00 1.170957213067908453e+00 3.005874535497745192e+00 2.179721743311362037e+00 4.448095420352353280e+00 1.347969562459375936e+00 4.259001057854902683e+00 2.233166237112693242e+00 5.845367282266902276e-01 6.785155330001880758e-01 4.815967032294603989e+00 4.088761962005611039e+00 5.500629110350993223e+00 2.631064754334670464e-01 7.316506955359846076e-01 3.003836456141251166e+00 4.595388577195586244e+00 3.832947195118906691e+00
6.236201408422924253e+00 4.482020222908264628e+00 1.751003423530551051e-01 3.193609134628838664e+00 4.676820283184369487e+00 3.930316773248166751e+00 5.519265918688932793e+00 2.958021683248069911e-01 1.853624334655449513e+00 2.645545859234713415e+00 5.028288019939021858e+00 4.982643269515438789e+00 3.330284072323710237e-02 4.746823858941303098e-01 2.326267818640754825e-01 1.029698302266281784e+00 5.748773110182692214e+00 5.501811343070640348e+00 1.246290386309979459e+00 3.629855574188984857e+00
2.188233902869820557e+00 2.979314816911012187e+00 2.842495588773192416e+00 4.961404972479850350e+00 5.347522784640148963e+00 1.826940287207243774e+00 4.556570343032364079e+00 3.146899756086393385e+00 8.185398639170053947e-01 2.373935143101532308e+00 6.058681915232036808e+00 4.334770164756169386e+00 4.227435695077587319e+00 4.070032642263908151e+00 1.394750536163865906e+00 3.603728273543363780e+00 2.685060911204448786e+00 4.523851766433379495e+00 4.543196299127814086e+00 3.638772105721999939e+00
3.312659077858182588e+00 4.750560053228356949e+00 3.824459076471579344e+00 3.474484270298982214e+00 8.824092040564575079e-01 5.063108421237778600e+00 4.914262403118269340e+00 2.939500392676425378e+00 3.274789097114458869e+00 5.438124482173801733e-01 4.504816074767400202e+00 1.900551306284311570e-01 4.242192359070706686e+00 2.058158959628733964e+00 5.831048376492209862e+00 3.315463563634213351e+00 5.442585100789423258e+00 2.961007527505741699e+00 5.269583677334924943e+00 1.093880947212231058e+00
3.830727091791440220e+00 5.677863963635845224e+00 1.108551055333403257e+00 4.695475189717930320e+00 3.205165926565912149e-01 1.895453496491368295e+00 5.971827765039464886e+00 5.627003017880820579e+00 3.181754217232509063e+00 1.659433254129159208e+00 8.376144505801167428e-01 4.261069767530258900e+00 6.251867036976122449e+00 4.290526457643522917e+00 4.346789340725377926e+00 2.438413551433896154e-01 1.005037540533379792e+00 4.754566431333792309e+00 1.519095286278386636e+00 2.144925110095448506e+00
6.058891305141771433e-01 1.978160255895338449e-01 3.538151354407583771e+00 1.780586532406843281e+00 5.484515747644191919e+00 1.979499308267284804e-02 2.641090689755235754e+00 5.391945558712701647e+00 5.544259890142400948e+00 8.380783144170783627e-02 3.291191355356903436e+00 4.374701836050933323e+00 2.405700039236991827e+00 3.738744278478477234e+00 1.183486745390321060e+00 4.948717787981460781e+00 1.839498485944182971e+00 2.484150751714554684e+00 4.351867784380922366e+00 2.070918194428565506e+00
4.893808592620856324e+00 2.362630088527915451e+00 2.678865196681206040e+00 1.797210929149816394e+00 4.767235620751247183e+00 1.082661229664127145e+00 2.063622656935053534e+00 4.009639696960208610e+00 6.146441765573731897e-03 4.731890207316092223e+00 5.718878179922636029e+00 1.071863930179839386e+00 2.834436015032965717e+00 3.621199211326737721e-01 5.587074631063028818e+00 3.872835519101298640e-01 1.905135518407870210e+00 2.552128753995111854e+00 5.344356713552953053e+00 3.644314599831945500e+00
4.772629029466648909e+00 4.409138742794918464e+00 1.017500388260286215e+00 5.892910403384012064e+00 6.163386172206771541e+00 2.894838461810206098e+00 6.099667035086518752e+00 3.297063976773875638e+00 2.062069414067894790e+00 5.342976249697434454e+00 7.847213213510843000e-01 1.255735417238585505e+00 7.847703209283599657e-01 2.978494086398068230e+00 7.264208717420342909e-01 2.556731246717641515e+00 2.906696991849814449e+00 2.505058245805388051e+00 3.657044626279517985e+00 3.103326749231044346e+00
5.102766772450300969e+00 3.793198952111727085e+00 3.656477893665468493e+00 6.011193347739041570e+00 3.654354155328214393e+00 2.750518403797284961e+00 1.049691435076324453e+00 8.719407082064728476e-02 1.856343643862138126e+00 1.607062631985449297e+00 5.422879866373358837e+00 9.517038491143759993e-01 2.732552566905106062e+00 6.235766029107473685e+00 3.863205349581860570e+00 3.752007319883459147e+00 3.044283645915796477e+00 5.571341447973865435e+00 2.895958245127058017e+00 7.582787226494693833e-01
5.952499267155500817e+00 6.063720009871771843e+00 2.247548370408292140e+00 1.369356396300312806e+00 2.324756713043855672e-01 4.817689543055346135e+00 3.651933937757647630e+00 3.991430362199777981e+00 4.303538480195750360e+00 1.358556373782977000e-01 3.861149325759527073e+00 4.131805349559389384e+00 3.863873850904055551e+00 3.042714615230460495e+00 2.381908240908086949e+00 5.979196221136265699e+00 1.775345039054687657e+00 6.101165317440539582e+00 1.863480123393283616e+00 3.768344863594345728e+00
7.053955608447266545e-01 1.685864568621193715e+00 2.220976713655149481e+00 2.205669230074170262e+00 6.069645125718960088e+00 4.665172163046292120e+00 5.285947086646292981e+00 5.525410925504681714e+00 3.004390589343725271e+00 3.688357826491676761e+00 1.831793873619992574e+00 5.889873992732267638e+00 7.376237581470835858e-01 5.034043839352857042e+00 3.024465428033273007e+00 6.357476543196644014e-01 2.157059501046044936e+00 2.301046050209023086e+00 5.032542218980758264e+00 4.773147840893080529e-01
4.949414655821571252e+00 4.129812705597389666e+00 3.595515264119593546e+00 2.209396753460935239e-02 3.218072886596915483e-01 1.655568615116342013e+00 5.834252748078166739e+00 3.247076068456989706e+00 1.649291464969818710e+00 4.259586193542456378e+00 3.946057530249054146e+00 5.349290602977727183e+00 4.163231399793054344e+00 4.697312040116596421e+00 2.750010109603835851e+00 5.643159310257067851e+00 6.198480502311314311e+00 5.745087029179492266e-02 2.421282096090935809e+00 1.534204518185123822e+00
4.671074997394121908e+00 9.578627251572183754e-01 6.240547321066634900e+00 1.672145619439119546e+00 4.974024420248666978e+00 4.399397395922608034e+00 1.760398193232074693e+00 4.289370962207313731e+00 5.576060445364381835e+00 2.516734229031071468e+00 4.211598150123230688e+00 3.592243436570691006e+00 2.550899790469580708e+00 3.073836651445811086e+00 6.081300584854599123e+00 3.430535887201239031e+00 1.736964522149906376e+00 3.196681685016666830e+00 4.760132978784188396e+00 4.549953839462563820e+00
3.110998566164335344e+00 4.128859701356263900e-01 2.365783185909878586e-02 1.766122945516799270e+00 3.348557920557072354e+00 9.321256401065526331e-01 3.158181449754323467e+00 1.137010920722092838e-01 2.478576397300942258e+00 3.857798255301954082e-01 1.247116732091035685e+00 4.190204119028231311e-01 1.477354819680603670e+00 3.285785406497668149e+00 1.217816874249654457e+00 4.376056406158556067e-01 2.183381576097523702e+00 4.051814502218620717e+00 6.240663727195068511e-02 2.059381336826611175e+00
4.385465170662585344e+00 2.281947779614253324e+00 5.716387667335596667e+00 6.820147043643112195e-01 5.706902621408720400e+00 4.795663870171500420e+00 5.613775488267010338e+00 3.248827334716472004e-01 4.615150035942097162e+00 2.130726188758113260e+00 6.234031160463409549e+00 5.751313003286320225e+00 2.092835184945676996e+00 6.788981155924661559e-01 6.110221109707483222e+00 5.547325793634905189e+00 2.278466821842745293e+00 4.001178976398697351e+00 5.316022938314946877e+00 5.313543771567837304e+00
3.989498956997277190e+00 5.622069085203161620e+00 2.915126205234025658e+00 4.526978522474863098e+00 2.121800318509863559e-01 3.832693539940359884e+00 4.837638283297081898e+00 2.973181112929180969e+00 5.744588720206710519e+00 4.095624902320044725e-01 2.776484285129953378e+00 2.391441858236257545e+00 5.174228207046613015e+00 6.739303853078850715e-01 2.877206851803160603e+00 2.509232254462102851e+00 9.494372727915624532e-02 1.908356378403827769e+00 4.486745591889325979e+00 3.920640137770052824e+00
5.825523322707101492e+00 2.326315731749287075e+00 2.442759495822050209e+00 2.978308859224560567e+00 3.671118282478499584e+00 4.089617264599167079e+00 5.883798796898205730e+00 5.013921813397045568e+00 4.350301774631828877e+00 3.758870086939058108e+00 3.786184336831418307e+00 3.719797869663638235e+00 4.894596132412161182e+00 7.910960896453446134e-01 5.148968602270109329e+00 4.989288786922209340e+00 6.023419553075962440e+00 4.011377075418934623e+00 3.551778273304273092e+00 2.516369025407932725e+00
4.319109842628945373e+00 3.169000820160154053e+00 5.396612215915697952e+00 5.290924741344384508e+00 1.314128550820274022e+00 2.144499547310323440e+00 4.036964106833623944e+00 4.738909595284289011e+00 2.605228735881148783e+00 1.484931813451482174e+00 2.536017605900191985e+00 4.877493760887684715e+00 2.848130599759669312e+00 4.597874542966321698e+00 1.104830990298692361e+00 4.380856786917060042e+00 1.311432357246131053e+00 4.695982280293611311e+00 1.331025127661993990e+00 5.488475483535062871e+00
6.221125901669422475e+00 1.230501047713395524e+00 9.271013582821040488e-01 1.237122086075706173e+00 2.694358827655029653e+00 1.578134129286627774e+00 2.002102037065337292e+00 2.107583253406092982e+00 1.502002060716537191e+00 3.906902446634449966e+00 6.049723451618881365e-01 2.756287056659303403e+00 6.098425125236543565e+00 1.008883689176127030e+00 2.071859657118441778e+00 5.272451008810487283e-02 5.199093866529769237e-01 4.259037092919074063e-02 3.190376358726599637e+00 6.207575795867823487e+00
9.441349855745851949e-01 5.148540878702098311e+00 2.199649954340214375e+00 5.009397646379182945e+00 4.094549363025936195e+00 1.336660471825875662e+00 3.748193060456054049e+00 4.088046662629781558e+00 1.521230241821425855e+00 7.618654252638588087e-01 2.391214192200023181e+00 5.437420782476995562e+00 2.899422713827375375e+00 3.171718824550218141e+00 4.429823556570216425e+00 3.818230925512440255e-01 2.126309963144797699e+00 1.478857193301723827e+00 4.039164506382666886e+00 1.467256741518916385e+00
5.533876676669597039e+00 1.000759841581213783e+00 1.828172670410629141e+00 1.464748939788707460e+00 1.203710246725511634e+00 3.756882009840289527e+00 4.118022422755942991e+00 6.174781227357135638e-01 5.953103891575994844e+00 2.234703838399575704e-01 6.245201232887645837e+00 1.341885343670998099e+00 3.609700385084130492e+00 1.191885320532368731e+00 2.454786410739242974e+00 6.202892000106200676e+00 3.812768129311521620e-02 1.439869617008480152e-01 5.968794996072222858e+00 2.989593000385426524e+00
6.256943519251645824e+00 4.775387622370807605e+00 3.342845461263111329e+00 3.030768970145612862e+00 4.294925703859335364e+00 3.133056475115674644e+00 5.719624489823325497e+00 2.006152149491052528e-01 5.213625615510677491e+00 4.943307876474690055e+00 3.092462302762747584e+00 3.665316868738844325e-01 4.281294047927939772e+00 4.606099857122138985e+00 5.238929953657660121e+00 2.845957642234074214e+00 3.684065717934788431e+00 6.454412065613007732e-01 5.243478025207942039e+00 5.169694433446573534e+00
3.174841124655674029e+00 3.234450944857951260e+00 3.026684337689541371e-01 4.216394764997758671e+00 7.949978690036395568e-01 6.135394353566938186e+00 4.659798363656149078e+00 3.897437143720463570e-01 6.744883412568039027e-01 1.338565740570944351e+00 4.431272887797216953e+00 1.504038208910556396e+00 9.394842601984645380e-01 1.456199808978697829e+00 8.639877132421976969e-01 9.977494975586667092e-01 1.447084643943148397e+00 4.109454405589720416e+00 5.251074717386459589e+00 3.182977968801775859e+00
3.272479511028948185e+00 1.594218546901970734e+00 5.079670035097024750e-01 2.084359367924843109e+00 4.916999594585893973e+00 4.015780254512343994e+00 6.266305366539643984e+00 4.090075744507665867e+00 5.484800453945705812e+00 5.559202092685323393e+00 4.430331120107175447e-01 3.623578770929147819e+00 4.607793167800252832e+00 4.876566448827227340e+00 2.853020141835775902e+00 3.354527461651334086e+00 3.714449253182324551e+00 3.189233109426174551e+00 3.088482160241235341e+00 3.198062684980231385e+00
2.157902338585231838e+00 3.790909073661670625e+00 1.597992481139657306e+00 5.670608787929872996e+00 3.386969264614188901e+00 1.560726815724787553e+00 3.529336665579909660e+00 1.989840328601869102e+00 1.594891469285867780e+00 4.504487133699408119e+00 1.039780618824109437e+00 5.694846138607530861e+00 3.099084032291003599e+00 3.991819818322916102e+00 2.519105575178233192e+00 6.033548747093188114e-01 5.965123725377365460e+00 1.261667260294082604e+00 5.354634637814137399e+00 4.956995381233308962e+00
6.062529493332147190e+00 2.073224049662969026e+00 1.405289109048021845e-01 7.460473403399091596e-01 3.215592965518297319e+00 1.957542055544688520e+00 6.269547439099045327e+00 1.101299188947411523e+00 3.871573663164685097e+00 1.598502080697961958e+00 2.616954711374338771e+00 5.050884528239858007e+00 2.170389224848989329e+00 4.197974583949151572e+00 2.830682543197457601e+00 1.679586012241272908e+00 5.350416684526180244e-01 3.542491968146270320e+00 1.640945462047962988e-01 4.703933898775246369e+00
4.239339107305256427e+00 5.485199383862444655e+00 4.134356398525041443e-01 5.125670977516061377e+00 8.117072597449142002e-01 1.796974279215882264e+00 4.417285765778894202e+00 7.781538885176483289e-01 2.266957974795257957e+00 1.975832379698764463e+00 2.556048147989736563e+00 3.039750473944942577e+00 4.160804321934410410e+00 1.732367739121009276e+00 3.755664685143848658e+00 2.924414631636303774e+00 4.552398536294266940e+00 1.218598579683993099e+00 9.156182777020339669e-01 4.024309436215346203e+00
4.864438262997196283e+00 9.057035314754089406e-01 4.698524096746359291e+00 4.489957713027192376e+00 2.485467738373889013e+00 3.322316986938046668e+00 2.056775606922888855e+00 5.857858832386292569e+00 6.247470199225202414e+00 1.265558271290724568e-01 1.687465216126750267e+00 1.519523684876627811e+00 8.871062653338256387e-01 3.616030639297302507e+00 5.735302032463677868e+00 6.276018914677488070e+00 5.362784235430805957e+00 2.903492960195950268e+00 1.756559456902304861e+00 5.458885848294013243e+00
