1.908326298329634296e+00 6.212771824551794886e+00 4.009228865098574346e+00 5.448976576614589007e+00 1.166593119963749148e+00 2.765172921941054796e+00 5.966861234778642498e+00 1.808809689324355929e+00 3.636381757754060029e+00 3.735409718275212398e+00 4.010496405379665452e-01 5.093564708347429359e+00 4.944425727969568030e+00 5.811453373132796640e-01 3.086668386925546681e+00 2.551245408741437792e+00
1.093795407489032590e+00 3.776887787303834010e+00 1.582748026036036926e+00 5.344631967751907187e-01 4.582774652873372823e+00 1.878212859904661247e+00 2.340722257709698884e+00 1.468375817818926787e+00 3.779977029742656036e+00 1.976236262322083492e+00 4.917738949263897652e+00 8.957728969749707559e-01 3.120738846917916476e+00 1.056570630395565757e-01 1.456796574525217380e+00 5.055254098654676786e-01
2.336127665994383928e+00 5.072431086382590770e+00 4.026953842271765893e+00 3.941179249849225741e+00 4.348888269322346289e+00 3.548812773398230203e+00 5.507695184134773214e+00 3.578113275005265326e+00 1.022077677210113222e+00 3.412513635865009221e+00 2.977674825311023898e+00 4.883636813512903352e+00 3.597691087516216246e+00 3.863370072422484647e+00 1.346373029364701601e+00 3.087194882790612827e+00
1.881748344179443810e+00 2.911741250537416281e+00 4.029559966312913133e+00 3.553354788686364341e+00 1.796050563855204896e+00 2.136654456409017744e+00 1.558883297433449444e+00 3.759658782442571123e+00 1.738238212090017498e+00 3.715474458599790086e+00 5.303934328366337603e+00 5.594666593125143805e+00 1.657428010430704868e+00 5.308319789552325751e+00 3.520749933069677318e-01 2.517072100836814565e-03
5.057644503157918692e+00 1.391497256058282339e+00 3.187127481032163256e+00 2.075682795082417709e+00 1.514603562493057387e+00 4.129789587194366285e-01 1.840406999813454902e+00 1.311028705249829951e+00 5.215233926919452756e+00 5.004753990011402642e+00 4.076968494087584105e+00 2.293859129028109400e+00 2.815197507915587760e+00 2.412837165424443764e-01 4.025734417494917228e-01 5.365101092365675228e+00
1.085791162040409263e+00 4.356920261725788279e+00 3.213621029589257105e+00 2.513326653903742880e+00 3.359528822440713269e-02 1.855930702299709578e+00 5.085541038124703483e+00 5.591129223170251628e+00 3.442923984324660847e+00 4.048657516752637520e+00 1.948145176792309918e+00 6.267626747699957868e+00 6.194913639807229977e+00 3.641777493636689567e+00 1.264197051074797074e+00 3.186322291151879149e+00
9.499213706071003571e-01 5.241316862773577334e+00 3.646825987800359048e+00 3.745272024738735883e+00 8.503906215322033502e-01 3.073875434026470010e+00 5.515573703336421829e+00 2.195775119216870408e+00 2.911339240700575814e+00 5.431965370659017189e+00 1.631287943397868867e+00 4.898813677903741670e+00 1.637303444151857912e+00 6.145837191610519668e+00 3.071786720184510600e+00 5.203549846022250680e-01
1.777594158907284116e+00 3.052769599624975072e+00 5.034792008978734579e-01 3.195276960545311074e+00 6.069292809675925771e-01 6.467739707137382110e-01 2.379970544859119297e+00 3.040860264192907003e+00 4.044041970423520205e+00 5.940140063987300323e+00 2.427489024862442335e+00 2.770123440302765250e+00 3.058513040875560751e+00 5.381344198605912510e+00 5.115703252842154214e+00 3.413282122877220104e+00
6.199023127258097787e+00 3.797912833276221978e+00 3.731761827069246085e+00 4.269522418121813878e+00 3.593746892157214212e+00 5.138715450081434710e-01 6.046844068092879887e+00 3.232198801447475400e+00 3.491169591099393177e+00 5.354056536941741662e+00 1.510821422923350088e+00 4.505745573704329487e+00 7.358274815409014957e-01 3.468619394089606178e+00 2.917883562218746452e+00 4.757189386994215674e+00
5.871765323668269865e+00 2.433153344727011724e+00 4.147860951963131093e+00 2.383969878003033838e+00 1.122775421618650071e+00 5.619523968316056939e-01 5.998085250734923157e+00 5.996020907878308215e+00 5.249799678441198658e+00 3.777328214869861256e+00 6.208626178428668929e-01 1.087174432464999230e+00 2.998051672605567486e+00 3.403245007214537043e+00 2.113448342871858898e+00 1.339438931236268893e+00
2.007147172948388736e+00 1.555320804667397860e+00 6.396780738739615835e-01 2.853495049893902902e+00 1.540042387366395982e+00 1.802223384426324460e+00 4.951693767832919590e+00 3.526111412401362610e+00 5.843615680072928420e+00 4.311381919586513511e+00 6.821736994328502224e-01 5.194626638233897253e+00 4.884189249638717811e+00 3.524168643590812167e+00 1.090499517286977138e+00 1.254193190095140631e+00
1.349089722896505750e+00 1.657692140058017349e+00 1.340091110162617394e+00 4.818314735131274951e+00 6.026382532846151108e+00 2.096885113401619982e+00 5.617009136296887917e+00 4.579077719218393128e+00 3.782256265711272381e+00 4.171427136971961325e+00 5.844797496565801609e+00 4.215273226620098512e+00 5.631449412855139336e+00 1.596418465830556244e+00 6.206424352765500529e+00 1.306552882858917686e+00
4.661319280409520482e-02 4.093464774870153811e+00 2.380850610461382022e+00 4.699490042060414652e+00 6.565035679419102266e-01 2.285641213743736966e+00 5.006551583590600707e+00 3.524064170571606924e-01 4.828685985476296239e+00 5.883672673875471659e+00 1.483715671161301396e-02 1.157527379899947695e+00 1.904594620040845065e-01 2.472693490072680689e+00 8.835746215791973057e-03 5.061148908309233363e+00
3.438368278936444700e+00 6.057714786817107289e+00 6.105465261564988033e+00 7.050765587005259905e-01 6.549471670027378067e-01 5.975396687369141979e+00 3.679679699894743194e+00 3.055716539561719181e+00 6.065518993091131073e+00 7.332469840003204009e-01 1.087110332966903625e+00 4.729295633454315251e+00 5.993320379680326937e+00 5.969606298008509171e+00 3.370831950857112735e-01 1.337061080039166905e+00
3.166878069899799808e+00 1.213397331684187064e+00 6.180372069165126270e+00 5.890017301697440644e+00 3.918620329686058668e+00 1.337065911391997763e-01 3.776523233335638441e+00 2.284664148319392130e+00 9.790049678439090020e-01 5.304215326340427694e+00 2.052120866718507575e+00 2.938791414843930916e+00 1.649098611460233288e+00 1.810884418885328140e+00 3.972896847843808033e+00 4.027519031755314671e+00
3.128840032708875896e+00 3.595470671355391890e+00 5.091675456598552252e+00 4.481041099226017899e+00 4.093734165963151206e+00 6.162559194407781327e+00 2.301479434795700829e+00 5.324785773778510034e+00 1.470732208550029840e+00 3.868296169570182297e+00 5.618771167789968324e+00 4.579194540936895486e+00 4.878857080557545522e+00 5.372069772509791896e+00 4.710696336776821980e+00 1.205888495152557693e+00
5.556477922009511516e+00 1.382789317942473950e+00 2.397556569098261203e+00 4.583895211573373984e+00 1.763374349254641205e+00 5.169539125255118606e+00 4.004439075969441042e+00 2.536027771268255293e+00 3.561612608959546122e+00 5.410846897881916862e-01 4.876758231137909405e+00 4.957352853489130240e+00 3.410940963414181404e+00 1.403770715410652237e+00 4.907487805100020362e-01 2.135509746231776695e+00
2.901571192959009782e+00 5.548230412231277775e+00 3.847172999217571832e+00 3.390874334409081037e+00 1.075641882631644508e+00 4.819360136380369752e+00 2.435488009768685735e+00 4.677968900139491737e+00 1.991699522559629676e+00 4.183076437241398798e-02 3.870365722786643481e+00 4.897488695937738945e-01 2.952796241245377651e+00 5.943937559212341348e+00 4.017119734600817615e+00 1.904795656128788206e+00
4.714576415001173082e+00 1.563109052517913211e+00 3.404474042094018493e+00 1.849005923557290210e+00 1.198427026331590373e+00 3.352628254617285641e+00 2.765859659396141090e+00 5.557415238647037015e+00 2.878622511816030238e-01 5.818309045795754031e+00 6.223544673553133677e+00 5.901332158545763207e+00 5.800783538350103852e-01 5.070011618923353502e+00 5.766683818629267932e+00 3.030648664404817172e+00
8.168772188201219864e-01 1.364797572456112995e+00 5.735702599286913284e+00 3.801899311822974248e+00 3.671917547864667952e+00 1.500669930960770504e+00 1.034989713157069779e+00 4.083970084127500400e+00 3.042185796462532732e+00 4.673705354521298538e+00 8.005147054581073229e-01 1.436296321638933282e+00 3.898562823644815545e+00 9.195157571864883694e-01 3.269602419383296432e+00 1.742226020299224576e-01
9.530800062510695891e-01 3.109964529008848011e+00 5.885895104137920164e+00 3.984131393134680565e-01 4.439399165293374416e+00 3.160305989486536848e+00 4.192568579430741238e+00 3.711852888518817561e+00 4.982715015541525072e-01 3.765903399383458972e+00 5.166621449421323481e-02 5.452983396518715775e-01 2.234377873111926149e+00 4.011165168464454922e+00 3.636917531045580798e+00 1.532945871954290773e+00
4.985551268410188364e+00 4.971035450630887809e+00 1.409046213224151911e+00 2.126521932375395441e+00 1.253701423675238624e+00 2.017481491119148096e+00 3.170927681641825924e+00 5.063364527340451282e+00 1.928173247706437554e-01 2.798654814150433268e+00 2.329168116715751413e+00 1.588605216355291283e+00 2.952581630306473581e+00 4.604199213962282933e+00 3.830472889603877551e+00 2.406548366867202748e+00
9.683293502086992577e-01 3.238844106349129670e-01 1.192177448448508814e+00 1.067140100502029565e+00 1.656920408880711015e+00 5.853678500714362798e+00 2.125024902753333222e+00 1.660313158654142418e+00 2.716683950450570872e+00 8.665063008243293341e-01 2.569798748616376471e+00 5.779463454391438937e+00 6.073285845104165581e+00 4.414019742741076335e+00 1.255255048759135739e-01 1.144720537516795700e+00
5.794785633480707965e+00 2.567025581842706128e+00 3.102340874780908919e+00 1.010032317951789382e+00 5.797679348086301587e+00 2.875688380094631569e+00 5.396644083588693519e+00 2.281323777452659296e-01 5.665219037054324280e-01 3.848815780175060652e+00 3.213733372247427944e+00 5.208278687292665410e+00 2.016656198537486233e+00 4.623041800150192726e-01 3.181213392049561328e+00 2.816171007238013946e+00
3.526562712727704607e+00 6.029228354305132820e-01 2.052363694800777072e+00 1.215272793604789792e+00 3.741739737957149980e+00 2.491306753284577624e+00 8.275900866723022720e-01 4.468604200255825276e+00 4.845786119760008698e-02 4.450513262568089878e+00 5.005982963900227567e+00 9.652498752879916655e-01 4.821229853018357936e+00 2.057226755066343948e-01 7.019472068045866653e-01 5.432615606377114048e+00
5.620816959494930209e+00 3.352214508149979011e+00 5.354686097641260467e+00 5.596121196870598169e+00 2.365955536789435154e+00 3.807140386310295943e-01 4.538153627622397046e+00 6.062964106935880615e+00 2.083479341784683303e+00 5.221863471534427426e+00 1.168012998684104797e-01 4.693537434139472886e+00 5.395663931129737634e+00 5.917438618192783828e+00 6.141428354099096154e+00 1.459943282245567575e+00
2.194279935481926902e+00 3.167034451577526166e+00 4.075410603539399546e+00 3.755807379176325789e+00 1.945370690515107748e-01 2.349815588559528212e+00 2.083166333537259884e+00 7.936146417453899815e-01 2.904471350397024310e+00 4.283094458428846174e+00 2.658211087088376612e+00 3.694424189133100445e+00 1.316068029872486278e+00 2.325223491923614993e+00 5.846973618674596862e-01 2.699410782122320995e+00
3.816482327723114132e+00 3.276551011359590593e+00 5.098465758341349741e+00 5.419143141556171939e-01 1.419236264444914131e-01 4.606311925547372788e+00 4.664088347890194441e+00 4.020154256594155040e-01 1.345049209523607070e+00 2.461106804640931234e-01 3.548778156353543878e+00 2.389587793243610481e+00 3.242682517707300871e+00 5.972111564866041000e+00 1.701952550390701813e+00 2.789784583147201680e+00
4.671948206414017868e+00 7.054494287577950384e-01 2.075678105575003318e+00 5.269999219356135356e+00 1.222768115622320906e+00 3.043988852800512124e+00 5.336716817375190658e+00 4.194045122088365218e+00 6.012255941453398478e+00 5.611518121018757022e+00 3.088450920875221328e+00 6.378290923818578095e-01 1.594797089610130669e+00 2.332211554886810118e-02 2.774603906654356855e+00 4.418120079757930974e+00
3.014196109864324846e+00 3.142197060401469955e+00 4.408370394503451806e+00 5.251009894564637293e+00 4.316061863276491550e+00 5.864777103305040207e+00 2.129143972920334527e+00 6.262798059529645300e+00 4.832245261087826371e+00 7.391668164543838682e-01 5.224652317015387126e+00 8.374462036148878630e-01 2.945253639623737207e+00 2.316117277019540843e+00 4.717249883986572578e-02 1.433276039700957627e+00
3.600345171078564555e+00 4.062508839157045415e+00 1.106862358861089524e+00 2.374062245490631717e+00 4.693631423430139615e-01 3.251706038649598174e+00 1.145118001866095359e+00 2.489103775538741736e+00 2.471167983835721671e+00 1.708129494785629143e+00 4.391389133478022622e+00 1.627683658663464428e+00 4.203760913927060971e-01 3.388769859920027550e+00 1.884360798353349908e+00 4.740487798074090597e-01
2.374875085900095328e+00 5.246618059788044519e+00 3.140602590366407210e+00 3.303934236614599840e+00 2.957576163095943400e+00 3.604226176741620602e+00 3.423601282710761584e+00 1.824115239930540255e+00 1.201862194890780611e+00 3.879826656290042752e+00 5.834939933739004658e+00 4.570519111026261072e-01 2.458970471413570724e-01 5.216499452436700324e+00 5.787750542473657056e+00 4.810910410082020583e+00
