1.195839885684878423e+00 1.297365433820575120e+00 1.323852704262931335e+00 5.093092117018701792e+00 1.068678945197743119e-01 1.124258526387248436e+00 4.818344495691379237e+00 5.202908863746986690e+00 4.439784962118978662e+00 5.109865910417734192e+00 1.299721779129104027e+00 3.458970238900012983e+00 3.306404882887333585e+00 2.135981564358817142e+00 2.754060904354493466e+00 5.163682834642273178e+00 3.619712327813547237e+00 6.260221674375536338e+00 1.240728081154593543e+00 3.782332109950953258e-02
1.853453822039746512e+00 1.216194794199922713e+00 4.511988370824246530e+00 6.034210045745110662e+00 2.375167878917218367e+00 4.145493625878242661e+00 5.779364487338309431e+00 3.133623521192856032e+00 6.172248593696550323e+00 5.913867607258963766e+00 2.086115512127212912e-01 1.622750350179505974e+00 6.126577058984560509e+00 6.030900777559119241e+00 4.597240466028946315e+00 5.466468824377856528e+00 3.380081335136210896e+00 6.145728781548744024e+00 1.621190381807894321e+00 5.576869145872566769e+00
4.441368194670960889e+00 3.559468247516714978e+00 3.630480504061298408e+00 2.275654399242648396e-01 1.921153299296059158e+00 4.974401084221869773e+00 4.215688046069263173e+00 4.940899439028579643e+00 8.801092515724281418e-01 2.488719348782194807e+00 5.778348135793307527e-01 3.392963881634423196e+00 3.710680566870116159e+00 2.330685306991560513e+00 2.623002992577913695e+00 5.321639876234739441e-01 2.033952807101282456e+00 3.648557901858435343e-02 3.892270795939803296e+00 6.032537751492729861e+00
3.069474615753918112e+00 1.418596404857551230e+00 5.819213102579631203e-01 5.581187279664193923e+00 2.839984830718174980e+00 3.297399444495125564e+00 1.212217571448996667e+00 1.484228617285111129e+00 1.383747578667348099e+00 4.222126961892236352e+00 2.963563759908538486e+00 3.411512175838202765e-01 1.800208066383829630e-01 3.874685983763015429e+00 4.017259044225411024e+00 1.565262727981711954e+00 6.271117092750334798e+00 4.148410365748801176e+00 2.561707134363168659e-01 2.081294844987036985e+00
5.170359010986742554e+00 3.925015820867378213e+00 2.916558947287216430e+00 3.748431229790890828e+00 9.001954969310191346e-02 1.015758659999810076e+00 3.482859624916032626e-01 4.056218159295137404e+00 1.453185409829665931e+00 1.900718282942744475e+00 3.055748838315393456e+00 9.875681984818984738e-01 2.129781758193395880e-01 4.411170144451007857e+00 6.817958774660790588e-01 3.992496531988232733e-01 1.075494627303722028e+00 1.768923268398740589e+00 4.562993215206319064e+00 2.909140221924083836e+00
1.541518103847939969e+00 3.328051849222823932e+00 1.737355703183780076e+00 4.429120903414572652e+00 5.645648527356369684e+00 3.273361421677349892e+00 4.580204150259784335e+00 3.672127865384562817e+00 3.437256141669635667e-01 2.391022821154138889e+00 5.820948189735242195e+00 3.534699557522246849e+00 1.118609777308332331e+00 7.064256671370043872e-01 1.409055507581966626e+00 1.973508938320504447e+00 4.834540048300015158e+00 6.975095061911704697e-01 4.356654848570810756e+00 3.183700548469800662e+00
4.119912320553285490e+00 3.807674482866181709e+00 4.429681708531856721e+00 5.076202167810332178e+00 6.166818362083901661e+00 5.744719028945086237e+00 2.938668498005542196e-01 2.146340708120056728e+00 1.382402947173017704e+00 2.732574465612441106e+00 2.374906075037986675e+00 4.958388889558792201e+00 3.859783393933013951e+00 1.230571543370327703e+00 3.743406458142390925e+00 2.846397490964362120e+00 4.816681852145964449e+00 2.625751786932732923e+00 2.933119061990322241e+00 4.137588003562255423e+00
2.722645889445717948e+00 6.251199047135510334e+00 5.954999218815763662e+00 1.715125417789679529e+00 1.347010445060165651e+00 2.818119167222261190e+00 5.001572630408110953e+00 2.643300864467016620e+00 3.187089118181321012e+00 2.171343456662945925e+00 4.613642455445706503e+00 4.573281884458989310e+00 6.051133152781731361e+00 5.879019625603986166e-01 9.335201741251868413e-01 5.162465724190623995e+00 5.097785038099325483e+00 3.489842102876266061e+00 2.715891440304318838e+00 5.969546415866307854e+00
1.118366256547116189e+00 2.994493154034651106e+00 7.153085707463503473e-01 5.421702693287342889e+00 5.270274603766881505e+00 2.217976169623240068e+00 2.037076372386874279e-01 1.679127165862998261e+00 3.020405769214187242e+00 1.385189802977317308e+00 5.267857791011994806e+00 2.235521190763335220e+00 4.611649145705752240e+00 4.420621477624785634e+00 4.282384933748013545e+00 3.299690327169260140e+00 9.923164893094044148e-01 3.940961325564823259e+00 4.067012225234677203e+00 5.867685095352577207e+00
1.333761658272736295e+00 2.872058369034932723e-01 4.900892525735955019e+00 6.277454933672699688e+00 3.661203107311754579e+00 1.559873127784798363e+00 4.552435888010537113e+00 1.301053677610873427e+00 6.190949525358490746e+00 2.900230956257861425e+00 2.268523434855744814e+00 3.388901605282692131e+00 3.258135578403539956e+00 6.113513026106181414e+00 5.021409144923054235e+00 5.965532002589463367e+00 2.500523570401263385e+00 2.366133319047333927e+00 5.491200208453154374e+00 8.937420957128474619e-01
5.381922002142276007e+00 1.527686074995047161e+00 1.062722416621231902e+00 9.560281472793524804e-01 1.138734600123693319e+00 2.311462363913644680e+00 5.636627393406420161e+00 2.483433795869111282e+00 1.431053472471787602e+00 9.107154758571016639e-01 5.031498275944905174e+00 4.843282534658776228e+00 1.284586212578683329e+00 5.647071588167218437e+00 1.310662005656837881e+00 9.415240635179145112e-01 1.793118141324280268e+00 3.187933376434597399e+00 1.182691338196237396e+00 4.750036916587084268e-01
1.735999526369121915e+00 1.197419047788482516e+00 5.686783934114602701e+00 5.173321167384611341e-01 2.246658401975989983e-02 4.469569937918673297e+00 3.348817488507581430e+00 5.959406299476926350e+00 5.264440581274594244e+00 4.543030927838791477e+00 6.204846664892285979e+00 3.467126256646465343e+00 1.927074393604928604e+00 3.539040046262889039e+00 1.345852530799900526e+00 5.461911877375729141e+00 3.190594137534068064e+00 1.268772073304216264e-01 5.476190203908484211e-01 2.952035996277637686e+00
2.335649291067592781e+00 2.048465048308186098e+00 1.672576975982457692e-01 2.606074805900084890e+00 3.761621545818655266e-01 2.335436142056248165e+00 2.385604933979963427e+00 2.884840141084691112e+00 5.947688914946315464e+00 5.901662334669835808e+00 5.327263473905540003e+00 3.792737252162050599e-01 2.609493045651895216e+00 7.802225990549228607e-01 5.461138399218278039e+00 4.330937185545656654e+00 4.371997174469372638e+00 1.632311227801338527e+00 2.928664062228587994e+00 5.886343526138961835e+00
5.801578327785676947e+00 2.514418009668720977e+00 1.521919375788276962e+00 5.312655883536622881e+00 3.092624990677185881e+00 6.238422641863324181e+00 2.724299717310365132e+00 3.587394380042879138e+00 3.355252087472108791e+00 4.730366278423989712e+00 1.725872952891113199e+00 1.561319990629421728e+00 5.024116383644812167e-01 2.279709797371056279e+00 2.275660622271912903e+00 2.030487211279205173e+00 3.863721844610367384e+00 2.620363452086387213e+00 3.075376348565949769e+00 5.570734986728958837e+00
3.147741076321149412e-01 5.716342600762138737e-01 5.086417869271662617e+00 1.883965508146442369e-01 2.734960315141425902e-01 3.608119047462599038e+00 5.389858874666028754e+00 1.798093225742121382e+00 3.882633167908237315e+00 4.356415171808277087e+00 4.968506431270507395e-01 5.078414932919123048e-01 1.886917145086069558e+00 2.257824259193992322e+00 4.985350040558431672e+00 7.847438892602746074e-01 3.068144925079779650e+00 1.978138949997528817e+00 1.094771536849554749e+00 9.220512293438813956e-01
5.610171222956095605e+00 2.990967902067916739e+00 1.078346810180078608e-01 1.160890138559619755e+00 5.658861336219084270e-01 1.192429764978029327e+00 2.774229992347575724e+00 2.095623379412765885e+00 5.540859679232209345e+00 2.015021108909195391e+00 2.388746138087104676e+00 1.347347234199465227e+00 2.718692420184869896e+00 1.532307351753125158e+00 3.681379111089962963e-01 2.870673551587699102e+00 1.722199408341963167e+00 2.233555142723287812e+00 4.086702372559806173e-01 1.855171272258769655e+00
4.974363756442977902e+00 3.972296427324268908e+00 4.702356909882437819e+00 3.952370315852704041e-01 6.179792436668164690e+00 8.323377651247887074e-03 8.432476306201927008e-01 2.588355287580141884e+00 4.845009037825476206e+00 2.657330393973678095e+00 1.172651740764896422e+00 4.929481690909322644e+00 8.264852573316712192e-01 3.571469173139254050e+00 4.136278780832860491e+00 5.664710563125065157e+00 8.521192707635033559e-01 3.089389673187985963e+00 2.856397747747360771e+00 6.194449729728936482e+00
6.034388328570517324e+00 5.154661800040546638e+00 2.944632357014763002e+00 4.144018574584752201e+00 5.302144550506525000e+00 3.708129574717741739e-01 3.231900214020236195e+00 5.490105919332640028e+00 9.780657797149541755e-02 6.212775649707337422e+00 2.418270648351926511e+00 1.814052670893921526e+00 5.231456271258153379e+00 3.186492973952411045e+00 5.165594024603034740e+00 3.321847932424561112e+00 4.038292088296918436e+00 1.366417788856281179e-01 1.826821368370775689e+00 5.711215422651169327e+00
3.972026529945810402e+00 1.427393742105979246e+00 4.647358269009393972e+00 3.455921497982513024e+00 8.154157855855770354e-01 5.886786083940668490e+00 5.944483130991135234e+00 5.998610681392381849e+00 3.838728390974422755e+00 3.919622369018699537e+00 4.828812058156610298e+00 2.991747029940600711e-01 6.256555312782821066e-01 4.663331470939518830e+00 4.700082465591040481e+00 6.987280315639859962e-01 4.195118748624270033e+00 1.710714256524980215e+00 3.032183365092890437e+00 2.888833673649709999e-02
4.158889231002869558e+00 1.378986659153286887e+00 1.934970592664977618e+00 3.081544989982511140e+00 1.627555477846589049e+00 5.276483272042878703e+00 4.216901604481538834e-01 4.638588912613585080e+00 5.765036939883241840e-02 1.046039425791961186e+00 2.577943393498544289e+00 6.071170335694289655e+00 1.021205267937577599e+00 4.529820068802983712e+00 2.561129422238210829e+00 3.997439569872771603e+00 6.033968579221649087e+00 2.885741469482486998e+00 6.185466202405256908e+00 4.830026047869378836e+00
6.144605669090443811e+00 4.690275464607176481e+00 1.165004601082290092e+00 2.043383838839930799e+00 2.054279347642721909e+00 5.567697161745464030e+00 4.427646150668807401e+00 4.685255378762732903e+00 6.250332954729411306e+00 5.028838096511191402e+00 4.730196010261336070e+00 1.228856890097935528e+00 5.227712927163334022e+00 2.813153188347166545e+00 1.395220340917562307e+00 1.616812642233960373e+00 4.233090462903515316e+00 5.785442826030471331e+00 3.730011306404318105e+00 1.199489767426786369e+00
3.882841175036821468e+00 1.334651991219596656e+00 4.946215702588691698e+00 3.871271631787109868e+00 1.454039977954597385e+00 5.887529357005397479e+00 9.797360935492763767e-01 2.973300124162111313e+00 5.190906386882715218e+00 1.702535996346758340e+00 5.189808696719166115e+00 3.130487186544812062e+00 5.342650052659060123e+00 6.026684305832703537e+00 1.684332747017475818e+00 9.353966416405358197e-01 3.850124606867545651e+00 1.522982509246100680e+00 2.401964311354391590e+00 4.657112762171823128e+00
5.524703513429547463e+00 2.538353107332583569e+00 2.560780911744019672e+00 1.398876704478208666e+00 4.465693879269569955e+00 4.671136587339415058e+00 4.746785330654542001e+00 1.077007205610524876e+00 3.522218054151035616e-01 4.709870539776298770e+00 5.602502008403964950e+00 3.811350212603946463e+00 4.852877226485247775e+00 4.772995947606080591e+00 1.075247085278582537e-01 3.148966972673708509e-02 3.087487026553043634e+00 5.254460846405927477e+00 1.689308715101689895e+00 6.519073505808687941e-01
1.968753433305290956e+00 1.753348160246009702e+00 1.254300962910957162e+00 1.990886791037804304e+00 1.018011707577480829e+00 5.847988973157064230e+00 3.963107827029458630e+00 2.436228669329787988e-01 5.898273473691559410e+00 1.078345871741461792e+00 9.863072943475204024e-01 1.405703348147455678e+00 5.990455073046044632e+00 3.914847563738008240e+00 3.255047571634159365e+00 1.208184443833839605e+00 5.390655950398429042e+00 3.022070553595389786e+00 1.675609651701126745e+00 4.010502406944113751e+00
4.636959624163836224e+00 4.109788107207007712e+00 1.142119917354417646e+00 5.432972841047656765e+00 2.889874949861348075e+00 5.609347058287935894e+00 2.642770523862169596e-01 1.962086062328209035e+00 4.420012346551951965e-01 1.454113151230355117e+00 3.865532595555533746e+00 5.894816580950210660e-01 1.748657689516509128e+00 2.898523971814092715e+00 1.080985417755937483e+00 4.930904312795637345e+00 4.658562464875395825e+00 5.351781109079128962e-01 4.864320895633382769e+00 2.707625079700439752e+00
1.209829786785845851e+00 2.822146574287628606e+00 5.932685191143999504e+00 1.555013681315690344e-01 3.131196889432461106e+00 2.993361128037782315e+00 1.722028015374078347e+00 1.338784155159855160e+00 5.513008900270161661e+00 3.912528389268001838e-01 2.300168180550707042e+00 5.288663752905712556e+00 5.359122136272033821e+00 1.660321203344037100e+00 5.804336991941015711e+00 3.785682404068692719e+00 4.552141284576913804e+00 5.421010098968228164e+00 2.896931167729364653e-01 3.973135725653800243e-01
6.219189823708272336e+00 3.217733638955425857e+00 1.828131813012469076e+00 3.145317270747452376e+00 1.590041339331165759e-01 3.627310722529554443e+00 6.008865037055167946e+00 1.336235138049313154e+00 3.063845110373260905e+00 5.374543180067093751e+00 2.297654264208353947e+00 2.927139183531835886e+00 3.910695481930487993e+00 5.118906941366188512e+00 4.540314471673137398e+00 4.230043533761656427e+00 5.462952236411975804e+00 3.851645719378219201e+00 2.863744862913606859e+00 8.840653776880110781e-01
1.358318776006506967e+00 4.912614565667976940e+00 3.839857574089305725e+00 1.903408830357540049e+00 5.389034990104822676e+00 5.827528421793028102e+00 4.418471786447378591e+00 5.378835015178779599e+00 4.843794432270628891e-01 4.094755118006421668e+00 6.205613947568273225e+00 2.596950843433185607e-01 5.440250542088776342e+00 5.903822001241747941e+00 4.117690136088522301e+00 5.355763670569556822e+00 5.219965236739969150e+00 5.291011045562621362e+00 4.030075285612990221e+00 6.221995325505531582e+00
8.431760367865762107e-02 9.236972184595795277e-01 4.003322463513486973e+00 2.106659662970503444e+00 4.529614784718759557e-01 5.660856002434832668e+00 5.918926047346146468e+00 5.074257721102278573e+00 2.726473965884663730e+00 1.909796737507980791e-01 2.266184248973027504e+00 5.216659452309041711e+00 3.326753937844673104e+00 1.453154198716072543e+00 3.958363641638875663e+00 3.962235192232244629e-01 2.001881048836015253e+00 6.320418247537794576e-01 5.412056654825896373e+00 5.710876709294424813e+00
2.181925639605224010e+00 1.387891918685963066e+00 3.639959283441289717e+00 1.937504762402726399e+00 3.588312602468966439e+00 3.114548863148562940e-01 4.787855139516420167e+00 1.460292988274977111e+00 4.274718105434532234e+00 3.198980596794117837e+00 3.888299180634141372e+00 5.844442684787646058e+00 6.124685435920666166e+00 2.867428970310926140e+00 3.598851602037146602e+00 2.852699108223892832e+00 4.682296651537243726e+00 9.119285384914703751e-01 3.084209478063233423e+00 5.975424234745023711e+00
5.976172726313394357e+00 4.817471729573637340e+00 1.017330921274101740e+00 5.000744555991165186e+00 2.199428862671373608e+00 1.301729785988155141e+00 4.671399922192054355e+00 5.338464629935045558e+00 5.110669700519095748e+00 1.640962320082207437e+00 5.202603312115501311e-01 2.385927493887218365e+00 3.423220720776888992e+00 3.723679934416861848e+00 2.852264242759873891e+00 5.963630667201769153e-01 4.499424554137553933e+00 4.980826183171272348e+00 3.172162504699489460e+00 4.342515113873733235e+00
6.213686787104080622e+00 5.934720215924853548e+00 3.685751578319254040e+00 4.129435723768055233e+00 1.758550818139916205e-01 4.233239551655826105e+00 3.057338439301245714e+00 2.069108197087964562e+00 3.628512550372832379e+00 3.191187486252591299e+00 8.562551023845615950e-01 1.009096956067678352e+00 5.404106132983367949e+00 1.118015823780553086e+00 3.396566531641831421e+00 6.058272062751577813e+00 5.718775038919045706e+00 5.721005842498450455e+00 1.418595099884859545e+00 3.854023720178466395e+00
