9.919267319234662539e-01 3.656962824369205389e+00 1.309585266715471263e+00 4.720087737716915477e+00 1.723036732149197281e+00 6.025948438064175683e+00 5.381111513846133398e+00 4.745657918502936390e+00 3.333092597788816391e+00 2.408308377143531853e+00 1.769031888821201992e+00 2.171026406543545395e+00 3.606652975534395011e+00 4.760287575477807565e+00 6.132294974058932979e+00 4.992916778350379836e+00
5.544132707031873331e+00 4.487882430065996076e+00 5.331573720162556818e+00 4.480301897450437165e-01 5.329573801572762726e+00 3.211435638507974755e+00 3.902272508764575765e+00 2.018615563010570213e+00 2.379097832320465677e+00 6.277354160313650233e+00 3.632539542775591102e+00 3.423687413736955509e+00 3.608118075737276165e+00 3.216362548909661445e-01 4.144117937934032270e+00 2.731116188629504116e+00
3.578591940104397295e+00 5.186423451281014785e+00 2.251854976962237853e-01 5.946284759885299032e+00 1.379875718424629083e+00 4.398934380575441949e+00 5.047672095695867611e+00 2.831105640060906925e+00 3.179297366058169594e+00 1.518959484886409916e-01 3.071384048092683727e+00 4.935294979812580252e+00 2.353537145628987470e-01 2.917664883054651881e+00 9.690685601392780013e-01 2.782482100526850743e+00
5.483939757114576707e+00 3.749168564818812666e+00 4.479145617483917263e-01 5.014310879434090040e+00 4.195887227000710595e+00 5.116940552494665617e+00 4.093595258169901108e+00 7.651893352670471327e-01 1.749960926744927203e+00 4.909761181215661630e+00 2.640023188497609308e+00 9.134604725690513849e-01 4.493046728942681867e+00 2.473630473653610995e+00 1.521107731014837761e+00 4.456222900506610962e+00
1.069904062941118505e+00 5.490582491941901289e+00 4.050711272451442468e+00 3.093810741487870608e+00 5.623620015096142399e-01 1.684730735530717061e+00 2.748159323359060102e-01 1.685629344290398679e+00 1.784931666798976746e+00 1.886345187441587967e+00 5.826925806302410749e+00 4.135862073586167753e+00 1.156729303980445378e+00 2.095261259750765159e+00 1.077712798521460957e+00 4.429385184041362500e+00
5.008412236619136593e+00 4.788782010497175889e+00 4.637943524717609289e-01 5.214150861043223451e+00 5.149322138355710843e-01 4.814017869544143124e+00 8.953653783239974295e-01 1.159645561982463713e+00 4.925027142029762217e+00 3.502374373184119261e+00 1.419374704229305006e+00 3.580255903626551994e+00 2.154494785557375724e+00 6.010988805650538502e+00 1.382649609362086807e+00 1.229160238136004724e+00
5.209168955944081247e+00 4.334727785712810255e-01 1.372043791517378653e+00 5.522901270090783576e+00 2.314780952913209067e+00 4.779572999778784137e+00 1.669478493638358874e+00 1.221111378708587880e+00 4.558297784251813312e+00 6.259571125908791167e+00 5.188384522338115090e+00 4.226219616997001438e+00 1.266511420590637760e-01 6.094469398728637799e+00 4.394804424764420681e+00 4.894292570235115214e+00
4.715451349048679353e-01 5.033801775272304546e+00 1.964033840328799074e-01 4.287984925650106582e+00 4.943654723558345565e-01 4.995048346068560186e+00 1.228481210750996366e+00 4.435007881679445596e+00 5.566368593006301602e+00 4.961834258945290621e+00 3.920638021742470336e+00 3.132850433583819427e+00 1.532272127615601942e+00 3.548840237904854256e+00 2.399475472511863217e+00 4.835788253353050514e+00
9.326851898828114606e-01 4.002165165890725795e+00 1.053968106305039232e+00 4.991678029316280463e-01 1.738950523736435771e+00 4.776167415824098761e+00 5.823011211551977206e-01 3.186992959039637974e+00 6.331233571239829327e-01 3.744893791075411649e+00 4.917455444862549818e+00 4.501580908338155496e+00 1.648010595162764158e+00 2.621969627866494346e+00 4.122977003587291023e+00 2.227462048951847517e+00
5.163855851052987944e+00 2.402891800310042569e+00 1.033462296409617953e-01 6.095096028021075973e+00 2.450050340308044028e+00 3.167529515429623022e+00 5.871494085942250418e-01 5.384890869397255031e+00 1.722578922696766712e+00 2.755703175595680676e+00 3.639105922130173587e-01 3.381000749146999329e+00 5.676649338973671632e+00 3.333738648832612395e+00 3.417697111714283587e+00 5.690196384864870005e+00
4.066204577167983558e+00 2.931121557516776832e+00 4.470642639707958388e+00 5.577815599696767990e+00 3.709782366751282368e+00 4.482595553955722067e+00 3.531916062977809467e+00 3.622267452737291116e+00 2.662852477272603657e+00 3.011836906167185468e+00 3.713219104914956326e+00 2.913169336906407558e+00 6.964633235396383570e-01 3.668071956194803196e+00 2.935353880829928652e+00 4.877555924310005508e+00
2.120679447141938567e+00 3.270553366763561787e+00 2.346754945489332389e+00 4.254248742639820335e+00 1.716802516599602368e+00 6.174366573480944531e+00 6.094433523104214601e+00 6.508536104020863355e-01 6.762121197772219539e-01 1.911044503200170164e+00 4.432598275430909673e+00 3.663427797830979937e+00 2.724393247006522412e+00 3.398491493585286349e+00 2.852693247618356409e+00 2.736145022462252996e+00
5.019157295792549434e+00 2.847233822843849627e+00 1.641462833981218727e-01 6.039234770845072653e+00 1.068525846819882164e+00 1.668556989400566071e+00 5.478825313528814966e+00 4.691723789871683259e+00 5.909933613516396456e+00 3.538578973628089486e+00 2.049273998183109402e+00 4.708511726595565605e+00 5.218442180823059218e+00 1.419431464911046881e+00 6.119307448052530241e+00 2.034707209743293443e+00
4.037764126759703309e+00 1.961807960127579298e+00 1.539962840526877264e+00 2.800185430979853507e+00 2.493522374289535382e+00 9.900421361169826628e-01 3.897480381170081998e+00 1.933810018234798589e+00 3.872612146472990347e+00 6.114760807639167517e+00 4.773850119921596580e+00 6.410741222043944143e-01 4.057840362520827249e+00 4.872879813614868105e+00 3.239443735363767285e+00 1.055493320573232863e+00
6.256192517121578867e+00 4.897462822663753990e+00 5.040558605136730819e+00 4.256314179553865706e+00 3.645970121518121498e+00 4.068060158627472056e+00 6.209822118829647408e+00 4.274915315015697992e+00 1.344895008980632634e+00 3.370692301728127394e+00 5.640635695938429173e+00 5.190114949525133525e+00 5.201428926385530005e+00 5.270837164187728519e+00 5.907722718768459558e+00 4.549976938515769120e+00
8.043561153209202175e-01 1.409486383481871163e+00 6.834230935993105271e-01 2.907968546732114246e-01 4.697200815610747426e+00 4.148969798104297446e+00 6.137676468015115461e+00 3.496852967676836954e+00 5.895252340400943147e+00 4.813633148968209596e+00 5.498956966306078442e+00 1.869057019105762940e+00 1.037182581364381573e+00 3.117731415381986615e+00 3.152336392270640886e+00 1.542849122613202395e-01
9.434905254842618216e-01 9.232814466307126544e-01 2.943913666782832284e+00 5.907127918668819255e+00 4.787961225752086492e+00 4.907721815694478629e+00 3.382827815173451214e+00 1.148292133375106161e+00 4.011704743887467117e+00 5.361671838088645003e+00 3.371836808988414980e+00 6.130308649579835567e+00 2.017950825378423296e+00 4.079521419314271924e+00 3.228596050149455721e+00 1.539577548717290689e+00
2.396666875063866886e+00 6.072559608252207752e+00 2.873529455426966361e+00 5.480928650325398443e+00 2.482317354816088617e+00 7.273634542001471415e-01 5.642331220833895600e+00 1.904891095956504410e+00 5.642504954906121917e+00 2.293824251838367356e+00 4.744868669847151388e+00 3.466451176900857689e+00 2.148467580319587622e+00 8.435305797979425479e-01 5.506996299713986076e+00 9.873287281947167315e-01
3.679136403092682528e+00 2.983729718730378622e+00 3.062964322749378354e+00 3.223952028657753210e+00 2.812902413192713613e+00 4.284606738391733671e+00 4.279900415442622896e-01 2.888936480503992321e+00 2.131419296453270551e+00 3.773630908468713407e+00 4.356882756936044210e+00 3.920118245452626660e+00 4.511130716298254129e+00 1.666058523467552233e+00 2.358819464669885235e+00 6.126335712832768898e+00
3.256083171071485260e+00 7.364930727723891790e-01 4.782573575327732307e+00 9.765344360374993427e-01 3.884066456063016037e+00 1.160673172374430129e+00 7.948258162498465784e-02 1.347138643011378978e+00 4.082926462321587735e+00 3.898525520146212564e+00 5.888053329047489903e+00 5.258376913247882811e+00 3.359156905303172902e+00 3.809025900319835123e-01 1.111511232442971675e+00 4.551711307982810872e+00
5.816177899588387268e-01 4.385516318782955558e+00 5.992905702794753431e+00 8.314892810921896693e-01 2.311914625575747007e+00 5.641939335028429703e+00 2.875984435331672806e+00 5.791895734372912719e-01 2.079244455072694897e-01 2.627762398180736980e+00 6.011461742770565664e+00 3.656555306447349274e+00 2.620523653578691103e+00 3.738706040029905697e+00 5.819890880420142132e+00 5.593716450867318279e+00
3.540826905054893725e+00 1.307003708163602118e+00 2.972507303793241462e+00 2.424954143914860527e+00 1.248550228321141597e+00 3.575622186456158591e+00 2.142615127760866933e+00 4.344554471107605065e-01 4.196807363517764067e+00 2.602757533594259876e+00 2.586853303333469967e+00 4.338822248846153640e-01 7.775636765248757076e-02 6.074876562530970858e+00 3.235374725576687371e+00 5.718221282030045316e+00
1.526390922032858422e+00 1.280375333005653982e+00 3.439385406516923815e+00 5.138361034583498466e+00 4.358013933440697762e+00 1.512540244338650641e+00 2.260593680504900060e+00 3.617207665821761786e+00 9.227957077907152916e-01 5.431307788258583180e+00 4.593027186660510353e+00 4.155179801714048438e+00 3.601196271554469419e+00 1.610642424979274789e+00 5.597104857248433873e-01 2.632400855980252530e+00
4.241709225171069186e-01 5.191325201123500932e+00 4.672264720781865499e+00 1.678166917917083278e-01 2.636575885152457221e+00 2.612237629929389016e+00 2.951095502323404673e+00 3.006487751605991132e+00 2.290098384261475495e+00 5.264242752219619348e+00 3.686462816017295641e+00 3.462183032337233790e+00 3.039815220010071428e+00 1.317160327372923989e+00 3.215235995296545912e+00 9.575355794602702364e-01
3.932383551203547878e+00 6.086846514170138001e+00 2.396402596937270424e+00 2.861585597810287762e+00 2.435195769696581358e+00 4.847672510924989631e+00 5.090963157552732987e+00 3.387187934136984602e+00 3.801276275962848228e+00 4.745494619472790276e+00 6.061936299474768752e+00 6.586029507229940183e-01 1.760225241303432053e+00 5.771823868630949761e+00 2.480781660320165727e-01 2.043493795925886314e+00
5.434649189148061943e+00 3.021728333306931358e+00 5.906981237254374406e+00 6.356043260019500485e-01 4.719048195521761357e+00 4.302443680495588119e+00 1.006236893293333878e+00 7.260919339985658083e-02 4.888275783631804039e+00 5.501799170011980600e+00 1.566131330540412092e+00 1.676814799012205093e+00 8.978915741342887724e-01 1.293516987497288939e+00 1.839408970519247122e+00 3.635987772422094810e+00
4.677289012158814430e+00 2.515690446127497371e+00 4.441656252974540031e+00 5.013995573572152864e+00 2.369518109281548934e+00 1.354993069192568234e+00 3.232473882399693021e+00 1.888155092587471273e-01 3.812323152150871142e+00 5.668047746402860021e+00 9.761959234087086434e-01 1.629628477595493896e+00 1.415284265919891871e+00 6.175430061129225656e+00 2.660369707948660789e+00 3.290627979581577822e+00
5.271952071139337365e-02 3.780837341336126034e+00 2.571967383208897395e+00 2.140018912492922976e+00 1.360762133378393468e+00 4.206504235477284581e+00 3.036638926761349389e+00 2.681288905246774212e-01 3.333719579021686918e+00 2.316752549205479017e+00 2.168109716280574695e+00 2.133023728270951047e-01 5.450888221872630446e+00 3.211221268716365262e+00 1.765378654731901253e+00 2.451820536168123787e+00
1.474725044940967233e+00 2.680061112223972586e-01 3.517214068019296036e+00 1.777471825400633643e+00 5.725434284175553445e-01 3.756005949347037465e+00 6.202857460193756528e-02 6.159183367387004449e-01 5.084577424327894057e+00 4.741495047021268228e+00 3.610904775617250539e+00 2.882801051428594441e+00 1.767249531687284936e+00 4.947054157335144531e+00 1.213702908643824685e+00 5.853162062580926417e+00
5.180480498791439459e+00 4.682296772946860308e+00 1.408876581438918807e+00 2.582245594987325088e+00 4.141830693501720617e+00 5.038790626281852703e+00 5.955779753161508872e+00 2.340949082917761714e+00 4.835696722122661662e+00 3.666757560193681709e+00 2.065867075738756053e+00 2.855556390887098228e+00 2.789341952610080888e+00 1.558687504160417125e+00 3.204763916045912708e+00 4.149941811679466852e+00
5.214328737392403212e+00 2.295906847620462710e+00 2.121541455009988475e+00 1.304457397214298764e+00 5.629425462985481410e+00 1.257231995362099397e+00 5.456289165770177085e+00 6.032030234220358444e+00 4.498192087206216883e+00 2.683219428203774903e+00 5.735030242909514797e+00 2.223781369397581364e-01 5.142062500997442775e+00 2.743047670764679591e+00 1.418713242513405248e+00 4.609364736647695970e+00
2.789939273181599733e-01 3.190106210158281996e+00 4.400067140621488626e+00 1.837455831293939967e+00 4.214908511654809509e+00 4.543653077352259650e+00 5.916628675534227000e+00 1.746575814614431454e+00 2.974560440626660807e+00 5.535487908166522031e-01 3.219232331503146582e+00 3.723863790331157775e-01 1.397970054499294346e+00 4.596854779439834893e+00 6.245902480940390689e+00 1.048495133308392946e+00
