3.583868695656537540e+00 1.987889600478822238e+00 3.168905805742187609e-01 6.211732174025011766e+00 4.666926330959583424e+00 2.714742051584712268e+00 1.253220904181651996e+00 5.218108433565223692e+00 5.950991737138929594e+00 4.106043525908305902e+00 4.751542431872570305e+00 2.444937900237466710e+00 1.474203407851804259e+00 1.399239158801945049e+00 2.542082655423641757e+00 2.762323453117359495e+00 3.904193814955497999e+00 4.061544005870834084e+00 5.629207087901047402e+00 1.793564809611139621e+00
1.629182911711271942e+00 3.649805582586162167e+00 1.645295119193990407e+00 3.258980510417362808e+00 2.694199828715073242e+00 1.233836066535892284e+00 3.004349122003926897e+00 4.986214469439911312e+00 3.700068289670160326e-01 1.673953414639129722e+00 3.364499911883735539e+00 6.243429915871415936e+00 2.799995149742975364e+00 2.137294989551922875e+00 1.403995451703155851e-02 2.078980364838423078e+00 3.256291517158570237e+00 6.975640766083593958e-01 7.815594050266871928e-01 3.418309959157192601e+00
3.607421048110058592e+00 2.781364944945964535e+00 1.515602470956319836e+00 5.081721861571695253e-01 1.616073057943935742e+00 3.025060182724503388e+00 2.487361024944069854e+00 4.785469010987061012e+00 4.623173965341655034e+00 2.937935308407210400e+00 7.465216600286000981e-01 4.458552410708453984e+00 5.629655153626329955e+00 4.104194663872180904e+00 4.297158874429801045e+00 1.660471670081954620e+00 3.866755995828053294e+00 3.010818672591849321e+00 4.552808080592757989e+00 5.540814321003249887e+00
6.540733007406704935e-01 2.842797736949250531e+00 6.179643072914078772e+00 3.725998614944528775e+00 8.907360479066868120e-01 1.684927655174706107e+00 3.071233279272838068e+00 2.804246816074937421e+00 2.312068686540804663e+00 3.915741693990841377e+00 3.750194302457258710e-01 1.066005856373586802e+00 2.381228668409312910e+00 2.972543707451854367e+00 5.838166860211375209e+00 5.436060733921961763e+00 3.425571019867240885e+00 5.584443590385014033e+00 5.449183085651538860e+00 6.058984240673742860e+00
2.592507362760482437e+00 1.062896846822561026e+00 1.417723780737979666e+00 9.916600144293039598e-01 4.908622046449583054e-02 1.071186223442539109e+00 3.538982477147463612e+00 5.165223720011059783e+00 4.796396429272420825e+00 8.367621813994815527e-01 5.073652284369817522e+00 5.743781517880137244e+00 2.632711220832870680e+00 2.184530489117551433e+00 5.454717274425206597e+00 6.176276573025689665e+00 3.184846178401886441e+00 1.492790055770314650e+00 5.697085631391890281e+00 2.057525830053154703e+00
1.045849164478624527e+00 4.358595445905767640e+00 4.235604088032649095e+00 2.231067374393602254e+00 2.810829792149990070e+00 5.480288995583689093e+00 2.630772357443494247e+00 6.013449259975378602e+00 1.107020484527920373e-01 2.854068293780319454e+00 5.831040550484551943e+00 2.737500854216767365e+00 2.915745518126333202e+00 4.569590550893314784e+00 5.997387764998656223e+00 3.124508054520016564e+00 4.254617012847544899e+00 5.176358917006496085e+00 1.797395751373725314e+00 4.707293905419195568e+00
3.315852588230683740e+00 4.994127385486325288e+00 2.768349989828781110e-01 3.932187722699370891e+00 3.082054913308120980e+00 9.161061990980453595e-01 3.992928799730491640e+00 5.683569326199203964e+00 4.181174867960189445e+00 1.531706015245011043e+00 5.017115996306474202e+00 3.440938324598262765e-01 5.286628969527863653e+00 1.926372845329289207e+00 6.966697921554136919e-01 3.588179060948783583e+00 1.633560780497253617e+00 9.204392695315010142e-01 4.707783252174464472e-01 2.183358443603475418e+00
9.733626008636546700e-01 2.048932565143767093e+00 6.127300080962210238e-01 3.243456745206300340e+00 3.935620695891983267e+00 2.977404549772269426e+00 2.318031130527388739e-01 2.374982438342426505e+00 5.123872298262717173e+00 3.060743522758171853e+00 3.620042247844202699e+00 6.019750048645994056e+00 9.608294319257293381e-01 4.451337950439460123e+00 3.043373942113975605e+00 5.339693851712595141e+00 5.455762658757934425e-01 5.550726399317380544e-01 5.281833216979923584e+00 2.558643076829564489e+00
8.646236810334477774e-01 1.097261199855265046e+00 3.992544439969011538e+00 2.916640536086947844e+00 5.565745286172790962e+00 1.949129786976774525e+00 2.706283534590793405e+00 5.146093595327388748e+00 1.410547081106533485e+00 5.088421891100215255e+00 4.489498493685844416e+00 2.654203230894311094e+00 3.352577715011984427e+00 3.092261831409557793e+00 5.423825090557092388e+00 2.455249371397195013e+00 2.896082731370634100e+00 2.673978481530798756e+00 5.731749107908953533e+00 4.675449201191191229e+00
4.332143238295440013e-01 5.891143324620526478e+00 4.953267234398507135e+00 5.872414423534748629e+00 5.999142439553401651e+00 4.163554995857881025e+00 6.442674255982878684e-01 2.285138527251472595e+00 4.447966395974026099e+00 6.139179150255039907e+00 3.863029266191913891e+00 4.756541545691275630e+00 5.531892633192078357e+00 9.394310331129526181e-01 1.596596707494238432e+00 3.907063968552705546e+00 4.926567633446731875e+00 7.407226369749347894e-01 3.473410501399479156e+00 4.253305840165605645e+00
9.233188285097948533e-01 4.067973248444900491e+00 2.293932254629677647e+00 4.374392270479197542e+00 3.795173075618393455e+00 4.751217155453572261e+00 4.168649012797852826e+00 3.470576381400317878e+00 5.156211415310536061e+00 4.581071819347078744e+00 1.428812199658593185e+00 3.184043884120895118e+00 3.630035449307329465e+00 5.751521866871552646e+00 1.532397857235557881e+00 4.917027871768943292e+00 2.203519743595612757e-01 3.752647455142046340e+00 1.491978381609448068e+00 6.041627038601387945e+00
1.547683991303349105e+00 4.550409494990385717e+00 5.603674163991435364e+00 1.164211556134882031e+00 7.280134268928492025e-01 2.628155176745823329e-01 6.026690864139842674e+00 4.065143879906257141e+00 9.357534008185022234e-01 4.866846482510402083e+00 2.475064174961870034e+00 5.658361057280897333e-01 2.383064265243745261e+00 3.906682116151669160e+00 1.673627364457865196e+00 1.576453845918181162e+00 3.282698783344482951e+00 3.391717296912277746e+00 9.922480055761933038e-01 4.687225413867242452e+00
3.783886580351798035e+00 4.918285435500526326e+00 2.209517979118413855e+00 2.521474475799561965e+00 4.326965821614536800e+00 5.823243530561620140e+00 3.805562493164219018e-01 4.737676205371060156e+00 5.958773022792109408e+00 1.088739100154718198e+00 3.193254247175050242e+00 1.196957459570608506e+00 3.177062852730579312e+00 5.726357736018338862e+00 2.311316399164301316e+00 4.116588992159623039e+00 4.113469873408172717e+00 4.445304994712806490e+00 5.917379814692058204e+00 1.855974273955128817e+00
3.627126610821403419e-01 4.877056737953386900e+00 2.063323926867781655e+00 2.462711953342080484e+00 3.167128530426269517e+00 3.999822978077895996e+00 4.925511631971361548e-01 3.956784391380243626e+00 9.605841428392612735e-02 1.390307068657380407e-01 3.948621225022836523e+00 5.776802140764231375e+00 7.686542518493044707e-01 5.475968031397746572e+00 3.529091551020100415e+00 5.555808922008933060e+00 4.533595757450648911e+00 5.942409600838623795e+00 4.581854097894755284e+00 2.038331434623330107e+00
4.801559452045569110e+00 2.477381132204520942e+00 2.715366360523598033e+00 1.701242655666022285e+00 1.208800077345302926e+00 4.490108705397933164e+00 3.111767290278093512e-01 6.043910230931192729e+00 2.157443649989873258e+00 5.553001940784624502e+00 3.222822599181184522e+00 2.427920650036449857e+00 4.964248392086097361e+00 3.100256123689093535e+00 5.300864286133479375e+00 1.760801430788667243e+00 1.892630220544696318e+00 4.069924355954539941e+00 3.976579574538276485e-01 3.402897554720432094e+00
1.349848912236457421e+00 6.117564847398889505e+00 5.546022739929004075e+00 2.747831016472181531e+00 3.339868825118694318e+00 5.142872159628873729e-02 4.353874267198222014e+00 2.432880364488933633e+00 1.012795271222090454e+00 1.586322015129867369e+00 5.686704368195028891e+00 1.315846510026842608e+00 2.822873307632958628e+00 3.709587509763939028e+00 5.644055562303046614e+00 9.779239417430352077e-01 4.671547114298129522e+00 5.830010956727268656e+00 2.243269357193103275e+00 4.647190271193185396e+00
5.155396986782862179e+00 3.489113771002067210e+00 8.720473118166396920e-02 4.866927930384396639e+00 3.233981157322024291e+00 4.976441764997938666e-01 2.342918879610883742e+00 5.064815943902568618e-01 1.627146307477262077e+00 3.507484752641268244e+00 5.669827288656740905e+00 4.812906229780347545e+00 4.703017103264590659e+00 9.886893135479776218e-01 3.038574164703453651e+00 3.397781204932614596e+00 2.099112081533409224e+00 8.967617913451831901e-01 2.437362922538841570e+00 3.239551253547275911e-01
5.207506877296101955e+00 3.124707412242108795e+00 3.874993745961961000e+00 8.649264037254876802e-01 2.353846897713772091e+00 1.399495554495040484e+00 5.841133465422172072e-02 3.592159404987913973e+00 1.882918700783008381e+00 3.579008401426568842e+00 6.132472846899895025e+00 4.943768830785547408e+00 1.098297797417608690e+00 5.951926572128638071e+00 3.852338003599828475e+00 3.424247346708058082e+00 1.484666692107704522e+00 2.259997655567195451e+00 2.084641655258533177e+00 1.527428645474403490e+00
1.481562791845429716e+00 5.763700217074450016e+00 1.735301307691187844e+00 1.169178653912597676e+00 5.653036716843779175e+00 1.741849917863421471e+00 4.255750799190166411e+00 5.542972238081488312e-01 3.350143638401354984e+00 5.203748929213725560e+00 3.508248506225198682e+00 1.446522253366427369e-01 1.027883152219957186e+00 5.118840192159606950e+00 4.895464002451796581e+00 4.978004119944415828e-01 3.441346959926022020e+00 4.645377225830464418e+00 3.924019751395557254e+00 7.343168131297228562e-01
5.130619010909364341e+00 5.983608712182314271e+00 5.967365029815537625e+00 6.146008406472169838e+00 5.502680866843743246e+00 2.234455835584302219e-01 2.705746710200724436e+00 5.973812244251462955e-01 2.756132953083236803e+00 2.952362081533175697e+00 5.693129496297448355e+00 2.096747582134006027e+00 1.482661159813610241e-01 2.176171161943274424e+00 3.040308444619565804e-03 5.781651063084183306e+00 5.696307737519552994e+00 4.406003869597219236e+00 6.248222969854465347e+00 5.178923080248784672e+00
3.334590644234423973e+00 5.843868581573508081e+00 4.494532070294142478e+00 5.010136081391346252e+00 2.213524668480613133e+00 4.519951764906803504e+00 1.320353848535843699e+00 3.301296581130654051e+00 2.888231404160201410e-01 5.696279527529926057e+00 6.583385054739793185e-01 5.905837298207083919e-01 1.851926854883722218e+00 2.042039921581922712e+00 4.764507953537664875e+00 4.852272170905501447e+00 7.881177221642474695e-01 8.523516254289504879e-01 1.122673164838029036e+00 3.742004012911039013e+00
5.192356850905522236e+00 8.613689405865943005e-02 5.886059326205915987e+00 2.714714629322506845e+00 2.916361805752079928e+00 3.160406538736080684e+00 3.258709343403283665e+00 3.074225682209430488e+00 5.319621435318719449e+00 2.802712550401714076e+00 3.203947552478436211e+00 3.512095228101701938e+00 4.030817015036506135e+00 3.868850413370980679e+00 3.621281572441225616e-01 3.912192871169907493e-02 2.618800657885790528e+00 4.258216120387325887e+00 5.226868638736342554e+00 9.462202368888837922e-01
4.613828187664892333e+00 3.950356305894180409e+00 2.586714137794459578e+00 3.731183744438815619e+00 6.005875488865916267e+00 4.212540010632109144e+00 3.665881079392661057e+00 1.930535337076410896e+00 5.359159597348835291e+00 4.579284175583209660e+00 4.859459520827560386e-01 1.119772326964547204e+00 4.742345673042351883e+00 2.293712583316651898e-01 9.777068166753025702e-01 1.438541228684902418e+00 5.844754705974612996e+00 4.699966663885430052e+00 1.820010150083278155e+00 1.984455855519566825e+00
3.477487319944192024e+00 1.033529982968543148e+00 4.588444891563245420e+00 3.841811690260918954e+00 2.430216992254657260e+00 2.305590653690651859e+00 1.986677310416831821e+00 2.640214100711934631e+00 2.201966806396442600e+00 2.335572084032242035e+00 3.266323254702280021e+00 3.929587740566276910e+00 6.106612379832528248e+00 1.468197809981265145e+00 2.389233969354211506e+00 2.071787048282631716e+00 3.339368092910019570e+00 5.051126960089558082e+00 2.193029707079166002e+00 5.300836901686359681e+00
4.242910792388799202e+00 7.896373871676430900e-01 1.865762887720606056e+00 5.263610737164315267e+00 5.932292860317648575e+00 3.991308313849188494e+00 1.063917271488668215e+00 7.627380266589787183e-01 2.322686327403058471e+00 5.986405741193696173e+00 9.574972056113808527e-01 1.220415287711404506e+00 3.960014749319057614e+00 4.106811089541794857e+00 3.205374412550915930e-01 6.029275163656402370e-01 1.969396908625866416e-01 4.395935089523066885e+00 2.034007514652017790e+00 2.396410115788191464e-01
3.600696951035014415e+00 8.159109732164167017e-01 5.245058113168988179e+00 4.533379264694222255e-01 3.030708964452289322e+00 5.970874820568845109e+00 2.980815834896023642e+00 1.456669226768394054e+00 3.668263951910994969e+00 2.883509753220073968e+00 2.402314221025076524e+00 4.102387235262745513e-01 2.378461875070444265e+00 6.120325767265487826e+00 4.787546464790049860e+00 2.164186588502818864e+00 4.832986810902023755e+00 1.633770497606422900e+00 5.619419198157683759e+00 6.497707951155696771e-01
1.640291855485664030e+00 5.069549201623265056e+00 2.457571644095678742e+00 2.781370086235293027e+00 1.256028648555187033e+00 5.765834124859732235e+00 2.236742486528444651e+00 4.614632624156701723e+00 1.246168702885716684e+00 1.485295732082609899e+00 5.677540702170767339e+00 3.399856344115805395e+00 7.400470848662075163e-01 3.760092656546900169e+00 1.817959446068577511e+00 1.435542036087775086e+00 8.115927103892515149e-01 1.549813782111874483e+00 1.841828817150671371e+00 2.135078227330214906e-01
1.208083832291265036e+00 2.615137564073473642e-01 3.277799259466492199e+00 4.518427614538230053e+00 2.978177268971883285e-01 1.948004299786490368e+00 1.404709567080403732e+00 3.705183660108393617e+00 5.159481586464179870e+00 2.989561056620761437e-01 2.960689432157138423e+00 5.003577903996757392e+00 1.933949384171128161e+00 4.070776775150580562e+00 4.032839136178878015e+00 1.677151768717189295e+00 1.405478618857546880e-01 3.753880732807854503e+00 2.482556389938946229e+00 3.464066520049122744e+00
5.926741210814354233e+00 3.684503149901708685e+00 5.063219281993628362e-01 3.995081094266402122e+00 5.217187614196164169e+00 5.501853320436396189e+00 4.653337881215083627e+00 6.352683144502848656e-01 5.596178547803207337e+00 3.116169594019968514e+00 5.505742834596869528e+00 1.075657506446095590e+00 5.694660910051160485e+00 1.063781138340066379e+00 3.226814409299501585e-01 2.544319470029743790e+00 3.440920587776625350e+00 3.319728021648749916e+00 2.047742983076536127e+00 1.883105761009093548e+00
2.008810917536336227e+00 3.245391395599464546e-01 5.277406026785985915e+00 8.239824256519703294e-01 2.947563358455116855e+00 2.730093302750941753e+00 1.691319734245319895e+00 1.184688450802111159e+00 5.307695973445673232e+00 1.628470291767119271e-01 6.043237628468553169e+00 4.343810669134233748e+00 5.849722941998134473e+00 4.521519229293819109e+00 5.244045998997961533e+00 4.494153505477645194e-02 1.936174375269709980e-01 5.650803250256168475e+00 3.292599717081465371e+00 2.713100603880191031e+00
6.202073976860588367e+00 1.941481301649755409e+00 2.505551135509669347e+00 4.548864908102989268e+00 6.079233496407059789e+00 1.921006733453525683e+00 4.867560867248967860e+00 2.216522865073550896e+00 4.985979667450994413e+00 2.365160453904072480e+00 5.109914129763184043e+00 2.274681434940756253e-01 6.109706554520244914e+00 5.038947815003575137e+00 3.508360799005608044e+00 4.783552369294931772e+00 4.391774356195324303e-01 1.320282268104525203e+00 4.277785940823178201e+00 2.833338743295744866e+00
6.976341985048560845e-01 5.689598128146077904e+00 6.950004041392021659e-01 3.432343556412115859e+00 3.641943892025511165e+00 1.334680987433392918e+00 1.597299593484222013e+00 1.230642976635817565e+00 3.275708299960760961e+00 5.295836800457180082e+00 1.044403255164744415e+00 8.042080863429686977e-01 1.969703830770992870e+00 2.247652094876730899e+00 6.195741259688356095e+00 2.618704927698512819e+00 1.263814884511358372e+00 3.226529808916136499e+00 2.707123001183727062e+00 1.972997300239901497e+00
