2.237418505405597724e+00 3.126481366253612393e+00 4.036825206004041711e+00 3.635951300224924410e+00 1.146775534522385565e+00 1.868585997542337729e-01 4.740273795316057304e-01 4.545342267195231933e+00 2.551466125735190049e-01 5.146297583733035808e+00 6.713665056817578192e-01 2.763083294771996989e+00 4.186765277079880221e+00 3.045014915046150961e+00 5.310196750233170171e+00 3.413582900218565808e+00
2.535725018196207881e+00 2.562401961480980095e+00 3.730495267277861515e+00 5.163811144107966378e+00 6.079259271757727623e-01 2.382843750308251352e+00 3.271397678591499769e+00 2.635298223438949705e+00 4.705065106970438116e+00 1.428384266259451918e+00 4.700819412809242870e+00 3.448261210497559848e+00 2.607079702878555949e+00 2.069460876114646464e+00 5.162949733202129021e-01 3.360777388973501090e+00
2.412367565170383740e-02 4.001223128208185820e+00 5.490526587681019421e+00 5.281398431656563197e+00 4.563953217721718580e+00 6.116056158310712476e+00 2.599078940287780637e-01 5.984029504343058470e+00 6.066387223790573380e+00 4.331826077748807791e+00 3.447035162838655964e+00 6.143073348055493321e-01 7.787301149628088615e-01 4.024830368945811365e+00 3.551278402508570853e+00 5.398207612888136886e+00
5.582981098924595820e+00 4.345567718319324868e+00 6.163539137178734251e+00 1.004686455401626155e+00 5.901367474855697459e+00 1.935569409768989058e+00 3.112056569870971678e+00 5.873276864692876131e+00 4.659698686000047552e+00 5.809078658854696542e+00 4.053574740489174905e-02 5.400039495759845209e+00 4.705854321583818667e+00 3.380843218272590600e-01 4.486928209958420233e+00 3.333653817026886568e+00
2.682643758688075142e+00 3.918195030633257470e-01 5.247023586641594406e+00 6.047439766697197072e+00 5.438390151730065902e+00 4.877483189464641100e+00 2.746279130654836198e+00 1.177537082032791282e+00 5.316761251294883195e+00 3.920040820912591428e+00 1.731470046989491918e+00 4.123292329615179774e+00 4.147063973166085660e+00 2.484088544295082635e+00 3.745209729231662621e+00 5.001794752764755714e+00
1.359764050250219514e+00 1.840544008619253935e+00 1.693791486000488344e+00 3.097057641510359005e+00 5.714053869894625493e+00 2.109672878162976717e-01 5.289541442158138373e+00 5.490227101986802083e+00 2.655342399113265195e+00 4.978920719424721475e-01 5.059241551744051435e+00 6.795897604632905598e-01 5.407844100323808689e+00 4.623856430803824580e+00 8.230926567879178757e-01 5.395965607945093723e+00
2.297793240543098747e+00 1.765876413267855272e+00 2.760523348402295518e+00 5.934445963138112567e+00 3.785269197958369247e+00 1.041733723398937883e+00 5.482305941944062511e+00 5.493183717094589191e+00 6.129561023989271717e+00 5.447968964734807962e+00 2.960404482577894125e+00 4.929048692667761244e+00 5.846748935216095511e+00 1.171716652116395085e+00 5.821691856487031025e+00 2.065159265555435386e+00
4.735484925472652762e+00 2.165200253832986643e+00 2.808319885103183755e-01 2.801268311729908866e+00 5.115595717133145648e+00 2.639249021964241493e+00 3.055440440188384787e+00 2.310990501505377548e+00 1.727098114660334138e+00 7.939493331617062388e-01 2.258321867750708201e+00 3.246258032100973523e+00 4.449761069509147404e+00 4.718124573930523091e+00 3.839936414819068666e+00 6.254630785647761204e-01
5.126315860065916441e-01 1.211937287089464688e+00 5.727943390432640669e+00 4.953433684633834488e+00 5.030421903923417704e-01 2.147971009566176814e+00 3.394234155750782911e+00 1.789239798470742215e+00 8.383821326163862775e-01 2.306438485202550570e+00 5.238833308980691328e+00 4.991373314590722976e-01 3.973146803992941400e+00 2.096490481630338909e+00 9.729138687002203412e-01 3.306136105546085613e+00
5.160925114866987684e+00 5.293190123536393621e+00 5.605259823178865730e+00 1.424895907770752812e+00 5.971927626155113522e+00 3.118437856290507515e+00 1.863342981053467406e+00 8.892603119726382177e-01 2.224226002381607614e+00 3.612991804027329223e+00 3.846393760436200182e+00 1.806366542093005012e-01 1.939349818242679602e+00 2.615185808289812175e-01 9.692774563735436777e-01 4.542992292885500660e+00
5.367344467190870105e+00 4.575400464784800114e+00 1.064895904805005733e+00 3.969910307280895001e+00 4.824821125598026228e+00 4.849977834243995645e+00 1.267237569838162603e+00 2.851610362321018055e+00 2.332663914445315179e+00 1.939334483407486598e+00 5.060742700338936473e+00 3.580768208739851577e+00 4.985581206895409068e+00 1.981048972954260468e-01 3.049974272063216141e+00 2.893454268220379433e+00
3.336648244240883354e+00 9.754632275360221039e-01 5.882032620681681756e+00 1.814357286301822025e+00 2.267766480627091130e-01 3.083265953817117266e-02 4.591375809874466363e+00 5.286284560229772111e+00 3.066343705044221046e+00 3.719082732822717841e+00 2.415587673269962377e+00 2.617042053314029726e+00 1.916277923690328233e+00 6.368245717935951955e-01 2.012348448517804478e+00 2.719294630134792889e+00
5.073976562855914807e+00 3.440838381363493070e+00 4.711222222663572268e+00 4.993283134160839687e+00 3.781700204586007530e+00 2.402530068313879497e+00 5.965161104338327913e-01 9.615413048178401700e-01 1.588119171386526807e+00 6.105136818258581677e+00 1.664714020544195261e+00 6.017607836310650882e+00 3.354210013379158806e+00 5.210878200415139938e-01 2.542363998655833512e+00 4.179326852961096961e+00
3.480482106334043202e+00 5.896483191964830617e+00 2.943685922188768345e+00 1.813982694541280249e+00 5.101357048429513430e-01 5.106070316987493030e+00 3.184657875632298296e+00 3.258630491377454974e-01 6.147156058493381536e+00 2.115257976234235393e+00 1.101494738022994024e+00 4.015428029711245017e+00 5.299985249873255810e-01 2.459120687488061119e+00 2.618500909059513493e+00 1.772074288758211935e+00
4.249931588435471141e+00 1.417594625453525881e+00 7.399740148348520341e-01 1.011556606489619536e+00 5.757558281384612009e+00 1.592181170310394078e+00 5.086959644141624715e+00 5.972792298532858091e+00 2.828109920912530661e+00 4.220752814890654792e-01 3.219273488029998020e+00 3.475524779051451851e+00 1.077461555487656819e-01 4.926646812053654401e+00 3.216767916807358851e+00 4.241235496274276429e+00
4.668168186924450680e+00 3.830167135321340233e+00 4.239859640847035038e+00 1.774612790791230355e+00 3.413420927049075626e+00 1.129619855407178797e+00 4.367210626178786192e+00 5.122835216764702437e+00 4.978663310632827077e+00 4.861843593525722262e+00 4.816411145498054935e+00 1.137325382089767078e+00 6.096870778953825898e+00 9.855954717437842572e-01 6.207906687468764062e+00 9.714190883360637740e-02
1.941096265345317873e+00 4.235757000860481902e+00 4.683907705284945600e+00 4.850456649982767487e+00 1.177934946673649508e+00 5.411447066256697802e+00 5.868810200269883204e+00 1.234854790432935001e+00 4.812460162125946184e+00 5.646967130177022121e+00 2.397500586367236064e+00 3.077864401952267182e-01 2.184438523620557682e+00 2.399855255856068847e+00 4.393590211445903115e+00 3.714721563487022316e-01
1.956978460137097642e+00 1.030824918497401432e+00 4.638006012038789372e+00 3.165046282200810523e+00 2.138290176633016682e+00 1.209700504278225175e+00 3.242356299071931236e+00 2.429307026788114943e+00 4.824584168166274445e+00 2.451883782781730137e+00 4.031772814464715360e+00 4.093854340501437150e+00 5.189651819373119146e+00 2.522815727609197811e-01 5.729965213138239477e+00 2.188109026448918915e+00
3.494711264630561587e+00 2.915513457097337113e+00 3.964834117056057039e+00 3.119269187902778295e+00 4.173504222765730964e-01 6.142351715508119980e+00 3.626062543511797465e+00 4.375543306483836936e+00 3.506310032832765877e+00 3.913342659935548529e+00 5.513239562116988068e+00 1.619360458054895702e+00 3.738617488779376163e+00 4.414424873198466770e+00 1.765112463451121994e-01 5.906273092530906155e+00
2.196344894093918310e+00 5.730277406469762802e+00 5.208029335965556061e-01 2.572364753620096867e+00 5.374164617466538729e+00 1.108864928117599735e+00 2.034479195599022461e+00 9.378643885863006124e-01 2.486543132790299815e+00 4.637572305157372732e+00 5.231769204446378829e+00 3.860717859785444794e+00 5.268959734148140228e+00 6.166746402470906219e+00 4.498432387677037347e+00 4.361702745772935153e+00
3.744161284019641212e+00 2.438975997188240985e+00 4.373960090988848748e+00 5.689512961254543200e+00 2.380071904037873498e+00 5.870487245004735399e+00 2.033464831634328895e+00 1.987203162998155026e+00 4.251092970363879786e+00 4.554350628209097529e+00 3.565963575788380080e+00 1.554702805153852063e+00 3.934392187262121698e+00 4.485888671823068385e+00 4.903127102422236483e+00 4.898033436805614649e+00
2.935851311769350325e+00 5.228403245108625974e+00 3.005193151725533696e+00 1.654322731279062930e+00 5.425582835149239003e+00 2.431516848104181783e+00 2.747926450399335696e+00 2.458567796797091365e+00 1.787966447672919124e+00 2.398017908805304188e+00 2.190638313342975430e+00 4.685887099538525113e+00 4.034435370527018172e+00 2.368741097926561068e+00 2.091488469037138920e+00 5.861335515913398631e+00
3.975739758696762216e+00 2.135841943124944908e+00 1.148132125672236326e+00 1.600398876446129215e+00 7.811613073908022509e-01 3.561686823257703693e+00 1.544546405634196651e+00 6.010257020435312292e+00 1.913907209103226315e+00 3.215014069289495069e+00 4.598857688439627722e+00 3.157780140966790494e+00 4.623176324822166450e+00 4.609092050323426726e+00 3.581522649534858438e+00 3.574553805171910348e+00
3.037057356790390905e+00 3.756634920186806281e-02 1.290721574349534828e+00 4.479935256988189174e+00 2.529228766099111514e+00 2.560971150498123627e+00 4.233732976515116597e+00 1.460169083862344008e+00 2.907366928400845651e+00 3.949533137378602898e+00 2.477823945289038488e+00 1.037657541388824933e+00 2.635420511009673117e+00 2.339942426897537953e+00 3.057676179306739517e+00 7.572750668091802195e-01
4.943259887956143572e+00 3.038691517137194431e+00 2.039894493476075155e-01 6.212042293795013492e+00 1.568726814661096203e+00 6.022553543104011808e+00 2.654662546593621109e+00 5.310345876888689531e+00 6.131137337628205231e+00 1.755172980589585707e+00 3.794483361094576512e+00 1.881126095948255861e+00 5.951417909770071013e+00 3.094625970837446616e+00 5.209075850177912415e+00 2.320268778070285087e+00
3.060111401683953236e+00 3.073599875376357371e+00 3.053080685478024137e+00 5.314450593628985864e+00 1.899755912256896551e+00 3.222845410742368077e+00 4.054309091170915202e+00 2.530192206977228686e-01 1.964941316346898725e+00 1.812243628808467566e+00 3.622415133979400292e-01 3.340498633492798408e+00 8.793339095370003022e-01 7.565912531961411780e-01 4.662056704855234379e+00 2.962338389027787677e+00
5.572403229070718389e+00 4.265541851895204850e+00 3.399784666487390083e+00 4.107896682621604567e-01 5.206162520809976435e+00 3.060670647757036011e+00 2.373115317092918009e+00 2.616306193365857791e+00 1.773176398324987968e+00 5.710580083820334885e+00 8.081159367419064044e-01 2.259189272025607043e+00 3.095352437919773880e+00 3.371396406319189243e+00 4.711268128171218761e-01 2.336036265348110597e+00
6.224060298119357348e+00 4.214984615219858455e+00 3.361169742812206263e+00 2.186967004158568706e+00 1.505043953502238185e+00 2.918104783002078317e+00 7.118766785294741162e-01 3.206234892377061829e+00 3.354660438176267245e+00 3.460947105757204323e+00 4.829211965069453605e+00 2.931933999490428100e+00 5.654817886337649036e+00 3.342885205429146023e+00 5.894313934607943395e+00 3.989490978939822519e+00
3.557728923722022429e+00 4.581139703582985057e+00 9.538752281952032064e-01 6.178523785254960821e+00 2.693081663704669282e+00 4.896164137997292443e+00 3.089749690463037268e+00 5.149967324193237772e+00 1.833059509322544800e+00 2.949896103731459274e+00 6.013962545042436325e+00 6.180439064588791886e+00 1.760412889445250872e+00 3.346533734422309170e+00 5.081850379145568475e+00 4.519392554633280490e+00
1.658203260728384476e-01 4.294969023223055515e+00 6.063628782100066950e+00 4.599824919328027839e+00 5.412492980172135759e+00 2.742456171433000911e+00 2.813501645829548981e+00 5.010143459714223368e+00 4.825171754661315759e+00 1.421598447503292784e+00 1.186523382113501057e+00 6.047287517769301957e+00 5.277558242795224785e+00 2.955503850591818527e+00 1.039048599799102801e+00 1.708072294516307821e+00
3.263977170163813835e+00 5.765563782334064413e-01 4.091309883773583955e+00 2.480216596117446048e-01 4.872151781343706745e+00 3.148439667264330666e+00 4.961588867017572291e+00 1.624353140362149839e+00 2.425145499517187719e+00 4.003587719587025084e+00 3.630263121983527963e+00 5.755685978060010477e+00 4.873034232573393076e+00 4.261108486413716534e+00 4.338643775425181204e+00 1.181459852703754532e+00
2.215971296288023140e+00 4.332963719244204981e+00 3.220468295531426772e+00 4.930706751531036325e+00 5.590768439071402085e+00 2.937163486631264586e+00 5.553944251195381376e+00 1.370593996609145604e+00 3.960557922771396733e+00 2.588121003941417975e+00 3.234140183438353411e+00 5.994983797345086352e+00 1.528383626158872133e+00 5.090951230225630120e+00 5.990025943258642016e+00 4.053256113305288899e+00
