3.896839327274081555e+00 3.714687587261861879e+00 1.036898671101730507e+00 4.624250851318422839e+00 5.676028538745460317e+00 3.342130439844503975e+00 3.310226193170235920e+00 4.515929145727718641e+00 4.916411959198327963e+00 2.305490206382193374e+00 5.281922329444154407e+00 2.308346670163766046e+00 6.087631522012310725e+00 3.884861726946255089e+00 1.337015794118648904e+00 5.324402035400134459e+00
4.543464442795615454e+00 1.969099224243852753e+00 3.089518183612510516e+00 3.703103584522898117e+00 3.529576498317591682e+00 3.689400988033242346e+00 1.182379056550470819e+00 3.657182141084866500e-01 2.138734582401092155e+00 2.661269243820124419e+00 5.104392656903483427e+00 6.096104382991676118e+00 2.440290261351683920e+00 9.223917077909026263e-01 1.455075848723933474e+00 3.198535672827096832e+00
3.173528982077167715e+00 5.676481713662434814e+00 4.244260963365240613e+00 4.281117198646740896e+00 4.770488759529112777e+00 3.311181860007037514e+00 5.434623141649191247e+00 2.806007422616960678e+00 3.767957978026403421e+00 6.563060160746081451e-01 5.544731005478164221e+00 1.421299903150379018e+00 3.284281990669605467e+00 1.183352005512560812e+00 5.639457884505460150e+00 3.534647360246378156e+00
2.664013447677399671e-01 4.444281930745904496e+00 4.490331931588205983e+00 1.346436519134831977e+00 3.438960404844548346e+00 4.587660585037301786e+00 5.386358529875759693e+00 9.907593351009765792e-01 3.662834675026811759e-02 4.995395971574689398e+00 2.473199698734583674e+00 1.319328680235991591e+00 1.688814017355330932e-01 4.634915395536959082e+00 2.843722504222703229e+00 4.858453692886911313e+00
5.693337536771327478e+00 1.207756507127949908e+00 5.891745588790835875e+00 5.775461910438479229e+00 6.155201969658964600e+00 5.455642893123019199e+00 6.596890278332693258e-01 5.339488389457011763e+00 1.464101398229101347e+00 2.041620083501371585e+00 2.560563607358320670e+00 2.015785878862579761e+00 4.237071626612588737e+00 2.128620778621637566e+00 5.013289529182293869e+00 1.741040727702667601e+00
2.327971575981989893e+00 2.097818651587123051e-01 3.534940180012852373e+00 1.969359887443425383e-02 6.008272241782413481e+00 5.751597854485707151e-01 3.088469904867012783e+00 2.591334115871488653e+00 3.542775590689479781e+00 1.046000621947267950e+00 4.992379266534359594e+00 4.277517968465771148e+00 1.181763183144490581e+00 1.484606588506953928e+00 1.651664688218532184e+00 3.954732716817677574e+00
2.978356531407706953e+00 4.572754127181300476e-01 8.819863221083892313e-01 5.222113294954718654e+00 3.476370086371560308e+00 1.614040867941368695e+00 5.718652826025822478e+00 2.530360993055683405e+00 1.196452150135458359e+00 1.299903910937994400e+00 1.312197922434913178e+00 1.019958692725866367e+00 1.687854162801078584e+00 2.835272988580153086e+00 4.115733958092342881e+00 1.694696940981200495e+00
5.483347641657588811e-01 5.595522252567172394e+00 2.146686082891336778e+00 2.237533181846592889e+00 2.513853362233434030e+00 1.941620733296184564e+00 1.158580581889688599e+00 4.863687081400088097e+00 2.008669830123415156e+00 4.639436388417396806e+00 5.480660211920219460e+00 3.471265725134727642e+00 4.183327154048868124e+00 4.926942127304088537e+00 3.982220046598626162e+00 5.613574685033608347e+00
3.188923795369950298e+00 1.404442427673938454e+00 3.160835649660532543e+00 5.534951957030661340e+00 3.847190088512841832e+00 3.620116297748617651e+00 1.541304391038422539e+00 3.182408336828430606e+00 9.342174586559626182e-01 2.002575922614104886e+00 1.793180246392052535e+00 2.010035004047340035e+00 2.587221301263646467e+00 3.831571709540904092e+00 2.261683632143398182e+00 3.377572923354800416e+00
7.994836593586470697e-01 4.869553836434963756e+00 4.413322329397136201e+00 7.803179372977783190e-01 5.085552364058672836e+00 1.222837806828139806e+00 3.069676086253221747e+00 1.401474910486145253e+00 5.437049275196736531e+00 1.307770218437990906e+00 3.820240346305926238e+00 5.297146160324761155e+00 1.466876801762126981e+00 4.390546325389591553e-01 5.877852446973737877e+00 1.540502488228871814e+00
2.362391371525967898e+00 1.153840724171995680e+00 1.588526348429767809e+00 5.875645325440376432e+00 2.009222222856488216e+00 2.405483646925774543e+00 5.365896554451867750e+00 3.041104416901051266e+00 3.940354794715421605e+00 6.097186159721015741e+00 1.566147964917428803e+00 3.697417074731173425e+00 1.443078455650153691e+00 5.482593288937411380e+00 3.189885627225215625e+00 1.827973939398701120e+00
2.608301434075593672e+00 6.788646201236788746e-01 4.952904431584602696e-01 3.527030572281715681e+00 3.326438011770883385e+00 5.212421347418113804e+00 1.197607128897824724e+00 5.030132798366086178e+00 5.272199556179498536e+00 4.761492597078216704e+00 2.664554337050450528e+00 2.805028690132433944e+00 5.313008617000283706e+00 3.041306539325331126e+00 2.930311621303207215e+00 3.580523914322718326e+00
1.255187515870622494e+00 6.130543536170797836e+00 5.982648341913810341e+00 1.817191353202947113e+00 4.980458275311625549e+00 2.550306815216808243e+00 5.036115599746938898e+00 2.709558738024337998e+00 5.174485620160340638e+00 2.900311074734349681e+00 6.173775268846251052e+00 5.886970370079295023e+00 3.560684239296530329e+00 4.757545909295237685e+00 4.893735130838114955e+00 1.024979788079122489e+00
2.591935169619038248e+00 2.453855406231444380e+00 8.767258588321051871e-01 6.207170035377713724e+00 4.338173501655739450e+00 1.642487298001866991e+00 2.073571447649595889e+00 1.178539552587540173e+00 5.063796454176466177e+00 6.368902044090363201e-01 2.366451738476636368e+00 5.273035813162686658e+00 1.333583664867484586e+00 3.897338252794936508e+00 5.002313580251346314e-01 4.187758143264958655e+00
1.774232211047522156e+00 3.543828310118726677e+00 5.354125899004641198e+00 1.377824054925975705e+00 7.556971978374786847e-01 3.552549641824207960e+00 1.952244258072165062e+00 5.433835311691926684e+00 5.500907633567905464e+00 5.336106715400380729e+00 4.264510804277212408e+00 3.185898963106885695e+00 5.587100214606069315e+00 6.099813947523307078e+00 5.779173313697546277e+00 1.886634352711932028e+00
7.321821496941698371e-01 5.116695116124591047e-01 3.097657678346581900e+00 2.231385135364534644e+00 6.198286981171436949e+00 3.462736619587509335e+00 1.548780054157462782e+00 5.895638110241328889e+00 4.241385157453363419e+00 1.622985069249649470e+00 1.621921629209619020e+00 4.764767484982608825e-01 3.634433846558184911e+00 5.614054017823709941e+00 1.704783087319521329e+00 9.534962987739357132e-01
2.873975119316296567e+00 4.956198755378623311e+00 5.708591334378147586e+00 4.268774087703281594e+00 6.000356617725252306e+00 1.090194749144198783e+00 2.755735122488766731e+00 8.810900487837681760e-01 6.726208686405906745e-01 4.829149925645515928e+00 3.158360817441482560e+00 5.911252211450363170e+00 3.056456824304381037e-01 1.674029936581476141e+00 3.868998182714102008e+00 6.164922847795854643e+00
4.889633283885932435e+00 7.349784896779390508e-02 2.982788672649214767e+00 5.589854855498615827e+00 1.061683306556156170e+00 4.998027002768044902e+00 1.174015363904350018e+00 3.912720972038823408e+00 5.970667676904247934e+00 4.873025120911704811e+00 3.706996849220380419e+00 5.357474509864364798e+00 4.331684631880522218e+00 4.565134216058135408e+00 3.301835533603245221e+00 6.010987497527289225e-01
2.598584425679018040e+00 1.391113139831410050e+00 1.591824978037901905e+00 3.630441037167507101e+00 2.409872755852638271e+00 3.486463143543693799e-01 2.307388258380730583e+00 6.124553621656661839e+00 1.968972775897168459e+00 4.027427492573774082e+00 2.952858722038351758e-01 2.010479971162468793e-01 3.961493662468599464e+00 5.383278018216940630e+00 6.248664919920220662e+00 6.202373973820122899e+00
6.207164932127285262e+00 5.751477272074740021e+00 3.910263304311048516e-01 1.253844674814352578e+00 6.255009261493743367e+00 4.379820153320742371e+00 3.564134798523214687e-01 1.292742281098591794e+00 2.714552110861581657e-01 6.112904334486814584e+00 5.004348054619231156e+00 6.200158145735628068e+00 1.204549119899513965e+00 5.332765464651098242e+00 8.584250093539723681e-01 5.573977427091071357e-01
4.350698069161523129e+00 4.557014110378847072e+00 4.249710667717833346e+00 5.618729746738942765e+00 2.290748150873662681e+00 2.283892068295346744e-01 5.978564867372359259e+00 4.902568530461487439e-01 1.596384081322422599e+00 3.299513379640525379e+00 1.285420999544706566e+00 6.108355372340835920e+00 3.641164818364319711e+00 1.870969703251517124e+00 2.755416873584637827e+00 4.443562130160396251e+00
1.624211777884095875e+00 2.736377577488596113e+00 1.589357930873181113e+00 1.314680191622007888e+00 1.681704651104634074e+00 5.549460375406653156e+00 2.338975922169170385e+00 5.758365467637666768e+00 4.908316435633637731e+00 1.732846391858521296e+00 2.988541395651896693e+00 2.550432790641251390e+00 3.861949576640129944e+00 3.437976430427808427e+00 2.034835168507000525e+00 1.071824681619735875e+00
4.529158265762069036e+00 3.982573288068236739e+00 2.785685441615320279e+00 5.583943075272010503e+00 5.156961653557365466e+00 3.094720619756201163e+00 5.740363770876041549e+00 1.628069059976134048e+00 3.964717060015879646e+00 1.081763189378899037e+00 1.647441373107094709e-01 6.086256669371914008e+00 1.992124393585791742e+00 4.577807191208751902e+00 3.227405175070534593e-01 6.483917371293576037e-01
4.455769224254890304e+00 4.755572331252406748e+00 3.093753847829268100e-01 5.250970906792647774e+00 3.910537285640462712e-02 1.863321447946489462e+00 3.365611647470537093e+00 2.591102050366392295e-01 2.011302508589734472e+00 3.846284683614141997e+00 1.236867570551247519e+00 1.525000594853420099e-01 1.786895624386818593e+00 3.263669405020464431e+00 2.692902688752042195e+00 5.047945282619261675e+00
7.722054963969336994e-01 3.134276829646200913e+00 2.439331504892084945e-01 4.150376055725454094e+00 5.263912342350280049e+00 3.144612772208227103e+00 1.672008895552788976e-01 5.708262217815698314e+00 3.336173769844268833e+00 1.713634310990745924e+00 3.487947755049926046e-01 2.217256678113304957e+00 8.939932879234345764e-01 5.756811510077135097e+00 2.177492073935382688e+00 1.299500516556227003e+00
2.306753185411078100e+00 2.779419130236316260e+00 1.702781116674750850e+00 2.668626721826342418e+00 2.191867417440337196e+00 4.532599791806484646e+00 3.968937261565603225e-01 1.586285740927318555e+00 4.829256993601729775e+00 5.849965350005918552e+00 3.840461831789637071e+00 3.310435208547540142e+00 5.213997214941968217e+00 8.498299649534383216e-01 9.899591440447632618e-01 2.587236786746867967e+00
9.897245354040178356e-01 2.459720789406808716e+00 9.840593982456548039e-01 3.495351192102110538e+00 6.200085567984526591e+00 3.388030103822815775e+00 2.581810141525983759e+00 1.588250925468556396e+00 4.511668703409198677e+00 6.169430853323569330e+00 2.661873981554662705e-01 6.048035944104747763e+00 9.998066391713552603e-01 1.068001500810630056e+00 8.840996382647745011e-02 3.151036254622510580e+00
1.141733811657037689e+00 6.175889210775392435e+00 2.893887696085622352e+00 4.926659434851721642e+00 1.278595351650230194e+00 3.961074712307667500e+00 5.071616295710987821e-01 4.353187211861120787e+00 4.777435310485823372e+00 9.807960157042522331e-01 1.952982531912286879e+00 2.892948571181717998e+00 4.889526081754713260e+00 2.100943016303654431e+00 6.950080295709496481e-01 5.366336692483223203e+00
3.719912078979147996e+00 5.645984297378372929e+00 3.402082449858918167e+00 1.860009890019558521e+00 1.565591830767903980e+00 4.549958017695256984e+00 8.099274997642459395e-01 2.881582490297195154e+00 6.169510988229824022e+00 2.581675680342934154e+00 2.857670238172143495e+00 2.736904506901369771e+00 2.762277917286994899e+00 2.614213135255391673e+00 6.751798672723419159e-01 2.834182847985190712e+00
3.229029279922022599e+00 6.189137297775481272e+00 7.898886781731496720e-01 5.152263994687496407e+00 1.858141185720213917e+00 2.552733707548777708e+00 6.949533819031370463e-01 1.440956734552203189e+00 4.323731934006262989e+00 1.768823874132968488e+00 6.734293602551170155e-01 4.521287288998639298e+00 1.815382756672263342e+00 5.863356198062865537e-02 4.045661060481118732e+00 5.781049117803847892e+00
4.211441640211680770e+00 3.486681498539728974e+00 3.431819667746403013e+00 2.431533176666664797e+00 4.360714998901247696e+00 4.237197880343137157e+00 3.290364353864998481e+00 1.015579651276462103e+00 7.144088508732399090e-01 4.850585170758766829e+00 5.851189702338216447e-01 1.570881809149237585e+00 5.049370317668101793e-02 3.100285735478243154e-01 7.478504242585228001e-02 1.249335834226122266e+00
3.936648607382630671e-01 3.122157083090606911e+00 3.343816926182670457e+00 1.291531414861708082e+00 5.420801412117646212e-01 1.064434028917013775e+00 9.545403155687305352e-01 3.507687817257898910e+00 4.834545258911854049e+00 2.269228366607977332e+00 3.580084914496811432e+00 1.554789986592356232e+00 5.809917425847691774e+00 3.496843007640888956e+00 5.821562218393147026e-01 7.589350959297490595e-01
