2.863056175300045858e+00 2.616999380798157748e+00 2.597835908014917816e+00 4.741255889723029249e+00 4.600629018298942441e+00 2.849745459160278216e+00 2.157888783696653601e+00 4.426760639955494625e+00 2.137984807324063485e+00 3.424989665580598253e+00 1.585763306790411928e-02 8.062920441412275707e-01 2.166985012403702004e+00 1.202164008048540289e+00 2.469457482686650440e+00 7.550825745222807805e-01 4.698879433941185901e+00 1.100933571626761198e+00 4.102751558822279598e+00 6.281357674041958994e+00
9.061815994725387347e-01 3.117907161581595421e+00 2.223365628470737043e+00 5.517260135601616433e+00 8.808458043542644056e-01 3.202349295277830077e+00 1.467497637128735821e+00 5.141013965533218766e+00 5.045326104453029537e+00 2.134825037313697216e+00 2.115692315723180172e+00 2.608081246623961125e+00 5.610613349089511814e+00 1.312123227094611266e+00 5.025086351993038880e-01 1.325570267689479831e+00 4.654711623095741935e+00 4.859211511085363533e+00 4.606309674166611856e+00 1.624968697309103316e+00
2.301244957658641788e+00 3.201952784120692286e+00 1.667754497448796558e+00 2.444801326826216759e+00 3.424626478485527592e+00 4.173837069460830662e+00 2.886731433632732990e+00 8.757991536690165058e-01 7.313194595366750983e-01 2.326736520269156561e+00 5.322022992670610186e+00 2.331788746635315324e+00 4.160863849258666924e+00 3.107418898475367453e+00 5.378633267815175145e+00 5.694876278829450023e+00 2.164785674223516754e+00 3.337200129335292420e+00 9.874384627665417913e-01 1.974535648592266712e+00
3.093084019310485822e+00 3.023334453823192991e+00 2.448972960788871056e-01 2.343657311560929823e+00 1.581826788020159968e+00 4.582798628110054118e+00 3.035157711075505027e+00 4.937951841372261619e+00 1.465173687243121359e+00 5.536554796109156129e+00 5.488068467986629173e+00 5.467452313721858026e+00 5.470254377039354132e+00 5.156123493816504144e+00 4.741185768280994139e+00 1.478606180381847768e+00 5.375498981860311609e+00 3.168285997932876796e+00 3.527481919890688156e-01 4.246886133715470635e+00
5.128115001499839565e+00 1.053578821029011792e+00 5.469674754037500364e+00 4.285827950574351064e+00 1.305657232779547705e+00 4.206872980408016716e+00 1.362495312492038479e+00 2.691304826369451231e+00 3.548584242373600262e+00 3.927432746136665376e+00 3.062310895583698844e+00 4.773204144785353265e+00 2.193159729591120932e+00 9.597974201794151616e-01 4.499081281597910653e+00 1.406662312807821946e+00 5.763608145738975175e+00 3.344189288463070842e+00 9.991314485758574504e-01 6.031814160934060531e+00
5.266002202153233114e+00 1.193835421518999906e+00 5.121747412614453820e-02 1.099985608078832611e+00 1.485458276120093846e+00 4.400204020865277954e+00 2.549133675501825458e+00 2.759094405136950368e-01 6.129776692130485038e+00 3.255868788217882503e+00 3.419510375296977767e+00 4.015553998727398044e-01 3.998335423331775385e+00 2.256573206006128096e+00 1.597847632648818905e+00 4.526968844592317964e+00 3.242862276426436430e-02 3.526680788218651053e+00 5.021020391538248973e+00 4.523658674893208165e+00
3.342996944674519799e+00 4.760831953845717557e+00 5.582217338084499936e+00 5.345972480011878858e+00 5.702939849957553875e+00 1.766869343067886788e+00 5.572159881606082443e+00 1.144085185979523578e+00 8.111154644981953821e-01 3.722537870856126307e+00 3.119401452956222620e+00 4.131384395807893739e+00 2.013975314578991149e+00 4.789089080123841491e+00 2.764276275855589660e+00 2.578137360696561853e+00 3.100223897948488183e+00 1.946701783301415745e+00 3.124736286807267227e+00 2.523331589540297681e+00
2.846210321535637355e+00 3.406326059401182604e+00 3.174587288229746562e+00 4.415221858539602806e+00 3.023239624578721418e+00 4.638915098492127242e+00 3.963900251726779178e+00 3.285377071687072714e+00 3.530037492985879322e+00 4.004303101977974677e+00 4.116547189712997934e+00 6.110825635824883584e-01 5.465271437268018673e+00 4.233722628811652733e+00 4.241947555004981218e+00 1.450934483038938683e-01 1.864520305596715222e-01 4.250481414028787874e+00 5.263413338267720398e+00 2.292051033173273744e+00
4.207188739274800859e+00 1.836495130804046916e+00 1.215062124644720631e+00 7.510624940041938924e-01 4.223502059339494963e+00 5.422149974212957524e-01 4.953315361406627204e+00 5.558052102396474403e+00 4.378403456988910314e+00 9.134369038790388640e-01 2.368157100638037804e-01 5.985256748254493608e+00 4.579926264474830866e+00 4.523491005924006103e+00 5.156163106022934706e+00 4.469092056755393116e+00 9.399657773434665353e-01 5.525229240241598561e+00 5.034868129765105671e+00 4.841486066701111923e+00
1.210772584380890082e+00 5.086758007401492421e+00 4.162325459230026503e+00 5.299856831818840597e+00 3.135131291083299132e+00 4.171960479313090886e+00 4.032881238478625008e+00 3.838743110169229311e+00 9.408253827206812803e-01 3.785311163542721236e+00 2.521596339324792879e+00 4.485672397168228187e+00 9.046204017693787458e-01 7.320235902901508496e-01 4.296080533544469837e+00 3.623419303130611530e-02 5.008170263002692302e+00 3.813889167960342608e+00 4.170357894016475386e-01 3.261623026648453383e+00
2.347830963720361375e+00 4.850863416066216516e+00 1.507849693510598055e+00 5.841384649941080198e+00 5.706550092137789854e+00 2.688745611622641807e+00 2.884628222320832602e+00 4.102017700746887208e+00 5.637058488772718867e+00 2.330384597855488238e+00 3.167909437950283014e+00 2.363454758815329626e+00 5.093281161014084013e+00 1.817543126508063045e+00 2.012875957647199066e+00 7.183201386212992867e-01 1.218837805108387462e+00 4.897851855901448559e+00 8.429037332735591637e-01 1.767925244808309815e+00
2.671719528334151494e+00 3.972495640709473363e+00 1.334106251950885336e-01 5.786685250520339885e+00 4.525012123043582690e+00 2.820702137508136254e+00 1.409436090633133576e+00 1.840583546656231029e+00 4.105677566881238971e-01 9.998269462429858478e-01 3.531404370301693518e+00 3.543111027465559726e-01 2.578264395425562405e+00 5.962772475696818120e+00 2.124031915955161054e+00 2.244562034179441667e+00 1.239407370956411292e+00 1.432226764825573984e+00 2.644897355801111072e+00 1.670942043222040985e+00
2.980413789278649972e+00 6.019673794739198947e+00 2.813743918065060079e+00 4.055153371956683017e+00 6.664969954994393042e-01 2.337818245617360180e+00 2.357206159860397054e+00 4.253766769869193887e+00 4.289469234834863975e+00 8.538490016369166824e-01 4.183165441092266512e+00 4.987954938026934570e+00 1.612546134911718720e+00 6.040440380222396932e+00 1.170134278078421408e+00 2.537444111636365296e+00 6.761911123316306504e-01 7.404983581650480262e-02 5.879172154355239321e+00 1.714651344938987299e+00
5.838445434315240767e+00 1.948230588549324294e+00 3.676973510229726738e+00 4.094506222510385207e+00 1.418433546947855506e+00 2.764864224162138839e+00 4.948140195449435730e+00 4.017289758932051313e+00 4.850976808060507572e+00 2.782254313493336628e+00 3.325338692230364046e+00 2.717238682227719249e+00 2.135080471134527258e+00 5.366749389871516840e+00 1.193904544609347251e+00 1.224891892662943738e+00 4.370922699220551877e+00 3.270759394869387826e+00 4.112142166406843602e-01 1.213706426238590819e+00
5.418734354835893718e+00 2.338914146571692498e+00 2.712501409586230761e+00 4.119590615258967858e+00 4.647984152070558039e+00 5.281888528049284659e+00 2.535161294492164430e+00 1.039393201183486548e+00 5.900911054182196303e+00 2.876156136935976271e+00 3.245172872477289694e+00 9.840850047050874183e-01 5.943473074430094094e+00 5.658211973698504593e+00 4.460405228358994556e+00 2.899003217207689609e-01 4.639663349298422723e+00 1.615960742190694077e+00 3.770527240480403108e+00 1.890560472768199718e+00
3.364281821922480820e+00 1.950577900956318889e+00 3.555512411825031638e+00 2.255053353174409914e+00 1.476828915013396415e+00 6.142039693483107854e+00 4.775005301848135097e+00 3.209111977270408200e+00 2.540756724387783549e+00 5.572103355972910066e+00 5.429332817538993217e-01 4.138477350048715309e+00 4.319047357871085957e+00 1.054900607960043146e+00 5.899898259143155244e+00 3.221012887972106498e+00 5.156230642625367899e+00 5.800819867537136965e+00 5.581418911477223688e+00 2.553031965137422254e+00
5.219405193488213079e+00 1.721888761388518541e+00 6.646465085049969579e-01 5.837736465988077939e+00 1.521726496336696322e+00 1.841471895182166529e-01 3.108170496892854295e+00 4.285999670358856761e+00 1.517124817995434860e+00 1.410415234319266853e+00 5.645788494063870289e+00 5.127211852631806011e+00 6.553057772710370321e-02 5.457698119994812025e+00 7.596705719063150397e-01 5.973031723812663785e+00 1.333159319875773852e+00 3.444951394228253250e+00 4.488287598550720681e+00 1.193601336405671898e+00
2.155689125291181618e+00 1.516500929381034979e+00 6.267623848131478326e+00 4.305528792373095825e+00 5.490801543025030540e+00 2.520943847389880865e+00 5.174978156789317829e+00 1.641165711467430732e+00 3.785600751954747878e+00 4.140971583201613626e+00 1.281907868260030670e+00 3.450877470501150235e+00 1.951869099720435763e-01 6.178364515949999358e+00 6.255598694105033886e+00 5.647870993777202031e+00 5.481482547765954116e+00 5.030760825641969802e+00 5.813104594255364965e+00 1.020529895824988209e+00
2.458734690857312666e-01 3.923118420711469989e-01 4.543917045406649535e+00 5.783870541806908072e-01 1.904460413169978494e+00 3.216960867881261343e+00 4.738314646040648448e+00 1.239779153025323488e+00 3.713229379496605809e+00 2.411780178774507011e+00 5.889792725080609692e+00 5.888157152906359215e+00 5.883801138741125314e+00 1.028146210557007834e+00 3.679996407413939075e+00 6.121124122700713599e+00 1.760063743891942534e-01 1.722784396217557745e+00 5.999760539011856686e+00 1.297431027490187905e-01
4.943881981808646131e+00 4.300474281847657565e+00 4.058654176646309786e+00 1.791883051263877258e+00 3.463873308298698994e+00 5.466346511384054807e-01 5.036481487711108151e+00 2.677035221563898837e+00 1.746958751932252696e-01 6.186951418520701296e+00 6.332581990830333796e-01 5.842246013794462733e+00 2.599812537359175169e-01 3.304416165678638606e+00 1.179105731392790846e+00 1.669663200133226333e+00 1.253635498624989575e+00 5.583776794905766394e+00 2.523968494615431268e+00 1.718868324470000375e-01
1.469469861616305995e-01 3.584881328801896139e+00 1.372299741033088161e+00 5.189059249429755383e+00 5.632669342251079847e+00 8.377241861990005756e-01 3.655407494327369999e+00 3.875409768686239431e+00 5.774862094813584257e+00 5.560017008993929366e+00 4.315249701575667451e+00 2.720808718545475013e+00 5.279848481608427235e+00 1.126286215109691957e+00 5.402479950907453699e+00 5.767339935753638791e+00 5.284254071790562612e+00 3.798718674861056410e+00 3.535459716364695582e-01 4.564388571708321685e+00
2.089278537910647326e+00 5.042450680046374423e+00 5.505526756378362307e+00 3.722186222451658644e+00 1.923359951380132049e+00 4.434317089877612972e-01 2.070854970079850421e+00 5.918729199409215269e+00 5.023886390374876498e+00 5.230422661076522317e+00 3.659797169467309708e+00 2.418532120178123357e+00 3.340198414848222219e-01 4.202127722074961991e-01 5.894708065720455359e+00 3.209400995938335832e+00 2.500319712720473042e+00 1.815984259033651016e+00 4.401303807869242357e-01 3.550804622945052280e+00
3.292776785819095053e+00 1.360454100963869595e-01 1.185498202365400586e-02 2.023590148673648947e+00 4.784701114571717540e+00 4.587318650171528844e+00 8.371832016089636452e-01 1.630645488113136699e+00 5.562108218440124041e+00 2.041009316419781783e+00 1.667883048194173101e+00 1.038876651667462792e+00 1.533547410364835661e+00 6.216155898687803827e+00 4.222275758547487712e+00 2.092707609446604167e+00 5.965915061557288013e+00 4.049503089555520852e+00 3.678104255452593119e+00 3.581968139611027446e+00
1.012869646389587430e+00 4.103587000463349455e+00 2.417365179140710030e+00 2.355132744008970214e+00 5.634808133994343216e+00 7.337285256240966280e-01 1.636763316927046796e+00 2.533451888865823065e+00 6.457799773785783959e-01 3.193187910901368110e+00 3.992128370418612349e+00 4.569325645437788630e+00 2.074436960478292402e+00 5.492987191118213097e+00 4.968807560013401847e+00 1.432976084093185332e+00 1.607802833103008977e+00 3.817270363100436548e+00 2.798270778440158590e+00 5.987354972025939581e+00
3.597332885192785934e+00 5.656122892875071528e+00 5.378902707472629885e+00 4.435244786664635619e+00 4.951172638039675000e+00 3.617835500322887032e+00 2.489071123277739161e+00 3.459111612062937269e+00 1.861277468673878221e+00 5.026563895577837116e+00 4.577575044747747235e+00 4.293103935967877760e+00 5.114285552372385801e+00 1.900562566350718408e+00 2.455941454162551274e+00 5.291458663531247275e+00 5.427473447708265120e+00 4.122010560478969743e-01 4.755905446197566278e+00 4.156288500615864301e+00
5.849480973171695686e-01 4.238426741716327939e-01 1.505986459734387717e+00 9.558749191761160002e-01 4.813571722730378144e-02 1.234633737573120227e+00 3.718972454596668253e+00 4.328958757887112263e+00 4.625100731090023287e-01 5.505222269853768502e+00 5.683561037092393242e+00 5.674278151568431738e+00 2.809870446180575243e+00 3.850095961228590546e+00 4.398360272236305768e+00 3.467033272926152154e+00 4.000216781174100511e+00 3.435167644169955903e+00 3.801928942491486829e+00 2.478561486653966472e+00
3.571773702963985997e+00 4.727226081755133258e+00 1.714937245699236668e+00 5.788854274955082424e+00 1.114401705371805162e+00 5.818594415315772927e+00 2.286976891472464191e-01 4.124951112382668761e+00 3.886336010212787517e+00 6.164722445483692859e+00 5.735711251217860962e+00 4.144287929627731515e+00 3.785508301149301147e+00 5.540932292858565589e+00 1.488970685725163667e+00 6.283107617855866245e+00 6.070755161049066650e+00 3.600117642473751323e-01 4.256143703266519474e+00 6.011820923212219725e+00
4.898355665637907030e+00 4.710696378102345871e-01 6.242702871789663988e+00 2.731816986250389601e+00 4.762387830296533231e+00 1.281473898034232395e+00 3.727892641796412665e+00 5.891916799523898574e-01 2.348471385467693739e+00 3.437506362513356173e+00 4.989093552991310965e+00 4.696365760552201785e+00 2.014648635258251996e+00 4.591863546697579679e+00 2.863160909293828160e-01 6.057564549506288643e+00 6.720110802741887657e-01 2.945526033796094900e+00 5.436541132204703253e+00 5.078485932965342897e+00
1.743293891468349344e+00 2.254113058073566211e+00 1.474503070014332451e+00 3.518619755948640737e+00 2.177910040917731660e+00 3.796704192566953129e+00 1.092787483523065539e+00 6.054952350337866385e+00 3.505478739937604171e+00 1.070189819850759561e+00 2.842845264757166479e+00 5.258707152278945252e+00 2.014101347218174798e+00 5.193752269594069659e+00 5.767371287925371348e-01 2.314811230356771166e+00 5.859322122766342567e+00 3.061464018700235101e-01 1.795841120548171022e+00 6.611382078791963601e-02
6.051809926596043887e+00 5.364906593632952081e+00 1.518433612083498696e+00 1.918442360839720084e+00 5.164593635365599233e+00 2.721022189902743804e+00 1.397485247274637743e+00 2.888793175632069055e+00 2.785960154775465103e+00 1.151934057659731225e+00 1.506139600867070882e+00 4.657017818804490616e+00 6.082096716289649763e+00 6.033046352836502813e+00 2.457256941828210861e-01 4.268518918275722385e+00 5.405183597004160845e+00 3.240274704493959046e+00 1.066480326917903648e-01 3.823288442488976813e+00
7.505833246180604323e-01 2.839844981134348245e+00 2.488136258236815390e+00 4.550507562331413070e+00 4.975635639416534417e+00 5.447017988970597635e+00 9.839407685825901639e-01 1.025103531396882817e+00 3.696930936427903269e+00 2.944966551111742881e+00 8.621115309667712889e-01 4.326324106271117187e-01 2.231616679752832955e+00 2.467395806674509195e+00 3.308187488223349959e+00 4.646757216229959297e+00 4.932038074056230847e+00 3.653207052139309852e+00 6.151632140768346524e+00 2.523981228214266626e+00
4.052153701077687131e+00 5.938005761969049168e+00 3.562754394590600615e+00 1.524375726813630427e+00 1.157417521010577710e+00 4.725083388634063186e-01 2.093602583445382415e+00 5.571443473109954247e+00 2.150492510174728977e+00 3.179871241830485751e+00 1.802309192001024352e+00 3.232447723429454634e+00 3.441519480248619534e+00 5.018732286942909404e+00 4.832137148712588370e+00 3.133906541630864240e+00 2.191649499208453644e+00 5.887535022866011936e+00 8.375923826252157367e-01 6.154050926167506042e+00
