4.434732794899640673e+00 1.757272188087549925e+00 1.362914496351927296e+00 2.212026630710003161e+00 3.505520811550905669e-01 1.473065191447263445e+00 3.266195687044343376e+00 2.037818672270806264e+00 1.065606699569859005e-02 2.621311849302528363e-01 1.933961483847759455e+00 3.617358204972926927e+00 1.462175094437604406e+00 5.100443440158661801e+00 2.623850804514669566e+00 3.371722960766526000e+00 5.806616226173901829e-01 3.747344014858312367e+00 5.945011812382182903e+00 5.749280491801851412e+00
1.010068995927506208e+00 4.677181881479066661e+00 1.673104078405379447e+00 5.880752879409551603e+00 1.931584076983404064e+00 1.681051347991931455e-01 5.569686966692263042e+00 1.493248650824388957e+00 4.777647212457829085e+00 5.149448258929412603e+00 1.110186936170677319e+00 5.972095750976352591e+00 3.664381225547443499e+00 5.611658508418298830e+00 5.489936050237669285e+00 1.495021745295529225e+00 3.119124806009379025e+00 1.212019164795490989e+00 3.588005436649412960e+00 3.270037811886191914e+00
2.452851351683273812e-02 4.659853881082947069e-01 3.164520927342893586e+00 5.798600110923938900e+00 3.256230626581896992e+00 6.274642435411221797e+00 2.734441365662621859e+00 3.413914547509999675e+00 4.539928692997419746e-01 4.259422562173937332e-01 5.822743866443024885e+00 1.157033446856627013e+00 1.825851327297436377e+00 5.408562170441278738e+00 5.662382355077729912e+00 5.179821757893258827e+00 1.001254407152655013e+00 4.462144736367081421e+00 1.522307461839515152e+00 5.338276719253554070e+00
8.760948117289540926e-01 1.544185728083102171e+00 2.498734778566504389e+00 1.983925092126771705e+00 1.024112158712128018e+00 2.763207583604101902e+00 9.751626003195470460e-01 2.513793740859416204e+00 3.905923290702668638e+00 3.464365586740087544e+00 4.567785450555708948e+00 5.407626700626334326e+00 1.501762176142611427e+00 4.771336067217306187e+00 2.941130017170128230e+00 4.154725497032656811e+00 3.563224592320152762e-01 1.878717763396829277e+00 5.276781008151615993e+00 4.206814512334818845e-01
1.123620749501560212e+00 2.867640900291159145e+00 6.246556533067287198e+00 3.033603168761372704e+00 2.526163679350957647e+00 4.019835742811406654e+00 5.428652116329969246e+00 1.128309629948039072e+00 4.525840011890541748e-01 3.887555600314466453e+00 4.059352159238979851e+00 4.700983921821041633e+00 1.094704101287239162e+00 2.093686416610581968e+00 3.368479851772703260e+00 3.147457698497190037e+00 3.804740355615814806e+00 2.495367724567183032e+00 6.035824937001089019e+00 4.904688629452359727e+00
4.610642236308757802e+00 4.228199522387179776e+00 9.883023675394138063e-01 5.365521937628330740e+00 5.951855946517553342e+00 3.096569138593066040e+00 4.507878557421946653e+00 3.566888805694293563e+00 3.752161543758048001e+00 1.562599020247176507e-01 2.638115482859350713e+00 4.369606338063382722e+00 3.169737690622879800e+00 4.128464579517000521e-01 4.828517923037938253e+00 4.347946141788272989e+00 6.162013136016911696e-01 5.967124377321352036e+00 3.600472762244163683e+00 4.332843115087531061e+00
9.097192516661319894e-01 6.047672488397066282e+00 5.203044029398504300e+00 3.453648253174937288e+00 4.537924491992036735e+00 2.834830378387717786e+00 8.758396768742271465e-01 3.414217751132921030e+00 4.994058645012453113e+00 1.248470998188115022e+00 9.508848085472348943e-01 2.530464784236315712e+00 5.113592693787134102e+00 5.835178576931293604e-02 3.383772794606263012e+00 5.274965461649583354e+00 9.951519420169089303e-01 5.504823984246034030e+00 5.456397772889252984e+00 5.352281351297428991e+00
4.057979815579170868e+00 4.549756324934048024e+00 4.620017288320179105e+00 1.058263095183709979e+00 4.437549841663522621e+00 1.322076888059901423e+00 3.004565185340891009e+00 1.547667061321919668e+00 5.082069362341725682e-01 3.708076282782014621e-01 2.981414291207060696e+00 4.755044705738055377e+00 3.815004184335773374e+00 3.445418112553833456e+00 3.652903986923220714e+00 5.247496561493815825e+00 3.926605708199153444e+00 2.283755296510419974e+00 4.702222200031230592e+00 2.899071773612281078e+00
3.386088654457372726e+00 1.073017084412202005e+00 5.020626683755822661e+00 2.505269117482964436e+00 9.686502678085101570e-01 6.181819232158197508e+00 2.256516971991165743e+00 4.445054523295821625e-02 1.481635573742383638e+00 1.106593984978196943e-01 5.165733440424293832e+00 1.015298302596397084e+00 6.817055646807034242e-01 3.964141946796158500e+00 1.240401234621019144e+00 5.391686086869820649e+00 4.373866615412232761e+00 4.727111161669205752e-01 6.101424296280368864e+00 5.627475447494219907e+00
4.405813349558424186e+00 1.009203568032574633e-01 4.861654367833474488e+00 5.290932352750110645e+00 3.313155018639613036e+00 5.145962082031543261e-01 5.227386903793902029e+00 7.036790109898861945e-02 1.498602206247722002e+00 1.433929659812714696e+00 3.055552776316023511e+00 2.255897682987938691e+00 2.473001819905432441e+00 4.883364638939358682e-01 5.059101172840745342e+00 5.099528473662683602e-03 1.965431351408978844e-01 1.857518887853472744e+00 6.064830698235276429e+00 2.552095841524243625e+00
2.752393501401866338e+00 2.428751793902304001e+00 1.609513913956078568e+00 2.872356856713152773e+00 5.936125422335352120e+00 4.611854895503805452e+00 4.929972330361429567e-01 5.893157529159760877e+00 2.921298714287696274e+00 6.464187734372257577e-01 6.149620830516930425e+00 4.930385625095618174e+00 2.507968663551021660e+00 4.057864880100960470e+00 5.647261454025114702e+00 3.894570053076243710e+00 5.120079244828437126e-01 1.002178097630505471e+00 4.640411867523259737e+00 2.796068497671590602e+00
8.397710734656683718e-01 4.586839058476221531e+00 5.925178071933840940e+00 4.773700860335361895e+00 1.702051023438842847e+00 1.398201443973264402e+00 4.225276636971698530e+00 2.048341874950645902e+00 2.918583232482207190e+00 2.585387548927632562e+00 4.315007436757060333e+00 4.797162940061391545e+00 2.538470984063461167e-01 3.464865973610888328e-01 3.516335724132403584e+00 5.689895669744260864e+00 9.280500011256969106e-01 1.289077928719630783e+00 3.832327583067604682e+00 2.400724030292867184e+00
5.465211385285257073e+00 4.048735333738176401e+00 4.011411989410451184e+00 5.699439427274842984e+00 5.468133831897422859e+00 2.515176732378789470e+00 2.948315715328560849e+00 6.060161305308297663e+00 4.939136752769321070e+00 5.997634035730669666e+00 1.290723277293325033e+00 5.402433969056897212e+00 5.988762228501940399e+00 3.326844315615009151e+00 4.174613414238723230e+00 1.972785844600402738e+00 1.350876937314133386e+00 4.061698732724977390e+00 1.119341699856583050e+00 5.212171440382369347e+00
2.930781557589610606e-02 5.236427869812878555e+00 5.139159183457744362e+00 4.926946856102608407e+00 4.725335719781915245e+00 8.871207077918712436e-01 3.505283750638011675e+00 5.302969652211405815e+00 8.442235610704301729e-01 1.210101667144648507e+00 4.211575741470640288e+00 5.694875295461602427e+00 1.578227644152054854e-01 3.615468000591928188e+00 4.622266055398635665e+00 3.721296339506102502e+00 8.175239961114721954e-01 3.085464076129958766e+00 3.821774625234578560e-01 9.016620312588897734e-01
1.675591390724600727e+00 1.676818336319082947e+00 2.943879252503296406e+00 6.155430574422521062e+00 1.408849459485899347e+00 5.674803853025136569e+00 6.140974427096947963e+00 1.349099737602845073e+00 3.343598550328326091e+00 2.259331160525791304e+00 3.843006462034856963e+00 2.771552288225948679e+00 5.524211122413655417e+00 1.196072425425762642e+00 3.107097811960419342e+00 4.539855623284149821e+00 5.122991378656392980e-01 5.860118525280309854e+00 5.854999587221474400e+00 4.693242176445364677e+00
3.004305270940011763e+00 5.869053628310229698e+00 5.601205173287680417e+00 5.738098032797807946e+00 5.689072534347125121e+00 8.712998330151749959e-01 9.975003768939835203e-01 2.964027512294527433e+00 3.002325449972987670e+00 4.480111668681276527e+00 1.443524066999516187e+00 1.756903522802948814e+00 2.998265446020143554e-01 1.625370101243940768e+00 1.550780260150395051e+00 3.134609549293598807e+00 3.542826765157483848e+00 4.968529616877034094e+00 1.711876539598617519e+00 5.814878090017973733e+00
1.783545191797807572e+00 5.067240941947700250e+00 2.295602035592461565e+00 3.932313861371079078e+00 8.419994719352098533e-01 6.052314271894475795e+00 6.110112726650367421e+00 5.783197348743298605e+00 3.511410960444024010e+00 5.563437225735216707e+00 2.999896293173481610e+00 1.798848877277535951e+00 4.650534422595430151e+00 5.349230989117407020e+00 4.703024004122935864e+00 1.826333147406634660e+00 4.503016270781898811e+00 2.631272276923013020e+00 1.850545570229765291e+00 3.679437412119809903e+00
2.809366845365685261e+00 4.638611379822821235e+00 2.218295730607865668e+00 1.454107928406428663e+00 4.199663709248205201e+00 4.545303988118477356e+00 1.652717510114851240e+00 5.004514755815723248e+00 2.659530763850390667e+00 3.812294319311097190e+00 4.024894891091067350e+00 2.402178544442780783e+00 3.030757235344709422e+00 2.271200489257777733e+00 9.917484542280174953e-01 4.812328730551032052e+00 4.304458914706479788e+00 5.226637622711483466e+00 5.281806312013761051e+00 2.228167205289747876e+00
2.774357207852937712e+00 4.263082951131769605e+00 1.695848883864643053e+00 3.944416149429544660e+00 2.378071216535940113e+00 2.087536425544331831e+00 2.309057432443335500e+00 4.206440401118642036e+00 5.478018679121169576e+00 6.506862176089396599e-02 1.511165660594832039e+00 6.906925857013288539e-01 3.394045160551091567e-02 2.174080276984286630e+00 7.174711698973098573e-01 3.127205051864349272e+00 4.314304404325949527e+00 1.409654538491147191e+00 5.618033127038074559e-01 5.122494087158081522e-01
4.815688829590155429e+00 3.143664381420639309e+00 1.732055063152787011e-01 3.100897296203252385e+00 2.148411170627677169e+00 6.130043672077001737e+00 3.654415495911969458e+00 4.401672960227766218e+00 2.887600199002522849e+00 4.654427316559273997e+00 8.741313115415235702e-01 5.116552765841645645e+00 4.181239729714859577e-01 8.421883361885563746e-01 3.406461100718740198e+00 3.248243480659477544e+00 1.068918579520268919e+00 1.927823885609795784e+00 5.329370382289921437e+00 3.735197966838484707e+00
2.523134930727879865e+00 6.151291406580601695e+00 2.829942206933982796e+00 4.663038916800066325e+00 6.754589523499268666e-02 4.947543242389896179e+00 2.450722880218377142e+00 5.265816072274327020e+00 1.592221987531557137e-01 2.467389419659467453e+00 1.849318760403007467e+00 1.343293911470629709e+00 4.349513388954044935e+00 3.686015261318855707e+00 7.580216720043052581e-01 1.315710532364603225e+00 5.017095596109245825e+00 4.206916073540340584e+00 5.655008893800077541e-01 1.416133374190358118e+00
4.409285190547491129e-01 3.615928691012431084e+00 1.882539392228133268e+00 4.515253736342399904e+00 6.706981314976483421e-01 5.808219579515323083e+00 5.114432143286165910e+00 3.615360463516834599e+00 6.061896122421062572e+00 6.060401149866954995e+00 2.278584320993476131e-01 6.198921043689730404e+00 3.172020149016101520e+00 3.736938362801823232e-01 5.426327456510472658e+00 3.141118512339972302e+00 3.674871777165578557e+00 2.127343071463543733e+00 1.815427640712202084e+00 3.321829578888282897e-01
4.366989762525310681e+00 1.983638151671134053e-01 2.044094234208512439e+00 1.157197710325546414e+00 4.477900729261754975e+00 2.830650662509093807e-01 4.739562358963584465e+00 1.290233242416265247e+00 5.848741697070545698e+00 4.144446134061007925e+00 3.160159434676817813e+00 5.702328149308750760e+00 1.428679343735509200e+00 5.383462419611831251e+00 9.947687860792748804e-01 1.634255573137727069e+00 2.187243969739897320e+00 1.404655023797439339e+00 5.048502850745909321e+00 7.035472442014477634e-01
3.235634869086263521e+00 6.162914467147948550e+00 6.024328327426486940e-01 4.684023948579134178e+00 5.822431296479262386e+00 6.086492505262347308e+00 7.932204063608555566e-01 4.110455954843444282e+00 1.388222174958732014e+00 2.918008585906149754e+00 4.728786967894138549e+00 5.882052665760220123e+00 5.706916030346974367e+00 4.022485317064246502e+00 5.698171740133513019e+00 1.006646321021434698e+00 2.423743024535417234e+00 2.962802331512164766e+00 7.907785932639536108e-01 4.251924821367255802e+00
5.864302462673930627e+00 5.128885281570201293e+00 5.600553436696955600e+00 3.437570598460097049e+00 3.359802050052868250e+00 3.933144691209390587e+00 5.509904476353774783e+00 2.921937284508646204e+00 3.482676238426998250e+00 5.324571327489072914e+00 5.084195045027517068e+00 4.161671624146928039e+00 4.824669084446977507e+00 9.689075837608720487e-01 3.530035738896735165e+00 1.807155262870518531e+00 4.102976679452979170e+00 3.851988226903763302e+00 3.138486740267229180e+00 4.129672610346212913e+00
4.557979500268232620e+00 2.920402141502050242e+00 5.297530865148697643e+00 9.357164341717482126e-01 3.995339743433858004e+00 1.578591209613449342e+00 5.482606151736543865e+00 4.910453555766186362e+00 2.599779057080599642e+00 2.578852064861567595e+00 4.420350526582524253e+00 4.493171499569332816e+00 3.092179943914333595e+00 1.412272581814311811e+00 7.203172510796709282e-01 4.362244970949331169e+00 3.374278188200458217e+00 4.954965943454953781e+00 3.914543796950054944e+00 1.727180710306884137e+00
6.140461113551448413e+00 2.498249175456994653e+00 3.959276189209303798e+00 3.551014307105295753e+00 2.467157740916987585e+00 7.933879028543542114e-03 2.091502487478646533e+00 3.534829635261594216e+00 1.585281330163366142e+00 7.467310814245448070e-01 1.278052534130103446e+00 5.641235481666633689e+00 4.676636829837904408e+00 9.599977994034994966e-01 5.653506361146987125e+00 5.360728138464540216e+00 5.178351009134048333e+00 2.127690170358707000e+00 5.457127288082942229e+00 5.624454749204503834e+00
2.658190931643476862e+00 5.683845399641137774e+00 3.484336924087184428e+00 3.446298188316498923e+00 1.296728496431303945e+00 1.276036175713154641e+00 1.901182307062158960e+00 5.523019035287853207e+00 6.093080319798350075e+00 5.434311442399026859e+00 5.970676691531893177e+00 1.990277761749130958e+00 2.197106122321263566e+00 1.681733299178366670e+00 3.671949368452800400e+00 3.142274260539710262e+00 2.162022771764145812e+00 1.846478008242225854e+00 3.357233975507869506e+00 7.858802577878013507e-01
2.828633679118311317e+00 3.221641297948567573e+00 4.643950690363188194e+00 7.522179582726128411e-01 4.501060667091325129e+00 2.792447444814139867e+00 2.235103020421879805e+00 1.017477503376042813e+00 1.676983984199508670e+00 1.982387948287381407e+00 4.894872421692920916e+00 2.777855554143373151e+00 4.774149088641751248e+00 4.977255092639235379e+00 1.989441026771937349e+00 4.163033423662025889e+00 1.519460280483748482e+00 8.423483627178967037e-01 1.329778996802602586e+00 4.196113004547620484e+00
3.173793990956117472e+00 4.611581885026251548e+00 3.998192666607831014e-01 5.912055385739754421e+00 4.112259886049976387e+00 3.827206547370769929e+00 2.377487417248604906e+00 3.298814409758455302e+00 1.101615412754066270e+00 4.463573457446343262e+00 3.364192719625260786e-01 3.698761196681304764e+00 1.225725403408586267e+00 5.021404484352492759e+00 2.867051332307950506e+00 6.260355719599807189e-01 5.910037323986329305e+00 5.975229599332648966e+00 1.394116094724530797e+00 4.876468965157204849e+00
3.272043327306707106e+00 4.361710221803996035e+00 4.378373393366460226e-02 5.915589216749025603e+00 4.896253454378520331e+00 1.497847608833432709e+00 5.657539760503089710e+00 3.644624104667186781e-01 5.887602994136022616e+00 2.849676933802702816e+00 5.812397169776897243e+00 3.119539291930492619e-01 1.250019076486443392e+00 5.719944917695504394e+00 3.902706365992147042e+00 6.929695971510410057e-01 4.717420374288176177e+00 5.032942626538511988e+00 6.255425124478870558e+00 3.423216462539338423e+00
6.052976541601100102e+00 5.993632501902209420e+00 4.883732036670615173e+00 4.715733105038997230e+00 5.709701722343258901e+00 6.235839782938361608e+00 6.325741431862673680e-01 1.282536057960981468e+00 1.382867075653042344e+00 6.034850897638305511e+00 2.214876427207142395e+00 3.368131376144884559e+00 1.292174039124631135e-01 4.194712960837393645e+00 3.058241284511410973e-01 2.231174931904411629e-01 8.937597422113456591e-02 1.266419992792895410e+00 1.186255391175594642e+00 5.925493024604524539e-01
