1.130241190930767470e+00 3.955075786706485186e+00 4.740690022925281077e+00 4.318294816817757287e+00 2.411473279240220702e+00 2.690928039501012226e+00 2.102103450367382553e+00 3.386507089009124005e+00 6.100148622929918218e+00 5.736338530786691869e+00 3.299604376390353533e+00 4.283073184686230661e+00 2.454157826263138276e+00 1.726082951940338894e+00 7.958150682477297400e-01 3.847665250277279014e-01
6.900392439376009657e-01 2.151521217202541081e+00 3.961625535648511498e+00 3.526344165578864653e-01 5.185874731653479230e+00 2.059032374745803473e+00 6.124760339866290870e+00 2.710389832457823278e+00 5.465217472244727759e+00 4.547876867813407387e+00 1.125597505758885175e+00 4.973294428869476924e+00 3.746828126679911275e+00 1.885776038364997742e+00 4.653580922871968006e+00 1.334164954994761398e+00
2.659087116273175511e+00 2.895145886700412952e+00 5.176409062784270709e+00 5.264128588695752953e+00 5.720826211382448179e+00 3.457875563196221580e-01 5.775945062199943081e+00 3.717316247666797580e+00 2.138117118820739293e-01 1.022501350504337658e+00 3.926626868928871361e-01 1.163428526569552313e+00 3.425024191261379247e+00 4.920144158277224289e-01 2.875111199940683537e+00 4.773890596383476570e+00
2.200830396683340628e-01 3.066307547115212362e+00 4.660262978103939524e+00 2.821491096643206742e+00 4.283654297229795738e+00 3.224572410117792387e+00 8.630379317311789311e-01 6.001413066012712960e+00 5.793476157974687624e+00 5.275156255116626447e+00 2.313886653347212441e+00 1.647182316775287203e-01 1.454072737849914532e+00 1.250400655995931087e+00 1.751827821884165637e+00 4.892209048159027240e+00
9.651802288048079159e-01 2.067806477431925583e+00 3.681935701583594067e-01 1.926610724179066647e+00 3.507523544728909926e+00 5.938533152974789786e+00 3.261397081958666178e+00 1.725679021174780781e+00 2.193188616973329008e+00 2.159979155719409238e+00 4.893112769806577056e+00 5.475450506805098705e+00 2.215609602341221951e+00 1.287704362787637669e+00 5.398506799453410387e+00 3.491034946997232158e+00
2.868425532750303653e+00 4.505270685265774233e-01 1.397166448157337815e+00 4.930239207729954387e+00 1.339316268651948860e+00 3.378497735322974371e+00 1.985368933532145830e+00 3.659233284457094282e+00 2.980451123762913324e-01 5.819843476259269899e+00 5.212494230214768542e+00 1.372326927729495605e+00 3.309198536654057943e+00 5.450420270971458869e+00 1.183963587090719249e+00 4.969985615572363180e+00
6.038103671631288805e+00 3.482393279383480422e+00 1.961215225210107826e+00 9.856997903581037335e-01 5.177328741528619105e+00 3.675444231287352537e+00 2.349743702817656266e-01 2.309280354412756253e+00 2.870573614152433617e+00 4.155851173515916486e+00 4.497409313830037725e+00 3.127837341101562529e+00 4.135960437058375128e+00 3.013773817582829473e+00 7.058939026520681947e-01 6.574792797004344047e-01
1.405597233143223601e+00 1.726920978769268089e+00 3.484947802382142523e+00 8.940587406951009397e-01 8.391769386850469470e-01 1.612468272049444762e+00 5.348565908287622683e+00 4.048105832810809379e-01 5.999718209754446363e+00 4.504173313294506542e+00 6.109875490631929473e+00 5.697934876990446540e+00 4.980065005730719641e+00 2.917691828070654747e+00 3.008355661389473801e-02 4.502076523448270140e-01
1.385158493539594637e+00 5.759051239338971229e+00 6.035202453198193595e+00 1.367836552466116462e+00 9.759103695553047464e-01 2.771931664934501605e+00 3.768936645747241965e+00 1.911477069040131926e+00 6.103863591847028758e+00 2.664470959641727532e+00 4.330096368880159474e+00 6.093183204322061286e+00 2.305856343391060825e+00 2.697566112257712589e+00 4.525141504369346812e+00 4.008289117788931932e+00
3.161636390142058550e-02 4.457290106789261741e-01 1.050784315013376435e+00 1.089417691587567294e+00 4.454859959100720523e+00 3.918059957732501708e+00 5.888548586590835576e+00 2.531885123610397414e+00 1.075594809229077242e+00 3.801272747220234116e+00 4.449597679584495147e+00 3.755098285187316698e+00 4.178161304612438620e+00 3.015471061837014410e+00 5.971274884580838105e+00 1.207647116806151305e-01
3.994561079463251563e+00 3.616750369225782968e+00 4.295181231979253944e+00 5.936299931252005280e+00 2.332755703906198796e+00 2.933515989736919405e+00 4.320379822910801693e+00 1.274566808068725576e+00 3.451672966077086180e-01 1.490353281243580241e+00 2.978239304194973958e+00 6.015686259252473356e+00 3.261800306780488601e+00 5.914728255941137824e+00 3.544170167252354897e+00 5.657776432232558550e-01
2.484392122095758104e+00 1.718363696012092712e+00 3.121390034633321431e+00 4.479635978254083994e+00 5.514227802194717754e-01 5.864806986255602261e+00 3.588245073579046540e+00 9.815152043801343984e-01 1.977279665165219358e+00 5.562395527558805952e+00 4.660935124919522110e+00 2.673017366257158578e+00 5.256685555775034935e+00 4.483047589961609347e+00 3.182085891522044463e+00 6.208018975794766803e+00
4.348682455504643052e+00 1.696643642108905115e-01 1.100710732724645424e-01 2.865991149420967332e+00 4.345833787889394451e+00 4.912243224495572713e-01 5.921524753848343536e+00 5.196947654363181179e+00 6.172836509999576116e+00 6.094239922952393584e+00 1.044216333181022582e+00 1.022532466332339018e-02 2.568682883233331271e+00 4.333594790015193432e+00 3.821638425561906249e+00 4.800092007990316212e+00
2.739385655051358004e+00 2.132412093915202256e+00 3.323075088665611965e+00 1.390843195740076421e+00 5.373055512524273603e+00 2.365095061377354480e+00 1.001762779197263864e+00 4.359956585788716255e-01 6.012660227237200949e-01 8.447168157671099964e-01 2.363935372081585662e+00 1.640369571126140791e+00 4.073760578970224699e+00 1.542498166895492351e-01 5.642624450792511404e+00 5.541009599782690254e-01
7.744819705361409845e-01 1.337463790377361628e+00 1.064568560514253803e-01 6.074275030494050931e+00 5.623555387684993079e+00 1.225940582570041570e+00 2.992538316738972526e+00 4.358399323013504301e+00 4.974674253372927346e+00 4.818958384443480014e+00 4.232639751545458573e+00 2.690197206488602610e+00 6.125352361043336025e+00 3.250884200341388031e+00 3.789733303166868517e+00 5.069819369557563071e+00
2.029090627232285726e+00 4.858824176892504454e+00 7.538884296343427716e-01 6.856101594064175631e-01 4.139850853405093289e+00 1.526052120072296958e+00 3.390296948978333891e+00 1.092984550664902743e+00 2.037824958780366735e+00 3.615548202829331981e+00 2.201268876687069831e+00 5.352379577314539283e+00 3.128665454109231359e+00 3.905326759757804744e+00 2.450769573098846799e+00 2.219836344257817284e+00
1.815999190651500061e+00 4.363591336535445286e+00 1.390080248610642832e-01 1.951503620422392338e+00 4.765065342811384497e+00 1.810298294190383128e+00 5.172546135051603322e+00 4.574145208546839925e+00 6.228962609550610985e+00 5.908268964161718095e+00 3.653696417987750689e+00 8.116277954755166668e-01 4.869495599863502555e+00 5.359995723300375658e+00 2.083215825987810632e+00 3.538025998647937320e-01
3.628862106725543324e+00 1.201923864761740013e-01 8.744767528837557036e-01 2.458895470112675508e+00 5.431191331378830256e+00 2.131238105414343220e+00 3.739055458497583473e+00 2.829154214662676026e+00 3.463570183935610114e+00 1.519176512133354917e+00 3.973192316118815182e+00 6.173122739176879925e+00 5.656163048516131830e+00 4.627007552129844825e+00 4.383428272248346858e+00 5.317089690696762183e+00
1.583490861403938910e+00 5.468877713522024564e+00 1.257870615549862681e+00 4.528266635472944834e+00 4.250048106368119250e+00 1.303116154045725006e+00 5.825731927928415210e+00 4.249864918893840882e-01 2.307722601573660715e+00 4.738646030558387956e+00 1.094139246570109414e-01 3.349526744576864168e+00 5.075529088150413370e-01 6.657299650230755761e-01 1.592060026344511492e+00 4.445526627738977804e-02
5.244017734454784474e+00 3.663631578509029207e+00 2.778642541104626940e+00 1.344570082256619337e+00 2.827643582299927960e+00 6.177121910138299477e+00 3.521304050170172673e+00 5.716807957697294995e+00 5.295362122296224605e+00 5.794908722327555495e+00 6.215291796381480438e+00 3.576047140303302840e-01 1.890734051763316437e+00 8.604093281739821908e-01 5.378542221813023438e+00 4.662181259066717764e+00
3.555300184182563328e+00 1.652046556131013144e+00 3.624804197197623590e-01 3.431677722226321059e+00 1.237212269706716938e+00 5.881819405659870270e+00 1.141151862854961285e+00 1.777024120566704113e+00 3.170822133906720630e+00 4.277563600409427735e+00 4.351797161365031918e+00 4.248279117565322061e+00 5.862362378800701990e+00 2.793661852083598074e+00 1.388284841123571089e+00 1.138253324466580896e+00
6.505627509055423863e-01 4.200762529279744584e+00 1.164491853683738531e+00 5.463443990934409022e+00 6.099140347100737714e+00 6.954481709401031386e-01 2.713546272714365326e+00 3.479891092310082090e+00 5.396360124898483157e+00 2.565166451984927765e+00 1.512241186615806088e+00 2.232591231005277344e+00 4.769575521425461595e+00 2.210638998420564327e+00 2.309926367255410895e+00 1.738399139292751139e+00
4.882497192169064915e-02 3.946554706183437400e+00 1.764192311134664681e+00 5.478631655473860107e+00 9.242163267577372388e-01 5.293515505478520566e+00 3.900820553820192327e+00 4.317999774228240106e+00 1.870580564695088377e+00 5.160246832855556853e+00 2.785531486502792475e-01 7.030643761337772579e-01 5.626865815580858410e+00 1.068484848822311539e+00 3.151073405674645223e+00 5.550661870144288912e+00
1.459487595301689700e+00 2.920504992658477968e-03 1.755354157058947484e+00 5.638318686067166574e+00 2.709519268216487586e-01 3.121113484699363561e+00 2.695139121913734392e+00 9.525295742028541124e-01 5.427124139433598948e+00 2.211799764964977211e+00 3.015449162867563371e-01 3.127008328790160885e+00 5.389081235685008409e+00 2.398148517874321595e+00 4.475800635974782615e+00 4.963497927567336099e+00
5.166706080827002445e+00 2.035831586021262574e+00 4.844737470511123689e+00 1.885197922014411054e+00 1.963026188086552715e+00 4.784318571648135787e+00 4.978362459328746326e+00 4.948622539595949554e+00 5.907657997240737480e+00 3.472007931672136394e+00 1.121429029593496995e+00 3.423530899893696855e+00 9.354415001836667853e-01 2.625088749247447950e+00 3.645312231105445111e+00 6.094245972821909163e+00
5.501585010992297242e+00 5.688722468143680544e+00 3.647679857826407801e+00 8.912723415499033131e-01 5.235887405327469324e+00 5.161430595522557674e+00 1.195939163241189318e+00 4.675208084386927254e+00 3.969043910229257399e+00 5.006841651765697954e+00 3.201605519343482698e+00 3.174558736919621982e+00 2.839313091611599837e+00 2.565547309602584480e+00 1.845602647351741954e+00 6.052349387515858048e+00
2.443503989908692997e+00 4.394198259530636363e+00 3.523009833693525383e+00 4.785549190936687403e+00 8.053733376925130694e-01 5.407139025545636635e+00 2.559067889830296760e+00 5.207366073409807061e-01 3.090590893993883093e+00 3.654517120319575429e+00 4.113681388420816765e-01 1.985972068365577492e+00 3.318602064892287817e+00 1.005526778470591243e+00 1.315461230049807417e+00 2.959747074540838963e+00
4.591807748613533136e+00 1.984719194580766954e+00 4.388529370261836426e+00 3.069780671876836564e+00 3.607005939149963147e+00 6.085255811460847930e-01 2.457516397609014636e+00 5.721176340852945685e+00 4.292273746088202557e+00 3.776496755292217955e+00 2.374757702204790988e+00 2.679851264108059183e+00 3.156787003847314921e+00 3.005194762812529063e+00 9.939787966863994351e-01 7.118459026541265056e-01
2.157585047582088134e+00 1.911804964916016480e+00 2.388406278551649109e+00 6.074926742027288107e+00 3.681609342178825961e-01 6.193474718042906169e+00 1.023108785245412378e+00 4.393165446953209985e-01 6.000842668925077561e+00 7.435550104954197215e-01 4.369757050060230519e+00 2.503851044346896426e+00 2.696088463716666439e+00 3.255695172414165284e-01 2.906468213651147714e+00 3.073555850063879546e+00
2.045196790127943753e+00 4.934125611457726990e+00 3.584338508278602120e+00 4.979040738433818447e+00 5.599872915301522092e+00 5.405542115275204118e+00 1.718003031425939797e+00 2.661425055905343395e+00 3.471092526553501756e+00 5.010911994847312201e+00 2.486569612794103101e-01 3.132676431125351879e-01 5.625797843541655713e-02 9.494597438428202807e-01 3.690405660133886823e+00 1.489796380197578429e+00
3.189745112534700944e+00 5.796792988458133067e+00 4.554406080950105462e+00 1.733553635414412986e+00 4.194235099001706324e+00 1.244669824328386687e+00 6.037345231636087384e+00 4.219404205134008379e+00 2.873833523591444283e+00 3.334891864068818990e+00 1.634537919423262320e+00 4.293045459419808196e+00 4.020400040628572924e+00 3.639859168153424474e+00 3.142710019220807727e+00 9.354821482346672434e-01
1.298809040000040493e+00 4.478040081973793995e+00 8.508884046839957360e-01 2.201670520212824389e+00 1.714878926900264000e+00 3.055598450352459139e+00 1.276670973457576297e+00 4.685033037701046510e+00 4.567448562963000391e+00 2.284764489534649279e+00 3.843322040851280263e+00 3.346765264774881898e-01 3.970707498619382214e+00 2.229986964761037083e+00 1.413227032935490124e+00 5.156993196702909898e+00
