6.120452860732826572e+00 3.488812357621927096e-01 2.824213020372070115e+00 2.771142999020801856e+00 5.375430653343110876e+00 7.832898153276647291e-01 5.409988023697549053e+00 4.259728277720356004e+00 4.029740440731332640e+00 2.947020967067962793e+00 4.580720762327097795e+00 5.997977579202255605e+00 1.941474939251931264e+00 7.906087469620270980e-01 4.525874556795475456e+00 4.579525087338625511e+00 3.401078466110763365e+00 7.618975409440876811e-01 4.894072899538892685e+00 5.267806909243089919e+00
5.893932130018597171e+00 5.691417296253465707e+00 4.763441959079820265e+00 2.393348788964156704e+00 1.819697627566829290e+00 2.707180170912440342e+00 3.132096984990732746e+00 1.028773433059245290e+00 3.171769890020105453e+00 5.849238976126702738e+00 6.368155944508882005e-01 1.850832141988795865e+00 2.542284095993604609e+00 1.448034368984830511e+00 2.067620707265819480e+00 2.958253046471012837e+00 2.052302888612448140e+00 1.149174586169291468e+00 2.581988269648856527e+00 9.396532864941077312e-01
4.393625463875092119e-01 1.685869534494779165e+00 5.024546804623887253e-01 4.739595121352130569e+00 3.584262439515376819e+00 1.896726428803987119e+00 5.434658154973562860e-01 1.431545633351608005e-01 2.889721120576243862e+00 2.457025632981610030e+00 1.243403155231659341e+00 5.362315771554190924e+00 1.221303723792277196e-01 2.350266499510329954e+00 4.313755900993024639e+00 2.004374743313221074e+00 4.844347703204249456e+00 4.463990947676984788e+00 5.578593740391797340e+00 3.373923819187957029e+00
2.077656060505792990e+00 1.749522687924763842e+00 3.519469006319493776e+00 2.493789046833640555e+00 4.181367183001417409e+00 2.040831881095787725e+00 5.393064416174213171e+00 5.789983383214585722e+00 2.968209992267707875e+00 2.677364693675176710e+00 2.851937892244792661e+00 4.221657508428573458e+00 1.021523350370811434e+00 5.385060490623532203e+00 3.016254747279067505e+00 4.706129633125678779e+00 1.479217564989171674e+00 3.694107413525750783e+00 1.225347447905557940e+00 4.584160982620733016e+00
2.896849109953746337e-01 2.064082006044093642e+00 5.522045792403328157e+00 2.546362400302419893e+00 5.342107423078546802e+00 5.264325718989010916e+00 6.098615666260938539e+00 1.150344291445675404e+00 5.469729091776693863e+00 6.039699491520186925e+00 6.261058086550391089e+00 5.131047099978633952e+00 1.631117123556136805e+00 2.195936548685439860e+00 2.459823273954335754e+00 6.005077648694161496e+00 4.501377830738698904e+00 4.615594000016144172e+00 3.979774327389303590e+00 3.855790051640000993e+00
3.634099809334129461e+00 5.901772122788758734e-01 1.763709597905345206e+00 3.661592964602019329e+00 1.410849072817382810e+00 3.830092629063859277e+00 5.126613838829188197e+00 3.216188793418397918e+00 2.367740378110134714e+00 4.216392501440687113e+00 4.944104766347670932e+00 6.111264514285781324e+00 3.677880297503666629e+00 2.966333209468217547e+00 4.633772808257303311e+00 3.981551605617623668e+00 5.015481420951078739e+00 3.046073087001638924e-01 2.561179359484329954e+00 3.515004553685164623e+00
9.597347736432326748e-01 2.708250279518355175e+00 4.187143589336982608e+00 4.483072116669069906e+00 3.471535277267874253e+00 3.768241941402470818e+00 8.541173914161994674e-01 2.991409641023508037e+00 2.503923740334355497e+00 4.141189754253433719e+00 5.981035836656253935e+00 2.028477585390393134e+00 3.084200291395724491e+00 5.330493007187274701e-01 2.054203828663290210e-01 5.889908665290263912e+00 5.210499711210260232e-01 1.425723777822612393e+00 7.610273428460766487e-01 2.461393272837844037e+00
3.700651244757494407e+00 5.191792947961021198e+00 2.792826323892327434e+00 3.654733446715300982e+00 2.219046569889735476e+00 4.999476702968598252e-01 3.113532264059444277e+00 2.589888744884987659e+00 6.039460113603986713e+00 5.170073994522986993e+00 2.651223958922679369e+00 5.652929559386397074e+00 6.265623464404017184e+00 3.847694465899998750e+00 3.766653200105909427e+00 5.779207237647694839e+00 1.990923128121505625e+00 2.787771124560643354e+00 6.954497268176390579e-02 2.360038452572101042e-01
3.663082609681438395e+00 1.983065417760969007e+00 3.152046256006127312e+00 6.034661022622423765e+00 4.899657566791295160e+00 1.479551026307877937e+00 2.254116627573198084e+00 2.769215362941720215e+00 2.217581943691294022e+00 2.138578181029972214e+00 5.582373799540486736e+00 2.901978778291528727e+00 2.848366485246843216e-01 1.202771340016981716e+00 5.493524757409086412e+00 5.233778848973007491e+00 1.259193735492559751e+00 6.272267893082405621e+00 1.330645730012731676e+00 5.751479493763558715e+00
4.517299493857752424e+00 4.191100270200574518e-01 5.681307151301086655e+00 1.390297929408955468e+00 4.777603609728007794e-01 1.376089597227743599e+00 5.036172947067629302e+00 4.104014880387492070e+00 2.080120909689074260e+00 6.255175488778101922e+00 3.120842008848553562e+00 3.322111139270254032e+00 1.717614692823181466e+00 2.808353606734789398e+00 1.899715249017616348e+00 1.336357019258511025e+00 5.740788423146723218e+00 4.086722225236826267e-01 4.811909989412428423e+00 1.666207170021551054e+00
1.447977157534110715e+00 5.697420428351277266e+00 2.211034650961716697e+00 2.886289672032602560e+00 4.083570492020060172e+00 4.680533308107545087e-01 3.120313035196163209e+00 1.585048348566241883e+00 4.422084226935984574e+00 2.602454602604773459e+00 5.265729421674599564e+00 5.253166828257371357e+00 6.155942657127062567e+00 3.082186972005133807e+00 4.418681131107554449e+00 6.149958613119661521e+00 1.975046607914910712e+00 3.418470262561625450e+00 1.642885583702906382e+00 2.083312170461938617e+00
3.155159060393687431e-01 4.748198623329335177e+00 7.534567067734222745e-02 4.678421414141513246e+00 4.894352326446477441e+00 1.071073793463716006e+00 4.605913213228941316e+00 3.760273119116633644e+00 2.326747251209097200e+00 5.846617458712868753e+00 4.547791160968588819e+00 4.538723606368698427e+00 1.935544436779887689e-01 4.837314379658402608e+00 3.483520317981875891e+00 1.546460268397940263e+00 1.679428166135698230e+00 1.580925300203183781e+00 5.676552307721822288e+00 3.613224808199739790e+00
4.193182538874130394e+00 5.614368902093715974e+00 8.251346846551701475e-01 4.249108638829031115e+00 2.159061341043611471e+00 2.091216224647445721e+00 4.420543380714003767e+00 6.254483023739375369e+00 3.749103607121889059e+00 4.057671940188755322e+00 1.644728685515927324e+00 2.316414239189020119e+00 2.489612102613863787e+00 4.277192604847678048e+00 2.860103920872191896e+00 4.743420921713781269e+00 1.374100985646229178e+00 4.812049331905137589e-02 2.391500230480414935e+00 1.027734359421637045e+00
2.861151402575109692e+00 1.466916281077561557e+00 2.410244218097523206e+00 4.336171449470151096e+00 2.509285468399823582e+00 5.504339762778973189e+00 5.398202725358617116e+00 1.679173370164941392e+00 1.884176093381876527e+00 5.034122436127121958e+00 8.415059394001803694e-01 5.632788536394551571e+00 6.182423147535886621e+00 2.958582077025737611e+00 2.619343276161098633e+00 4.224102295418523667e+00 6.106220841010236849e-02 5.625605197007266689e+00 3.573512429769206467e+00 2.425947113137491229e+00
4.655420347212567145e-01 2.111136108237408937e+00 4.571367601605347275e+00 2.847744008960180651e+00 3.141585385068261793e+00 3.815752739723205639e-02 1.653911970028839051e-01 6.286408679672180755e-01 5.868267057697839073e-01 6.060049450230367896e+00 1.367364034798201677e+00 3.420188056329768855e+00 6.273844803227416334e-01 4.337383035712808699e+00 4.144346473450963408e+00 2.864421514037382099e+00 3.365273401138122455e+00 1.649387394622310321e-01 3.575749675311094222e+00 5.919739718876021684e+00
1.653468902416920461e+00 1.153727824061457685e+00 2.543903781776564621e+00 4.068873038296607625e+00 4.420365137611883988e+00 3.831136980814219051e+00 4.629973144648863226e+00 1.568225697620736714e+00 2.925187202825668908e+00 1.478004522406067833e+00 6.046398570260445027e+00 5.506933463121767680e+00 3.418724148991137968e-01 4.526273492971926160e+00 5.451726946009194386e+00 2.647349953186936222e+00 4.403801420480882634e+00 1.903676589572061095e+00 5.921671889021972390e+00 4.342772252923573717e+00
4.689926300580602891e+00 4.403921452575626283e+00 5.103371215442247255e+00 5.644735465313424072e+00 5.288146607626631912e+00 4.526371548014120449e+00 3.277597301232825888e+00 3.476015693199244971e+00 3.466462487072237586e+00 4.948851193081605260e+00 4.922349596830735585e+00 3.453369203090627781e+00 4.153152470714975841e+00 1.826536892862637984e-01 4.412586580771164613e+00 4.463342039016982454e+00 4.674381657454913075e+00 4.065189421978175233e+00 2.675907786796533294e+00 1.124963995971337560e-01
3.889248383949441834e+00 5.120330169132806253e-01 4.133472506330278406e+00 6.200761532932796527e+00 2.443111092219238056e+00 7.894644403166366509e-01 2.492226916401191872e+00 3.946575501783515516e-02 5.065827310111829185e+00 4.270888047468809567e+00 3.463376190945550714e+00 1.256145432510993754e+00 6.407616750895832602e-01 3.892718269213545135e+00 2.397958174914636628e-02 2.026531503425699210e+00 4.197192251218589298e+00 3.508803715318412841e+00 3.278706399324203602e+00 1.522210361400992085e+00
8.914600404159239710e-01 2.668375500913948706e+00 1.495397309268165831e+00 4.984979928789552872e+00 4.391081374814788774e+00 4.603994742537818041e+00 1.173011792308901624e+00 4.823654181833383348e+00 2.054445587407232487e+00 2.330170964313382775e+00 2.718831174912422988e+00 4.789606441752487953e+00 2.055674050059732583e+00 2.062508400514324602e+00 4.343487330934426183e+00 1.880926998678567053e+00 1.450601676176290322e+00 1.517461349433489648e+00 4.842959642230444395e+00 5.539947880443992112e+00
4.009759160825625002e-01 8.737525791288858201e-01 4.060421430000862308e+00 5.627190166374821167e+00 5.898222101338767231e+00 1.874071042359810813e+00 4.475533851159292809e+00 5.532035625522185640e+00 3.213274365008502276e+00 4.088009032201700421e+00 4.397511015069602180e+00 4.260375070414172960e+00 3.409223083535206200e+00 5.769737349024245177e+00 4.301337912792711826e+00 4.716489976847358712e+00 4.233498545134482427e+00 3.384544059192846621e+00 4.057354812117973886e+00 6.134515956407217807e+00
7.763826924619559033e-01 7.683700143558933604e-01 6.553126588892738136e-01 2.843841307578934607e+00 5.789897442190733656e+00 6.002326221604873391e-01 5.072643687490812070e+00 1.412830142689148527e+00 3.453832244301797694e+00 6.092570467198408224e+00 5.510282691693928925e+00 5.597890944487075693e+00 3.743215906652755276e+00 2.090884638001984541e+00 2.904540884183871352e+00 2.992682035431904808e+00 3.215061053542807912e+00 2.362888870708088618e+00 5.823423875876298617e+00 1.937186335098734613e+00
1.215291791778917441e+00 1.353632569687957199e+00 4.908456069038874325e+00 1.462448172833279880e+00 5.959362768177808967e+00 1.005902750294029868e+00 2.304523985568465161e+00 2.693093329310180639e+00 3.808043675285319285e+00 2.077904266085230489e+00 2.077894041996351859e+00 1.729529634451844933e+00 2.612619697771580984e+00 4.603714784832919626e+00 5.306376880356863168e+00 2.738975116828807010e+00 5.766067141159743059e+00 4.189782680903531564e-01 3.779544229167234093e+00 5.159639284180235208e+00
5.983643092069971914e+00 4.079571291444885617e+00 3.268273676800044658e+00 3.725751478331785549e+00 1.737698097343513437e+00 4.314941876566053547e-01 1.198245525758066421e+00 1.048213305766872716e-01 8.375176641187360715e-01 3.484199586728524256e+00 4.942811807331579210e+00 4.444427267041784368e+00 2.443082563494598444e-02 2.610390466182549662e+00 3.118808225954049274e+00 4.503810437852502346e+00 3.382413765819662355e-01 3.765369930213429583e+00 5.792355622288349437e+00 4.063324230765202216e+00
3.115232653270691099e+00 2.656143519777180551e+00 1.777170986015680798e+00 1.607979912320341431e-01 5.029542318745134466e+00 3.319606424380469711e+00 4.331775810904602508e+00 6.207456579991339929e+00 2.909816579713304652e+00 1.519659318654941416e+00 6.615433159859454015e-01 2.583098002127976578e+00 1.971925838635140815e+00 2.069879555708922680e+00 2.294943161111156760e-01 3.244016918713173769e+00 9.684240281225281466e-01 6.207871651563563020e+00 5.827501208234501462e+00 6.244029779960604820e+00
3.102017565818897538e+00 2.816909450319810659e+00 4.107127190520708737e+00 5.391151051008018946e+00 2.321858350598613896e+00 5.159463044098799855e+00 5.615621910789805327e+00 1.673803668112509468e+00 6.222693007036344426e+00 2.164089692096311079e+00 4.872796153739358260e+00 1.787668457519157927e+00 1.405470434422995352e+00 1.161850565332452900e+00 3.970421437255213792e+00 3.604044723307419318e+00 2.196700495716480184e+00 2.563412035692345547e+00 5.682789062165137572e+00 3.336651508239068420e+00
1.647637935716654289e-01 2.622773064507925689e+00 1.174142115302276412e+00 2.371120696662270877e+00 2.916965749992878720e+00 4.082954307150354900e+00 5.248631770895747506e-01 1.453403774803904147e+00 5.545459164582500655e+00 5.192016433842877587e-01 4.235878987403789986e-01 5.983746280817570096e+00 4.026315701634859856e+00 3.275868932456134530e+00 1.990623704386768278e+00 1.829242257585502296e+00 5.278719005107641138e+00 8.735778845188127972e-01 5.081447600380344098e-02 6.069075502247426535e+00
4.875444640843925370e+00 1.788357208466253123e+00 5.531298799834231339e+00 4.092432910419103287e+00 5.751273999276643067e+00 3.243954592389687974e+00 2.318351535935797347e+00 2.733709659528832159e+00 1.885264091294602373e+00 5.106298976679960688e+00 1.316214498432557667e+00 5.761227222674733639e+00 1.465453748479003782e+00 3.575469556674249372e+00 2.598778623431889478e+00 1.182485527096049926e+00 1.142210844010828064e+00 4.112347030670936654e+00 7.520912474943791670e-02 2.840494703749583127e-01
4.775926879015784721e+00 4.902791305596358562e+00 3.573218534442458072e+00 2.594139672719889322e+00 5.538342352177735961e+00 4.079289051737698402e-01 8.787549182203847620e-01 2.155904184613965935e+00 3.548821585611957374e+00 4.142178666670830900e+00 6.079437822410324266e+00 2.978194182991041217e+00 4.620321958899556769e+00 3.578078430110744890e+00 1.808629177377568675e+00 5.310466318256924723e+00 5.497254406489181733e+00 2.316821384465055367e-01 2.631884819569604073e+00 8.941903681565891437e-01
3.210098067542304534e+00 2.807148972806925991e-01 3.547959285093984505e+00 5.863640387071916926e+00 2.694234852165235949e+00 4.531481315543572030e+00 3.882493731539743642e+00 4.338695006528512366e+00 4.181828112676154952e+00 4.199720710457626183e+00 1.833863683750698748e+00 5.254569096830901564e+00 5.362554590497673468e-01 2.189783309028030089e+00 2.979488213233945082e+00 8.241102002854532316e-01 2.714307792475210146e+00 5.025337303441355985e+00 1.345697767685791746e+00 4.946341648418551173e+00
5.123457138682082856e+00 5.259567032610791948e+00 2.075198758394179777e+00 1.887824309403588696e+00 4.656586568837825624e+00 4.669126021900408929e+00 2.096424679178781503e+00 4.527074642475013455e+00 2.894166649248915757e+00 3.415774085995125109e+00 9.497287440584648577e-01 5.274864911749515883e+00 3.425937648575944738e+00 4.330499861201534961e-01 5.245118784339815043e-01 5.422411961917774192e+00 5.694915034274458776e+00 6.012514044935449498e+00 6.019058091652073728e+00 3.840658881799397406e+00
5.529746645988034892e+00 6.045428605145490852e-01 3.189778217236630020e+00 2.807350322649739383e+00 3.213019293848829783e+00 4.051766988304890127e+00 4.926855764728788500e+00 4.084951151099129874e+00 2.955424812553069103e+00 3.246596292714598597e+00 3.705493978637724339e+00 1.520969039642117993e-01 2.872736461093393867e+00 5.127618952795727658e+00 6.262962325456075341e+00 2.192512631510374621e-01 1.853956217105612758e+00 8.635116310963034669e-01 1.862488480094390386e+00 3.577231171187673642e+00
1.390555367832161826e+00 5.500310632127130006e+00 5.209237631430153392e+00 5.879495650502152948e+00 5.723304691057391480e-01 1.414634967878116267e+00 3.149749968043395132e+00 2.179101295400985183e+00 5.437200925181961964e+00 9.327273690836626052e-01 4.315112512266385814e+00 5.359510521493367818e+00 4.827574607582835853e+00 2.356852976237807429e+00 1.945574802389856695e+00 4.437759484727624937e+00 5.588852595557647795e+00 2.525173214655659359e-01 4.938489208569040834e+00 2.233944992005913566e+00
