6.147389545472417893e+00 6.276502334727884325e+00 1.141717237246262728e+00 5.710348088240974285e+00 1.229064175975994599e+00 4.375319423665367857e+00 6.501102399967374490e-01 4.505322385225732695e+00 2.844323877238048581e+00 4.828836649208608223e-01 4.971904570431232351e+00 4.460464849775912732e+00 3.129165236411985518e+00 8.033166070015073101e-01 1.462344905295232866e+00 3.215515248465399267e+00
1.945763836087520682e+00 1.584665892737793236e+00 2.214267171697017922e+00 3.388680663249453939e+00 3.457629265436744426e+00 6.150725432593688424e+00 3.269173174620678690e+00 6.074526732770386239e+00 9.426993953653104441e-01 8.854917190385139802e-01 3.154840772610981503e+00 3.284796567296273118e+00 5.289581664116617787e+00 4.188431837336892727e+00 2.114552679383697509e+00 5.120417654365424731e+00
5.576709471538549678e+00 1.023463455728333527e+00 1.863049266726466868e+00 3.136525656183091204e+00 2.695524899302494948e+00 2.496522876866106522e+00 1.197525923722257080e+00 5.847670345682360882e+00 1.025019478491321578e+00 1.709480566473907226e+00 3.670848931793693648e+00 2.463006895101613303e+00 4.942362979509988818e+00 6.000509330344870662e+00 2.186601163845553586e+00 6.123345566292377029e+00
5.887026771571783001e+00 4.986779733372998180e+00 4.602121954871103426e+00 2.395488507537290257e+00 8.104719657084162865e-01 4.501099894795458911e-01 1.386879446776703384e+00 4.547182191840445142e+00 3.998786716656125506e+00 2.731110568296005958e+00 2.203203216299423506e+00 3.726019209268327081e+00 1.563796165831894180e+00 5.750478093319243200e+00 5.853952154552287901e+00 1.200783446673973742e+00
6.042505710699474619e+00 1.223558278751612827e+00 4.897354358885162851e-02 2.908771706395106182e+00 6.824926271122442323e-01 1.352081469181088291e+00 6.028810626664259098e-02 8.432392385628081910e-02 1.766264393384267217e+00 4.941479328415293359e+00 5.964667957404090615e+00 6.130767117331910043e+00 3.383539570068312408e+00 5.128480312811017683e+00 2.957021812886486689e+00 4.198806424634045520e+00
4.270651563939029671e+00 2.390200890142212042e+00 1.981763735121455927e-01 5.846900162548122282e+00 4.523191252052029654e+00 5.517845365513744937e+00 6.216187224705134184e+00 4.620058962934741054e+00 4.773791214125544968e+00 3.263503191469696141e+00 1.062642008567818319e+00 4.431504769154797074e+00 7.327333198647918433e-01 2.991790203130667791e+00 4.698358772852899712e+00 2.904781008381390084e+00
2.366656140065660274e+00 2.391390290713690359e+00 1.381253879915622651e+00 1.141618006180354222e-01 4.626038653135683631e+00 5.519189716436713411e+00 7.806360197269595069e-01 4.746538088232783892e+00 5.961988851460063188e+00 7.096002710120841162e-02 1.371747409662325445e+00 2.749825522745907413e+00 3.428785225930566782e-01 1.514876168536711809e+00 4.722380377914718430e+00 5.608284925590101722e+00
6.147528334914768022e-01 1.259759638127821324e+00 5.085597942646176151e+00 1.413637190981182457e+00 3.757732508126580662e+00 4.615152809947734802e+00 1.095881380687758977e+00 6.108331461199250079e+00 5.045755305498691001e+00 8.220198363987897272e-01 4.017098619753386224e+00 5.734985047625996415e-04 3.223915299529132916e+00 2.187517117011001933e+00 1.735221492698798329e+00 2.820922693803042947e+00
2.992307916156963898e+00 5.320707648874684281e+00 3.716143351761654667e+00 5.523784650842125998e+00 4.437143920858257040e+00 6.181818805297639940e+00 1.468534626988464487e+00 1.740015217520509694e+00 1.988289528694957342e+00 2.014325730333006881e+00 2.587901025332290050e+00 1.283227812703069848e+00 4.847152628555083886e+00 6.041572679412852587e+00 3.637933104870765266e+00 5.009680438399250590e+00
2.709575260772102645e+00 3.811796143222038413e+00 5.674272921345207443e+00 1.636010033086620519e+00 2.457691697251753293e+00 1.202019357982079262e+00 4.825071344810014651e-01 5.974991104164101507e+00 2.415192651153891479e+00 1.263288523219706860e+00 5.786334955995179108e+00 5.694471191774939101e+00 4.730299489725058315e+00 4.327039553810511308e+00 5.941026766422772276e+00 1.609524392498777434e+00
8.251315685508706088e-02 2.669087049359192942e+00 5.020879395947647872e+00 5.925863660595359406e+00 5.753674179064999450e+00 3.070329018334927995e-01 4.908767261476390864e+00 6.520104411028083691e-01 4.578562159454441449e+00 2.438290090141244093e+00 5.780003492347185912e+00 5.931112126051177214e+00 4.382622127518121857e+00 5.290260446966639662e+00 1.258084548889931042e+00 9.887273280799608877e-01
4.505713273245202544e+00 3.842230776300545880e+00 3.424805246346760867e+00 1.694514019865482890e+00 3.281961442419323305e+00 6.030322513548420638e+00 1.553553981895694935e+00 5.562753210429314699e+00 9.778012464594939557e-01 3.743539518244240139e+00 5.582433575681089444e+00 5.777857345141661050e+00 5.641896135526849321e+00 2.966267667020644261e+00 1.425285983816228397e+00 8.532621780219751262e-01
4.433042589820489709e+00 4.040662741453592943e+00 5.092137973389668559e+00 5.151450999974237277e+00 1.682284025650986337e+00 5.855517113856587130e+00 2.932972323199376952e+00 2.110033571551060305e+00 5.150706062894694348e+00 2.843098818794985938e+00 5.799614075980894512e+00 4.820917641023144462e+00 2.131271141252152557e+00 3.135979927991908056e+00 6.888926770963726964e-01 2.355687677069119967e+00
3.120876767988110423e+00 5.067427812387957253e+00 3.867245701957430892e+00 3.476018666709754790e+00 1.719208221058395880e+00 2.850184934732128195e+00 2.307547343936165785e+00 4.661208511505749108e+00 3.655874733429022250e+00 3.910573399510877124e+00 2.432002652020421429e+00 4.824146838107679969e+00 3.228047425922934810e+00 2.109672856576577438e+00 6.182185023384286993e+00 6.229436651698945226e+00
2.227298463953891972e+00 8.820506341520423232e-01 1.472360293031773182e+00 2.917537720922436240e+00 5.137233856089451045e+00 2.088830593996398477e+00 1.171317614808954133e+00 3.107122089386209041e+00 2.455163957809316955e+00 6.643743489618133546e-01 5.475239287343118377e+00 3.008796341257236495e+00 5.960246313641616389e+00 2.951148047129138696e+00 1.904883841683649104e+00 3.760413786577410988e+00
2.081964943922639755e+00 4.053071777495453887e+00 3.054205199427034501e+00 4.299620457054169620e+00 3.975774867712756677e+00 8.937634752860131870e-01 2.031796108700253622e+00 2.824594067117502050e+00 4.358610974251398318e+00 3.963035643937477204e+00 5.780604685247225483e+00 4.295160898691408491e+00 5.414781936665963968e+00 6.108878732718470594e+00 3.277844309826275726e+00 1.635924498668607674e+00
8.994414499230359850e-01 4.017867064166260604e+00 6.866044843672366449e-01 4.563589261676767705e+00 3.807987667716697722e+00 2.151014399327859206e+00 4.358775665369263308e+00 1.979444437234006982e+00 1.042493914213675765e+00 1.791574956702787214e+00 3.570868022222354110e+00 3.646441861649827310e+00 6.164395603872701024e+00 3.492995027205979763e+00 1.965148884385232164e-01 1.634575391164506897e+00
3.550590096971774301e+00 8.456375841123831005e-02 5.371697284420606344e+00 1.274399988274344808e-01 2.365485991061703874e+00 1.669521818362637688e+00 3.922502747451733995e+00 4.753778748495960826e+00 4.442427493557674190e+00 2.727472826898983405e-01 4.829399214079687752e+00 3.637331984562406806e+00 5.587920596016328290e+00 1.093837737371522234e+00 1.518631394968085413e+00 2.571783515209845383e+00
4.156457316490806519e+00 1.291481001064389567e+00 2.499876001280898929e+00 2.275640282112522783e+00 5.917311709609139214e+00 1.862200984379062119e+00 1.245119560542360837e+00 3.472922757671319083e+00 2.475883528363382879e+00 5.564793419134598906e+00 3.848933456250022811e+00 3.421088458767292284e+00 4.211762251621363085e+00 4.972345347186037934e+00 1.068227700179203099e+00 1.276218624000562629e+00
4.229562473912013232e+00 2.201429186658161896e+00 5.202118998425200758e+00 5.975927423647530823e+00 5.797280531760701905e+00 5.633695321496942299e+00 3.693915788208634421e+00 1.743199868806881270e+00 6.194247033741710595e+00 5.585557398752849068e+00 1.747224792017396666e+00 1.218248129133792323e+00 2.095773208150739642e+00 2.741872060560665236e+00 7.124455210790329174e-01 5.446286927029613700e+00
4.543417500004226506e-01 4.066263441112991650e-01 3.576976519251357178e+00 3.467719028002811399e+00 2.585217834253366043e+00 1.344685854755289123e+00 5.596493959109489769e-01 2.773530768305602301e+00 1.565418690701534832e+00 6.126530761366225875e+00 3.297669481771559497e+00 4.873449089285728952e+00 5.292586027563643825e+00 4.138388072515661875e+00 6.773910598704598052e-02 4.268439886082477486e+00
4.296213417595168060e+00 3.027952380367315399e+00 2.193492095585928947e+00 6.394058386527080584e-01 3.619500597345404191e+00 6.245602567852199805e+00 3.425881723078120444e+00 4.746596554474637131e+00 4.147078668781718491e+00 7.372983063246856261e-01 1.210138239364807022e+00 4.316635092076150926e+00 5.582318968828968941e+00 4.540609240358894461e+00 2.032918361035659149e+00 5.655579161011910827e+00
5.567199015750445845e-01 3.543313133307919305e+00 3.900307865416831721e+00 5.846598218747278253e+00 6.227095399700976586e+00 1.387237462309626745e-01 1.498541588837622118e+00 1.611595557045151228e+00 4.444877948687028457e+00 1.234931008557879906e-01 6.219712156964777527e+00 4.317733293619463453e+00 2.500578519479508266e+00 4.489819670341449687e+00 4.953349023163857723e+00 3.979576528484277675e-01
1.363820399273428352e+00 5.500441387107313673e+00 5.958453273728634869e+00 4.416850628928642664e+00 2.737746956587402636e+00 4.844327268347065285e+00 4.759442245978291908e+00 3.477151973199946178e-01 4.743384633937000494e+00 3.228288530812562840e+00 1.604080304886430497e+00 2.366677029573502899e+00 5.185242657753494022e+00 3.114048356082025126e+00 1.929833323105506482e-01 6.032592877075728666e+00
2.963477608793998463e+00 2.805411163454333057e+00 6.046758824873974092e+00 4.014811344247482539e-01 1.954941422739166379e+00 3.191643306993428464e+00 5.444623612708809901e+00 3.002781830681232833e+00 1.488010986559265003e+00 2.725174965439940422e-01 2.438572569114055177e+00 2.188853659469509605e+00 9.638941276529132685e-01 1.057793706311826121e+00 3.000146326317663981e+00 2.814652604508098843e+00
6.112496697395967266e-02 1.562037515726447223e+00 3.961087764002211742e+00 9.481009714774583097e-01 6.613234399507352812e-01 2.057828456945693496e+00 4.982160784074962656e+00 7.733737790809868118e-01 5.763055433745454259e+00 3.504401904251931654e+00 1.811239942257177438e+00 5.197112045549346249e+00 2.263087196675293011e+00 3.020330267642545863e+00 3.196628663265170811e+00 6.027467722130563921e-01
1.522428393511465528e+00 1.469675088891088111e+00 5.330999531599832864e+00 6.125707796403855987e+00 1.117704762016624720e+00 1.484522946184432701e+00 5.953078143732282612e+00 6.054785024289456530e+00 5.381317195372306017e+00 2.223664440981687029e+00 1.803571028143764687e+00 3.403922679219983927e+00 5.136988917523207299e+00 2.436954244694259142e+00 1.647182479299426072e-01 5.507932934856198948e+00
5.858891407434831500e+00 4.375583971200847522e+00 9.703539411417343441e-01 5.101250809459613400e+00 5.845672097775784337e+00 2.625034990404072843e+00 5.321129267711237176e+00 2.370418231660817998e+00 5.889261626648296222e+00 2.211860733211716390e+00 2.646406575443579712e+00 1.854606496420118100e+00 9.630196026489382666e-01 5.025200291632329730e+00 2.548452454316206595e+00 3.646490520654857459e+00
3.936598472725952647e+00 1.249319260985429336e+00 3.644273388020047300e+00 2.227495682007808231e+00 2.839133202683899793e+00 1.706262111850664231e+00 2.006148564728802430e+00 2.258276251089763154e+00 1.994828043830456865e+00 2.485508046617036726e+00 2.278702811553363183e+00 2.472087514978148715e+00 3.588010491732813168e-01 4.425630344579002617e+00 4.255742379555684352e+00 3.614716440074672299e+00
5.803386098524456749e+00 4.895822330649101772e+00 4.231402378597116432e+00 4.326177361055439263e+00 3.702625329556485045e+00 3.638702313407179201e+00 1.893697898171503580e+00 5.302649364279643507e+00 4.375271697551785799e+00 1.168694979358355202e+00 2.623703576648345859e+00 3.202934356964449059e+00 5.758456460206939909e+00 6.058712198859155684e+00 5.493978687848576570e+00 9.718411075146932143e-01
4.460744051705836100e+00 5.107493121277795645e+00 1.642857897248800603e+00 4.613650573902866370e+00 3.733343235563218343e+00 4.147219484386303279e+00 1.533994260450744385e+00 3.956626712534174306e+00 2.017046108742966748e+00 6.276072336110780192e+00 3.011480010066717394e+00 2.132586629260862399e+00 2.649528412387509024e-01 5.407214850148256424e+00 4.235607349652687148e+00 2.318335720261188448e-01
4.329617489963134780e+00 1.332654936526900480e+00 3.262097562500164138e-01 2.321359742668769766e+00 4.918616388867381950e+00 1.618514379520053392e+00 2.463574344938002536e+00 4.765396948496844587e+00 5.563921845751262474e+00 4.665766238160538038e+00 1.453884903387669514e+00 3.165777425118823540e+00 4.170000830217279741e+00 3.182924458740895579e-01 7.692891882628900557e-01 9.169338761669635351e-01
