5.095255588454167039e+00 6.070626310284543692e+00 2.024828626516645524e+00 4.455089009200611017e+00 1.237575005085707502e+00 6.172158054388726001e+00 4.478337938826094877e+00 1.908584294460279773e+00 5.211889877068572652e+00 5.248843486756205046e+00 8.155920482165475160e-01 7.135500904801973521e-01 1.950563395714052906e+00 3.398958529470225365e+00 6.275412220932982343e+00 3.969962479641982789e+00
1.437794091187076795e+00 6.123154185104858982e+00 2.261305423322687247e+00 3.677985384788933637e-02 5.363843574334462794e+00 4.891617548175783425e-02 4.334229560702887341e+00 1.928096740800553155e+00 6.044759454771189588e+00 2.044693071022114506e+00 2.624652922361731644e+00 7.728817011237728574e-01 1.215474430908785708e+00 4.620526158035038300e+00 1.794328762920408105e+00 2.687886163742695178e+00
3.963124192364143816e+00 6.219977246837790075e-01 2.668170058334026873e+00 5.363473965391677645e+00 2.123412964150168225e+00 1.941196268586649509e+00 2.272936160789877480e+00 7.563971557973933613e-02 5.463439009571325222e+00 2.969414501002591855e+00 2.464912315436353085e-01 3.853826118671123790e+00 3.349108824144960916e+00 5.525767161167165042e+00 1.021761834694984827e+00 2.400392994994106743e+00
1.355326454539282022e+00 4.877725079226337357e+00 2.139720650348101660e+00 1.641990895699528830e+00 3.027090885500006934e+00 5.413486498105492650e+00 7.322721090343640160e-01 3.355449228085290336e+00 1.519959706394857113e+00 5.042384210438028980e+00 4.554096641951582924e+00 2.938792366789956478e+00 1.953714470932692127e+00 3.930614588529807163e-01 7.265435618831668219e-01 3.562556086344712991e+00
2.322028733364787101e+00 2.192735832021813547e+00 4.139684317223215615e+00 3.690600390850996337e+00 6.286595546596974726e-01 5.152928489537774936e+00 1.741559214104429820e+00 5.624425168123230456e+00 2.529545589342935497e+00 8.153963758557020158e-02 8.009825001905922504e-01 2.604389817231320126e-01 6.191643444367668003e+00 5.832115443752943662e+00 1.650830432253354241e+00 1.621793505521038625e+00
5.196783409788738872e+00 7.079540158984094778e-02 3.851439606095483636e+00 2.634488816449942483e+00 1.485124762884039384e+00 7.283107170817187948e-01 6.173586943036145414e+00 4.671935918048987224e-01 4.500709411460323217e+00 4.007621011751226758e-01 1.519964651124420696e+00 9.492472801180764641e-01 1.175297169611610570e+00 3.304668835174456198e+00 4.065187804832974372e+00 3.895714541234194694e+00
1.374166701728685602e+00 5.607419326252903957e+00 2.130583279134631081e+00 5.900049713140079533e+00 1.972602055868174720e+00 1.539566210837451266e+00 3.943600869522144503e+00 4.637617686544230899e+00 6.221561245859395406e+00 2.643324707150335851e+00 5.015628525623624157e+00 5.335116808050936577e+00 2.146198299019861810e+00 5.826491765701506509e+00 2.939735768521789527e+00 2.171218553011404317e+00
3.187084896426452207e+00 2.765421051701750343e+00 1.078820647279893491e-01 4.422123649622109021e+00 5.825465508723471686e+00 4.158114981970167712e+00 1.101007932179247861e+00 5.233492839627115423e+00 5.081455044299397983e+00 9.517043379613079890e-02 3.813072982816198664e+00 4.858950299082291480e+00 1.175130869051468213e-01 5.706163043664218115e+00 2.588789427026670698e+00 5.533956423985619821e+00
2.260532049740970439e+00 5.722263942865836839e+00 3.137137363919568211e-01 3.901887216181695983e+00 4.110539737551328621e+00 4.777308797705927645e+00 4.142386178640192540e+00 5.168840412935043815e+00 3.689899434314026117e+00 1.792077406458496558e-01 8.235112294292066260e-01 3.386966376637375653e+00 3.762776846257493979e+00 6.065116996202424282e+00 7.781733760731499583e-01 3.393630543958413348e+00
7.788363948854770680e-01 1.027859081307213707e+00 4.977491760738947946e+00 2.742301505626105751e+00 3.293569750262998586e+00 1.039121428360294086e+00 3.497639121865368850e+00 5.210015812164511040e+00 5.119606935618990384e+00 3.812790116135693630e+00 8.263806006511961177e-01 5.909629738850922465e+00 1.735688786473820411e+00 3.323182459554305357e+00 4.275845459345535282e+00 5.021200293554724858e+00
4.185323570913181968e+00 2.929683958104542629e+00 1.633672110412785594e+00 1.876032788583228639e+00 1.184663618803849516e+00 4.104023870572643951e+00 4.667231283383885376e+00 6.028399139551149588e+00 3.118246448547334015e+00 1.220387381360869411e-01 2.844956737708712158e+00 3.847846290287107784e+00 5.387832323712416382e+00 3.834456279230966214e+00 4.526240369280111864e+00 4.920132654556307550e+00
4.842705984390835106e+00 4.625019418590786913e+00 5.359236705635369441e-02 5.669440419712553414e+00 3.557251403265527134e+00 4.760778555874516371e+00 3.891137792189300448e+00 5.055940001685364393e+00 5.383720180297284941e+00 2.103479993584651542e+00 6.351384391318467548e-01 5.608525752998485103e+00 6.465735387618751773e-01 2.780592890325678801e-01 2.204044688751208625e+00 4.886241554813278043e+00
4.227769606649049550e+00 5.839113585996900113e+00 2.096953363048548624e+00 4.629305856006150854e+00 4.732252684207341353e+00 1.895490695223942534e+00 5.615751653918011677e+00 3.479771927802957521e+00 1.167699450359730440e+00 1.692110006401138955e+00 5.620514190601277882e+00 2.185093993803988610e+00 3.155264112515608232e+00 3.558710846749251200e-01 3.548311929840624934e+00 2.971930030480866236e+00
1.540229424476166731e+00 1.657626309472885362e+00 5.139152849077722962e+00 6.016434973161968180e+00 4.421749883748075760e+00 5.833283564524240461e+00 3.099971567408978501e+00 2.431826247944053887e-01 3.444280330437329951e+00 4.857133141982991731e+00 6.475715639535410961e-01 3.055033773563498922e+00 8.963814548803046289e-01 1.634070488726145354e-01 4.401616084302526488e+00 4.380898949002380860e-01
3.763033446920322156e+00 5.789021274141099127e+00 4.170155494064220481e-01 4.883869488034804363e+00 3.799901899632743163e+00 3.153743317978338734e+00 4.949848541775049071e+00 6.131148055887414294e+00 2.583583450729605158e+00 3.864398131444612083e+00 3.781036083051284358e+00 3.487681081133380712e+00 4.777683476122701833e+00 7.043495514691469062e-01 1.835322410503392954e+00 4.727541440477648571e+00
5.547541384993824209e+00 5.092222017268100975e-01 7.254766066667890367e-01 6.046704287253258370e-01 3.091692828643685664e-01 4.449549642542675043e-01 1.137154442448388592e+00 1.588882363937052400e+00 2.924869861388360803e+00 1.938881665545708843e+00 4.041431204810329803e+00 5.909725599529453532e+00 9.616815857797582634e-01 5.030534240928600909e+00 4.812848749288950678e+00 5.594263006431452467e+00
5.576847681582221661e+00 3.850453192564207594e+00 4.834801750173860491e+00 8.878123756050938786e-02 3.861685377007657571e+00 6.814462346421531480e-01 4.053082405968570612e+00 4.269143482036812820e+00 1.131347151273964124e+00 5.154568574202395004e-01 1.480665824641101525e+00 4.065903015106139051e+00 3.269630926648209091e+00 1.005921569941889082e+00 3.835739746032288622e+00 5.614191798476914741e+00
4.843593548414100169e+00 4.147415188645763529e+00 3.684259882189409030e+00 3.873808410298098970e+00 3.102871666944468476e+00 2.801234491100500712e+00 1.254761681810587115e+00 5.893391085448932643e+00 2.978937034992664046e+00 3.172286983166180185e+00 4.069364039833921254e+00 1.337483373227042804e+00 4.155862378529360690e+00 4.328896847793461511e+00 4.996872621209797138e+00 5.496753012377245895e+00
1.539004622534305700e+00 7.172573681731319040e-01 3.698920947761018541e-01 3.742720924234008262e+00 7.177343250121646923e-02 4.784842651983617579e+00 1.313041514265555598e+00 4.860178967987303089e+00 5.207635410125418751e+00 7.751201288302799197e-01 9.231989663103141730e-01 4.395795067978631288e+00 3.146045392350115488e+00 1.045084010197496305e+00 1.308383370020811176e+00 3.778271422922295120e+00
3.686086434928121935e+00 6.156661739028511882e+00 6.104693348003756626e+00 1.991963795864373443e+00 1.723158272838495320e+00 4.851935420807136801e+00 1.284635192901247169e+00 5.662213897929948558e+00 1.172481256566924701e+00 6.006349997691557974e+00 1.688686673399169447e+00 3.217650904977567006e+00 2.416852073927596933e+00 3.563212787449491881e+00 4.070157621520908431e-01 2.914048990869277489e+00
2.368934490793573655e+00 3.748972674849324171e+00 2.916523877815654586e+00 3.232249627528732461e+00 3.898602325582339656e+00 3.201672261048453816e+00 2.932051641918707041e-01 2.261498027657062426e+00 1.215890626297856381e+00 2.771815895585587608e+00 4.659434471953513679e+00 2.270646044936377006e+00 5.429897506249720784e+00 2.206330151228928393e+00 6.236206088448021490e+00 2.074850846663424342e+00
5.460205874397944470e+00 3.019367955833159201e+00 5.836357505500631149e+00 5.824399422261680392e+00 3.554611271540116135e+00 3.345399136450662780e+00 2.271573129637078914e+00 4.221374500055169676e+00 4.020285825776312549e+00 3.806354601675957738e+00 2.212249335866993682e+00 4.200201430482270126e+00 8.024963005073829647e-01 1.378352907349805312e+00 3.189794203668860462e+00 3.111727163831878418e+00
5.705581135434940165e+00 1.246061818175739466e+00 4.003969568304753257e-01 1.909861549829109661e-01 4.295125867292068911e-01 5.722027669250575599e+00 1.937884007718273738e+00 5.302363224866683211e+00 3.480992700047169208e+00 6.180566849372319815e+00 2.518467516407475237e+00 4.660732225843944754e+00 3.220782050459155776e+00 3.926120835219701899e+00 2.341924725822872588e+00 5.983357325362856471e+00
1.408690462865561099e-01 1.287199781810247634e+00 6.571887599074999198e-01 5.452699088575702291e+00 1.062862528452490407e+00 1.316930452400837170e+00 3.766133675924603352e+00 2.931435079006114552e+00 4.447137663307942468e+00 5.214006735737525489e+00 3.434317265570247191e+00 3.397936092604105340e+00 1.560099502972440266e+00 1.112287097107108158e+00 6.209233188913031221e+00 5.766141391144883777e+00
1.670246358279002141e+00 1.313742803441648288e+00 4.447580451460225071e+00 2.723247167229937205e+00 3.177146195785956806e+00 7.680058407396062048e-01 2.428186516493243463e+00 2.242993022842928175e-01 2.531848049998580041e+00 2.685177779945416621e+00 4.038274492247979630e-01 2.338311769347224622e+00 5.242710084709027996e+00 5.619018992146210145e+00 3.986436052372688277e+00 6.153892757035299421e-02
2.301884572194579981e+00 3.643971959850007547e+00 3.388175137966817019e+00 2.595920840706111843e-01 2.754021626900960307e+00 8.785513268439759660e-01 2.960088044664317408e+00 4.333267007845825525e+00 5.894921902875071673e+00 1.978664701131015224e+00 1.826051255475207746e+00 5.646184545566589108e+00 5.793329783814646028e+00 5.195483021831176496e-01 2.257797784434380173e+00 6.108305021666009971e+00
4.711343644889946169e+00 1.477433219913959039e+00 3.407816265690724489e+00 2.782223834293560127e+00 2.006620455198039554e+00 5.399228787202272617e-01 3.756329615098597419e+00 2.559032146150364007e+00 7.810487205617980266e-02 5.337467895867428425e+00 7.226994791921721450e-01 4.524810030815234335e-02 2.425795602942204976e+00 2.537030236645202219e+00 2.341184699482317999e+00 3.070142444004507531e+00
4.603144982739409974e-01 3.682845675558026333e+00 3.527086052709189179e+00 1.318559529684954601e+00 7.272946780561733160e-01 1.976679906402734055e+00 9.195706079182260906e-01 2.808117435365100611e+00 5.690998623195107520e+00 6.992206583676336962e-01 5.190010947504299921e+00 4.624868563475793337e+00 1.617269101831451117e+00 4.562020912209095336e+00 2.244382313306766186e+00 4.326750496077476527e+00
3.541378004691227988e-01 9.965489902633986041e-01 4.666617698187898178e+00 1.490053093436992437e+00 2.558949183352080770e+00 1.300977353880859999e+00 5.336324155039956274e+00 6.037873218483407634e+00 3.039813138197041464e+00 4.808055308909085390e+00 4.665222340848704796e+00 3.738154748534725069e+00 5.947315284438436045e+00 2.374382714401726879e+00 6.098507735572908040e+00 3.179497890524938697e+00
4.859903349777903614e+00 3.523882025638186200e+00 2.640403960915269077e-01 5.875018903549803717e+00 1.258393610417388730e+00 5.227120860584497208e+00 4.104464514169776201e+00 6.123413985074585675e+00 5.376140214010609597e+00 1.268439620976822058e+00 2.935476461865615949e-01 2.251046171140079544e+00 5.664126964581384982e+00 6.144945196341777383e+00 9.508216691619993111e-02 1.168941310522583210e+00
4.036158374177013286e+00 4.281107932850049203e+00 3.224325897803937302e+00 1.386137583116794358e+00 1.396873501001279383e+00 5.292287786724091170e+00 8.653051209912829833e-01 1.756376259793096084e+00 3.196050898060474932e+00 2.374499979434165020e+00 6.096951595482412722e-01 2.068752748957531029e+00 2.596552159659446524e+00 2.855439344199394824e+00 3.153491506682100987e+00 1.954576887416444864e+00
2.509702280954460019e+00 1.766376472709739964e+00 1.663745641280826248e+00 2.788821944832050370e+00 3.953804403809652035e-01 2.390015061871131330e-01 3.886086164377306584e+00 2.098441006748626769e+00 3.142234406428884519e+00 8.885261391917904650e-01 2.287156339173966213e+00 1.774088803606914455e+00 5.913342164206782492e+00 5.899075671988542879e+00 3.841749680269794798e+00 2.466594630503665009e+00
