6.424424421265021445e-01
7.339469815549992671e-01
7.512030816053064664e-01
6.299185977171418704e-01
6.611304549334303671e-01
6.875366089308390105e-01
6.674263315303508026e-01
7.449798766420376861e-01
7.063247661225134921e-01
6.995502202408421244e-01
5.736884370977042291e-01
6.623745951627121320e-01
7.129742512376612273e-01
6.199865030280565792e-01
6.867900388920540333e-01
7.099163619434559758e-01
6.499055885008317990e-01
6.485362885001232369e-01
7.817422338353736677e-01
6.611646456329731691e-01
7.596530850441693961e-01
5.604981305078973186e-01
7.350547680964931718e-01
7.415013594263623053e-01
6.913277556465942109e-01
7.089551682903371121e-01
7.109836358932102307e-01
7.106035370150691755e-01
6.807576880108370254e-01
7.414422972295803271e-01
7.479998118300608123e-01
6.952760864100260285e-01
6.051397708964516564e-01
7.133799477285621693e-01
7.435685847734583298e-01
7.152129752426173992e-01
6.972878570052292169e-01
8.031599348102529401e-01
5.659100541434312071e-01
7.159257374877555646e-01
6.380196952512663389e-01
7.181360568046915027e-01
7.576994801408336588e-01
6.790551228679211349e-01
7.560859564088944218e-01
7.450615588125023558e-01
6.874950617375532591e-01
7.386541673000365238e-01
6.653521678795647487e-01
6.927143800320845202e-01
7.340385756670305684e-01
7.366496408950213848e-01
7.505414316293356203e-01
7.028142514997077761e-01
6.999994821359034614e-01
6.828281866227737806e-01
7.860541520255448500e-01
7.633030941941867376e-01
7.103680629461089913e-01
7.098590028212149461e-01
7.145470222906241675e-01
8.139476444489508467e-01
6.473166420193987580e-01
7.178383974068912599e-01
7.394965370695565365e-01
7.414017921316247151e-01
7.192601685518684729e-01
7.607056431994944079e-01
7.595494358465705309e-01
6.765921363095401819e-01
6.984371128313342503e-01
4.942523443937419381e-01
6.886705290466695883e-01
6.986028779484503293e-01
7.276415856249744962e-01
6.115017930878063890e-01
6.240976144331017439e-01
6.746261634836153709e-01
7.326833723566116285e-01
6.517553581343564773e-01
4.795363922651576516e-01
7.009396277095916172e-01
7.922950111967521636e-01
7.123055310164798648e-01
7.284296196978637949e-01
7.470085965798144434e-01
7.146787674520975742e-01
7.238408618618108470e-01
7.194249948671218586e-01
7.015448785414810651e-01
7.621191273936835930e-01
5.800546203870151629e-01
7.537892373205222762e-01
7.193146363302062030e-01
7.029211284447760555e-01
7.342611736119417642e-01
6.480135974522306386e-01
6.797933856774511785e-01
7.509612265014106169e-01
6.901304945673210067e-01
