4.268454009516746694e+00 3.542508047225166212e+00 3.082791768964093126e+00 8.100667850847927953e-01 1.239739184748169798e+00 4.907482931352909361e+00 1.538942132023723985e+00 3.602082559292074215e+00 1.518864744483562346e+00 4.075851897750599306e+00 1.290954387477536436e+00 3.476951619929224080e+00 1.707637664170262415e+00 2.179340882102001498e+00 1.411188559610640159e+00 3.835980153497196898e+00 4.480274215724635134e+00 3.915312868130236268e+00 2.480392344241386215e+00 4.642493274029755312e+00
4.999380262165897371e+00 8.317723254141810019e-01 3.462757239488868599e+00 3.439330355589298449e+00 1.745283478273168321e+00 5.409564597623724325e+00 1.113117869652536562e+00 5.540658888134687210e+00 5.897319041641942983e-01 3.322150302423112489e+00 6.147112050250353121e+00 5.602907665029469797e+00 4.549970648269719753e+00 1.060711227565743320e+00 9.623986707502740767e-01 1.365352654855095382e+00 1.619026478458768903e+00 5.578938608019700096e-01 2.220645805141349793e+00 4.266252484333493911e+00
1.734743728050892386e+00 1.759177194683965384e+00 3.951292126599155630e+00 3.404479469116810542e+00 1.654576840213498823e+00 3.766600702529957267e+00 9.093372690055008256e-01 3.985095836247809054e+00 4.148701657319265657e+00 3.251205449558888905e+00 2.642479642759959280e+00 4.179991557038593264e+00 1.221731561012920908e+00 1.279608505640755123e+00 2.086791434889733843e+00 5.024572398727481293e+00 2.725183742295855360e+00 3.912771675051561981e+00 1.979332623735358954e-01 6.075132254126056175e+00
3.261917442323818861e+00 4.047241419209514746e+00 4.629496944536058756e+00 3.987281627269497530e+00 6.052855454467998442e+00 6.860930574486542310e-01 5.666568892789235257e+00 3.422197965351800875e+00 3.671884017707725434e+00 7.567031544500991691e-01 5.223972273892345086e+00 6.199692615908307225e+00 4.198893258976302612e+00 2.700483666811112293e+00 1.671868248723263450e+00 1.351767390694978088e+00 6.106852947972589263e+00 2.807199595651026058e+00 1.521212870760876579e-01 2.119981243524640124e+00
1.041545926064963767e+00 3.231222909931386056e+00 4.239757087667659796e+00 3.122072570401478231e+00 7.025836995338298197e-01 6.111123182329601278e+00 2.809442589333158158e-01 5.156351076134032319e+00 5.714755981384324057e-01 2.718380421135676350e+00 4.325537869547209979e+00 1.718032221402100435e+00 5.845745289774618714e-01 1.011990077439754998e+00 3.483423335528067266e+00 3.573282194581094640e+00 4.978079010839077334e+00 1.740866708427850629e+00 4.251078806322654557e+00 2.956445248525241709e+00
1.544180302373622915e+00 6.069277198461326961e+00 4.026540288919481902e+00 4.416203948671174828e+00 4.612223483215397657e+00 4.637789637863967585e+00 2.255069739139668794e+00 6.209496317600194715e+00 2.490888316387704915e+00 3.458868177714572667e+00 6.163083678381283903e+00 1.012221931078390647e+00 1.207685295358476019e+00 3.042505768824735224e+00 2.244953377832225261e+00 5.761753401916720030e+00 3.679736991463355089e+00 3.520670766288021447e+00 5.032017308948448786e+00 5.381799323784873579e+00
2.460826996962297120e+00 5.237167976816942350e+00 5.172992572145486356e+00 3.128162494749263001e+00 6.205411688448060126e+00 6.114148716396808902e-01 4.294454821363102859e+00 1.848767318544756399e+00 4.892661079764671683e+00 3.248743218013782297e+00 1.737256537110478449e+00 2.836004020021530625e+00 4.260707972905386498e+00 1.891210249784434083e+00 4.921214636409513427e-02 1.491282986103378949e+00 1.360411494250168829e+00 3.020210545136749136e+00 3.906377328755777922e-01 2.558430460632673764e+00
5.204624008118721612e+00 3.631066746205097839e+00 3.847316747697519634e+00 5.618869365877544597e-01 6.009728865418276778e-01 1.785758046301597901e-01 4.832446068852131599e-02 1.195481130611108167e+00 5.375393157590591997e+00 5.966481920356707214e+00 1.531677741922745362e-01 1.865049011362627240e+00 1.039129609936125131e+00 4.478131843412743174e-01 4.376001008789426328e-01 2.688441166776228908e+00 9.065783436193083356e-01 3.399270338578474604e+00 2.915233760517212502e+00 3.423289211407969379e+00
1.538721805017650990e+00 4.195944438456289838e+00 3.420866090902882295e+00 4.159795852111854764e+00 3.876974487597196983e+00 1.286972565762415366e-01 1.821475238317245282e-01 1.875420667265950136e+00 5.483850198701325063e+00 1.593820167191935810e-01 6.140370375146901871e+00 4.980070332979265046e+00 4.681378280366292444e+00 2.584484298795205692e+00 2.242345194114951479e+00 5.527921393706306752e+00 5.535214359161529707e+00 1.781328592915795817e+00 3.453952360971672686e+00 3.094704504717926685e-01
4.692050210969089363e+00 9.419941067203784213e-01 6.747782070800997234e-01 1.839703386140478347e+00 3.137329785486462352e+00 4.311093099100322235e+00 1.861406425199622516e+00 2.056721876494636891e+00 1.177782755479352073e+00 5.426927640541984177e-01 5.246070044509824060e-01 5.122476294522006590e+00 4.203951191078036942e+00 2.279294101212619439e-01 1.202311602498391946e-01 5.146785274535896626e+00 6.160767981659902581e+00 2.283949746416921389e+00 2.566250189746916099e+00 1.207888856896150997e+00
3.894148428490019853e+00 5.579226362458375554e+00 7.619087793780386919e-01 4.883475015380862594e-01 4.569151034222004526e+00 8.423599627129664258e-01 2.011074940635657615e+00 1.937529021123472139e+00 5.179728326478899580e-01 2.608365776873633024e+00 2.651148846677907400e+00 1.344890248361915175e+00 3.158340103046968661e+00 2.629888002805766511e+00 3.118282658242929717e+00 1.946607515151641987e+00 2.919124641632036887e+00 5.788126176273037160e+00 1.995795513054303472e+00 1.990295379889272187e+00
4.966169541246244101e+00 3.732750537422125703e+00 1.008842272014796926e+00 3.326346149488048187e+00 2.393048244635932686e+00 1.128522483698763068e+00 4.084538267700346559e+00 5.948104377528892428e+00 6.154046177341787605e+00 3.983794429887434152e+00 4.569438375090225435e+00 4.242398161847403593e+00 5.227159453547680634e+00 2.256590984946722500e-01 5.588294024635853674e+00 3.064208812178297325e+00 5.050773539736193030e+00 2.559761357891766398e+00 5.271704335099832939e+00 3.220155493195227425e+00
5.938487051238307224e+00 5.404782927858988728e+00 4.365008062934689015e+00 1.840318956688212548e+00 4.246023466705382554e-01 3.926817053050897677e+00 2.228799958270572201e+00 3.172004697333255852e+00 1.954493643142747761e+00 5.038872211947057700e+00 4.997748178895719207e+00 2.445187900850222196e+00 2.174715465991548413e+00 2.136569099930115900e+00 3.051670462963992136e+00 3.358623291798108923e+00 5.664886239342146190e+00 2.829560061693101591e+00 5.281629920633275077e+00 3.915447211501651203e+00
4.407736564758921283e+00 5.262164591800284619e+00 4.163593687953224709e+00 1.038654706139036321e+00 1.955508429253208114e+00 8.837931513567456321e-01 5.746859248684060617e+00 1.651552051765348139e+00 3.858691974579011585e+00 6.070067203719928806e+00 5.243690862627659044e+00 3.050607520961859720e+00 2.712766404509487472e+00 3.160028033582944040e+00 3.884613001136148380e+00 1.949880992371767707e+00 5.510188459721727661e+00 2.066453745934321573e-01 3.459033064494452692e+00 9.646636858229541700e-02
1.249927773868548808e-01 5.475692180063583159e+00 1.403227892067492766e+00 5.990110398764644017e+00 4.407511494993163303e+00 5.369823540290845187e+00 3.224398840372151298e+00 1.465855303030378698e+00 1.913079637043477943e+00 2.967781658662341560e+00 1.517192725821570498e+00 5.283161030951355919e+00 4.920512359709052319e+00 3.055545949685777529e+00 5.178826209559121985e+00 3.543138075396203401e+00 1.552501602732698771e+00 2.670263874313635100e+00 4.451271673035378740e+00 2.575941633535119735e+00
8.130862972729401283e-01 5.138078547406485619e+00 3.248914436817332607e+00 5.047740921177441109e+00 4.968194375643616212e+00 3.298330502063062664e+00 2.019840567975240475e+00 2.890002853301391728e+00 1.864322126604864627e+00 4.193060292675332423e-01 5.825525649419781793e+00 4.672705474348199495e+00 1.488876884421417079e+00 3.508477334172136697e+00 1.723126458772957559e+00 6.176836795943390968e+00 5.186266795113643191e+00 4.383896129267606412e+00 5.140133998743745103e+00 5.388193675769178403e-01
1.532809236772532557e+00 4.505059405516696813e+00 2.281370973606234642e+00 1.885266093994828751e-01 5.158721170010953649e+00 2.189573671651956488e+00 1.647394003276184016e+00 2.577928430012462080e+00 4.325863389484584154e+00 4.339082706191157435e+00 6.231961601176865262e-01 1.348394103203191419e+00 1.055494506662775001e+00 4.269939449052373881e+00 3.302011018480499160e+00 2.744831088871869884e+00 5.823807871793085233e+00 3.638220317290065342e+00 3.032237035842839656e+00 3.920370746158187814e+00
3.161380757185147772e+00 3.203408259186725449e+00 5.341871115249325896e+00 8.705809813359899341e-02 4.739062258178855735e+00 4.093423266253877202e+00 2.986086779176817974e+00 1.441026937196720148e+00 2.296861824963410292e+00 2.800373157886840492e+00 3.086821804146723025e+00 5.577772508871280621e+00 5.189378746195460579e+00 1.266134111252124050e+00 6.405905713086474940e-01 1.488265947510087228e+00 2.312234991650857996e+00 5.970388397595941754e+00 1.984225710034165716e-02 5.955818032566980058e+00
4.427281056356474842e+00 5.785880836647656622e+00 2.701157168689535037e+00 4.887602486155975257e+00 1.434098433424362939e+00 5.039794395064787658e+00 5.292862477789767262e+00 6.186181073909473582e+00 2.390863148999634813e+00 4.859818341671978459e+00 3.118527300999839547e+00 3.561185313712335709e+00 2.528460334035352197e+00 2.490034356770554069e+00 9.887387897081467703e-01 5.857740243529497626e+00 2.867852356676920955e-01 2.131945541128163146e+00 1.163370390943925248e+00 9.871768619168398429e-01
4.508937122894470129e+00 2.755558897420306685e+00 5.650310755912414606e+00 4.318971821489529184e+00 8.973041467130300486e-01 2.171922117576105205e+00 2.749143415104711607e+00 8.188139743214174482e-01 4.511309349099184018e+00 4.161581103837666440e+00 1.710695073097074026e+00 2.678086315831365471e+00 6.146774661571853038e+00 2.434697950540491984e+00 5.337587316075821597e+00 5.761544663339623007e+00 3.355895849072209280e+00 4.464567160146055258e+00 8.633837412315552573e-01 3.665833441233294465e+00
4.403821325751272830e+00 3.184008564442634359e+00 5.735357717735125149e+00 1.770344151013190537e+00 5.367083882158143915e+00 7.836893859086063729e-02 1.757656300945938721e+00 4.746121296915467580e-01 3.239009852812619883e+00 2.222404344449065428e-01 3.526881511728596763e+00 5.318136837485202051e+00 5.757377436116636993e+00 7.579171230715138208e-01 1.848778952302836842e+00 2.786939033174498093e+00 2.686927339462748865e+00 2.592532345669860572e+00 2.823398013824157005e+00 3.249267564844430911e+00
8.301630400918108554e-01 1.923684134748741004e+00 3.883523841900407003e+00 1.205140694376729993e+00 4.522930375978215345e+00 2.820039829662366326e+00 3.094300621798120599e+00 2.652006340658397132e+00 5.578023961104994655e+00 5.917328830930980388e+00 1.471628488130971135e+00 2.501301514104329549e+00 2.267455299076702735e-01 3.042924771026185304e-01 5.043301921761035977e+00 4.487920989175090192e+00 5.420146255863492080e+00 3.684111762672719781e+00 2.957111716984115901e+00 6.051613823524339963e-01
4.034389517168221140e+00 1.278540708197441811e+00 5.520740544827090979e+00 3.507369243249182755e+00 1.562197306532143282e+00 4.218837131249855155e+00 3.816311929459162755e+00 5.978244989407704324e+00 1.029953048488241318e+00 5.931732083681203527e+00 8.756465512743180080e-01 2.934248621572037141e+00 2.996685972369342643e+00 3.980193251805868582e-01 4.847582275207743763e+00 5.695172867199881139e+00 2.430883833628274093e+00 4.141088584264287498e+00 4.241638786755724588e+00 6.221257032184311697e+00
3.656264478540438123e+00 4.839957300444352128e+00 1.971852662095582964e+00 2.719486409918556280e+00 2.746622999113156993e+00 3.715336397745613972e+00 2.750239919690487422e+00 4.636535481808498282e+00 4.311265321340687073e+00 2.161954715204582378e+00 1.007268554432513730e+00 3.845750055307629173e-02 3.052345512558634066e+00 3.500090254524549138e+00 1.016971052115807295e+00 2.643681027907854197e+00 8.501279606769243102e-01 4.233067874491322158e+00 7.811977899158936145e-01 5.029749099577381699e+00
1.148444749107593088e+00 9.586015890749203239e-01 3.054101773570807588e+00 4.910403422618247582e+00 2.102420220678224982e+00 2.861907350951701012e+00 3.414379682868510808e-03 3.805295791245457693e+00 5.520974237619447500e+00 2.489087427562802990e+00 3.920994235970277408e+00 9.130276389563809492e-01 4.220989785337740052e+00 1.134694016641409009e+00 1.329677532058279876e-01 2.326397605745259778e+00 3.500794130246254632e+00 4.085438055494556409e+00 5.587108719008099911e+00 5.757425870806259560e+00
3.789308205364927407e-01 1.373147340250255422e+00 5.842343588511905494e+00 5.029094201884109161e+00 4.953063600671041122e+00 3.089106360819588115e+00 3.040504524861068703e+00 2.485994495380901448e+00 4.503613590483153573e+00 4.460373505778861269e-01 2.898092551560694119e+00 3.715972276959378373e+00 3.971194437219662809e+00 5.485374213553690481e+00 8.624891388636894973e-01 2.967152078191679365e-01 3.240242781988101228e+00 3.338046940185730005e+00 4.294233213194968535e+00 1.876305224667689231e+00
4.050370164857233668e+00 5.831280597350496642e+00 1.071694407689690376e+00 3.610378437127785833e+00 5.094983370136898948e+00 6.242035118055251353e+00 4.005050554770138937e+00 2.126869233075867616e+00 4.267872346290456420e+00 4.780040018314944739e+00 1.560785479712939239e+00 3.792569172335688688e+00 5.363392710723172918e+00 1.311187875975219574e+00 4.781233667917279995e+00 1.514883445474365153e+00 6.138678688242380055e+00 1.822491539259152749e+00 1.284485682941197471e+00 4.768738949593998910e+00
4.458987908742752249e-02 1.054863862451407286e+00 5.889889465639694066e+00 4.816831325443714285e+00 1.996738357852283707e+00 4.613121048601406038e+00 3.636937626702386073e+00 3.809275997609340880e+00 3.242889639928218770e+00 3.704443838037565939e+00 1.080329063011943314e+00 3.875797003159027643e+00 3.336127225366468441e+00 9.284486515502445858e-01 2.269795309932970628e+00 1.595345581118718936e+00 3.173490537405667222e+00 5.142655304627026247e-01 9.614509053559843199e-01 1.529434836646703655e+00
1.611124977952230530e+00 9.467357882996445539e-01 4.134193872616128473e+00 5.592628804828658318e+00 4.717836103823466409e+00 4.511220420851235424e+00 2.023082812814270603e+00 2.434096282073801021e+00 4.466727958311494717e+00 1.064188715809725183e+00 3.412816189457636984e+00 3.941169814487957890e+00 5.706755901415921706e+00 3.758568435793735230e+00 4.243464571583059453e+00 4.035526644554139786e+00 5.693254472769461394e+00 3.969376917227708246e-01 5.761764616626762203e-01 2.349603302161086926e+00
4.332773406375890701e+00 1.983767938938867825e+00 2.471714716326556704e+00 2.249746936485725879e+00 6.412514737639262163e-01 3.295075396843681670e+00 1.164485776543357165e+00 2.082488078453353708e+00 4.701123301458705050e+00 6.254310494517835828e+00 5.192707895508756444e+00 5.018681456688352860e+00 5.094353648290866232e+00 5.902018053053189384e+00 4.233299438104782375e+00 2.859367559645225487e+00 6.069119141531055917e+00 2.179012159947809890e-01 1.966965774043895054e-01 4.003788243589194273e+00
3.618671611477961125e+00 4.099854121671937968e+00 6.083631867616396072e+00 3.589913855841070145e+00 4.197455996898321828e+00 1.626114744250086730e+00 3.619375472021085560e+00 3.997244123181809883e+00 2.180096303600043139e+00 1.953792672670736197e+00 4.395744210055282153e+00 2.803318263457896364e+00 2.529476675812242448e+00 4.579353613655116284e+00 1.418034149399311161e+00 2.726106644426747216e+00 5.627460883590332585e+00 1.665341028406172486e+00 4.996788965256999226e+00 4.446798598472102348e+00
6.510569773547636441e-01 5.271961668349173458e+00 2.400413921224039626e+00 1.917847044390819100e+00 1.703085499976372486e+00 3.177030108233602324e+00 3.882587609712432108e+00 5.479727078759422554e+00 5.956816031799035294e+00 1.472140965098239329e+00 3.202446405798096141e-01 5.272239874956397010e+00 4.322987869476972556e+00 4.758664882723763867e+00 1.958086663865191146e-01 3.862834649673156040e+00 4.583621729603500228e+00 3.929961957616931123e+00 5.687715272209327821e+00 3.341057622240704017e+00
