5.772350066047138739e+00 3.381383095069750322e+00 2.426063425061788514e+00 2.443375498432427406e+00 3.647562421663260057e+00 2.709249253018245485e-01 2.561442952884211977e+00 3.179016066694166920e+00 5.657012549100794985e+00 7.786024517226336483e-01 2.735479690658841445e+00 3.573888977291003410e+00 2.519990637583188864e+00 4.578232485659462725e+00 2.882925569581710867e+00 2.031386328374472416e+00
6.049042421854300855e+00 5.545083114684339343e-01 2.193361366943227253e+00 5.916962234982099389e+00 5.045474647869321316e+00 3.796991940372641317e+00 6.733549039455571927e-01 2.319146190170120025e+00 3.096629232576784130e+00 1.222624144429438120e+00 4.355479039313476797e+00 4.680407499486153533e+00 5.933049268237569507e+00 2.023410206195848104e+00 2.857067485008742747e+00 5.480872127168530561e+00
1.049645902477441134e-01 4.685938441821173583e+00 4.520662740577972016e+00 2.720835735249080400e+00 4.386057582059315507e+00 2.818321818584958116e+00 1.892862585481508209e+00 1.431980197880737160e+00 4.719682249933486173e-01 4.046456824919880013e+00 6.884788230710682244e-01 3.590793294569666561e+00 5.224815843214414279e+00 5.465512444211297449e+00 5.935846043281465256e-01 1.076894392039710047e+00
5.996616550218580421e+00 5.552074899097254601e-01 5.147481938056869488e+00 5.491921755211828682e+00 5.620273924936729060e+00 4.188537401791921355e-01 5.720023137512789013e+00 2.661981104078746441e+00 5.822725249390790836e+00 2.883987358798289158e+00 1.446652706561794011e-01 1.529539425913749140e+00 5.434253041197122158e+00 1.462914797703464664e+00 5.305454361409586816e+00 2.058680985952188625e+00
1.794423874792524520e+00 2.295468025907259513e+00 1.939382468152043959e+00 3.829101246097846190e+00 3.481494440938575519e+00 1.873649594746853664e+00 3.380205839319345706e+00 1.004538550062523961e-01 2.839427152395696208e+00 8.487370500160792419e-01 6.146649935585496216e+00 2.832939598027204298e+00 2.767996995825338313e+00 1.568582248479055474e+00 1.549906195729525926e+00 5.976678152461181170e+00
1.365296542579244876e-01 3.297088266999702366e+00 1.872332180734195550e-01 4.206849020980803822e+00 6.767884850296619348e-01 5.266757734614102127e+00 4.420251331754071700e+00 2.659312770160873751e-01 3.782316531146641125e+00 2.818081042896527943e+00 5.853431437990698427e+00 4.337455518291110090e-01 2.817975563561201380e+00 5.956691896960778720e+00 9.836673787618087639e-01 2.860574109831535150e+00
1.054430930110475506e+00 3.016798876006653973e+00 3.868104084021719569e+00 3.865967524089878538e+00 1.707911479496878160e+00 3.052543883471336983e-01 4.173611722792997192e+00 3.742324386039086903e+00 4.244622336407755547e+00 3.158843538759807945e+00 5.860186403403510269e+00 6.190146099531538049e+00 3.167034197986285715e+00 5.310562992062355825e+00 7.291615208001864801e-01 4.165177752046376192e+00
5.366373394223733939e+00 5.787904650641078064e+00 7.169795833572214505e-01 4.119389108087492701e+00 5.180083470246275468e+00 5.950345862098667560e+00 2.671734846253349893e+00 1.408876843487812724e+00 5.987774817274138961e+00 1.396428835927818746e+00 2.426187564226027327e+00 2.609637357180804251e+00 2.708028638585079140e+00 2.863415449796427925e+00 2.854406052413949180e+00 4.675755742182258423e+00
2.214277079284156180e+00 2.890992365874085479e+00 3.163904723969350741e+00 5.313025632278158383e+00 2.492940239585278217e+00 2.042691347232105770e+00 1.625768236795269495e+00 4.449854959552492772e-01 1.840066067445330855e+00 2.202968937274343730e+00 5.688172114503406540e+00 2.879042734544737137e+00 1.633220182982470847e+00 2.379753113182038859e+00 4.321699592244314658e+00 3.935204081572817536e+00
4.133300728614310304e-01 5.084117410369557888e+00 4.684811683408463878e+00 5.703940020199283367e+00 5.590889975452405736e+00 5.624155900508439387e+00 3.182266627066645981e+00 5.708356753477500156e+00 5.639561824068297646e+00 5.287995048456492597e+00 2.161967306041925774e+00 6.984836277239045432e-02 2.026645893761817696e+00 3.052975462603407131e+00 3.183716123574675372e+00 5.965576067884786227e+00
2.132254574221512211e+00 4.372389014339384872e+00 5.756780548876525572e+00 2.359448637065116650e+00 4.206573852260350854e+00 6.146096589603670779e+00 2.912742750022443872e+00 2.301315593723458619e+00 4.947729653714477926e+00 3.243902601916491601e+00 2.074430521781729375e+00 4.277367810142540527e-01 2.190760810281651150e+00 1.495187001009877115e+00 3.045103899073647646e+00 2.378181523538588138e+00
5.829330123606086822e+00 4.348844006256612715e+00 9.785219119071602023e-01 3.630677316032287827e+00 1.958546279264305134e+00 4.698516307021811222e+00 5.664848270135033559e+00 4.271168164564432601e+00 5.969707746952312100e+00 4.207117949835774140e-01 4.528269985924924690e+00 5.045013354376406411e+00 4.260076805204382033e+00 5.894886825411421505e+00 1.481633776212868403e+00 4.716206084855685710e+00
8.349733392101923446e-01 4.199335759657833123e+00 6.010727005290335434e+00 3.921243143294320666e-01 9.166556268623902159e-01 4.156705648981136036e+00 5.736596528341334711e+00 1.138483837605436699e+00 4.852546392612783421e+00 4.718833700514217244e-01 1.163614565879363072e+00 1.812840552447249731e+00 5.727253158366590213e+00 1.716238816990239391e+00 4.171677861874780735e-01 1.072608430362787191e+00
4.059855644439871902e+00 8.838834600640258291e-03 2.272286933203443660e+00 5.730231945950433392e+00 3.369769298330341556e+00 2.346661932397274206e-02 2.547966120661131928e+00 2.355030458894808554e+00 4.878957454289198026e+00 4.689986499295755729e-01 4.532985462886579775e+00 4.440229497649179180e+00 5.742771186644574755e+00 4.937717402662240573e+00 5.902524443260833920e+00 4.930653422194112956e+00
3.662499784297200023e+00 3.975334505409680919e+00 5.966946876724136040e+00 4.581793601487238909e+00 2.757894554741016524e+00 1.815517193779532468e+00 6.013807029709227869e+00 3.474501834492060404e+00 4.805474679518868975e+00 3.025993186055345063e+00 6.500558991661025132e-01 4.637532902243861166e+00 3.251400025315096087e+00 3.272939992302649426e+00 5.181762219334187236e+00 4.899606207909732447e+00
5.974024733594519354e+00 6.246533250152558558e+00 2.985527319369680299e+00 1.432546750811927394e+00 4.308067425502128955e+00 4.587506651465385055e+00 5.436087715879455828e+00 2.394958199876619176e+00 7.576681360833864565e-01 6.205403686303875510e+00 1.518753149768954147e+00 1.714950181995494649e+00 1.292959471101501334e+00 6.132559160805160836e+00 3.308703593475097904e+00 2.103742441410469510e+00
6.054464826393249233e+00 4.816990578114295651e+00 5.879144961101435030e+00 4.650096378270653474e+00 2.713524295537440345e+00 4.228364249726994650e+00 1.313691074964975725e+00 3.269006558244806016e+00 1.444282013258883834e+00 4.760010379073125186e+00 3.871474957426255692e+00 2.407663938240825807e+00 3.365592072615491981e-02 1.741986449026972084e+00 1.541394737324174535e+00 4.478779754768423160e+00
3.048975213472474799e+00 1.114107178120369579e-01 1.127451857403358293e+00 2.886996137774631987e-02 5.026593810301638321e+00 4.751197423755056271e+00 4.209285621143854961e+00 3.332924387625587070e-01 5.880506296305759051e+00 2.087252544666779119e+00 4.144914333324018152e+00 4.164339483458487479e+00 6.104650059315240185e+00 5.873776401754147614e+00 1.140552166863018746e+00 1.513175450592665783e+00
2.184932315529449998e+00 3.230777911500723576e+00 1.286357605888448941e+00 5.671516182418985252e+00 5.770024245882588332e+00 1.848435998320420603e+00 2.037588366724103206e-01 6.157530296954239368e+00 2.697339515284963518e+00 4.498938544639001336e+00 4.717130300776657403e-01 1.537656980554274355e+00 5.188867023643942034e+00 3.369961572787082416e-01 3.172879079063654295e+00 5.460038128776175448e+00
5.068395185674108738e+00 1.724679411911602456e+00 1.617188091252428794e+00 2.774091731568322228e+00 2.906192666513423450e+00 5.767647979062056507e+00 2.763827233624531310e+00 3.346154158097744080e+00 4.947017275586846452e+00 5.953937725547973514e+00 4.966375621061719592e+00 2.322937205967064156e-01 4.007040469794311832e+00 1.468632151227864613e+00 3.737518943548433725e+00 3.672337279721949344e+00
7.153957714236022225e-01 2.456867190878922358e+00 2.893327580144554823e+00 4.235742162664135613e+00 1.339250784765098901e-01 4.545397743748663011e+00 4.782702769127704201e+00 2.623889421218888351e+00 8.986448626862902911e-01 5.255061177451141319e+00 7.778609093509212258e-01 2.364280108512239575e+00 3.832548554516022943e+00 6.263096465392933965e+00 4.716312898539586129e+00 4.017918528233656694e+00
4.817376969717589219e+00 3.444498987749064600e+00 2.785930999804975716e+00 1.656500494488491793e+00 1.107621195212096787e-01 2.062551324725701907e+00 2.731556940105483555e+00 1.846376500492119765e+00 3.061067663987157683e+00 1.026570213817545207e+00 2.751105609736594904e-01 1.854058788995011087e+00 3.649517856345636080e+00 1.908681466906481328e+00 1.257325557072062061e+00 5.520351286441989025e+00
4.414182175844540978e+00 5.669482367383277932e+00 6.087480665476140196e+00 5.394750228506209666e+00 3.290348079428331296e+00 1.669765616713960954e+00 4.236838955300930021e-01 2.009095785750536489e+00 2.871636899401522669e+00 5.542639446131550685e+00 3.192524774243903796e+00 4.543912258737169196e+00 2.831846896416813308e+00 3.081273327054657063e+00 5.178541967690621084e-02 5.232229961137988106e+00
5.139057689383486505e+00 2.075209469697694153e+00 2.765445432467920295e+00 3.856453837212932445e+00 3.532220733362679166e+00 1.980178455669231896e+00 3.658222164861216097e+00 4.760799397861219084e+00 3.713482368289595659e+00 5.514201388038590501e+00 1.699321979418482176e+00 4.450884977601377912e+00 1.549954123189716156e-02 2.559313327956496575e+00 3.317414760716062894e+00 1.299083079394134144e+00
1.517283146149807527e+00 2.417750506833389323e+00 8.753712541029571303e-01 5.057649169804817824e+00 2.877952079055889900e+00 8.431815946431033826e-01 2.642418888977372760e+00 5.599772307836367036e-01 1.591290971759203865e+00 4.689978610910186418e+00 1.703253758733359380e+00 4.652667921005488871e+00 8.824654571890270249e-01 3.508118658559746805e+00 5.110131406719475855e-01 1.121300888123906714e-01
2.284624211705887475e+00 2.494491035979536253e+00 3.549838629000054979e+00 1.109289142405192941e+00 1.256240505911883742e+00 5.023970471165286611e+00 9.147588305727683000e-01 5.890901085697058726e+00 1.913766561655044329e+00 4.167935551687733664e+00 4.470718682010542011e+00 1.651898030769262338e+00 1.660824970916890519e+00 1.826104023844278279e+00 4.881098577291188789e+00 5.385746525471717838e+00
5.552681521765827632e+00 3.092630742168797298e+00 2.518764011121636948e-01 3.232968823778891387e+00 2.170048335120267069e+00 3.958612624897689614e+00 3.036044133532947331e+00 3.726592788167415016e+00 3.117427746412305467e+00 1.948439889366520017e+00 3.046030664943902289e-01 5.499172112037076232e+00 4.009814974191795223e+00 8.121331545114583994e-01 1.615242948130738876e+00 6.149774901744620159e+00
3.400834584741136091e+00 5.076386775929937478e+00 3.472987567596369285e+00 3.167614169277169101e+00 1.013978727094144272e+00 2.743449733850591432e+00 2.786242826146085802e-02 4.216537164539224669e+00 4.820274074446583512e+00 2.594057498811310314e+00 4.525998683446605386e-01 4.926274999839837854e+00 2.272320198501526001e+00 5.467010712315423682e+00 5.424791005318811088e+00 2.853552316385595589e+00
2.259619809601584262e+00 4.754573578330232309e+00 2.264379066821892383e+00 5.781185674014741593e+00 3.879517780919757852e-01 5.976088171786112291e+00 9.379546989160857384e-01 3.418811968337950091e+00 5.929903471703397599e+00 3.267067696046106029e+00 1.142231291356174072e+00 2.301354307116032061e+00 5.348078591094314937e+00 4.111921967768938480e+00 2.347843609916332230e+00 2.135481579114995476e+00
5.587683166758585784e+00 3.161375696898777399e+00 4.993662241063400842e+00 6.291921985475826817e-01 3.340385392936393583e-01 3.147784790760529194e+00 1.511686606668147581e+00 6.124167046035494444e+00 2.958960328258326111e+00 1.224659610230652618e+00 1.340057441063641663e+00 1.884976223403777906e+00 3.439033107368194120e+00 9.470522985918617964e-01 3.236395766259298146e+00 1.527447456179743757e+00
2.148625187977464268e+00 1.872716036762966052e+00 1.608006644085175685e+00 5.704019982597904992e+00 2.424489014289262112e+00 2.460354191326574291e+00 1.873375725149873272e+00 5.041033314359706807e+00 5.347382466046442850e+00 4.318878514290227066e+00 3.526496258228724034e+00 4.170776110516752233e+00 4.012430784205592182e+00 9.138083380028390046e-01 5.946389467271028018e+00 1.813809810062269268e+00
1.677100803909078730e-01 2.273349932809925811e+00 5.675494966086684023e+00 1.883409039402825502e-01 1.791011535239966923e+00 3.462401430265461766e+00 1.309923913896525294e+00 2.747703615557478329e+00 3.147587222294609965e+00 2.135848198779377149e+00 2.250853960320936764e+00 3.726962844453070023e+00 1.338296238160497253e+00 4.075758920585403899e+00 1.139969197986078431e+00 5.699115750776567735e-01
