1.768000000000000000e+03
1.047000000000000000e+03
6.490000000000000000e+02
3.120000000000000000e+02
7.340000000000000000e+02
1.784000000000000000e+03
2.349000000000000000e+03
3.360000000000000000e+02
2.418000000000000000e+03
9.970000000000000000e+02
2.420000000000000000e+03
1.485000000000000000e+03
8.610000000000000000e+02
1.580000000000000000e+02
6.970000000000000000e+02
1.414000000000000000e+03
8.350000000000000000e+02
1.881000000000000000e+03
1.256000000000000000e+03
1.007000000000000000e+03
1.400000000000000000e+02
1.300000000000000000e+02
1.404000000000000000e+03
2.127000000000000000e+03
3.010000000000000000e+02
1.802000000000000000e+03
5.090000000000000000e+02
2.072000000000000000e+03
2.259000000000000000e+03
9.500000000000000000e+01
8.620000000000000000e+02
1.009000000000000000e+03
1.761000000000000000e+03
3.880000000000000000e+02
1.166000000000000000e+03
1.789000000000000000e+03
1.811000000000000000e+03
1.223000000000000000e+03
1.730000000000000000e+02
2.274000000000000000e+03
3.280000000000000000e+02
1.141000000000000000e+03
6.480000000000000000e+02
2.510000000000000000e+02
5.930000000000000000e+02
9.050000000000000000e+02
5.030000000000000000e+02
2.211000000000000000e+03
2.084000000000000000e+03
1.016000000000000000e+03
2.026000000000000000e+03
2.438000000000000000e+03
2.005000000000000000e+03
1.793000000000000000e+03
1.451000000000000000e+03
2.190000000000000000e+02
9.490000000000000000e+02
5.350000000000000000e+02
1.625000000000000000e+03
4.670000000000000000e+02
6.000000000000000000e+00
4.470000000000000000e+02
2.390000000000000000e+02
9.870000000000000000e+02
1.010000000000000000e+02
8.370000000000000000e+02
2.380000000000000000e+02
2.370000000000000000e+03
1.280000000000000000e+03
5.050000000000000000e+02
1.920000000000000000e+02
8.060000000000000000e+02
2.088000000000000000e+03
1.719000000000000000e+03
1.083000000000000000e+03
3.270000000000000000e+02
1.304000000000000000e+03
2.281000000000000000e+03
2.910000000000000000e+02
1.854000000000000000e+03
2.295000000000000000e+03
1.669000000000000000e+03
8.500000000000000000e+01
8.000000000000000000e+01
5.520000000000000000e+02
3.980000000000000000e+02
8.130000000000000000e+02
1.572000000000000000e+03
1.910000000000000000e+02
1.821000000000000000e+03
9.200000000000000000e+01
1.122000000000000000e+03
5.790000000000000000e+02
2.270000000000000000e+03
1.579000000000000000e+03
1.860000000000000000e+02
5.300000000000000000e+01
9.810000000000000000e+02
1.133000000000000000e+03
6.720000000000000000e+02
