3.753987077049357191e-01 2.188643221034008324e+00 4.842635939264448020e+00 6.678917866447394713e-01 1.294183575612023684e+00 5.253514976181651308e-01 4.040774741681433468e+00 1.906182590436758861e+00 4.528057619308446746e+00 1.641096310856511975e+00 2.482351997652858799e-01 4.688236104418759709e+00 1.113554666622098344e+00 3.859012112648195991e+00 4.096421955710294327e+00 4.344854459400948166e+00
2.639369175151196956e+00 5.339264607075344671e+00 1.317719228782751273e+00 7.246417299257944533e-01 4.124865615493600868e-01 5.199331652782466229e+00 1.062489978728921036e+00 9.866494908013574427e-01 2.823541393140642786e-01 5.401897926512710058e+00 4.564826593444134772e+00 6.034530505025684555e+00 4.039427040164683902e+00 5.325783547376652383e-01 4.256862425224060331e+00 2.428460418084119166e+00
5.987004022848370077e+00 9.514037404729294156e-01 3.793188322607854435e+00 5.313977088324506326e-01 1.845780749109987795e+00 3.841669928670896184e+00 4.362481674803068366e+00 5.517730981489139985e+00 2.535943302821118905e+00 4.178394901057234101e+00 3.281004611912463176e+00 5.378050056441113114e+00 5.631978982125215083e+00 1.765544344156574352e+00 2.874240173267307852e-01 4.468866065518621866e+00
2.535938852837650970e+00 3.772844936900479063e+00 2.392162895112921017e+00 3.788400395153303180e+00 6.544897880558190328e-01 1.148479190018291796e+00 5.391340429722969452e-01 2.591423650101519982e+00 5.819813064711365058e+00 2.949441922514762560e+00 6.151341498396870833e+00 5.120215796339633307e+00 1.529407068707975492e+00 2.594500474476289398e+00 2.507737032802300980e+00 5.069128954789058561e+00
2.965550636925528671e+00 2.257968749371632722e+00 1.927889694326849757e+00 2.972358103226501846e+00 4.763278224355287804e+00 7.612533567263485290e-01 2.804290585951461079e+00 7.869834381276830104e-02 1.356221420129354538e+00 5.475942508368353501e+00 3.174693839605423396e+00 5.403494542472927264e+00 1.332731890437868438e+00 3.684777646301206300e+00 2.412810940321552966e+00 1.601316316933173722e-01
2.365201953352197517e+00 6.197249292775319773e+00 2.251245563848846221e+00 4.884592359535361084e+00 5.567793962481248471e+00 4.962799377724991245e+00 5.722475297139830275e+00 7.453235080526207090e-01 2.970886045757976213e+00 2.345865433708974823e+00 8.796801048715690019e-01 2.673416252523565628e+00 4.613099157445518239e-01 3.642981430140136978e-01 5.838390006266814147e+00 1.540893776792193304e+00
1.439674920216097442e+00 2.174345512617137377e+00 3.128071315967340560e+00 4.127141988223144153e+00 1.508503794608979875e+00 4.198924496082259594e+00 4.983216607631195672e+00 5.423891368585312733e+00 2.102302945177122684e+00 7.577866295034511035e-01 6.189918587482460488e+00 1.493371969656275056e+00 3.849519429023522843e+00 4.653068405317251965e+00 8.333174002672083525e-01 4.970983914128461301e+00
5.344125572672323798e+00 5.047342789032298604e+00 1.917944048169808680e+00 1.222587443286052400e+00 3.758601820505920177e+00 6.216252401277636563e-01 3.437361595602722031e-01 3.214529115654382263e+00 3.783637337727054017e+00 1.436031065818571983e+00 4.175039025938637849e+00 3.423601824417880746e+00 4.733826342302521972e+00 3.135602357671892992e+00 2.249609873354559753e+00 5.120601546050226993e+00
3.233127417144978644e+00 1.690215256851998138e+00 6.231894108243861696e-01 1.954232847853646149e+00 2.777206420971327194e+00 1.972567200444168556e+00 5.547840947758872154e+00 3.850761382595888183e+00 5.793505499915506007e+00 2.717333926252727405e+00 4.281042675374188811e+00 4.145811762962604341e+00 3.001649290321308339e+00 2.665606864163967860e+00 5.546904710499854119e+00 8.052086706656294002e-01
5.322510256586824084e+00 5.748437886856028634e+00 3.323441819812209097e+00 1.731671204377433160e+00 1.104334546813060980e+00 1.684397630755284814e+00 1.276574782102370742e+00 3.293410204734087188e+00 3.841319960166890812e+00 1.609336791537027356e+00 2.186681843590085439e+00 2.796943407493480138e-01 6.029012335189714022e+00 2.249530160488040220e+00 2.666629522785090689e+00 2.358217869697477598e-01
5.746461271945946692e+00 2.657308046173839866e+00 5.953721420112614737e+00 4.047000433336660485e+00 1.167674717973301579e+00 1.627852407190623962e+00 2.616111166210190575e+00 4.076015048184192580e+00 1.632389140255139592e+00 4.895170597044155691e+00 2.618797368179182961e+00 3.485593670272352229e-01 4.108484013258465239e+00 1.545780756568390313e+00 3.370096446810714408e+00 3.356247948668461323e+00
5.709839711003795060e+00 6.015865018910880879e-01 3.146401729397508285e-01 3.220900968492359073e+00 4.085153955501054313e+00 2.893157787197253139e+00 3.034386480282360132e+00 3.404220428932370091e+00 1.900354209800025895e+00 1.163745451203882092e-01 3.058945229330818361e+00 3.137339431036176851e+00 4.692446725610215807e+00 6.145934236868556333e+00 4.624663481884417671e+00 7.786186569810439606e-02
4.728514462201676594e+00 3.514680790461183424e+00 6.772531066949152301e-01 5.494016613035444863e+00 4.039954781126366079e+00 3.544837066878508303e+00 1.451393321780515555e-01 5.181766306044511161e+00 1.677271063522927763e+00 4.305193735912889785e+00 4.552592428700299454e-01 1.888532852813835428e+00 4.446527747559093413e+00 1.162800285740641204e+00 5.368035600474129865e+00 2.574373431583140803e+00
2.366138319199203366e+00 4.069819400994038716e+00 1.572718835905819512e+00 4.208879839824542834e+00 3.676127867339012756e+00 7.582940566626708012e-01 4.449849880277765735e+00 3.760915191430648452e+00 1.128958974540618998e+00 5.635920123393024284e+00 2.433722239362092310e+00 2.843250475632992824e+00 3.486519872064656855e+00 2.840345953615603936e-01 5.179493635124502227e+00 4.863671308271115379e+00
2.369571611911130624e-02 3.916352979423377345e+00 2.560316265600156349e+00 6.025581122626445740e+00 2.919299995702863804e+00 2.988619239364916691e+00 5.056674736691582517e+00 1.990137429372748290e+00 5.208450666484082170e+00 2.935745609783488419e+00 6.142269588738359154e+00 9.160936721154064877e-01 1.868413557236971334e+00 7.469515012838637835e-01 5.925970730508108630e+00 5.130199263369394025e+00
2.045420049450230246e-02 5.403655217703647651e+00 1.807460711940061415e+00 4.455263291153307215e+00 2.566473757018977953e+00 4.909836173377077451e+00 4.274675009763546640e+00 5.054762828294608212e+00 1.478608467704141782e+00 2.591576069722540065e+00 2.098463959681908353e+00 4.108249825502900410e-01 6.252049300593635728e+00 7.245238153004751602e-02 5.515028892853069964e-01 1.990392994191090725e+00
4.378219488241814616e+00 1.028680896914528674e-03 3.343366950030807194e-01 3.681012193926647580e+00 2.831223022744432605e+00 5.672902835991683324e-01 4.597746217819735470e+00 4.370109770809668115e-01 1.222681954841558838e+00 3.786073803480923816e-01 1.290746046908983480e-01 5.200598336457225024e+00 8.914192082972598463e-01 8.460601240472710449e-01 5.878373991490303929e+00 5.658170427461445051e+00
2.509930927102817400e+00 4.867552345164670946e+00 5.195874846304763039e+00 1.626168824416298841e+00 6.830642508295980964e-02 5.526518820023035516e+00 3.936256429801166856e+00 3.748132456842580673e+00 5.361610247311430655e+00 3.387350736236883542e+00 7.487282724833626002e-01 4.031854067717121737e+00 4.716369612733766203e+00 5.381440060363642530e+00 3.924085013780077347e+00 3.643132330983059219e+00
2.533310320017584161e+00 7.105422259806423169e-01 3.889251445658103545e+00 2.833765293427833676e+00 1.201184071248916768e-02 1.981992355281857243e+00 4.317142955729917020e+00 4.143077887922461677e+00 4.539680136206944105e+00 5.379542328955922770e+00 5.555159876905602978e+00 3.247889293470291427e+00 5.840376513639389700e+00 5.260688101459148669e+00 4.161966673015184526e+00 3.992661155271439721e+00
1.738172671655503043e+00 1.777545050290202155e+00 3.866672092941024541e+00 5.041777733295560004e+00 1.928108679463046704e-01 1.569794204492176881e+00 1.342801157621892560e+00 4.701166878820282058e+00 5.428009257745173066e+00 5.570041517085670968e+00 2.764019374485434444e+00 6.441764370083887803e-01 4.859248373307975655e+00 6.167797270273467802e+00 5.376611718665813555e+00 2.465710086996553585e+00
5.118708989705843315e+00 2.255549601470506094e+00 2.645940466982577011e+00 4.672044134049615494e+00 5.682519395145572361e+00 1.429833392229967970e+00 2.866072310243763521e+00 7.051350307784790550e-01 4.803786171612039801e+00 6.582061842393307494e-01 4.783013672728042565e+00 8.103833008255760806e-01 4.652620601096019159e-01 4.650246681279407990e-01 2.392747966662721382e+00 5.431890567235932998e+00
3.302519625409318760e+00 3.778870241118374107e+00 4.094006310331659293e+00 1.676654723392885515e-02 3.740282855524798666e+00 4.267726962629695642e+00 3.220882557391575585e+00 5.996710951628331898e+00 3.948612434271919103e+00 4.611610118935192126e+00 5.637422000787618792e+00 6.036228066174566642e+00 3.206171429106712711e+00 4.682798807328699020e+00 2.276773732064225619e+00 1.374789078440019630e+00
5.738706765516931263e+00 2.602795994405403324e+00 4.832008888245216127e+00 1.079032704039348367e+00 1.495273467757021191e+00 2.237892999801445182e+00 3.730324929730672867e+00 3.155860282188683641e+00 1.743035604413815554e+00 1.377687202266948630e+00 2.825009612709243889e+00 6.142020764912456965e-01 1.421747107660245257e+00 5.368947515439245421e+00 5.242923277126450010e-01 4.339822861332827131e+00
1.247419090908542305e+00 1.236480699779469283e+00 6.242760771636119088e+00 5.351628646160156322e+00 3.950120334260265764e+00 3.615896761779681334e+00 5.759692990444746030e+00 5.219017706893363417e+00 2.046936015914884166e+00 3.980875968039915502e+00 7.317653191135956581e-01 5.288139901328213988e+00 1.018785222891042785e+00 3.465889463723214270e+00 6.134498276262828398e+00 2.330274373848574054e+00
7.656049561740206899e-01 1.403512996014129488e+00 6.663638251259698109e-01 3.955761327191322785e+00 1.759172079096751051e-01 5.697286150173953345e+00 2.875469403631422338e+00 6.601718756055200421e-01 5.591300091916543202e+00 5.601578209541816733e+00 4.814988633207286206e+00 5.367339582147130805e+00 6.161702962940893258e+00 1.240311716140210380e-01 4.761270233718483347e+00 2.125233201372158209e+00
5.951417291448680702e-01 4.480622846150193794e+00 5.152743188221958093e+00 4.090792760133608041e+00 3.984139994796782602e+00 3.722612291158379882e+00 2.939199811955071961e+00 1.202347840632248810e-01 2.584655536263371634e+00 5.030525373932607458e+00 4.956759641284156359e+00 3.009776845806538120e-02 5.605576852743912042e+00 4.085864586911443830e+00 1.903862146318104631e-01 4.891345716178589598e+00
2.746782991023783982e+00 3.150594973730096893e+00 4.599869066194709255e+00 1.728139404354939623e+00 4.343791868713967830e+00 7.221030219400567107e-01 1.274866306599393151e-01 3.436796296469803114e+00 2.708487713572579114e+00 4.560456140007566717e+00 4.066882009027920297e+00 4.764403981904220764e+00 8.102184623836211630e-01 4.614624232954113836e+00 4.481883870069909293e+00 5.221856135859789916e+00
2.730875751503434312e+00 5.548871330790297041e-01 1.481364537552118055e+00 5.509973000933896081e+00 3.104951695863597205e+00 4.616433879328072365e+00 3.419559037915274047e+00 3.060181394191729520e+00 2.568627200313006842e+00 4.127165038460566926e+00 2.583727122473961746e+00 4.343095994645930880e+00 3.392094811683037947e-01 5.078858369816992457e+00 4.399060589991086623e+00 5.743392823430110816e+00
5.850894964992027214e-01 4.513722026367866569e+00 6.020305978726940843e+00 5.728766003988818412e+00 3.645712796778323384e+00 4.938365002548383842e+00 3.558070435761772732e+00 3.143850068677853660e+00 4.069093951012207278e+00 2.354284270574747318e+00 1.723242127865517670e+00 3.891713957442485938e+00 1.817432453842216411e+00 1.620813647222996146e+00 9.721745646340136382e-01 2.749047380561858489e+00
5.424542383871679085e+00 4.492223333346514913e+00 5.967210105970008449e+00 3.959856425036725636e+00 1.336541657664441773e+00 4.277733268376022191e-01 1.242832733475023543e+00 7.709154585674053983e-01 3.744664445319182189e+00 5.677314320800396885e+00 2.796842982848233738e+00 2.199583185659858664e+00 2.071617671606785116e+00 2.893786288918395400e+00 1.827438395185600806e+00 4.321186940274293620e-01
5.414960430280698844e+00 5.432567637210445888e+00 1.792746238898962563e+00 3.792614352463637761e+00 2.683974105422975320e+00 1.212519419439922697e+00 1.333885297270329673e+00 5.723445561377668023e-01 1.535734827634277044e+00 5.605497234233947523e+00 3.014936558065626215e+00 4.255734729418853668e+00 2.805071324555226120e+00 3.170827173610941685e+00 1.871114808272898111e+00 2.014622077187040450e+00
1.468862710647223846e+00 4.004625387952377658e+00 1.172751531501548872e+00 4.940724228944990415e-01 3.581552210658956792e+00 5.873496534565110672e+00 5.333985054654183600e+00 5.525421077675892967e+00 1.231371964369629257e+00 5.736638985178686312e+00 4.310937334489032047e+00 5.094676902936012830e+00 2.997480047384969204e+00 1.369826835018107467e-02 4.004142148914671573e+00 1.706529874244787637e+00
