3.537586022148918374e+00 5.525160479518457457e+00 5.661387537467359898e+00 5.657395471691327948e+00 4.647016387611966337e+00 1.518944226259370422e+00 3.555743374274281443e+00 6.602002958487268591e-01 3.712626363693629639e+00 3.753952982729367616e+00 4.135894626672325991e+00 2.937290042730688278e+00 1.764265740375506042e-01 7.507352269551764712e-01 8.440860647260803873e-01 6.078203309702721491e+00 2.497247960692834834e+00 8.184885937528788569e-01 4.491371710397658035e+00 3.232185714359549156e+00
2.930206021591338583e+00 2.411618842540705021e+00 4.746253038954995063e+00 2.953604411623772297e+00 8.298660828950602530e-01 6.846358347870606931e-01 1.426531964910017436e+00 3.093480024113282045e+00 5.311781728454005425e+00 5.997060270643039814e-01 6.072607117267748933e+00 5.305197039768668077e+00 1.785699724314462111e+00 8.250380590418071591e-01 2.172613110817536164e+00 1.451923878065179085e+00 2.159920925315172990e+00 2.290799960551967995e+00 4.909483351814425411e+00 7.049303882790457498e-01
6.139601824281304410e-01 4.260015029497212780e+00 2.972813577074457037e+00 1.042770662018232208e+00 2.845338329099782460e+00 1.447665158225687643e+00 2.496586746490430109e+00 3.570143444570919478e+00 9.255330543590239989e-01 3.909418122432534837e+00 4.013337782609900373e+00 2.098897002077739771e+00 4.992977154052606892e+00 1.684708627201002118e+00 1.688956584903591240e+00 1.441880061518963307e+00 2.499787539728525410e+00 2.689735392722529816e+00 5.880187353074016521e+00 4.815573061995467086e+00
1.291058613159249413e+00 4.067345707830480883e+00 4.698074599413939900e+00 5.668671446264329283e+00 5.195607112354430512e+00 3.323113247667526249e+00 4.568217612636289449e-01 2.371292543801122310e-01 3.081864855615466858e+00 3.727021961945497175e+00 5.909286005323075130e+00 3.551917516019705623e+00 5.092643793697784638e+00 5.023243165219371420e+00 1.131244046618857801e+00 5.149903174390603411e+00 2.317920705556559824e+00 2.576269980219466404e+00 1.004219294267036489e+00 3.272186455504733971e+00
5.092569171792745486e+00 1.770211788449501888e+00 4.029728823040119146e+00 2.994202014639305354e+00 8.894223901639333740e-02 3.802313873991135740e+00 4.329893236477291296e+00 1.113955882446596851e-01 2.747316107803047469e+00 4.600208109117678745e+00 1.253159107828104135e+00 4.620654214924813097e+00 3.971462978121593768e+00 5.713161583681989342e+00 5.130157428512410966e+00 4.839616433539189799e+00 4.732589409279793102e+00 1.466517459269385038e+00 2.703794727247814667e+00 4.051832154720712786e+00
5.464907710892539683e+00 2.100501633551933089e+00 4.699769041185303919e+00 1.204803253837856136e+00 4.517905327408338612e-01 2.411355327207711952e+00 6.044147318116031009e-01 1.198177085519865237e+00 2.778884883472882983e+00 4.249531879228537257e+00 5.985706641352205731e-02 4.509115833651483607e-01 5.954913082717636641e+00 8.410637168465108227e-01 8.818177758558981560e-01 3.408212796888010931e+00 1.860039283530164900e+00 7.017550301163972826e-01 2.481680910709672894e+00 5.991119993606128347e+00
4.865219492689190517e+00 3.473530162247024489e+00 9.323733909214271254e-01 5.899081796045100745e+00 2.115014640533489310e+00 3.696788009624840221e+00 2.860065934545658717e+00 3.771305716158785071e+00 5.999424532442999336e+00 7.266343141283564400e-01 3.800297989361996365e+00 4.790666416427320939e+00 6.073851634850536918e+00 5.888999122462072577e+00 8.634436004346676130e-01 3.376993480181936569e+00 1.491636393544972128e+00 2.740659758002434554e+00 5.279723557779425924e+00 1.587270493498464718e+00
1.100677245890038236e+00 2.276991848525693918e+00 4.644902525012346572e+00 1.375749655471017130e+00 2.221428957295204842e+00 1.447215370295732662e+00 3.881660917524942356e+00 5.464404023580913261e+00 5.133262002298558002e+00 6.199353535148163452e+00 4.552907244073319259e-01 2.132948754131737790e+00 4.999057893343464620e+00 3.358721411298754678e+00 1.105642169474698289e+00 4.084310902526889109e+00 2.764582236989208575e+00 1.238005437108969709e+00 2.779209159457940448e+00 3.441264529946063799e+00
5.778287758467689272e+00 4.096544111150429046e+00 1.864448748834945491e+00 3.062321674677757066e+00 6.247892291781163010e+00 5.416182491022465684e-02 2.072092751573609171e+00 5.283521463662782303e+00 2.059849611723285179e+00 4.972303828692572480e+00 5.679838287595052604e-01 5.125589786857558394e+00 1.556427721212119142e+00 8.508333753860513049e-01 4.387309112167891989e+00 2.337040312650281226e+00 2.239078036258791204e+00 2.840996288322894969e+00 1.129993662025695178e+00 1.995686856488372296e+00
3.602406888335896173e+00 5.521594894791619801e+00 2.621406677822957665e+00 4.855762247903591344e+00 4.544477297831761020e-01 3.307417373655102466e+00 2.809522193802047596e+00 3.171234187059775333e+00 4.598682255941215935e+00 1.575079766921075208e+00 5.378171835176687843e+00 8.297863667203805305e-01 3.154095569177164826e+00 4.836498514406624594e+00 5.743869764455440396e+00 3.738576675210499634e+00 6.003953485728216188e-01 2.851105994831392376e+00 1.514249205270323584e+00 3.170175695677104777e+00
2.224396131143961508e+00 2.161162161611419386e+00 3.695449798693259957e+00 3.019085248155385148e+00 5.802815352982379160e+00 8.520302777200736699e-01 2.688266724363061133e+00 1.415101001890561427e+00 6.045203893639920167e+00 1.646792654750040663e+00 1.615186894579567323e+00 1.977614007902615212e+00 1.815512279288687081e+00 3.779337600680144682e+00 4.012171102438816916e+00 3.782494143937488840e+00 6.223695987038719402e+00 4.050414214389074452e+00 8.020553170396077514e-01 2.036015172088920799e+00
4.016449524941249294e+00 2.134098757751397901e+00 9.997608980342835849e-01 4.572533528688676796e+00 8.855213371719846682e-01 2.539812031266526215e-01 4.392488785150885811e+00 4.398298523174533514e+00 1.962896155549158417e+00 1.948303625064584876e+00 4.677263277198759006e+00 7.360058175782474565e-01 7.819417364546472626e-01 4.595569423103379236e+00 6.821341865995135256e-01 1.482812398408284604e+00 4.608107493434969726e+00 1.628494807164212244e+00 3.852760125433100313e+00 4.025037115141880228e+00
4.262144333686572750e+00 5.838474300820955420e+00 3.236470903135007848e+00 2.098432881288880836e+00 2.695167179631100751e+00 4.065861985626351149e+00 1.400521762739426412e+00 4.173745580901949914e+00 6.055195777746181784e-01 5.355916638633379634e+00 3.425730768377618585e+00 5.039836438941472707e+00 3.012428758814630347e-01 1.900203623775136297e+00 5.836505859996417023e+00 5.851938040860975576e+00 4.351144095627856423e+00 2.527437861509689299e-01 6.928404938867758212e-01 5.978472487109376843e+00
4.097517166926383680e+00 5.943828517325808747e+00 4.142808175564762330e+00 3.526942200915126779e+00 1.637062662292283699e+00 5.216808399529329066e+00 5.001726802999932886e+00 2.694287683666061639e+00 3.694292531597367368e+00 2.978301426370354221e+00 2.406510618971524629e+00 4.382785453716774526e+00 6.215311094086982457e+00 4.611953357841151124e+00 2.024108788140847714e+00 5.177623240514499514e+00 2.301535382633235649e+00 5.987226537413746996e+00 6.147230416531732189e+00 5.323382201081039433e+00
1.151202044596592033e+00 6.261736859921404275e+00 4.504408092110034900e+00 1.745149810484986963e+00 8.191318182463908082e-01 1.912074379271180069e+00 4.855148403722649775e+00 5.782861260548553872e+00 5.253520102027898098e+00 1.608863741991354734e+00 3.054640311150286447e+00 4.886713698012635554e+00 1.755773420501166360e+00 3.096717782004564601e+00 3.093678080533200703e+00 3.585811504094122082e+00 3.573370081099312756e+00 1.261600365496166942e+00 4.017307556433125981e+00 4.084478524272189048e+00
2.046422712425845170e+00 4.860550831175614483e+00 5.059665624966269704e+00 2.138105809393822110e+00 2.448730902768808892e+00 1.601625414984601870e+00 4.479690598367428223e+00 3.493269297206142543e+00 8.419792782889964355e-01 2.516669382603210714e+00 5.920877287484281659e+00 5.285341156839924892e+00 5.388194379390241373e+00 3.029187561898259329e+00 5.641939239041568577e+00 2.117794411412702971e+00 3.523683351866722241e-02 4.849913345718102065e+00 6.242052600256132955e+00 5.104015561889575281e+00
7.209994126819824212e-01 2.549350419963221093e+00 1.064983261545311866e+00 1.962589146743775270e+00 5.849847487146756286e+00 5.915313031482759776e+00 3.178290342333562002e+00 2.125382279837337574e-01 8.199633380677514571e-01 6.123171965779103942e+00 1.629072066044459310e+00 3.024805225707274836e+00 6.128741231638014320e+00 3.948808368071565322e+00 2.713173263696642620e-02 2.422092333457503077e+00 4.319740815529647726e+00 4.120062534875787108e+00 3.377968081035453540e+00 1.842788982196074121e+00
2.457848782523240239e+00 5.565534444523991375e+00 2.297178260855794463e+00 1.805827993657673991e+00 2.083342850055021511e+00 1.765201126391569009e-01 1.681118453241553290e+00 4.520312612643906824e+00 7.016315599326242713e-01 3.138523844182468103e+00 2.876814980341291683e+00 3.337068529113482285e+00 5.993584202234193192e+00 3.000307016076470656e+00 1.284293153923175224e+00 4.550668103823686472e+00 1.144690540618957142e+00 1.011737892707256892e+00 2.322904282807578991e+00 1.271905330336272399e+00
4.666276934622807460e+00 4.087839262270697382e+00 1.489646901383194222e-01 4.852933421177650253e+00 5.475607608198628462e+00 5.335615869664526834e+00 3.249948348969957657e+00 1.335956277695352190e+00 3.270920376407716601e-01 6.225139583622978812e+00 7.570887451871679552e-01 1.761985111577282215e+00 3.688847863488896817e+00 5.535882915172995133e+00 1.005528309780559626e+00 5.710208190523934135e+00 3.783787299653335712e+00 4.161725599165460032e+00 1.289829387982356135e+00 5.365511619777008967e+00
1.237353621318956876e+00 1.536212809088202569e+00 5.071857413000930848e+00 4.624241513658230218e+00 1.261398908671917285e+00 6.402408431620423279e-01 2.886955205456542384e+00 1.023856874549135210e+00 3.241271322685918221e+00 3.476228146907264449e+00 2.234818629445226801e+00 5.959471715867037389e+00 2.338488204800313497e+00 4.404585936756996167e-01 2.196654259842622636e+00 5.883481733822288895e-01 3.583483493967956068e+00 1.263942883266750139e-01 3.467226412102492272e+00 5.524507746142543141e+00
6.330635881345235694e-01 5.200364041791559977e+00 5.420837180398318189e+00 2.168267810108123861e+00 3.563445632471969882e-01 5.685170073086321274e+00 2.707142253141954225e+00 2.955384804847995373e+00 5.324730023289383496e+00 5.047579133306367538e+00 1.011307743766506562e+00 5.881602670397983346e+00 1.747326569687017939e+00 4.654240347805442823e+00 4.712934289228639884e+00 4.292994172627575544e+00 4.163434987335099535e+00 4.726428208199735082e+00 1.731403701050329369e+00 5.190987003180114634e+00
5.875570956137859291e+00 2.742876054717476864e-01 5.321002514014805840e+00 5.857475592202916914e+00 3.059722566717286263e+00 1.395571360759156332e-01 4.018749792284738831e+00 2.285639650870523176e-01 4.432505987214655718e+00 1.908463831721477488e+00 1.747805477088342441e+00 5.604835035101902285e+00 2.136823715173990390e+00 6.213199105341288053e+00 1.647471222003586533e+00 5.609709093196243224e+00 3.425736466326417595e+00 2.864022296709000326e+00 1.699522986481787790e+00 2.404546040446160493e+00
3.476784011706840705e+00 5.064014771817758387e+00 8.424308785481644524e-01 2.344599875230737762e+00 4.121952356144882756e+00 4.153406838436450421e+00 6.259377698001014068e+00 6.212627043355883671e+00 9.899316722986815920e-02 5.424362449903708416e+00 2.105950077628839345e+00 6.170932435039631514e+00 1.139608779217555323e+00 8.349948215762621750e-02 2.019338425977065477e+00 4.164649422065359374e+00 9.300200069841739747e-01 1.307714007782070809e+00 2.059083945279100991e+00 4.742502895375163341e+00
5.381295508265033334e+00 4.905251742202109355e+00 3.635095189017144346e+00 2.464289913184698755e-01 4.242783982512817964e+00 6.230890964886073746e+00 6.164611879530651706e+00 5.187481509027324078e-01 5.505010068433630721e+00 2.487793349239651786e+00 5.974245161016864536e-01 1.954159340301620640e+00 4.964100379531170226e+00 1.986708540041801085e-01 2.141604670191930904e+00 1.808135137813929871e+00 1.573119919225270058e+00 5.542186124217656662e+00 1.661558925909040196e+00 4.519702049388008014e+00
4.337353843906011086e+00 2.140064799237257009e+00 3.339827930933438438e+00 1.059388068841553787e+00 9.393970552159320864e-01 5.320280047138425061e+00 4.822086039596915619e+00 3.171356695769565803e+00 4.527755247311469944e+00 3.460149573947033819e+00 2.244158702760471247e+00 1.862744806920253460e+00 1.386407603177634451e+00 5.483050572132183831e+00 8.284056278873708212e-01 4.629004355261207238e+00 3.767320789657120361e-01 8.183941312615584662e-01 1.004677965090979175e+00 1.024137254949794434e-01
3.299758695596107572e+00 4.366922424613794540e+00 5.485902814263450722e+00 6.033534303070384297e+00 2.163886827038178140e+00 5.243515643744924404e+00 9.966801627440076139e-01 6.198356707208237282e+00 4.737725899211132075e-01 2.262774264832251081e+00 2.145264834677715893e-01 4.942687174548555440e+00 1.922216536584368418e+00 6.176776865514626458e+00 5.421529814398077463e+00 3.337588860439245630e-01 5.712253416859722321e+00 5.288534036487430257e+00 2.482256799403573133e+00 4.450830995402212054e+00
3.319841029996679183e+00 2.866443137999155066e+00 5.597141896512787262e+00 5.585200908108956419e+00 4.785930917027933162e+00 5.011877284097122631e-01 2.033373755428223850e-01 3.060448273476203962e+00 2.141132642271080244e-01 8.499945388009482183e-01 1.674603538089298738e+00 5.425566685272078971e+00 2.529556170985032271e-01 1.518349234930617797e+00 9.773664826579037124e-01 5.821625059933776214e+00 1.059719376634301380e+00 3.170476577912637595e+00 3.001167886256991046e+00 3.292687486290347021e+00
2.396048525710118948e+00 4.616554088873378703e+00 5.631082207322503308e+00 1.413268949687003784e-01 3.365303503950400010e+00 5.739125836063299957e+00 3.257959543585130735e+00 3.870442165641235110e+00 4.187204805600709179e+00 2.760732110391738825e+00 4.405602206321065140e+00 2.931240704571270950e+00 2.167123032282567863e+00 1.020935488239833377e+00 8.852307510106083299e-02 5.482857220635880324e+00 3.793767553586893548e+00 5.207066042571644182e+00 3.141482159632472460e+00 4.081464475753343812e+00
1.138861650116793856e+00 6.072250345232419022e+00 3.878379470865937761e-02 4.514705276645744725e+00 2.571986891356166982e+00 1.170242080934511320e+00 6.279684675223503598e-01 3.382587138173487773e+00 1.453885533901987381e+00 2.677311743358656404e+00 3.562341530130189948e+00 5.252301668898591736e+00 2.522137539174547527e+00 2.842089224400999203e+00 3.392496010268807982e+00 1.110895882254801181e+00 5.461024760055466665e+00 1.044603698352242205e+00 1.972046375921527206e+00 2.070854931676618271e+00
2.677105177555355375e+00 4.672996644382191533e+00 3.446326849753961419e+00 8.846115592361656343e-01 1.012600533439668826e+00 4.177189043059579276e+00 2.867014068373740177e+00 3.761623129014132871e+00 1.629458722415045635e+00 1.631847519284304937e+00 1.906913566100607138e+00 3.391574805535440440e+00 1.234947376866224467e+00 4.248497408294316990e+00 9.602106526911874385e-01 4.450753761217206339e+00 2.941874802350879392e+00 4.763996251919305536e+00 1.662829131343580791e+00 5.810970139143987190e+00
4.842911993334157117e+00 4.191440194834702426e-01 5.560631625805116052e+00 5.715619305088026181e+00 2.776212859323666127e+00 7.745799876971412035e-01 4.019244767406666141e-01 1.934579095386808056e-01 3.191935197393180879e+00 3.846784694505378521e+00 1.467378395516425460e+00 9.684388824907824711e-01 2.293858180048526041e+00 7.295953131554667737e-01 2.830691189776429084e+00 6.111751612887831975e+00 5.688169060984492598e-01 1.926553518970412077e-02 4.252574979517521392e+00 2.027591689538632558e+00
1.199833849627806703e+00 3.427584653852140839e+00 2.518082240758093171e+00 1.868069254143161828e+00 4.946611016577679543e+00 6.563632758296886749e-01 3.261367461850360527e+00 5.915454437679569466e+00 3.708790154078405177e+00 1.194123297666921379e+00 4.501461728819236008e+00 1.967863912066248888e-01 3.125464629052970622e+00 4.833271276901312419e+00 1.069791661086743950e+00 2.284125500549431198e+00 6.260813293225412357e-01 3.497946561234773100e+00 4.426986811335524852e-01 4.675252108701191567e+00
