3.437876111043215221e+00 5.665795909255342266e+00 6.421252984794673102e-01 3.325211887273294309e+00 5.211177140721468426e+00 1.616873363573976263e+00 3.683597645322180814e+00 4.230896237524874870e+00 4.054332915624919487e+00 4.762045305060224720e+00 5.847483882246684139e+00 2.954265928097308258e+00 5.444595218053806640e+00 5.564849582423430974e+00 3.455628898193251253e+00 2.333699147002411767e+00
1.802498560293282592e+00 2.116477564821982682e+00 3.577068601177723295e+00 3.263196525717153573e+00 3.099181411138949738e+00 5.366964689573366920e-01 5.196813175731493040e+00 1.658127209219835585e+00 6.501253176401012857e-01 4.808416226882753719e+00 4.246238408056346003e+00 5.001513019852625419e+00 1.552263310059918133e+00 6.240584456828425886e+00 8.120157696328201835e-01 5.724261893741918072e+00
3.525407654035221050e+00 5.544259909730532065e+00 5.650851661474812992e+00 2.191344168628247768e+00 4.742799711825990805e+00 3.555846168022430032e+00 3.774161372501919631e-01 9.948097914831648125e-02 2.042604334651399789e+00 4.591792365858449187e+00 5.820311695497536242e+00 2.855196772745314693e+00 3.445875905402462802e+00 2.209987012910759330e-01 3.817117281744923041e+00 1.780826137462279579e+00
3.111611363934935204e-01 2.953558429120614726e+00 4.535554379868471209e+00 1.684548025035701724e-01 3.809681693960397908e+00 4.094071350504641771e+00 1.478838922770659092e+00 2.297488969604920772e+00 1.202648687645188286e+00 3.067983414578565160e+00 4.469361717859431593e+00 4.998014805415611050e+00 5.860308693920593726e+00 5.269184122578173479e+00 2.903715110349336381e-02 6.252012341446718580e+00
2.378452583185726166e+00 2.094593556431892267e+00 4.655345667421284972e+00 5.876463592206698117e+00 5.511399640397693034e+00 4.965065973904882468e-01 1.864337676693245127e+00 3.014718516176911667e+00 4.722330420053518552e+00 6.263679660262130966e+00 3.004775556624381672e+00 1.763405364095299133e+00 8.999744285855661996e-01 3.556205330054546199e+00 4.543512751146632667e+00 4.797327633689512538e+00
2.401766691324171088e+00 2.437517734628315669e+00 2.790595231106713037e+00 5.755248205721752441e+00 5.646748977732606534e+00 8.856141831077108950e-01 3.877310012569787911e+00 2.080468025711372515e-01 6.090420281646527378e+00 1.090672143932382765e+00 5.063516634342309253e+00 1.688779303046437530e+00 5.917138701866620387e+00 9.070783996536612159e-01 1.138253305172180596e+00 7.074675100096233793e-02
3.234804877699653858e+00 1.151301559503493444e+00 2.171119052549238260e-01 6.045032170767036028e+00 5.622762614012372095e-01 4.652594732901862429e+00 3.438711250916860751e-02 4.655886612641301880e+00 3.544061569520440269e+00 4.878884206357991360e+00 1.879143255287062164e+00 4.947706021040658264e+00 3.517757827763817069e+00 2.049870421595973546e+00 2.670679216964354508e-01 1.364295221586897755e+00
1.053891543813037845e+00 3.911985910274842215e+00 2.008011238413672572e+00 5.509087638951140953e+00 3.748124288896194090e-01 2.657443702543131447e+00 6.002925531198660458e+00 4.029992313057417785e-01 1.187225054453844519e+00 1.119982705910398613e+00 2.385983551705294914e-01 3.600844363366608181e-01 5.955909233567502348e+00 1.078591619709504901e+00 4.190404833839435739e+00 1.886466401149406114e+00
1.525824060544038741e+00 3.828268878345851167e+00 4.701273828844203528e+00 2.073562048233348776e+00 3.196626451539007485e-01 3.651849604790787129e+00 4.628961810263144017e+00 5.752938481665311743e-01 4.246956690250137001e+00 1.867200516675413091e+00 1.031098066016998382e+00 5.661817451593604389e+00 2.087003824557203568e+00 4.399653363565114716e+00 5.378226784777841551e+00 8.916873262358659957e-01
4.448261000756225769e+00 3.356850359310556531e+00 6.147561588457004511e+00 4.702461453497189581e+00 1.854212494739406525e+00 5.199005675859733167e+00 4.279135978075164992e+00 2.934582482493454325e+00 4.108783283868724823e+00 6.187625749928395535e+00 3.880432949725832081e+00 3.710463118217754097e+00 6.743504818790607702e-01 4.669627132971577055e+00 4.510662843429811275e+00 4.487534450508426254e+00
5.963904904804324225e+00 3.377323483972876517e+00 2.983833697971201460e+00 5.677697330860992153e+00 2.858311696050936490e+00 4.622126812832092924e+00 4.748266727691357048e+00 1.241492379452098005e+00 5.573403807368324969e+00 2.956746728639994881e+00 4.663878689013657208e+00 1.649105675082064737e+00 5.293752514249739249e+00 3.681980882334980054e-02 2.094344703440458311e+00 2.216813595629501865e+00
3.742484622686719220e+00 2.848421848183137595e+00 3.520265122186434059e+00 4.847774154770045918e+00 4.669294372497309276e+00 2.715577404428199060e+00 2.440289614930524487e-01 2.533877085176196253e+00 1.853716186573659774e+00 3.077741751334186482e+00 2.862797948328885234e+00 1.871218500634742821e+00 5.148536573842896757e+00 6.092755831967987312e+00 1.731558865159065277e-02 2.813068718438213711e+00
2.862945628165110445e+00 3.755349293066123195e+00 3.051895201063155483e+00 9.457486594533165425e-01 1.083563087661992386e+00 5.963558729272993020e+00 3.833539567189546471e+00 6.009875306678765794e-01 4.735426569171344191e+00 2.498448780700797567e+00 2.489898474815777085e+00 6.174572178076365603e+00 2.230865408398887695e+00 5.029816918387031599e+00 5.602240172806970397e-01 5.453682686306555283e+00
6.157466788263610269e+00 4.869659467832312849e+00 4.143492437461717692e+00 2.970216088941651567e+00 1.562600734281146764e+00 4.023792866803533874e-01 4.167868948632206388e-02 4.667901705518949562e+00 4.171602821713916498e+00 4.271747507457956061e+00 4.521076446771479795e-01 3.961286554702564633e+00 1.354125410714774214e+00 1.852940971891891220e+00 3.220558247488334747e+00 1.839107568109977775e+00
6.517605817108509392e-01 1.189199998014700110e+00 9.042608026202422211e-01 1.520193307841584129e-01 1.319830800210935573e+00 3.978654906310520101e+00 6.227930670632552790e+00 1.089180623568492434e+00 3.201554372498377266e+00 5.484602988062960094e+00 8.506192258698298814e-02 3.798495445290853922e+00 5.950726871364590664e+00 6.092840536514429139e+00 2.870501840347488454e+00 3.511004652385002256e+00
3.208550593749605273e+00 5.484372441761256489e+00 5.590954463957131360e+00 5.376474681938240296e-01 3.651056914751499516e+00 5.984559523293946803e+00 2.482471581657769821e+00 5.406096905675646935e-01 2.093888084504261116e+00 4.409770708262549022e+00 1.735021341074884260e+00 5.376734063549192477e+00 2.014218436082305441e+00 5.128168752673140318e+00 2.713021600440453707e+00 5.152500073133833958e+00
2.032218050053869796e+00 3.085403998716221619e+00 4.435953662230684991e+00 7.719953385480939068e-02 1.025806860669874698e+00 6.092110219245970626e+00 5.955431341391846933e-01 1.464027113720163920e+00 1.428612611893117945e+00 3.410342168793038642e+00 3.342568187616491715e-02 4.182127452749873520e+00 4.505101092302492560e+00 3.410715374299295721e+00 1.470135701851593979e-01 3.539616914957794958e+00
6.122794670526331196e+00 7.667065467808824586e-01 2.355392087408433088e+00 2.050978451189048535e+00 4.885554773132478878e+00 5.844026565427976827e+00 3.162186282335653686e+00 2.899225043471536534e+00 5.613524611630765548e+00 3.508322521058546251e+00 4.178959746198019687e+00 2.367724376879406734e+00 3.088992017187704775e+00 6.481185026938480753e-01 2.615419585793706592e+00 3.801311976242644164e+00
6.040441251475503925e+00 3.041475819532528213e+00 1.436629898056444921e+00 5.552162191738156949e+00 5.001423684211562026e+00 3.889013181845883516e+00 5.131230488911534771e+00 6.018671005544924846e+00 3.242515220903666506e+00 2.869315970130660531e+00 2.716987407975269608e+00 1.289100064760647202e+00 1.118725782722159057e+00 2.633767918824581056e+00 2.835654939867762181e+00 4.143761865406793810e+00
1.626767905544308723e+00 3.627906529155633830e+00 1.456676361905200057e-01 1.510491462957053721e-01 2.035212625304222200e+00 4.763511747146544906e+00 2.210779898656752174e+00 3.662403580817115589e+00 5.433721070541836617e+00 3.498185191477768630e+00 1.126717581851502059e+00 4.159073576250285065e+00 5.435677563548963143e+00 1.159460177922987389e+00 2.408942100178993184e-01 5.396544333909372604e+00
5.973766026026240183e+00 4.359116390888536863e+00 4.227615145318842416e+00 1.665892544009603293e+00 1.934721032101006877e+00 4.712099203874982933e+00 5.007413129577169109e+00 2.419381481364510922e+00 5.335326076180788135e+00 1.344856498050577720e+00 2.676824655104807604e+00 2.567144576135309997e+00 6.659340147805755672e-01 7.328584066131927921e-01 2.149440607854220087e+00 4.495463366921083725e+00
4.856441711542003326e+00 4.146771447090556784e+00 2.263304509013309040e+00 6.244373937424271048e+00 1.241599317641834954e+00 8.843652580913702321e-01 2.765984870505361126e+00 3.614880807979723887e+00 3.358532396203589343e+00 6.142239792664755171e+00 1.836135837764805379e+00 5.331665067774951972e+00 5.210910118610367014e+00 3.324802774756090429e+00 6.236542909961148240e+00 1.349129234670425337e-01
1.149359724285042433e-01 7.729079021041262987e-01 4.651147439798872796e+00 4.616703454823833930e+00 2.864039628457980768e+00 3.550625910035394739e+00 3.339079726640705292e+00 5.413070111683589758e+00 3.265729906108895797e+00 5.581039464704672604e+00 5.403396174329655466e+00 4.784441498903865941e+00 2.909077800152615634e+00 4.803152433065004168e+00 3.463023077184520737e+00 3.272580029276072722e+00
2.079713821646467231e+00 2.047956247812856123e+00 3.785484116783902842e+00 3.509412775465287737e+00 1.606413354407110194e+00 4.452166095334121110e+00 2.387017647666958009e+00 5.555022324317947735e+00 5.687322899737940141e+00 1.376055583694810514e+00 5.914431423095972029e+00 6.456770396418889391e-01 7.254949849933057804e-01 3.328270981370454185e-01 5.787376109447255779e+00 3.086634912210767911e+00
3.122892662761596605e-01 8.783448229508077354e-01 3.437064644800016833e+00 1.456347233514585726e+00 4.621045527580743162e+00 2.768846801020037329e+00 1.361846007656895896e+00 2.114665173206907167e-01 1.665752341787375412e+00 3.931272231739858736e+00 5.550204563157699056e+00 4.859347687140180838e+00 3.708812043878078946e+00 5.703025562242685531e+00 1.532967977821843908e+00 4.754064575425680950e+00
5.116293315050794099e+00 2.301324411207169351e+00 5.954075762081101786e+00 1.737724643068224717e+00 8.468993196286105363e-01 3.267862528088623542e+00 4.817190527035743464e-01 4.710666132368386272e+00 2.223856609820569208e+00 2.953317577663667759e-01 6.133434618081044398e+00 4.731900810830980825e-02 1.903639694944688987e+00 3.911177611542060450e+00 3.783871385286187383e+00 1.691202810842059812e+00
5.952106784924087179e+00 3.607910568110064720e+00 1.845354560651354392e+00 7.525879099827881280e-01 3.737739905822856201e+00 2.547917130234055860e-01 1.955100462626943258e+00 2.680400417284300563e+00 1.362330261357706407e+00 6.917037426191050553e-01 3.752507466419805926e+00 2.084779032511520303e+00 6.749799763754497084e-01 4.206959818372740578e+00 7.422805631473421428e-01 6.128823734565481907e+00
8.047549427678610812e-01 3.072133035637689691e+00 2.919560753344134785e+00 3.306025649361820751e+00 4.856937699899882332e+00 5.333504006713649659e+00 1.928698475697528947e+00 4.367971743103495008e+00 5.591191437370864215e+00 5.083916834022496722e+00 9.521198214318438158e-01 2.303515654434248106e+00 2.128536635118924103e+00 5.259437661353524973e+00 1.040724031783455850e+00 4.875027346476880297e+00
3.644955707580491477e+00 4.241727294448455865e+00 4.633473701434319025e+00 2.389451733077842199e+00 2.250547137071573722e+00 4.787239476579057573e+00 5.923649224848197115e+00 4.052819547725341032e+00 3.076424885728672010e+00 5.905777672577789517e+00 5.429998926217227684e+00 7.154231712939981280e-01 1.143551902317866409e+00 4.666199498999809236e+00 4.890563839416256720e+00 4.378924294642689397e+00
3.792155910191074231e+00 5.828277666038000682e+00 4.632920779760032026e+00 1.051823531294631575e+00 1.391136023115811249e-01 2.832295216592761289e+00 1.705862310092068457e+00 5.685399051025404660e+00 2.999490920396853166e+00 8.787551246138110006e-01 5.645688053628256320e+00 3.501693763128508774e+00 2.319778847618537476e+00 6.239532547986493149e+00 5.307710304142506885e+00 3.345321240215012981e+00
1.507440288477208012e+00 9.388950688194901417e-01 5.631969396153576390e+00 4.214484342777111259e+00 5.223775839074308536e+00 4.341425050541137587e+00 4.739740803759404209e+00 4.550799287543147997e+00 1.851272458090664985e+00 1.249059258379173087e+00 5.317977274835383739e+00 4.192528521423068533e+00 4.690421439203101173e+00 3.470570621704498926e+00 1.462609523794510258e+00 5.031733414722277864e+00
5.443807954643395064e+00 4.386023084652215687e+00 3.355513229925369600e+00 1.122529313394518891e+00 8.860013403955629974e-01 5.307977944262488812e+00 2.051135363379056109e+00 2.767212230343664370e+00 6.462240288791570864e-01 6.218415771907427336e-01 5.065740223451781432e+00 3.096214588199517337e+00 2.252393598435832978e+00 2.763847581335796111e+00 4.960486584077301586e+00 3.894564996763411724e+00
