2.405667129653006775e+00 1.259983174663928063e+00 5.917193232316924956e+00 1.896926559506675325e+00 5.199056545999436452e+00 3.943507526587550910e-02 4.392199208766182750e+00 3.954098541530403299e+00 2.978642717749921953e+00 3.225654104145778134e-01 1.251022965865146830e+00 3.197158607109481299e+00 3.084974967228801379e+00 1.807389134746496762e+00 3.817739194003058056e+00 4.820563713277923767e+00
1.639351921560627812e+00 2.460167971620920824e+00 1.476324289087104225e+00 1.889313238731662903e+00 2.817876611815048893e+00 3.179373618898901466e+00 5.455160687816481335e+00 5.544675448992962608e+00 2.501206286125585154e-01 5.744543255417381644e+00 4.830882556998608024e+00 2.358217645494086412e+00 3.787323772327863658e+00 3.477012126903114453e+00 3.880025778191535046e+00 1.952167783846434412e+00
4.447550827079024494e+00 2.863353990709882169e+00 2.902493260538542064e+00 2.693950510709093749e+00 3.877953961938714667e+00 5.663939006228059014e+00 2.028781670229791168e+00 3.605107246147020383e+00 2.330421721515164801e+00 3.428668546185260624e+00 4.482410173036512901e+00 2.200971359900222524e+00 6.107770549658997350e-01 1.357750207422308897e+00 5.387909246491614290e+00 4.017959664282706456e+00
5.929038418432391211e+00 4.185374198200267237e+00 5.868197084317105627e+00 3.617453988912793683e+00 4.944094990710339310e+00 4.290984500114685574e+00 3.095186160658264241e-01 4.727338343871282156e+00 3.560007263568430336e+00 2.476582643166064468e+00 2.579809374809245881e+00 3.160562636278476667e-01 3.379409907165610960e+00 1.068280990879107772e+00 9.268681258672868406e-01 4.551739661184227792e+00
2.742241831443535727e+00 2.325746685584610507e+00 1.619898903241089316e+00 5.673041939507627696e+00 5.731850260275064279e+00 6.145112539201900148e+00 4.790422616898858621e+00 6.057646121741836254e+00 2.948220343148195699e+00 4.924436868655980959e+00 5.395584150916246990e+00 1.876396957420414013e+00 2.470197606178611505e+00 3.803281207633933736e+00 3.728773601399551385e+00 3.573061753319673350e+00
3.781165382956666488e+00 5.074899402897590228e+00 3.456072272792675371e+00 2.935811849031507936e+00 5.635100572134494890e+00 3.289911942017007984e+00 2.892442825755052738e+00 1.730366279963079901e+00 5.096659863471033169e+00 1.735411311500064002e+00 1.631611317300577069e+00 2.999228448858145768e+00 6.438452054147134618e-01 4.660002016535795377e+00 4.673033323810057205e+00 2.269690698967961495e+00
4.880115987314545656e+00 4.252512112953481527e+00 2.067451622704370440e+00 5.035476484790081919e+00 2.242709926704142376e+00 1.208726351183076961e-02 2.385792232649562639e+00 3.009778607766079084e+00 6.806533470390300211e-01 2.140610335612104009e+00 5.112933288066869864e+00 3.457495338714328792e+00 4.961968955157571415e+00 5.720465690261332448e+00 3.652466437408023125e+00 2.092758589751063436e+00
7.813005148486323881e-01 1.344788687931947405e-02 6.265369379572461206e+00 5.146913378582325116e+00 1.613794824414420459e+00 5.142743453315006263e+00 1.354950481813917529e+00 3.069831429067791273e+00 2.750747978230599688e+00 5.495382502267326386e-01 3.070569225947435310e+00 4.754894836317707707e+00 4.525868791595052620e+00 2.904561502317027699e+00 2.605890919149902007e+00 5.264836448101663180e+00
3.221776821502053689e+00 6.128432789762224608e+00 3.170954354724126567e+00 4.197395156466441790e+00 9.888912140459139577e-01 3.599048331719299387e+00 4.271065811166637971e+00 4.722044202750388386e-01 3.605395271437731086e+00 4.039740275292205141e+00 2.692772005016848436e+00 3.368733519737428850e+00 3.295806703410816496e+00 1.840550167843402418e+00 3.892618213201325617e+00 2.420494488242305842e+00
1.548064568063966639e+00 4.876701191115773604e+00 2.713369054946411563e+00 7.068623427274206561e-01 1.602894537408854125e+00 5.074456858265850911e+00 2.122547287814217754e+00 4.365676524943047809e+00 2.974885360935088929e+00 3.686755170061294606e+00 2.286632140478130015e+00 2.476361595543139060e+00 1.758256842148764765e+00 2.257193336413286122e+00 2.980946369334957158e+00 4.569401958696429844e+00
1.902352618880444046e+00 5.440248127614697893e+00 1.025828859157753348e+00 5.128006120986482230e+00 3.565147640227729564e+00 5.431285281046307034e+00 7.295153060975377857e-01 1.548804883270666899e+00 2.880311522630734533e+00 2.999446614932386179e-01 4.440208275126951598e+00 2.911123958027319603e+00 1.318683806455042795e+00 5.473287066658533817e+00 3.979562114480393209e+00 3.347181824862142108e-01
5.240314323227528881e+00 7.270904731866668740e-03 1.942379268461667863e+00 5.249504705718145203e+00 6.058319721279854519e+00 3.664103506920724507e-01 6.173990318132125843e+00 5.860263246481358657e+00 4.895253488110716256e-01 4.813827338220381113e-01 2.846136685787494347e+00 3.119597526793931874e-01 2.913383523289624910e-01 5.551788552839063584e+00 3.420507127013923565e+00 6.337711267989606378e-01
5.243089412096228585e+00 2.526925601138241273e-01 5.942911981354607187e-01 3.465054575308444962e-01 2.689901927664634762e+00 4.394274562405811047e+00 2.554093684248092355e+00 3.792579760105110775e+00 5.951754843600772560e+00 4.409924116983991033e-02 1.046214916491995522e-01 2.622049053243242334e+00 7.659184360099479116e-01 2.889650285743654567e+00 3.745400800566133004e+00 1.407707127067792996e+00
2.752795063887802041e+00 5.137064020520961449e+00 2.811617509861843001e+00 6.056720529520334573e+00 5.933065996639443007e+00 2.291563881728235330e+00 3.151132627010412968e+00 5.148379933270657460e+00 3.539158838408722918e+00 2.307645481929708753e-01 5.090143350769518626e+00 7.524849151137300574e-01 5.720616263641878696e+00 3.652902738331806898e+00 1.531065039705602704e+00 5.494049375120881429e+00
6.176579080571905633e-01 3.241518035734778369e+00 2.015595829125054195e-01 2.828615906357888066e-01 4.858609119888353867e+00 5.602231016594277913e-01 3.775608847127279510e+00 2.635586412900890796e+00 3.957413549501185290e+00 3.391992558862240603e+00 3.214146405587228639e+00 3.056074465962624220e+00 2.848775511581640441e+00 1.227285793802504799e+00 5.565686852454947875e+00 5.163188506256864707e-02
2.177171673688152731e-01 5.960448659875026145e+00 1.861798004234919812e+00 4.394644489241169794e+00 1.264424929583259916e+00 5.061497445385197302e+00 5.675106317127276867e+00 1.484600490658509964e+00 2.127683644381907158e+00 4.853499242648670275e+00 5.641716864307380952e+00 2.121400826099675285e+00 5.009446372669688508e+00 2.580753865354594279e+00 3.832963281107362175e+00 4.181426829359539354e+00
4.119010222110274455e+00 3.430642732252579652e+00 1.538891482298194280e+00 3.713367044895401925e+00 4.059096317599141912e+00 3.795672214973293990e+00 5.023901052253187949e+00 4.216286296893364316e+00 5.835036206108353163e+00 1.523314088883810924e-01 3.756009055585307177e+00 4.287623376518508778e+00 2.527282610094395032e+00 1.265691906729493610e+00 3.116086749072623174e+00 5.934163026716984923e+00
3.191683607363213770e+00 3.515528044792761708e+00 4.872289290880964074e+00 1.387867632328728451e+00 2.036712205528595110e+00 1.932298042772257807e+00 3.438477292706136001e+00 8.636290609650879579e-01 5.221749934945211891e+00 5.472653748022383802e+00 3.106947738778905954e+00 1.406423335558107279e+00 4.667643240597698084e-01 4.484400563419844943e+00 4.068504926699101354e-01 1.736837841745682676e+00
5.852850845802307411e+00 6.066183145507850760e+00 5.556078597590255796e+00 5.501847772757904487e+00 1.417253396155206402e-01 4.697679628535883722e+00 3.118150249857341461e+00 4.059433799712302005e+00 1.309879644614334593e+00 1.771994655105332495e+00 1.151249258092941208e+00 2.791777157105497675e+00 2.896070383881419463e+00 3.371570223163473212e+00 1.347087727531335988e+00 4.542537343866751343e+00
6.157265051037473569e+00 5.218309026042753374e+00 1.565273474113202834e+00 3.507666638427263450e+00 2.929652917771044529e-01 7.029038676085053172e-02 5.264170119996371966e-01 5.816755967990397735e+00 1.959429681623503505e-01 1.291684150024209332e+00 4.271428197331609056e+00 5.518915715318460258e+00 2.723223754511769013e+00 6.270906686525631990e+00 3.337054715691584184e-02 4.208136474815338701e+00
3.014786839573144306e+00 4.008694092065265835e+00 4.829750436706405026e+00 3.606755258274311426e+00 2.461534347056486105e+00 5.104620930792735045e+00 4.901346331870297668e+00 5.475855512213409604e+00 5.674915317793397307e+00 8.784614763715699048e-01 6.080664744494055363e+00 2.888901740366941695e+00 1.493124827101705687e+00 8.055015928218935972e-01 4.202642106405114930e+00 2.577212537706017326e+00
4.157919824880965898e+00 2.208082858869891751e+00 3.783994563945599854e+00 2.826429281607551580e+00 2.885187855339226837e-01 5.041390741924413277e+00 5.153002468896013433e+00 5.294921355637856486e+00 3.587385346876983405e+00 5.967424291549566995e+00 2.555552040077272657e+00 4.798473824416913835e+00 1.616180564095591521e+00 5.491002928614619805e+00 2.627222077687042301e+00 1.017074103156781151e+00
3.928752798201376351e+00 3.205168868566863782e+00 2.114192744858940820e+00 6.277979543823727582e+00 1.722106659720439747e+00 7.393278884815849272e-01 2.453105193209178747e+00 5.656576697378095986e+00 4.000399208109393534e+00 5.781066819251908129e+00 3.166126804058495114e+00 6.265878682988098802e+00 9.648813184325234493e-01 3.353899465809060398e+00 1.485914557356613486e+00 7.257225056359009052e-01
2.217603217492546186e+00 4.592053466318717803e+00 1.483929610161814017e+00 2.237668374457038034e+00 1.510333351895584153e-01 1.775392182529407226e+00 9.118153634868781943e-01 4.326221691041339135e+00 1.640196334238637643e+00 1.107488507822639967e+00 2.475730675891286925e+00 4.575802241944717075e+00 4.785454675854936113e+00 3.948018273943105338e+00 5.046466274357911175e+00 3.722035305883095280e+00
2.116708573779908953e+00 5.174293412670504466e+00 3.846169641291156793e+00 5.300251954197903181e+00 3.521774639540808050e+00 4.227034805345478041e+00 2.689662780896951322e+00 5.065394949619652643e+00 5.173204463249287954e+00 6.174869140803137535e-01 9.989305641237835598e-01 2.340186151035291484e+00 2.113975699049303714e+00 8.869293254441633634e-01 1.607135233502059668e+00 1.315455567474092646e+00
2.227653757318708738e+00 5.153298540288600016e+00 5.178965433367415550e+00 3.589291151035115757e+00 4.009083774964564029e+00 3.361264226460999982e+00 4.918952503224844897e+00 6.268138366702182829e+00 1.111290153569205685e+00 4.024805558711370246e+00 6.207595333259448900e+00 5.370706680176049463e-01 3.072239312693402447e+00 2.656524954738140654e+00 1.290580890254478863e+00 1.169684757630065519e+00
6.744838133070463204e-01 2.694731761973927053e+00 5.444271625054008190e+00 4.671155457782808718e+00 3.487108807239915897e+00 5.511630686626358688e+00 4.415049385278431160e+00 5.383767587339491456e+00 5.733676526760228320e+00 1.453322115013492510e+00 3.308509117419361489e-01 1.154255309367447246e+00 4.537090610893278253e+00 3.233574264141477972e+00 4.849446309570985547e-01 5.232730152412426783e+00
3.072779787496223936e+00 5.769948222946063687e+00 1.643045469487041110e-01 2.272570897187355943e+00 4.830922509443816182e+00 3.269565106863275616e+00 5.080157789952782998e+00 5.855259634316720252e+00 3.263835989669415127e+00 3.253120948164173853e+00 5.962426692618084445e+00 4.045017690716138148e+00 4.091736238963612493e+00 2.891936889136993649e+00 1.370142609349020768e+00 1.525801859470101496e+00
4.633169464298292795e+00 2.470959235366018802e+00 5.332286720305570604e+00 4.523989201203716171e+00 4.829936722765192592e+00 1.600633326829974390e-01 3.670147190746145816e-01 2.316076481606377246e+00 9.284214052072237155e-01 3.889273563816943113e+00 2.174916764653136436e+00 1.671794598079972882e+00 1.673391129504336217e+00 4.805723037604470171e+00 5.934992800253352740e+00 1.569734549376667621e-01
2.064495518926522166e+00 5.494298459880083030e+00 5.031124502249796571e+00 4.174801789280656039e-01 5.496842991278332313e+00 5.594310742103708600e-01 5.599687578400183163e+00 1.261897194123312804e+00 1.198757975030359191e+00 2.186386540519272614e+00 7.854663799034101723e-01 5.122587715284269372e+00 4.300581039357487256e+00 1.323510827589668981e+00 3.629700769208767053e+00 5.920099237510203949e+00
2.786135670499817696e+00 3.689354997219438381e+00 3.930795806858303543e+00 1.454223020051199855e+00 3.445799911254694425e+00 6.246833035383875909e+00 3.200797339747977754e-01 4.758387832093796455e+00 2.538186222819923010e+00 9.058276024073381727e-01 5.292048915858092784e+00 4.120594480485827660e+00 5.843075251311968366e+00 5.212903797327049782e-01 2.123385565549599452e+00 4.815745183413389974e+00
5.194208453254653080e+00 5.060392076784672177e+00 3.058335149294747701e+00 2.154727725669607352e+00 3.798761775853900513e+00 2.971740579633578516e+00 1.409058365461476892e-01 6.061336729490057529e+00 2.623224227570397193e+00 2.000632016740869989e+00 4.148393776944137024e+00 2.736630092918369339e+00 3.841266792856745216e+00 1.947312226154725989e+00 4.353410997335894095e+00 3.074204558692001932e+00
