5.868862859947533650e+00 2.352122858068952382e-01 4.386539807969704441e+00 3.016707068279413928e+00 2.580288932482431186e+00 1.156570030005987793e+00 3.499620438047153836e+00 4.058211560170310150e+00 3.202399641839538624e+00 4.933705152927652549e+00 3.331731249050396748e+00 1.500196410839324423e+00 1.793304385981516536e+00 1.307056532260612469e+00 1.822704809815825833e+00 4.907704283157829472e+00
6.129799376043157721e+00 1.457961128004535478e+00 1.446201821433666268e+00 5.380870650437436176e+00 6.278463433407564409e+00 4.054898067033283482e+00 8.033172156209128500e-01 2.686236308068661316e+00 4.002284200589194540e+00 3.573547567750742449e+00 3.516994766514669912e+00 5.279636877021186336e+00 3.046405344173412466e+00 3.311833841317913141e+00 3.803046104836687480e+00 2.464717400928998270e+00
5.701286200602231347e+00 3.157572105899315140e+00 4.229688198754330664e+00 3.846549243240797722e+00 5.221919975855676022e+00 5.915371940536536144e+00 9.683372758712449624e-01 4.151881525644166793e+00 8.370363247154960495e-01 4.174374367279601650e+00 2.836524814190022337e+00 5.902398545307039335e+00 4.003387681732935022e+00 5.481730025509307325e+00 9.416337207770206774e-01 4.924936345213183131e+00
5.628772844857805602e-01 1.942671000138345372e+00 4.458859358950406637e+00 5.380576438942688888e+00 9.421675393660920994e-01 1.527263854956406153e+00 5.678487584698674873e+00 2.759650629783939824e+00 4.997807879908114259e+00 9.458530228020565200e-01 3.167727526648023151e+00 5.717777379275669425e+00 5.315117711728980510e+00 6.263016232216035206e+00 6.254606513790353928e-01 4.796985198172343812e-01
5.231659256687227338e-02 3.143103582371098881e+00 3.109492301508127721e+00 2.829337608694161954e+00 3.564172757856038043e+00 3.063693042138306399e+00 1.415448468430599238e+00 2.192265929834857463e+00 2.529800187965432823e+00 2.053764259496109634e+00 3.870903334159839115e+00 5.113836126953488659e+00 4.571749676868699375e+00 3.756569752644486559e+00 5.179488555212168777e+00 8.040640544678310242e-01
1.134845667346331632e+00 2.186494972993939356e+00 3.824004084260240965e+00 4.226519500047403177e+00 5.246635703894927616e+00 1.057279456000506990e+00 2.194496566188228748e+00 2.931887606909635569e+00 2.675844626973932439e+00 5.091615128729428008e+00 2.686111225174458550e+00 8.997654348382481126e-01 6.243128153718652484e+00 5.285725101639574319e+00 4.211310258684751062e+00 5.669861796680852883e+00
1.820446111812185963e+00 3.428840389007933975e+00 1.695718071320225118e+00 1.823234847275427617e+00 3.116888257912565852e+00 6.034470750207130862e+00 3.524684129906611396e+00 4.851775075852362562e+00 7.443874509857522082e-01 5.563928685614873082e+00 5.567533867787767266e-01 2.457007598627152234e-01 5.620009968373204323e+00 2.051542477141837573e+00 9.513909050310844773e-01 4.064025815093193494e-01
9.412833809224158133e-01 5.856771758170093989e+00 3.899498240531135806e+00 1.764956465102393901e+00 3.938290727391220880e+00 1.920663697147203530e+00 5.550160029773977044e+00 8.373860317138626108e-01 4.145133050801325325e+00 4.565387088090126610e+00 4.400402008004166809e+00 4.894376718306308605e-01 1.146797891645013889e+00 4.809046863582603137e+00 1.627025787016679770e+00 4.605419428632909984e+00
8.070537178007187729e-01 1.102277972697817549e-01 2.869822875883319746e+00 6.884452028872060092e-01 2.691689252345069061e+00 3.749457587032090977e+00 5.689461430798560038e+00 4.032644135308621536e+00 5.676566745500618794e+00 3.138470114186438398e+00 1.323487104091035205e+00 1.771533255529420536e+00 6.066701701327336105e-01 5.282844804590647314e+00 2.520572264742555468e+00 5.285892717337640212e-01
4.458951017615193635e+00 4.502208735845088516e-01 4.074241363672830296e+00 1.994123678672284905e+00 5.471275942369528522e+00 2.270199904114051370e-01 5.004006670522472611e+00 2.426465694827289798e+00 4.889263038794869232e+00 1.530523876336326250e+00 4.292858715604168651e+00 4.295232882662248564e+00 2.990659153037094953e+00 3.440232105795984818e+00 3.594731722280091635e+00 6.178161771560014337e+00
7.758175284833531693e-01 3.682800097350384383e-01 2.520635378317277908e+00 1.225379717944597990e+00 4.865913087628022993e+00 4.422676618586711683e+00 3.744048824431635669e+00 3.856811360920967324e+00 5.935387805950039564e+00 7.256526821028206342e-01 4.968853715119559311e+00 5.332100569651338162e+00 5.710352531573628987e+00 1.428696454726036569e+00 4.809496836027891575e+00 2.720681475977748676e+00
2.253021325428200772e+00 1.278251047690926456e-01 1.042602896645105082e+00 3.077242105561781571e-01 2.664150073621472270e+00 4.199117267526489172e+00 9.034190941093094285e-01 5.963599892644116274e+00 4.123932421063016385e+00 5.590261046969582814e+00 3.540020439254039974e+00 3.126724382508039302e+00 6.054270331890183598e+00 1.888664781648548674e+00 1.527405111255949688e+00 6.171320548097421366e+00
5.021894867521765171e+00 4.073749050285851325e+00 5.615946933675660446e+00 5.012264074579767303e+00 3.420634446808855422e+00 1.909358233414739869e+00 5.397135467807683273e-01 2.254777280380637183e+00 4.720040419148786803e+00 3.288105471885280906e+00 5.354972969594694376e+00 3.213092468324906914e+00 5.098669277064701966e+00 5.071579565286187252e-01 2.795502314945713884e+00 1.175756988629488076e+00
1.640332290500091217e+00 4.116765074245914313e+00 4.335072845059459112e+00 1.203235688320934083e+00 2.748610343594585448e+00 2.345693440066339175e+00 3.243033198787615312e+00 5.196023524365474877e+00 1.224105028517131544e+00 4.169680314371811747e+00 9.964046176514310682e-01 7.982835462328592424e-01 1.353322002650798384e+00 5.544490673553196247e-01 4.328845541144841214e+00 2.530435943003337407e+00
6.258912814540887659e+00 2.030840881805413556e-01 3.673793777401489491e-01 3.055333381866811138e+00 2.787660556461746819e-01 4.221392458260518232e+00 1.733957938179801594e+00 6.196184747399194670e+00 5.443732205595978257e+00 4.117623620823518849e+00 1.400342365674330569e+00 5.457406762448942850e+00 3.798305290016696478e+00 2.733625455903215151e+00 1.334690519359121197e+00 2.513546487093956117e+00
4.277452993362903522e-01 6.390279556156984730e-01 2.390638997480265981e+00 6.172876223415514119e+00 6.970273803267112468e-03 2.519550937453694850e+00 2.281351065454853444e+00 3.531046336915552253e+00 5.229838251680153149e+00 2.497878683807697175e+00 5.988442511510979477e-02 5.212725400299966338e+00 2.145709961945155286e-01 6.752140745613492978e-01 3.521915777875173958e+00 5.354065226997604121e+00
8.592633335119076454e-01 3.120393285286169882e-01 1.605802428573033236e+00 3.806328969046108290e-01 4.852667375582513820e+00 4.340274530283701471e-01 4.054662534212812197e+00 1.668971491346562974e+00 1.557470978821698493e+00 7.145431854283333939e-01 3.589333489821467715e+00 6.159928538077879878e+00 4.834422255553876724e+00 5.962012912706621259e-02 1.134392709056339932e+00 6.068192418648511222e+00
2.919681903217255514e-01 4.233605729826826369e+00 3.769913218037199698e+00 4.864408269931518980e+00 2.889447879178317913e-01 4.748330926151649756e+00 3.668412965353800570e-01 3.639086997524546785e+00 4.818670436465797735e+00 3.805287088897190806e+00 5.084130942837581379e+00 1.311187754315756182e+00 1.305996452870310742e+00 4.380159663325430053e+00 7.445505083061370044e-01 6.346278399817990579e-01
4.538380915589320885e+00 5.645919711847171563e+00 1.197128241713159236e+00 2.878426379012844816e+00 3.192501604701403206e+00 1.681331016205926732e+00 2.755078373934774394e+00 2.017229706427909441e+00 2.823836625892417018e+00 6.204996523209666215e+00 6.085950680695425774e+00 2.164762134813920103e+00 5.496235550239470413e+00 1.877989622978964102e+00 6.139898038768943245e+00 5.716068091939700224e+00
4.711220012164652360e+00 2.035195371319068691e+00 1.853706187199645639e+00 1.061111193824302856e-01 4.445679708015435772e+00 2.159186508942076976e+00 2.055578629349960273e+00 2.701778221271485592e+00 3.779563980950823243e+00 1.250812315429923105e+00 7.893320410850449553e-01 1.650618661699505330e+00 6.235996064960326324e-01 2.305150391927262010e+00 5.448020278262473148e+00 5.290367836318572436e+00
5.885071650165741630e+00 1.482582867484594003e+00 2.635914122848096230e+00 6.220065562092596423e+00 6.062962703163383260e+00 1.825567545126737912e+00 4.467996571126032102e+00 5.579013769897914976e+00 4.928889479576010757e+00 2.176511043714213223e+00 2.708015573016299360e+00 6.038325825518985113e+00 4.634475861202042246e+00 3.622008988355184034e+00 4.808034388210198351e+00 3.828181595055723641e+00
5.182611287952682666e+00 4.606000294875856937e+00 5.626568294789855429e+00 2.191714852338396913e+00 1.459294418018508843e-01 3.645201455230403287e+00 2.289569776979494709e+00 5.798909653129249442e+00 6.981956425943628419e-01 5.165674122022767989e+00 4.165611151966670533e+00 8.724587780547677918e-01 2.633654742226589018e+00 3.804904269132415084e+00 6.206736670239702214e+00 4.108904602367578818e+00
8.146544544897271756e-01 2.273509923527923693e+00 2.014112241491097244e+00 4.029786188330885643e+00 3.413266331184272140e+00 3.345875823322908560e-01 3.421957160842752366e+00 4.072188570950672180e-03 3.757609920548954818e+00 5.946580565323869472e+00 3.911798443969359607e+00 2.899462910162763918e-01 1.656317205171430551e+00 5.288529782534504342e+00 5.405923465760373858e+00 5.186009567540772025e+00
2.118150948074958073e+00 9.235755532116457500e-01 4.407808803940560516e+00 5.450942791110072960e+00 9.214615320658815500e-01 4.529934016126551555e+00 5.101426103403044365e+00 4.177035193908732680e+00 1.167611060802185990e-01 5.419038706529330618e+00 2.175219489803457584e+00 5.724467757223399289e+00 1.311668032047737936e-02 2.566171526618553855e+00 4.523504512348172746e+00 5.603003451235517574e+00
3.215014125625788033e+00 2.289621099307177943e+00 2.606883048392560021e+00 8.297311098966472787e-02 4.534830345870012991e+00 4.904471796332076750e+00 4.778644184837711251e+00 1.592460291241196035e+00 4.912404643622166334e-01 1.903774869522177893e-01 3.720254945432122096e+00 1.261471178759653977e+00 4.016580659877028836e+00 2.016555207667896088e+00 2.372346422741971494e+00 3.049763669194242688e+00
3.410486589279357328e-01 2.751843890167949169e+00 5.075339959333954987e+00 4.948143040790101699e-01 4.056567796638224088e+00 6.155541697071157614e+00 5.664175797831763615e-02 3.727912162104904947e+00 5.336740065533827959e+00 2.976959049137866575e+00 5.238817369269907154e+00 5.340888693701548284e+00 2.170548935123332246e+00 6.002609719605766614e+00 4.853537431243004074e-01 1.146351441825889522e-01
5.357980899420700993e+00 2.009479338128896675e+00 2.203721597623676809e-01 2.768239867281234723e+00 4.416406187740935074e+00 4.376188875278954171e+00 2.811135462930171247e+00 2.520047336712718078e+00 5.793449885692070644e+00 4.822796885334922123e+00 3.183171385968571965e+00 2.912895729478350404e+00 5.107520055115517543e+00 3.745352298186998219e+00 3.297314778510890498e+00 2.455877141082539072e+00
1.448077993643723582e+00 1.635410454256088109e+00 5.275421494738947281e+00 4.998962561659094916e+00 1.058821960109499472e+00 5.595257461402271204e+00 2.731931229475911493e+00 5.340918220129649008e+00 1.373326538217576998e+00 3.540314137251438176e+00 6.000539467672193261e+00 2.885152838334834047e-01 3.957759177983932175e-01 4.679443101131282923e+00 2.098956267887137184e+00 5.274965324580432879e-01
5.703212866841587125e-01 2.337087679550541086e+00 1.945483695589256545e-01 7.878434169150633215e-01 5.798628651470276729e+00 5.708233185930570386e+00 2.342430032757828601e-02 6.052202579370862701e+00 3.658461841725945796e+00 5.250494136696064018e+00 2.884611726048114555e+00 5.837970073014462496e-02 6.095081166912752479e-01 1.657389742640439589e+00 1.561844922816685077e+00 4.404431972715480370e+00
2.981550858219039757e+00 5.936769111159541090e+00 3.349770879680751268e+00 6.313301452326606222e-01 8.630346138222150243e-01 4.314376030139867702e+00 3.930069227097890305e+00 1.246992926537269675e+00 5.552867743784079657e+00 2.034216783448558608e-01 3.869734844802338980e+00 9.691004771972071552e-01 4.940181577157328086e+00 4.252012259131117064e-03 2.021617824475368419e+00 3.017267320697295752e+00
1.504667677251945612e+00 2.847186242911368126e+00 4.150190823177451804e+00 3.305538517312406555e+00 2.449044226167564453e+00 2.290366865856743761e+00 1.987984952338271771e+00 8.641554577955344596e-02 6.335853788652991980e-01 5.362688549782284042e+00 3.934814293943427632e+00 2.234667097725993035e+00 2.765354469019310368e+00 3.648948395087224572e+00 1.922035248081731540e+00 2.149697496427350085e+00
7.634887342708459590e-01 3.832413761399753760e+00 4.024193552036301469e+00 1.644892815842693645e+00 2.432410750920107834e+00 4.258057630618634626e+00 2.777362688627383669e+00 4.082149127895811525e+00 1.671669789860917188e+00 1.789004975208035253e+00 1.530894350359242040e+00 3.179225650370849365e+00 1.237519258332285821e-01 3.342589529306034812e+00 5.702394038974856194e-01 2.569773255105681109e+00
