2.551176493051924066e+00 3.111465328145607501e+00 1.240879975646534961e-01 5.820501656813654723e-01 6.823490454497108670e-01 4.601463726347421179e+00 1.501560138499650865e+00 5.373421729145476888e+00 3.693047377208937387e+00 2.864879418164699154e-01 3.132097669249913174e+00 1.979887773261396644e+00 1.407466148000479977e+00 2.393549863232011798e+00 2.416612227585550610e+00 5.188134003107694348e+00
5.532434220121238866e+00 1.758875391739898264e+00 4.623984529802964261e+00 1.270016802085150331e+00 1.606398548794731651e+00 2.300070952490449905e+00 3.262352479880917588e+00 5.561582211466506109e+00 7.686949417849381350e-01 6.410618196935713442e-01 5.287699528708013297e+00 2.054884904256113476e-01 5.537474519115065164e+00 5.892403104653939572e+00 2.512418255461954963e+00 4.960063024310608526e+00
3.554102234607460442e+00 2.521821667507032849e+00 4.967613116595117617e+00 5.668138031071649152e+00 1.449643192159246974e+00 4.898913543943718807e+00 3.411114912649024777e+00 2.300490502077242816e+00 1.546279844095547473e-01 4.616289227291634489e+00 3.964153483824894408e+00 6.152769347317649462e+00 3.349343036614485847e+00 6.736412769552355684e-01 3.804473054678804145e-01 1.549071281084346552e+00
6.037865575156167175e+00 3.388861094897860582e+00 4.666556711406279589e+00 2.525335601667857421e+00 3.987400533445708994e+00 4.735626441042741774e+00 4.120550816271981165e-01 3.045481330088914529e+00 1.674878600200443657e+00 8.573672395374258848e-01 4.447940954659072688e+00 6.280220709767103671e+00 4.603844769018412997e+00 2.930859225433475324e+00 2.624195892434557642e+00 3.754364623062862449e+00
4.959145575158550034e-01 3.430272652247155385e+00 4.118066174248921740e+00 5.340187317066656725e+00 6.214504872894573317e+00 4.934782635753046875e+00 4.201244491699063666e+00 6.091193913125771076e+00 4.603462085343211108e+00 7.174970728453187174e-01 1.230782090861456624e+00 3.981430232780324374e+00 1.982782989369305193e+00 2.834090900687655790e+00 3.815188253287047804e+00 1.471310417818206373e+00
1.033703476228973184e+00 7.112435140058039895e-01 5.951726262042829063e+00 5.212938290815200659e+00 1.641463384232208222e-01 4.717448220616319965e+00 5.058717170062893231e+00 5.928471738690586079e+00 3.452476387406143044e+00 6.080966039991977823e+00 8.126013703819974232e-01 3.296723808291873503e+00 5.167543493295443824e+00 1.214585311750347313e-01 4.019580530549070829e+00 5.488085812258816532e+00
6.228942539666499023e+00 5.354079061467666989e+00 4.681638104407167766e+00 4.950880742338239493e+00 3.925000224326989251e+00 2.456647880705968845e+00 4.669712812036493688e+00 1.319793549344683070e+00 3.087988508681017041e+00 3.329628223755746852e+00 4.573496113787902217e+00 5.930479937218608555e+00 2.168287515554086831e+00 2.851139858343016420e-01 1.172653292839932915e+00 1.682187161914085571e+00
5.503880128419168294e+00 3.892419518657781019e+00 3.402546018108814962e+00 5.953850297362142996e+00 3.194523621675072533e+00 3.557668221496701921e+00 3.314610570121906630e+00 7.143305865717025638e-01 5.911147230053276580e+00 2.484619095726798399e+00 5.163650597030518874e+00 4.825927634939281674e+00 5.913218995636488451e+00 2.832866179920521740e-02 2.543352336897559240e+00 3.994214251794401260e+00
4.365022832934160490e+00 4.187959239753404339e-01 5.797426245337738315e+00 2.564316049964532329e+00 3.250003446113304051e+00 5.642109537659423246e+00 3.871184645236201316e+00 2.040015531542297644e+00 3.054233000297787437e-01 6.230131061180284036e+00 4.211702210040983552e+00 1.855296148076388096e+00 4.747764525859706985e+00 2.203582592154768705e+00 2.552717980012834675e-01 2.926394423398980038e+00
2.707075341079663744e+00 5.505341634385364280e+00 5.558622670796631304e+00 3.997535634341425226e+00 1.684637011698908449e+00 5.851352629988623377e+00 3.724793070121752425e+00 3.445965015104113238e+00 7.780011347592949433e-02 9.465356506416736648e-01 3.250533554787911950e+00 6.109435633220750006e+00 3.396059453707777731e+00 5.889351576464642690e+00 3.556098389022452455e+00 3.539834975984498477e+00
3.271392878042275854e+00 4.559362670318968469e+00 4.832734109319350324e+00 2.477803136801254524e+00 1.252101061353436129e-01 6.095729218040004671e-01 1.343135096672547046e+00 3.952539231349618376e+00 4.148818787152883658e+00 8.760426996910979092e-03 3.521300925841482909e-01 4.278770633006105939e+00 5.206543530986193602e+00 4.442743737471971599e+00 4.643403880367887315e-01 5.343691536685497567e+00
6.025725337810927229e+00 2.911718369259171268e+00 2.446214494147487262e+00 1.888526701297327914e+00 3.305773824460849664e+00 1.349493126121080189e-01 4.885410253847087603e+00 5.208208386520920996e+00 4.981476836293270871e+00 2.260190991671080063e+00 2.212473117229015518e+00 2.304399667744838620e+00 3.558521323443108120e+00 3.570565295888617818e+00 2.789404440602887836e-01 4.329210678643055310e+00
3.513119505118237562e+00 1.334696642976981762e+00 5.941803847068029221e+00 3.930359677793258122e+00 1.030279260834028543e+00 5.118668356518158546e+00 6.092864675571056488e+00 1.464278053573030203e+00 8.625493736451848026e-01 1.472056740149807919e+00 1.191796071460295314e+00 3.229471809526910597e+00 1.232342100417335384e+00 5.624110709539397845e+00 9.745750129525458938e-01 2.276459028095521919e+00
3.356083170334310140e+00 1.322676220718198792e+00 4.903116065683433611e+00 2.378971363078030421e-01 2.283340828697780100e+00 7.203611946988386361e-01 3.516494973518249800e+00 3.866481311978582802e+00 1.443799463058427435e+00 4.807770644408289940e+00 6.030394848257620843e+00 5.135814919443988380e+00 5.656792032662637304e+00 4.211736089670816696e+00 4.490221784801013527e+00 3.628080232669243510e-01
4.185427452029098383e+00 4.776837625374907303e-01 2.437021378873865718e+00 1.992541209513491340e+00 2.757894588833689653e+00 4.838027341459832265e+00 2.998676536779807833e+00 4.400257194346637313e+00 4.042164702661336761e+00 2.512083883826763397e+00 6.089352335590047183e+00 4.622049766217662281e+00 1.558949930386393623e+00 2.732951302206275912e+00 5.165797669303214157e+00 5.793275563904456860e+00
4.833307347957166655e+00 3.938737797420548969e-01 6.299788050601466960e-01 2.229491308941734307e+00 4.393507990069633884e+00 2.323154025276739976e+00 1.156297651539428761e+00 5.301954426570704371e+00 1.320430996526436918e+00 1.131170564332909079e+00 5.111400449126432655e+00 8.860273899084791793e-01 2.465282016330888837e+00 4.827980748875195793e+00 1.177360557043785949e+00 5.600322132042154344e+00
5.774495559720176807e+00 1.513403535527066524e+00 5.348110778516825370e+00 2.118017925178980576e+00 3.182031009760170726e+00 4.389181489935890745e+00 5.965241685224647483e+00 3.150274847768512743e+00 5.379018465020671158e+00 9.113060303521124395e-01 8.177497554627797260e-01 5.109170873347593123e+00 1.919045771122794397e+00 1.133502432425301243e-01 5.848256549236319657e+00 4.317789517788297893e+00
3.720977770525584649e+00 2.267553751553386565e+00 3.028896714158122006e+00 3.638344989615173386e+00 2.015019340359720079e+00 3.839443280011294757e+00 4.279392118239195852e+00 3.733211419941501741e-01 2.456636704939517912e+00 4.091997252287694842e+00 6.521409973937405402e-01 3.857832296159386942e+00 2.306690511919726294e+00 3.564183566822852534e+00 3.809085775381316097e+00 6.557412401439438598e-01
4.307443369431991798e+00 2.405102578147087389e+00 3.850922170435274516e+00 4.855040449104205180e+00 3.122367898676182918e+00 2.409704301156469219e-01 4.438502392842109678e+00 5.568275421435091133e+00 1.140795719941408437e-01 3.833459206637209071e+00 4.972958979265065804e-01 3.964232208373020594e+00 3.512221197934729311e+00 1.984455894059251158e+00 1.080978911200020764e+00 4.709939494535089199e-01
3.087324892206305460e+00 4.925125042986237212e+00 3.757913641051083165e+00 1.909736810522593808e+00 3.001444742405062982e+00 1.971349380901650683e+00 3.950779990062751601e+00 6.063856127477987856e-01 3.313589505396681734e+00 3.843671815729288177e+00 4.720018796782201598e+00 5.134294948549218418e+00 4.090772998560677998e+00 4.228518493450136084e+00 2.730715813728043617e+00 1.246787916374652694e+00
3.134174598475140794e+00 3.995527831058575674e-01 5.087212159118694288e+00 5.328663237399016595e+00 2.210530844213266288e+00 4.511180438151231264e+00 1.654809761118061662e+00 7.315981241538485058e-01 6.029489692799369749e+00 3.962968885954036402e+00 5.630138092564861196e+00 9.744482157123346422e-01 2.746833872643961616e+00 7.488295944041830632e-01 2.028826750272852308e+00 4.059953037653404095e+00
1.753486681878266285e-01 4.569543844351636075e+00 6.534073638264424888e-01 9.126080542305833321e-01 5.237350734164494703e+00 3.085704203889887864e+00 1.832047871283531082e+00 4.405744181312840624e-01 5.938317778974320227e-01 5.686315562248801747e+00 4.362934221244338384e-01 2.657716811835703741e+00 2.214562293133998327e+00 4.511651598864282242e+00 4.145598343957146437e-01 1.742422452694250001e+00
5.828447299563909390e+00 4.416822624961930011e+00 6.203334367039216701e+00 9.257692462888732488e-01 2.903306909247644896e+00 1.410246628931437929e+00 6.241984909894882083e-01 5.318620044795212998e+00 4.071017340107093041e+00 3.866212012802864084e+00 3.256545777830827326e+00 4.996030170656759140e+00 2.861811210838774322e+00 4.892266208684897144e+00 5.061171909444827754e+00 3.486159499187039934e+00
1.621465301593961073e+00 4.882080619812772859e+00 2.149869680751984369e+00 5.637053340671472235e+00 5.415548708616155338e+00 5.257693685178133514e+00 3.122402162764492672e+00 5.612441191421210007e+00 4.276408258020398812e+00 4.101376675014920675e-02 1.456185348241251787e-01 3.013316065829058754e+00 4.091057679338111264e+00 3.173823316053861809e+00 1.501599754424635336e+00 1.861163893395269220e+00
1.581008461250157815e+00 4.908427828152205130e+00 5.276485784863399253e+00 4.731516149501123536e+00 3.880811920179795926e+00 5.776753431822139184e+00 5.633252011332988474e+00 1.621080183700184030e+00 2.025251884122576840e+00 1.420734922514283460e-01 1.553457235212836463e-01 2.079670785784263565e+00 1.229179616364386218e+00 5.807996493348364986e+00 2.886281095581408440e+00 5.596932737847721384e+00
7.469187744119033523e-01 4.152976167219705417e+00 5.796107376830052615e+00 3.333326796941689540e+00 4.094237062803536831e-01 5.691777535873141503e+00 3.926117066234558473e-01 2.460883788642417969e+00 2.140398253624744562e+00 2.844686898746726200e+00 3.096880195273028047e+00 2.176852374702000770e+00 2.237657261519687246e+00 5.456111109384072400e+00 2.374387734241857117e+00 1.246181013553640637e+00
4.434668504473758155e+00 7.306749305860161803e-01 4.825556603100909392e+00 1.826148187175612003e+00 5.411515814679645153e+00 1.256079637449172726e+00 5.691258825189235537e+00 1.566930815431232915e+00 3.668960172600187253e+00 2.357724162761744680e+00 2.605095814190874215e+00 5.749293962404155245e+00 1.787870666583090351e+00 1.768706352602990250e+00 5.159074641057401767e-01 4.451370554262150669e+00
2.914302014534632779e+00 6.815675413867017252e-01 4.255367625486452532e+00 6.108619061898322045e+00 2.291766295996145786e+00 1.009302010454330656e+00 3.473973060433709126e+00 4.298300912318777200e+00 3.065776048530599596e+00 4.436749124276550660e+00 8.109529781955668870e-01 5.929596908968439273e+00 3.912874816806879874e+00 5.970937571481358397e+00 5.614520590826872493e+00 1.484363089003539193e-01
2.530428427620485365e+00 3.527965034018484047e+00 1.344568357013633531e+00 1.549510673250387605e+00 3.472195298595063928e+00 2.898163699144733485e-01 6.250851502963175932e+00 2.971430163255495582e+00 1.347183579115866392e+00 1.523531734532040660e-01 5.546433368637826433e+00 6.532632678833536488e-01 4.729442945775483409e+00 4.528786252948005853e+00 3.286883396064043672e-01 1.086305568682443656e+00
4.019715379473413286e+00 4.453045442346105887e+00 5.335085588753933017e+00 4.227383739066249646e+00 7.777771303353253618e-01 5.181909597474837703e+00 4.541841920456617387e+00 6.142567570774800423e+00 5.530198919699178539e+00 2.592567885360705926e+00 2.207611982847783594e+00 5.445729200418582217e+00 1.928772784159798803e+00 3.148048465901113424e+00 5.633425873985280496e+00 4.495495427402276256e+00
1.634022465626559839e+00 5.039076164730015073e+00 4.852989883903155999e+00 1.721988739692698056e+00 2.741875136345045316e+00 8.308019901228524962e-01 6.185138658134970768e+00 5.920465657530350256e+00 3.821673314632073826e+00 4.342265202859875828e+00 1.465978604389154949e+00 4.612306563493664413e+00 3.291017567369732166e+00 4.247759086880392942e+00 1.231951006320090691e+00 8.586518372078258965e-01
1.089768181075331466e+00 2.313137994605400649e-01 1.658490923446641174e+00 2.420928154319786696e+00 2.704731814570536796e-01 2.307674073852245211e+00 4.309174701999952894e+00 5.066618462445838134e+00 4.316164003023007290e+00 4.336206547707244674e+00 1.480853453874744208e+00 2.392030814862503851e-01 4.179607506304606757e-01 4.860017899070809833e+00 5.155160348464672637e+00 4.375472093338304447e+00
