3.061371366790248683e+00 3.140262655274747683e+00 6.178873806355281495e+00 1.098120268696113760e-01 2.559233755099446839e+00 9.230513266879775136e-01 5.977446494582109082e+00 1.550384806892003420e+00 3.276458374639961590e+00 1.478143204081935780e+00 5.738804192700139306e-02 4.199055718730830833e+00 5.203659389906332144e+00 1.775174488592152766e+00 5.650758806243483257e+00 2.809213529908621609e+00 1.018360847953674764e+00 3.509459898191341853e+00 2.719848207029673670e+00 6.038101661012991173e-01
2.668836471071788008e+00 3.412391805590322846e+00 2.672195187651650539e+00 6.173853490380301956e+00 6.949515349981452150e-01 2.677822210173290696e+00 5.860248094051684120e+00 5.419962118627880798e+00 5.626214512683856306e+00 3.048452877895992952e+00 2.325633429352742976e+00 4.445327889731677473e+00 3.813363654679315040e+00 3.559922573337532370e+00 5.319809935098033904e+00 2.010592418419160143e+00 1.197424185114049910e+00 6.025413834357002951e-01 5.010983812734264298e+00 6.800366076527714077e-01
3.988225729336522196e+00 9.919941158927664260e-01 9.039788662657415319e-01 5.325625733713871268e-01 4.687020878260031331e+00 4.127021110265146397e+00 1.668150058153727022e-01 1.566914791310516142e+00 4.341433172148694730e+00 2.944717855968333353e+00 5.437352221496475124e+00 2.249846032574204513e-01 4.238916140873937088e+00 1.884071971460087536e+00 3.367135027775604583e-01 5.800859329835497569e+00 3.454976023274252128e+00 1.991304293662441924e-02 2.076943818506777062e-01 6.013266767532972956e+00
4.527074882046644433e+00 2.696888808322544517e-01 2.053262103593487264e+00 4.796051718067855241e+00 1.460400039381863024e+00 1.268816993144218364e+00 1.468959555847552334e+00 3.222128703732594524e+00 5.036553604715279242e+00 4.611897925419890854e+00 3.689346052358583261e+00 3.389939871670774263e+00 4.174250332016107734e+00 5.396034250689195844e+00 4.936991657713013737e+00 4.528349089285717888e+00 1.585282658774459508e+00 4.637417674876694207e+00 4.679359457954169521e+00 2.577008981994064918e+00
4.808759604303465274e+00 4.899201947327680884e+00 5.604186899880738260e+00 5.622789258041303029e+00 4.910145751494799704e+00 6.243121989533520377e+00 4.877615485537005746e-01 2.872722090205701573e+00 3.899198691112807591e+00 4.812805098256742298e+00 1.033843482835016536e-01 5.744016757654993866e-01 3.825301155219786420e+00 3.224423804471620691e+00 5.956668690404046451e+00 1.214640952411347508e+00 6.176199900104867524e+00 1.197704909227320647e+00 2.162107371334655248e+00 6.214867752506199494e+00
4.329501801536572714e+00 5.845482855384893206e+00 7.969936866387099528e-01 3.790741226011923093e+00 5.833989445980400035e+00 1.897229326513373004e-01 4.531920805158960341e+00 4.200720067423451276e+00 5.827738699761806807e+00 1.484982568935958147e+00 6.621304507309868637e-01 5.376208184877568463e+00 5.120636470332001977e+00 4.522537825783883747e+00 5.101329483090478734e-01 2.499019486567709281e-01 5.999805760449349989e+00 1.179884614067479243e+00 5.679134164502999127e-01 5.530197887364025622e-01
3.378914046676722571e-01 5.181690370091054376e+00 4.306648501617988956e+00 5.321238765380688740e+00 3.794836557804317057e+00 2.909325052067927242e+00 8.307866326251550637e-01 4.077788990455973317e-01 2.443400986811622211e+00 2.302252321902279686e+00 5.562647289515422422e+00 6.134777950192104257e+00 5.619276114344587292e+00 2.228505705312983309e+00 1.054174689233355888e+00 2.228243501366048207e+00 2.816895453202164390e+00 5.570085055091039905e+00 2.513668553004638095e+00 5.517971977459644073e+00
4.233161071307495887e-02 6.064388560406632767e-01 2.526003413590427904e+00 4.661287421500149186e+00 3.974108315002905734e+00 3.505962171415867856e-01 5.022017652273154553e+00 4.254097200289907121e+00 1.223602489604785681e+00 6.088815853087847785e-02 1.588289424066956501e-01 2.188719146077039157e-01 2.559886501176446671e+00 5.517193761742764657e+00 3.579710663411817428e+00 6.134123104675839322e+00 5.581456639887051097e+00 4.040314848688372429e+00 2.075275232307827622e+00 3.747346968946345225e+00
9.426430902274502976e-01 6.930228360479627758e-01 5.805380560881838292e+00 4.190578680398894917e+00 5.567533011299292234e+00 1.322766604603353269e+00 5.945419750286448313e+00 1.736114421084656301e-01 3.497821226051263555e+00 5.875402102067655008e+00 4.564305376725104502e+00 3.042034802927459758e+00 3.589683803823043640e+00 4.904960046077404989e+00 2.568517408826743509e+00 3.151026435549497240e+00 4.765813832542207251e+00 5.270275829855983751e+00 2.803072266991643691e+00 3.749363656437882053e+00
3.485934414452160457e+00 2.311858215376838110e+00 4.715801040116173404e+00 5.071463174011638486e+00 1.644189220595564938e-01 3.534205925148118599e+00 1.664319915779335801e+00 3.870519352830133819e+00 8.169437557695499175e-01 3.289454192126185728e+00 3.513830576334063149e+00 1.294155158189949362e-01 4.750487052834388990e+00 4.374257288991324266e+00 7.397143598843317625e-01 9.778316654048736511e-01 2.471545043520750884e+00 6.240208597650065414e+00 4.389966001921563610e+00 3.241985119034131113e+00
4.841174282144607766e+00 5.503448142490458217e+00 2.618254083688240641e+00 5.158144391934029294e+00 3.547044773097773884e+00 4.147641613468461941e+00 1.057205919658132487e+00 5.533299249000453557e+00 3.377250718972441668e+00 9.624653830306003632e-01 5.767920293439378066e-01 1.624637135133648824e+00 2.317368274644812320e+00 1.146197442194131000e+00 2.498884705333997314e+00 3.271585489933017676e+00 5.662160552367729416e+00 3.377766041994796797e+00 5.285218206976751709e+00 1.296515022996219901e+00
5.375361463542263074e-01 5.790560784169253239e+00 4.554829175545045850e+00 4.356846834291750348e+00 1.789167248933267507e+00 5.779135062323299543e+00 3.971150973253267491e+00 2.657142444115362601e+00 6.218767909442520114e+00 3.425691807072085648e+00 6.979426907217706200e-01 1.642196374150350913e+00 8.192361882549979990e-01 4.295186379870804316e+00 1.844890381434521887e+00 6.075302934744912342e+00 8.677173496149416243e-01 4.981953872960533047e+00 5.545506730273224605e+00 4.607686297101534656e+00
1.640055064808003227e+00 4.583413735813087087e+00 4.854224206254944995e+00 2.761270426748695161e+00 5.269316508757715845e+00 4.237781887235552603e+00 1.722771375738162192e+00 3.230832950863090081e-01 1.449378922350127441e+00 6.189791234539048226e+00 2.055571213620841498e+00 1.872260128632896592e+00 4.750942678250214435e+00 4.647478201001002063e+00 1.324033687417404126e-01 5.427711700391845362e+00 6.273869658047989795e+00 3.264595429200955579e+00 2.672195831967654645e+00 5.247865104954859028e+00
5.031295926918662786e+00 4.286451487599385324e+00 1.637346116243271199e+00 6.205230463617051662e+00 9.827552344201844203e-01 5.221342761396099430e-01 5.523570461067251358e+00 2.395181521838654515e+00 2.828846061761959962e+00 1.296099314549501447e+00 3.145940610536045234e+00 7.129759539808038227e-01 6.183162689598414197e+00 6.045281886638966817e-01 5.529703193382552229e+00 3.780774526985558603e-01 4.600742280631102687e+00 1.553822658451923244e+00 3.480198737553417576e+00 6.520655292822896687e-01
2.571543674499500831e+00 4.156198034741107605e+00 1.769362297910054505e+00 5.680114072010717940e+00 3.735759515534372355e+00 2.469069050309718349e+00 2.581046750294686554e-01 4.330663044086349167e+00 4.724557233722906702e+00 4.938619631444277402e+00 3.342291054325906341e+00 2.869746520797299194e+00 2.822527623981482270e-01 3.667141012244503173e+00 5.508192556483884950e+00 3.282225149998014846e+00 4.569717596995034881e-01 2.596722704113958446e-01 5.491189054234663303e+00 5.071619979016884550e+00
4.662190988789326695e+00 1.419247363700853193e-01 3.283046913189326066e+00 3.985700707445722912e+00 3.264581119246188656e+00 3.913917103285097454e+00 3.756956515625505588e+00 9.591115667549755530e-01 1.771750664990381363e+00 1.677809277444444191e+00 5.442376769631611211e+00 4.465387381500275588e+00 2.768875556748552125e+00 1.388655280207048870e+00 1.097513561994791553e+00 1.045484951680193397e+00 1.414857332846844784e+00 3.867862133874582664e+00 4.108471903589686058e-01 1.877854674738075769e+00
7.326271340934512599e-01 6.127910541194712124e+00 2.953632422184060857e+00 3.736455065995774483e+00 5.831267582393680371e+00 1.703173233599509562e+00 1.450283613006174699e-01 4.559802165010785835e+00 6.835679508425195061e-02 5.896590655397001335e+00 5.189839335628504635e+00 2.530453591932483093e+00 3.391985217141496367e+00 6.159030907800773669e+00 1.825568362127456545e+00 1.509870951703622399e+00 4.017902595885303185e+00 3.819465164984577221e+00 4.893529322927498981e+00 3.901416740813101747e+00
1.271388653871542651e+00 1.562472256278255589e+00 1.216492215912780228e+00 5.862283056698369244e+00 2.240684631397255266e+00 2.152341795565756166e-01 1.289836389534038563e+00 5.917320909133925610e+00 1.311614802972496108e+00 4.034926476798827544e+00 9.478770951593369354e-01 4.974271245044962875e+00 1.812374490710218389e+00 5.321682803396612371e+00 5.659527004482010959e+00 3.764751658053106631e+00 4.880751294299503940e+00 1.118016071976233317e+00 5.670203738499848711e+00 4.597499533553276230e+00
2.452806245766489646e+00 3.873952324137396985e+00 4.341346337120344678e+00 9.686092153844709784e-01 3.752830428902780735e+00 5.717700667207818555e+00 6.012234560860615140e+00 5.072201906457752152e+00 5.007654964419923971e+00 4.627107652395713977e+00 8.364255265723481436e-01 2.602657623692331779e+00 5.578661453346926535e+00 3.815161343009637385e+00 2.982559493636642856e+00 3.447500903677245709e+00 2.703955598337384636e+00 5.621184420738256193e+00 1.883943560505056736e+00 2.423623196084939035e+00
3.685920200472870611e+00 4.585265493374639512e+00 6.030071379105547358e+00 6.210936306398534335e+00 3.635395068990721956e+00 1.169357614037123128e-01 1.665245854332726427e+00 5.922555701712672871e+00 4.279767274029402380e+00 1.046455442296791993e+00 6.214075027819164099e+00 3.823453408274579246e+00 6.827144940045723476e-02 7.767298485926553697e-01 6.236424250971466243e+00 3.746499535694531868e+00 1.004383357715696867e-01 4.354515556210432070e-01 4.915700316392350722e+00 8.398127736035441993e-02
4.818918907987066014e+00 9.598031275262582096e-02 5.806470051155320888e+00 1.862829698206998508e+00 3.314887767557720633e+00 8.280617299527683883e-01 5.597735421270527922e+00 5.156817292626798555e+00 3.860825948830017396e+00 5.247394277734043655e+00 5.982957021779633067e+00 3.359004561903904396e-01 2.102995315360800532e+00 4.373402462562611781e+00 3.160971612325707003e+00 3.526086079666377771e+00 5.087286783448608851e+00 5.855137159778561751e-01 5.694289885603373236e+00 9.001034391709283877e-01
1.400484950159470054e+00 1.294567106298896375e+00 5.279400425734377400e+00 1.390237960707619180e+00 2.353709268289212897e+00 3.243688911993735324e+00 7.551629173306279030e-01 4.655141113737573555e+00 1.118031575580168635e+00 1.994477749669436362e+00 1.727441521980165984e+00 3.774639064972590941e+00 4.416331923098020695e+00 5.700006600149811753e-01 1.570660268102614721e+00 1.071804634996797123e+00 5.720758986340416463e+00 5.776874209563331419e+00 5.223917966394689749e+00 4.711588433995468783e+00
2.123795856370223500e+00 3.445624336044708080e-01 5.747060243824959613e+00 3.925991793813524033e+00 2.895098059310769578e+00 4.375958486217719212e+00 9.311720882005130040e-01 2.589001518992902540e+00 1.791718855002494948e+00 9.102347336584083459e-01 1.114695016210799139e+00 3.508076929677586886e+00 1.331913698125825496e+00 6.861260503659152854e-02 3.965610425337330325e-01 4.181855845087870810e-02 4.385080047737730524e+00 1.405621969360771661e+00 3.353331962520458731e+00 3.100918808915548386e+00
5.603650447644581867e+00 3.564550662293712868e-01 3.509484951088996052e+00 1.652579928467075243e+00 5.571722759133644232e+00 3.227037347192909245e+00 6.381917055010527529e-01 6.167901683105084132e+00 2.325350921768932100e+00 4.192150573498353516e+00 2.395603854221989071e+00 6.158687909276999939e+00 2.646891879439229545e+00 5.580656031904531744e+00 6.807184297058478384e-01 5.444216085001262195e-01 2.565604262654776591e+00 4.030419213632974618e+00 8.685192220035532484e-01 5.953694521841604193e+00
1.238545323214162108e+00 5.673965551274304353e+00 3.338956749583395833e+00 3.700766762916575914e+00 4.740086948217183682e+00 3.606626637535719215e+00 1.382561657938181643e+00 5.471235944105293569e+00 4.346016019282714637e+00 7.056260162857815876e-01 4.638191935026804380e+00 5.029852860138888104e+00 6.271375135960060021e+00 5.825723574428906204e+00 5.218993285104807534e+00 3.865694487845194427e+00 3.508820469549040144e+00 3.303368679871193869e+00 2.024476180354564558e+00 1.587565453437416396e+00
5.548490787401743951e+00 5.308550966165156204e+00 1.543360505573018848e+00 4.433706110102788145e+00 2.144716331795024425e-02 1.714334734383244463e+00 2.697269508929334592e+00 4.819410359006386813e+00 6.256320853050004516e+00 4.107072445506582348e+00 3.371861972225497217e-01 2.075153154508440068e+00 1.986448663671130932e+00 1.722157258625262033e+00 5.569884213224503888e+00 4.384774653470113748e+00 5.157832986154358146e+00 8.232450565387575692e-01 1.081072721980133711e+00 8.178916312517783282e-01
1.372541925688808506e+00 2.607368538122717627e+00 2.816163534342490227e+00 1.087767700025275230e+00 4.827683521005192269e+00 3.666157764511270845e+00 3.617189271469197998e+00 5.239336149579695068e+00 6.172853430512631689e+00 1.284167139664291302e+00 2.231253876760584731e+00 5.094977027139143466e+00 3.007188339919157904e+00 3.572328340914724620e+00 2.367522304347474904e+00 1.049576144283543844e+00 4.258250587674277554e+00 5.121236994224686256e+00 3.157961077758046020e+00 5.297663235866090226e+00
1.433522325622131444e+00 5.245557418666805916e+00 3.055915177225645873e+00 5.521078128073679814e+00 2.136815251042840202e+00 4.892016987701571118e+00 8.984266562045865046e-01 2.658739525073165133e+00 4.039604340567363394e+00 2.351407457959077352e+00 5.807211559699260839e+00 1.702386169149255224e+00 5.228874401805289729e+00 4.961274683224433879e+00 5.534134326872934828e+00 1.433002036671740864e+00 1.729072654139538034e+00 3.962592970198308251e+00 2.786678841629239844e-01 3.965258348976151481e+00
5.249890924255792513e+00 8.660390005693546778e-01 5.586851196371536155e-01 2.362146174065994586e+00 1.172039762030777199e+00 5.552436055446851038e-01 4.997412608207597806e+00 3.387969918574834427e+00 5.714609585321155372e+00 1.785665825777974502e-01 1.230188465067056702e+00 7.590958204325259917e-01 1.359196873802277494e+00 1.690249144085892219e+00 2.034046831438733438e+00 4.462877203681237859e+00 8.074514746180846414e-01 1.487821671197901763e+00 2.059126656065128902e+00 2.054662712615033637e+00
1.205692757806023918e+00 5.081655275097543445e+00 3.741011319396247981e+00 4.210061482962448309e+00 3.949668261460002938e+00 5.297465675348795422e+00 4.572646651405621654e+00 1.069153486446289936e+00 4.930017802906436764e+00 3.217179615404746507e+00 5.414872488059871536e+00 4.614036226564749654e+00 1.984187049718266982e+00 9.175169104534596221e-01 3.182744994729150290e-01 4.650439068981444990e+00 5.467781451000991666e+00 5.949074421075285279e+00 4.639620928520086451e+00 4.228998283961446170e+00
2.441175894950796899e+00 4.758219086889077687e+00 2.267101245176885271e+00 3.618199170199929871e+00 5.655604586215355667e+00 3.045442882807827711e+00 5.797327792428990101e-01 1.053068412248640229e+00 2.615680787577025157e+00 2.180521593688762749e+00 6.206253544538988365e+00 2.107255564825266880e+00 8.686131067128638472e-01 2.071175609100018189e+00 5.816771219410161287e+00 1.919188948724582344e+00 3.371810715904431710e+00 6.612459893321041005e-01 5.401833573485211204e+00 4.008675956831095899e-01
3.203547628707001493e+00 2.114470771143809547e+00 2.344610204984530544e+00 4.174171228484708784e+00 1.595764167552697899e+00 3.042060409054593517e+00 3.926225811063760229e+00 4.366341678428561579e+00 3.743707590791964801e+00 4.089567706559027904e+00 3.286928365092630866e+00 8.499968153523096426e-01 1.923476998479212829e+00 2.596184409483651923e+00 3.608830856631288331e+00 5.239187722226320787e+00 4.712359780703126333e+00 5.997381118305908920e+00 5.630924041090167975e+00 5.424998654466671510e+00
