4.686117597741054297e+00 1.160460866330148832e-01 5.610579306925797205e+00 6.180511545724074907e+00 4.519840292953701599e+00 1.870236296809665855e-01 5.856115436580874523e+00 4.650814141444896244e+00 1.839076012704319973e+00 3.107590882103633767e+00 2.949052599905395589e+00 5.054506866875168036e+00 5.989955111146956668e+00 5.980836378466220182e+00 1.955126935839351043e+00 5.963368297607661184e+00
2.115086732278002313e-01 3.993029478644143371e+00 2.251046988497660273e+00 2.825522014025583228e-01 5.846607393393118635e+00 2.822226445484937951e+00 3.204090045198191294e-01 2.881858843096528400e+00 1.299720496746900045e+00 5.850618937690535759e+00 2.313973081060393344e+00 5.529250408563530783e+00 2.605084744372324401e+00 6.621244117616646718e-02 5.495409146636579756e+00 5.441667520646941369e+00
8.858617379442260686e-01 4.304529558616331464e+00 3.948785682727907531e+00 5.985449501547432050e+00 2.723450411730463649e+00 1.740539546714844066e-01 5.500142741000663138e-01 2.337304496902727013e+00 4.959250438446641596e+00 3.208134105969226990e+00 5.028725102549459258e+00 4.791342142226997503e+00 4.326906147771235389e+00 3.557598820128304418e+00 5.936908793649490867e+00 3.661392481435274515e+00
2.782561542531639454e+00 4.557918973305930876e+00 4.398486020607739633e+00 4.804324877586093834e+00 4.511172449862830724e+00 4.718262314276816305e+00 2.833892548473411210e+00 2.341687719513245725e+00 6.115602052601341043e+00 9.283511952609712070e-01 2.517150458536159707e+00 4.046141811792599796e+00 3.861162855404195682e+00 3.732645676400495383e+00 5.376593214030781276e+00 8.502550506280223130e-01
7.431215188691873141e-01 3.093760585879747449e+00 3.229002869980291734e+00 4.229108888447390413e-01 2.717611590117678944e+00 3.524669844640436978e+00 1.750628612000222795e+00 4.988317971761659031e+00 5.678638257061257022e+00 1.897355854909698714e+00 5.598692390301283517e+00 2.573231947740195924e+00 4.228845857442367517e+00 4.661948498339384628e+00 7.153569595212296850e-01 8.655397949216354636e-01
1.226204463441419590e-01 5.110822827918338973e+00 4.371318651022008339e+00 5.574518716466807966e+00 2.776308101145037455e+00 3.891452744326976187e+00 3.939106544811824762e+00 5.492220256837946124e+00 3.830446537828743891e-01 6.032092467140532932e+00 1.902441077315132789e+00 1.924383674060928584e+00 3.048044320634542004e-01 2.027584462102903107e+00 2.414531958464033456e-01 4.647659313674504133e+00
1.415125443937471861e+00 5.366935610337452367e+00 2.080426087412277525e+00 4.434585003520217228e+00 3.847035382416397642e+00 4.857624447198578110e+00 3.369791248543715145e+00 2.010010725084412364e+00 3.852347858199787645e+00 4.298487604186654210e+00 5.231857700816623158e+00 6.759214479438109269e-01 6.057895997396364196e-01 1.991395377182363147e+00 2.724301176734218899e+00 2.841310960021183440e+00
2.981604611902883395e+00 1.198681558649541623e+00 3.942250909698095107e+00 4.670570138438773000e+00 6.012545440482844228e+00 3.738701236551450258e+00 4.353861872765963703e+00 2.616848480906553753e+00 3.917470399439272555e+00 5.809599223822197622e+00 5.779424503441891403e+00 4.576317537899324606e+00 3.382083573388872999e+00 3.439623189805690817e+00 8.854061407825770669e-01 3.107574203237707389e-01
3.664585844387223013e+00 1.970769756651886473e+00 4.528623182525710611e+00 4.112131367691429951e+00 4.619786919980142237e+00 3.605763970467936286e+00 6.578796248407858815e-01 4.370646044782608541e+00 4.463896560854985651e+00 1.553298934510488394e+00 5.855731695129532177e+00 3.927050805963785418e+00 3.560586401045604088e+00 1.034654222715918781e+00 3.315174172997301660e+00 4.932342412510255514e+00
5.122681267283624607e+00 4.490385064647130164e+00 1.060932327186583146e+00 6.245355576903099504e+00 4.973294803478881754e+00 3.543159207533923549e+00 2.238898379707134012e+00 4.913636963983106121e+00 1.763865519007386251e-01 9.806474522865441523e-01 4.903258174737828434e-01 3.484168024606070890e+00 3.338104452138801026e+00 2.017657329315558634e+00 5.419019715879833221e+00 4.357249849735347347e-01
1.887191604379549803e+00 2.853119722212680287e+00 4.170685929379799539e+00 5.511483092626059843e+00 5.033100344029674211e+00 1.771188612725720923e-01 4.310396577970106335e+00 4.547357059930301482e+00 4.751664191727777542e+00 4.060947881063519560e+00 3.195836191013708305e+00 3.629241038366777250e+00 1.310617622690635642e+00 4.569597244319224316e+00 4.315507692563866016e+00 3.702839748616226334e+00
1.267469182076549794e+00 5.160221551731338785e+00 2.971983949922837098e+00 4.475737125821188656e+00 1.049069619229498151e+00 2.535239218806244033e+00 3.448517092716708365e+00 6.822732465170797678e-01 5.027539172367388787e+00 1.945825103762346187e+00 7.370956968510478102e-01 5.727044377974651823e+00 3.091918983828910505e+00 4.951866880560892165e-02 4.533244493177134515e+00 1.812914482528378501e+00
5.043591760213241848e+00 5.123262020590744203e-01 1.873146457536777554e+00 3.402767273602923304e+00 3.206541545875243315e+00 2.281149943123954138e+00 5.463923089969357605e+00 4.388623460945755284e-01 8.675138033605909182e-01 2.418620435292003990e+00 5.383070511209675502e+00 8.507149646386504838e-01 6.111923043982933623e-02 2.993050201273501187e+00 5.599992779423415001e+00 2.173519216094219608e+00
3.022767407329262745e+00 4.506408458459336686e+00 1.364641203130041669e+00 3.174910200352878853e+00 5.654781279253880300e+00 4.457865923732592606e+00 6.269131226217520281e-01 4.660724789432073578e+00 2.216952892266480735e+00 1.075842292261565580e+00 3.380392980855470242e+00 4.502302439886195273e+00 1.389547780576279479e+00 3.322491491986303114e+00 4.331074639456637954e+00 6.023774751526866034e+00
2.641964200237217675e+00 5.204922787825727148e+00 9.183335833094642409e-01 2.715372384819742635e+00 2.734665685970291360e+00 2.052832715175089806e+00 5.891183118592191015e+00 3.486241812635615389e+00 3.637864779582923092e+00 2.464874692401616940e+00 2.963060994044039109e+00 1.469399545482733549e+00 4.709536880802579262e+00 4.155719741792761823e+00 3.929501172658591113e+00 1.623578487421187821e-01
2.061617747437725523e+00 8.811334921281325228e-01 1.397705660893668878e+00 5.773122296935947695e+00 5.589065219386885275e+00 4.897134719865271490e-01 1.083651162317096350e+00 2.559181695187001004e+00 7.455408357959196763e-01 1.259338178265529518e+00 3.567501284222029501e+00 2.227773922975603837e-01 5.649517150074279570e+00 4.508982771735760231e+00 3.766122614964562132e+00 2.404861670587373990e+00
1.353814941908887404e+00 3.165392822179569521e+00 1.577368798989826404e+00 5.837017214258623632e+00 1.239508957288838475e+00 5.813538513141619291e+00 5.940407567512335341e+00 2.316268202947675547e+00 3.328446176498517373e-01 4.310633799803643917e+00 5.967073262283867585e+00 3.892353851648923779e+00 7.998464040569974731e-01 1.692501308475199640e+00 4.656622152094780920e-01 1.192159012129281326e+00
1.179239614340856113e+00 5.847578644417654736e+00 4.570337986923314055e+00 4.635132001586995010e+00 2.069311013716395309e-01 2.547420501633471446e+00 5.047098151585608150e+00 4.569176938142978983e+00 5.229436626264953425e+00 5.006679124961904037e+00 3.057443613602627952e+00 5.886147667325618116e+00 3.057159192401951664e+00 1.530449803566623412e+00 2.215861503436313829e+00 3.449102323815647075e+00
2.079625847914136294e+00 3.775731552578492689e+00 4.982629113945211685e+00 2.545983756341599680e+00 2.221199933599781406e+00 1.052149774519463010e+00 3.944704581652688002e+00 3.844546899289605246e+00 9.222229992116200148e-02 2.716748780197860924e+00 4.268155849070382146e+00 3.913001795609310385e+00 4.050767800589927248e-02 6.860764122033088941e-02 6.171914355359140458e+00 3.538298538956965000e+00
2.880862617001862080e+00 2.645722133332197412e+00 2.344127677071686122e+00 4.909901044295481576e+00 5.744475819335090883e-01 4.157787930299335244e+00 3.364106267673721007e+00 1.605134381485180395e+00 2.521167464200526176e+00 2.513112279727756082e+00 5.986279083779622034e+00 4.347887614415972379e+00 2.611637397060212695e+00 2.805573177648508221e+00 2.514714656710024698e+00 4.189473169764264426e+00
2.460243488976359139e+00 5.371603521166526285e+00 3.906581170543910186e+00 1.017773457331948794e+00 5.328308443315874499e+00 1.464104619858692946e-01 4.187947276470061625e-02 1.230427248615627356e+00 2.745153031907984431e+00 3.214992534635429777e+00 3.524238798361969849e+00 2.514306293810130821e+00 1.441331968908777128e+00 4.474564829591231252e+00 2.771497751067432791e+00 5.066734121591430551e+00
4.347908209164877746e+00 4.666927316989831098e+00 3.104431699402157019e+00 4.242279875742266171e+00 5.558566152958304585e+00 4.751528656862654465e+00 1.236871441338849298e+00 4.297850397408390144e+00 4.374597168191975527e+00 5.178822139046665107e+00 7.933533805542413164e-01 9.434179327724260267e-01 4.003041935689800823e+00 4.995193734883724979e+00 2.240246227985032146e+00 5.009561440134786103e+00
3.716874177608636920e+00 2.123171882236527530e+00 4.739265077364680501e+00 8.482684009610023113e-01 1.343716564111510525e+00 1.572078124315683390e-01 1.025115807500823900e-01 4.815675837637598100e+00 5.722186528643053549e+00 6.240765089886463057e-01 2.120899473139405966e+00 1.444384073606232777e+00 1.196632039448379148e+00 5.721102576299674780e+00 1.172223346495766094e+00 3.778870524288006294e+00
1.646228008237380802e+00 2.573403579789070861e+00 3.586094964415179831e+00 3.524683098489369115e+00 1.956884280670074583e+00 4.855132507060316627e+00 4.940113179742535721e+00 1.779433882470150996e+00 4.383457628247228399e+00 2.967665443973076300e+00 1.366599808720340592e+00 1.412988289363186878e+00 6.173947933322117443e+00 3.127617156067740822e+00 4.342617917149840245e+00 6.015221438389978026e+00
5.979121100022436686e+00 5.941766251957410816e+00 2.055596497224148944e+00 1.153312778762108026e+00 5.886014221646441946e+00 3.261766529081179034e+00 5.551518261009144695e+00 1.866644780550240964e-03 3.137353600838931111e+00 5.633133488042076920e+00 1.510413371127786952e+00 5.398073319777528134e+00 3.412495012669067407e+00 3.456120662223879147e+00 1.282484268374626035e+00 2.766801745140993418e+00
3.871683656267789875e+00 3.781737531976784528e+00 3.024497565855907233e+00 5.462293029624249563e+00 2.202635977123127642e+00 3.490973586272240858e+00 1.950007006432248335e+00 3.685481943588742038e+00 1.499788087198756115e+00 1.366581851700265249e+00 1.339533105116852973e-01 9.651323402974847365e-01 4.490630105740187616e+00 1.910532552499752734e+00 2.973755689382358458e+00 2.248701497615400502e+00
4.608961053523390916e+00 2.543683851269194385e+00 4.422838662184370051e+00 4.706949325812463392e-01 4.212122261305577098e+00 1.931395704297840688e+00 6.098437940525696099e+00 1.214440486405330200e+00 5.353298143064517234e+00 5.999116392827922084e+00 4.272667572103919231e-01 1.007798164754875186e-01 3.167962212319395565e+00 5.003942132986018976e+00 5.431954211915246411e+00 1.629031945514697099e+00
1.988820780775486963e+00 4.359322392404000546e+00 5.496914933412617721e+00 7.641893380378096401e-01 2.847866919449703715e+00 1.561016881807953949e+00 3.018808283991760266e+00 6.217642670189934329e+00 1.537439378318003591e+00 4.827009557164840814e+00 3.245031664189443443e+00 3.639082596042479079e+00 2.669984169787116834e-01 4.692167089955753490e+00 3.135959661344247973e+00 1.022269833549100504e+00
5.721326105282160235e+00 1.177059289238966189e+00 1.048220165906896817e+00 4.836818224744209971e+00 2.466844511034805620e+00 2.569312385324788561e+00 4.906387290646744503e+00 5.526053379735731852e+00 6.580540797235894246e-01 3.216249378404567150e+00 3.546236900323741281e+00 4.474083212173106006e+00 2.526948507635922159e+00 5.266101590061946780e+00 1.335406257340220781e+00 2.138521801858658922e+00
1.729075306840810677e+00 8.971330766866998374e-01 5.792048981959924348e+00 3.318391870456746773e+00 2.927383375804900822e+00 1.479335009644197063e+00 3.480664395863291571e-01 7.461152554951920868e-01 3.165713208319349548e+00 4.414597440331807121e+00 8.639686567839393039e-01 3.601889183072819023e+00 2.735871578411010141e+00 1.997252989439408655e+00 1.913854320029042988e+00 4.519899740268902733e+00
5.870670129768371659e+00 2.322827899752232805e-01 5.516712533661986662e+00 3.461308887915669708e+00 1.428128078302907777e+00 5.373747443457615347e+00 1.602653967221194131e+00 3.134398169749782248e+00 3.342578135884911372e+00 1.678147257368115097e+00 4.769154054990701219e+00 2.026157764465414513e+00 3.698269437430885986e+00 2.581433090560339760e+00 3.802581099962450306e+00 1.889121463567445591e+00
3.988764731168205624e-01 1.595662106379001077e+00 1.239671667963583523e+00 1.111763582683642504e+00 3.001113558824628491e-01 5.415273815411676850e+00 3.039440914911379465e+00 4.408147426289113824e+00 5.559432937812877285e+00 2.630611749119989629e+00 4.760369100226834682e+00 1.166083217190717614e+00 2.404889365703140047e+00 6.186974572471717337e+00 3.582988260423474181e-01 6.127668602483209437e-01
