2.841945216676879049e+00 2.849637511964079994e+00 5.949636649264986588e+00 4.472607261560523462e+00 4.409739957506507047e+00 6.838307411680812908e-01 5.933299934150739752e+00 2.479341879568880636e+00 1.081228018807905839e-01 2.533945721044054800e+00 1.312413865157156190e+00 5.317231877277539098e+00 3.632754843296467584e+00 2.630349105628049688e+00 4.430570917432672395e+00 5.864703167287864005e+00
2.628624566488490633e+00 5.803684102322268501e+00 3.055223621991291161e+00 1.594809442412259637e+00 5.417194634368032169e+00 4.205628985982549750e+00 5.204842239931807057e+00 3.661015318406139141e+00 6.093204958446232222e-01 4.847041696200647287e+00 4.802969075410549848e+00 2.322354245417704188e+00 4.477054580262481487e+00 4.478605170967703941e+00 3.266344807726038191e+00 1.057403404323925766e+00
4.971079984933427731e+00 1.910971409902678220e+00 9.777781972205362715e-01 5.737332144796732258e+00 1.114269538563774642e+00 4.559592778031809068e+00 1.701349284050232447e+00 3.204439122466967049e+00 1.547437138105360432e+00 5.650060727450492148e-01 3.447992675507830285e+00 2.969098875045629082e+00 2.828278803034961264e+00 2.113176604763465694e+00 3.112942457181232747e+00 2.017093399889871019e+00
1.120448426644427897e+00 4.217789621397042055e+00 4.516001310649893519e+00 3.664436381290406608e+00 3.209920548518252481e+00 8.153292496182144022e-01 6.784965513615599519e-01 3.909853455202309647e+00 1.361651317707288422e+00 1.718784752015148631e-01 6.133883496727023932e+00 2.153824598296784743e+00 1.917439409376808790e+00 5.371535595420541931e+00 5.126097436526194429e+00 2.966402860956913301e+00
1.504765990560540834e+00 5.903834358863590204e+00 5.260772454166594336e+00 3.394995709319122756e+00 5.013493840655501188e+00 3.755318342300771661e+00 4.283746819709409515e+00 3.741068551169237200e+00 7.017516154880099055e-01 6.176819961790918967e+00 5.898469134650930812e+00 1.802051290673210682e+00 5.082307844736979163e+00 4.449243191830229982e+00 2.594127885129524191e+00 4.075734900792271076e-01
2.647953783717729159e+00 5.322699115273380244e+00 1.540355696068222091e+00 2.990742123417986065e+00 3.275968075345522923e+00 3.963294390502623443e+00 4.199724643745406993e+00 2.919021499670300557e+00 1.032360671111948597e-01 4.570779410988848213e+00 6.031822861688080017e+00 1.949322322193929313e+00 5.794041201410839115e+00 1.109924326508653580e+00 3.045167975329463150e+00 1.027465895036851373e+00
1.337664079404282891e+00 3.935301267153906046e+00 5.087972435358743439e+00 2.731279495633289311e+00 3.002170733585931117e+00 5.199571630747170659e+00 2.494403906018526573e+00 8.317706538204794331e-01 3.987388598486697688e+00 1.522922160214260412e+00 2.589165388808513324e+00 3.614581332177972062e+00 5.643569802304753580e+00 3.585703952646074999e+00 1.855152932444035008e+00 1.992414806175967668e+00
5.180361514173756454e+00 2.996761815645248017e+00 1.853392341921517472e+00 1.659889921184201755e+00 5.789714278331793196e+00 2.649991045175387416e+00 4.203678167641086816e+00 2.120326682672084129e+00 2.325103922916672339e+00 5.908769790804845101e+00 4.973552252659112938e+00 3.590933963801336670e+00 3.948423275937039900e+00 1.425810136360990521e+00 6.025327766020310172e+00 3.464135850443406106e+00
2.704618421915988780e+00 4.232054557676882545e-01 5.855466630675721929e-01 4.550095181749219897e+00 3.951390968169160800e+00 3.564912322805401934e-01 4.946387235554515982e+00 4.471715948110957406e+00 4.906058230426026512e+00 4.372034395780263066e-03 5.249184144664539531e+00 5.732945256274997625e+00 4.932795501322249976e+00 1.517701056629570555e+00 4.206237516903544638e+00 5.255179935441722350e+00
4.472083011293580768e+00 5.081953375452818555e+00 5.283942213837510699e-02 3.200215106973129053e+00 5.344660305694129754e+00 2.505697408062494969e+00 5.665559086074297035e+00 5.973431682833767464e-01 4.806175636762737291e+00 3.215916827514050169e+00 3.151387839505356947e+00 3.801505813232379793e+00 4.657787416872754882e+00 3.570025147649062092e+00 5.728106648826160274e+00 2.636586630840411338e+00
3.056287239832180536e+00 6.223150245352080390e+00 2.016075748720442373e+00 3.516232458077827250e+00 4.649090321913887713e+00 3.466239522952452301e+00 4.871626887481829371e+00 1.104837054508020167e+00 3.549939319459556319e+00 4.489967997124129084e+00 4.843937969100327479e+00 1.318617528235974889e+00 8.216318254025132273e-01 5.635930060466195712e+00 4.024704521906863341e+00 1.259157879102086541e+00
2.607061498513297604e+00 2.829378134212042539e+00 4.055811077353828509e+00 1.211709877131578461e-01 6.804976592174120098e-01 3.028401845623276856e+00 7.026994078787575093e-01 6.979763190512232318e-02 1.820431865944432959e-01 2.793414766207980016e+00 3.776757208126092724e+00 2.260585204139702042e-01 4.492576919240130806e+00 3.554411522991366423e-01 4.258260508659757804e+00 2.644736502815759671e+00
2.656396067703367336e+00 2.934818076111060048e+00 1.164540993866510332e+00 4.757678705573270328e+00 3.782096702119231768e+00 3.735496082099952986e+00 4.833622299652255094e+00 2.565548076151733525e+00 4.335595234629067818e+00 3.261188271698847729e-01 5.663669066198319335e+00 4.416637544553146943e-01 2.295554893280674413e+00 4.972178433355345817e+00 1.750441172311395066e+00 1.792075907503186460e+00
1.976077729611330547e+00 2.190999037097034474e+00 1.045539839553047745e+00 2.178900092661366639e+00 4.767746324304311223e+00 3.009979689463408548e+00 3.504699639591484228e+00 5.443542528426600136e+00 5.908768724933877614e+00 3.797233982784996353e+00 6.399882726046853820e-01 9.101187018174854149e-03 3.330450157316680482e+00 5.302340375901118286e+00 2.035153095684863356e+00 4.615748393526304838e+00
5.185290978644330195e+00 3.549899401821436484e+00 4.947305202482359832e+00 2.464032699318642106e+00 4.637026183523562217e+00 9.959221545618586191e-01 4.554085490610147779e+00 3.139488783881496103e-01 4.489685807703469145e+00 2.914182653744237683e+00 5.321765582581260645e+00 5.751169518626601196e+00 5.408863908578721791e+00 4.629414133756260874e+00 5.942529775758252697e+00 6.289277067740987048e-01
3.079933174961727360e+00 3.205167588904156428e-01 2.101753476135496346e+00 4.794021447146822545e+00 6.841224249343575980e-01 1.247340706849484393e+00 6.895567839115991360e-01 5.099233095598255439e+00 4.054382543904260672e+00 4.288742610229135721e+00 1.781370732774630872e-01 2.516024372560648370e+00 9.850521713167205151e-01 6.274617062936592049e+00 1.885113913089563553e+00 2.535342403681858370e-01
2.185960096994055579e+00 4.460259334564922185e+00 3.571350657333826284e+00 3.976441039501899866e+00 4.515736343606001846e+00 2.066451585322720330e+00 1.098755407768271963e+00 1.173383737059697562e+00 2.058329164853309301e+00 5.694922248945132104e+00 5.198962551653957959e-02 1.676592370308333635e+00 8.235576957329777958e-02 5.728152403797247771e+00 8.529217231330501470e-01 3.046653227152817944e+00
4.418081914980385605e+00 2.098898021254227420e+00 1.097484838367764448e+00 1.731919237914339549e+00 2.750584906908257299e+00 1.668354546879246003e-01 2.371017927642581125e+00 1.038965581617767198e+00 1.784427866628002235e+00 4.985105277528782075e+00 4.222301088542193881e+00 2.252842177267021517e-01 1.070599840882561216e+00 1.858789101692060353e+00 3.553788588815741667e-01 1.879448308002240164e+00
3.953188320940970168e+00 2.988676160913580571e+00 2.619832228762325244e+00 4.056943324636194781e+00 3.082791233983833923e+00 4.386053782400973766e+00 3.358069218287592417e+00 4.785782448121702615e+00 6.208318831769714663e+00 3.143825359575151523e+00 4.090696812815054706e+00 2.935378685278490440e+00 3.625257923299829432e-01 1.079684638332972790e+00 4.723227740362344385e+00 1.006384003119538351e+00
4.653218477447381929e+00 5.952733605939309891e-01 2.924352555653311647e+00 5.917826973437537497e+00 4.298289691798964363e-01 4.594196107443700328e+00 3.832078417661590297e+00 6.125719052097135631e+00 4.567618869437269247e+00 5.261324077383859876e-01 3.507468348141515868e+00 3.389722423817874031e+00 1.587624220711224277e-01 4.381829656547010288e+00 2.466135214167948508e-02 2.324131457503341824e+00
4.637232089464955465e-01 6.044758564746260276e+00 2.085219041383516991e+00 2.225952288669034385e+00 2.771478937187404679e+00 1.064076838383583912e+00 3.391205401283318377e+00 5.893198869135897411e+00 1.962517036627517142e-01 9.621867875136252968e-02 3.056029178266878699e+00 2.427706621181146662e+00 1.821867077686409875e-01 9.497991154847179596e-01 2.312414457871989626e+00 4.832427686440887715e-01
5.093076749480973220e+00 5.813634344285892652e+00 5.160607810490841274e+00 2.653161739144413112e+00 3.796547452737673023e+00 4.970270651816437457e+00 3.377993539762249142e+00 2.555843407802417921e+00 1.666917795661611246e+00 4.456891585388323307e+00 4.296190175100349506e+00 2.612662963646074754e+00 1.229213618946570108e+00 2.188367095202475632e+00 2.061291691807063842e+00 1.884823448114005151e+00
3.755128928402727162e+00 5.776314765455183853e+00 3.697107737899121283e+00 4.487428373006129512e+00 4.175731200724931647e+00 1.494014875685764077e-01 5.884753093962475923e+00 2.579555186874090911e+00 5.036300779772255432e+00 2.841186751096431706e-01 4.901849502636849820e+00 4.651190578208328930e+00 3.042716541640990702e+00 3.838036168511480550e+00 1.937563019448201862e+00 5.543576093096991286e+00
2.807285239734669702e+00 5.524880245071833507e+00 2.937764479586193467e+00 3.711270752902038339e+00 7.511372050207772988e-01 2.153145655554408844e+00 2.670030561943246283e+00 2.452493590160199910e-01 2.134839118708334205e+00 1.073572759218622830e+00 3.845885595926753719e+00 1.963144182259894510e+00 4.139476488319029812e+00 5.689014769904108704e+00 4.981774426114299992e+00 5.421484172466276341e+00
2.711464772107556431e+00 5.247779230669429751e+00 4.461023483770096831e+00 3.367849945543059387e-01 6.036672527200865446e+00 5.280182338853268931e+00 1.956718275098200177e+00 5.890539080110493764e+00 3.175482533711147859e+00 4.618741223160471421e+00 2.589080451650146664e+00 4.173973689553534427e+00 2.081111113468820051e+00 2.413013717129047997e+00 1.134497629779366745e+00 6.206527869957901622e+00
3.860737328951812763e+00 5.298092346827858456e-01 4.017362315097182446e+00 5.478751964665312002e+00 1.945092626614091325e+00 5.510880946856792306e+00 6.118873210142623087e+00 4.243013773767006391e+00 3.333592121612470649e+00 2.873265921530951061e+00 3.277094312180830915e+00 5.718073866386432336e+00 3.201960727455928524e+00 5.955833260729827217e+00 2.433122105931580847e+00 2.320343206381629386e+00
1.405141463448236872e+00 1.037117456045964170e+00 4.128565496356590536e+00 2.788747058412591517e+00 2.296907435826180510e+00 4.413449405721202368e+00 9.854781791095065802e-02 6.264247972909474882e+00 4.551315998945592689e+00 5.952175295757968776e+00 5.610725709045364162e+00 2.677915408201200442e+00 8.253701664317808495e-01 2.390334295888099980e+00 1.178919668822579064e-01 3.122892112942482701e+00
1.878101501016823160e+00 4.028870873961970744e+00 2.823972153315636557e+00 4.831349121641816957e+00 2.098159557680083331e+00 2.511765586515639193e+00 2.602374101784394433e+00 3.532314288600386654e+00 5.422425916643835997e+00 5.503810603720244998e+00 4.814177503755872500e+00 5.953988990299461825e+00 2.572881345957238608e+00 1.584979866839162810e+00 4.361970816786291394e+00 1.310165861836718681e+00
2.911657817564986761e+00 3.771724626672349756e-01 3.458754744529298542e+00 1.215720111883746186e-02 1.890486210940132972e-01 2.902222660211644101e+00 5.797197524790759227e-01 5.078476073227046861e+00 4.550286247343460211e+00 6.036085864588129013e+00 2.130412773114938485e+00 1.717907671633951416e+00 5.254974254253050425e+00 4.492871772029316091e+00 5.866939342276305425e+00 3.046463952916142581e+00
4.281044040033670228e+00 3.287223940181895010e+00 5.225196666640727017e+00 4.041518154928983586e-01 4.347735838614778636e+00 7.590072548608363112e-01 4.911319866123974087e+00 5.063955962758477369e+00 2.384990002424303590e+00 1.929367767946367884e+00 1.782592834098269963e+00 2.800422762529426013e+00 4.888456730220434920e+00 2.436816690134757657e+00 3.176677747502406834e+00 6.008533264581373601e+00
2.778507491944006258e+00 2.287822568033825110e+00 5.769760823690441853e+00 5.994051443239237109e+00 5.398095111940446778e+00 3.972728583248645418e+00 4.606816942147153426e+00 5.986432945249331894e+00 3.665103850416973064e+00 2.144564081785226950e+00 4.453095003306148492e+00 6.023216747368854485e+00 3.691377387357281048e+00 5.604532557531378245e+00 4.115277424881215396e+00 4.471113202263419240e+00
1.266607392569524926e+00 2.260947720218216883e+00 6.136849423906522105e+00 9.826322819400977737e-01 4.506372448529958774e+00 4.559943174993460246e+00 2.466220427245428226e+00 1.294665646466392372e+00 2.077885797849703675e-01 5.778955478755729125e+00 1.987857025068170858e+00 5.154578787104193260e+00 3.357818357883960214e+00 3.955768954004408311e+00 1.955218428872043113e+00 4.114618902264169931e-01
