1.990969702780062800e+00 2.558771871570046930e+00 3.604921072870705068e+00 3.763804785925489171e-01 5.968888302694902670e+00 4.026289698917866922e+00 4.570246706548389826e-01 3.511286864182177947e+00 5.488240804703445441e+00 5.843044702114949196e+00 2.481562185460788328e+00 1.343791907479584546e+00 3.310050846269116054e+00 5.251510459771223438e+00 4.506929806498659374e+00 2.329452331318972114e+00 7.842157802958839019e-01 1.197253110849739732e+00 4.618740200491598946e-01 6.239734721348064728e-01
6.248294652551626527e+00 2.759082404207053862e+00 2.158752995581462830e+00 2.280739342375210033e+00 4.882517131660404353e+00 5.865784259835677084e+00 2.138951456968123388e+00 3.398053046586571924e+00 2.436094643304248297e+00 3.664482571295609059e+00 3.793045965110117823e+00 2.321923244211486104e+00 4.030034628275697806e+00 2.966716163368270931e-01 5.733322638076619349e+00 3.384839203386218465e+00 4.953200290297981034e+00 3.856212966454517499e+00 2.480086126177145633e+00 3.329725629471879333e+00
4.563859108265729603e+00 6.209942891563741796e+00 1.214510533557097149e+00 5.957683599758417659e-01 5.328479464398669485e+00 5.004833159525994724e+00 2.573520039759111366e+00 5.060112692856770344e+00 2.745231356525580590e+00 4.310507461081882319e+00 2.910264281579780565e+00 6.257775307738813630e+00 4.641807888738498811e+00 4.169693964152235921e+00 5.220147173859636780e+00 5.477700670537327454e+00 4.553662125624541090e+00 7.651043250670516160e-01 4.635834027826302717e-01 2.331546230354632598e+00
2.741876048916652042e+00 1.769715504001169393e+00 6.143725721034370979e-01 2.003909557642101547e+00 5.215754256731581773e-01 3.378089850488964263e+00 5.245013676022457716e+00 3.139311819033247630e+00 2.156776754374948091e+00 1.273026744617354045e-01 5.992503786396700782e+00 3.475737524684658908e+00 4.288291777702838203e+00 5.596987462675137692e+00 4.995680482133306177e-01 3.513984205041937425e+00 3.806495356743739844e+00 1.653619415853395891e+00 4.942419641581652812e+00 5.209377781122804585e+00
3.875216340928535619e+00 5.168246077458957366e+00 2.230255414158202942e+00 3.305156424027265061e+00 5.398949176487653823e+00 2.270371717695291114e+00 1.922885121895964389e+00 2.902576944225502054e+00 6.113848626520653085e+00 4.706450578616294678e+00 1.080618951330978739e+00 6.229490754497352789e+00 3.680889888230040263e+00 2.354014411563617237e+00 4.946519839640807881e+00 3.640641109621868932e+00 4.570216720730339688e+00 3.983995872462324339e+00 1.199181144047593434e-01 5.638909234765254297e+00
5.337812462138297853e+00 2.185620390306071581e+00 1.839372862502729022e+00 4.064024858948807939e+00 1.980775560975736704e+00 1.339339065189376843e+00 5.397204559135675872e+00 1.540912318269928916e+00 2.204013960685061502e+00 1.888164900555640235e+00 6.053099632239691275e+00 1.115171528816288005e+00 4.418952522301905717e+00 4.483180406737717227e+00 4.121329327362934780e-01 1.353991973661185511e-01 3.682597346246604175e+00 3.033331112102584548e+00 5.767071969820221078e+00 3.013784831169902478e+00
5.619519649855737597e+00 2.400640235822238733e+00 4.987535721917689457e+00 5.163731847410776510e+00 3.035549905787338631e-01 4.979472118556951994e-03 6.149330334826937694e+00 9.452655745478407701e-01 2.454033282046574893e+00 2.982832998478573971e-01 5.481749795574933692e+00 3.173529210769061137e+00 1.209456125197009069e+00 6.993351858198700866e-01 5.558806401225172777e+00 5.698345142374325434e+00 2.158942899344254429e-01 5.369762412199779789e+00 3.914981086846502478e+00 3.048984945937543323e+00
5.568346066488993884e+00 3.527301032766766653e+00 4.115744847901375181e+00 2.511753856353869718e+00 4.177133090109518498e+00 3.365390254704417217e+00 4.273597540281051543e+00 3.936494334306744669e+00 7.446231604316640995e-01 6.105716405812962044e+00 6.173805576056365041e+00 1.280694371033866075e+00 3.682796256640769261e+00 3.943473155163706334e+00 2.725917829108319701e-01 3.986323961167043350e+00 5.069587692846557303e+00 1.839869276606873605e-01 3.146108604758627969e+00 1.968522043996314475e+00
5.074884378726496337e-01 5.317766030398085597e-01 2.636171712282610047e-01 5.522161776017640022e+00 5.821397474974108199e+00 2.003898187778981654e+00 5.011090509112513303e+00 5.029872940315999408e+00 1.260523829489054171e+00 2.766784605054914525e+00 4.193913048586571435e+00 2.900436164004510875e+00 2.956529459826990447e+00 4.694190578395819102e+00 1.114628705484030258e+00 4.933993185702115092e+00 3.799174502180110657e+00 5.706263294189696467e+00 1.597370299941788030e+00 8.760395395397279072e-01
2.930701206877235343e+00 1.776283264907427162e+00 2.242850738070746530e+00 5.375894889658528797e+00 1.994224250320281833e+00 3.057040099046790971e+00 6.062613061002736004e+00 4.100007224635144887e+00 2.814554575519894186e+00 9.121464902472567471e-02 3.897625930226157109e+00 5.197091785654478713e+00 1.224922450294046339e+00 3.330542011469353803e+00 5.011202860555602712e+00 3.931101274965329573e+00 5.191000211282064569e+00 2.956056095870549516e+00 5.731790951505287168e+00 2.378333392704228721e+00
1.124694829482502323e+00 5.733912718374003958e+00 3.869267440695941307e+00 5.676194515257436457e+00 6.725399089153327736e-01 5.844881303359350966e+00 3.310826016135602679e+00 5.674681766116958848e+00 5.560608735544175119e+00 6.265403769471731721e+00 3.691663870972814454e+00 4.883062531537401441e+00 3.793774058824112672e+00 1.424435549763187980e+00 4.667527002688850679e+00 1.834966838669022771e+00 1.360205225664617990e-01 2.297479484142126882e+00 3.529310711922409194e+00 5.860841090022672617e+00
6.121632753718978526e-01 4.286467830601696782e+00 6.024385204253756676e+00 1.148748260042618430e+00 1.644566373554460226e+00 6.126298882161409942e+00 1.890465477275610873e+00 6.057004373114425633e+00 5.071940010955544587e+00 4.943416203714727786e+00 4.961263616385850561e+00 5.448119148364236608e+00 7.374807349083172259e-01 2.253985716973985198e+00 2.328306642375792102e+00 2.955290693519985190e-01 3.984518282773499287e+00 1.778203155560920790e+00 1.634290111202400642e+00 3.355172392077911958e+00
5.137369682602433985e-01 5.673771556485888823e+00 1.700119834726474544e+00 1.517256054005657884e-01 5.676555720948557315e-01 4.623300107306058671e+00 2.877699207413242366e+00 3.074805862273637835e+00 1.503577768263420822e+00 6.206904233147753303e+00 1.323562823889960605e+00 2.684259952418216466e-01 5.399377429026990249e-01 2.366683845132102615e-01 3.011625259875700067e+00 2.551437326821607510e+00 2.162202249364183260e+00 1.566738319687940528e+00 4.501116290426204536e+00 5.905799470781288640e+00
4.360751505375718651e+00 3.765370844810834949e+00 2.629988109174231647e-01 3.324464537232395767e+00 5.068171883623460161e+00 4.694768796434067859e+00 1.562958630593846099e+00 4.532963796437749160e+00 5.951097082090012869e+00 3.935155182118616590e+00 5.773685846031560764e+00 3.624686341738070805e+00 1.337083039650192040e-01 3.424902717037896949e+00 4.877777261591606184e+00 2.998778765836710658e+00 2.392730370001374673e+00 4.790721610771584871e+00 3.378061412778571970e+00 3.498142855675144602e+00
5.517610132610675677e+00 2.796729141198238455e+00 4.507825949774386665e+00 4.202034416743630096e+00 3.984652338676677896e+00 6.993859683079443057e-01 1.727221992708805054e+00 5.381584591682187835e+00 1.256393460550447427e+00 1.652528446919611760e+00 5.347024756325396977e-01 1.056911339073097089e+00 1.746070747684526525e+00 4.718983230282863595e+00 5.675599141015200466e+00 9.331746367087337957e-01 1.588314215426810616e+00 4.342317734802642271e+00 1.319811419988132339e+00 2.714119361692596488e+00
5.201931417458326656e+00 4.916686212073681617e+00 5.741639533812302076e+00 3.153746866986548714e+00 4.427534272644663815e+00 3.075571522542995151e+00 2.169901849600273103e+00 1.934681651446307882e+00 1.890484777939072547e+00 2.487642792204340925e+00 3.122869798442755140e+00 4.793167696487949492e+00 2.188611678740716826e+00 4.564923454784829637e+00 5.666285456480609994e+00 2.305980118231899745e+00 3.007167351199090177e+00 2.448602178076830227e-01 2.636679376164465349e+00 4.736135750635286912e-01
4.500900627021732769e-01 4.003684388741243438e+00 3.226730008749002510e-01 3.566758726114616973e+00 6.254540301415555170e+00 5.583905298761089320e+00 9.522227756043036839e-01 1.942393550626032583e+00 2.163975392783272778e+00 5.008343119761854645e+00 4.671148157856732652e+00 3.393976137223414291e+00 1.368265052841255214e+00 6.637234777878396885e-01 1.728260754648210051e+00 2.145896354625444147e+00 1.637140155849466927e+00 3.062061300076853065e+00 1.141550192263122598e+00 1.416508460310580420e+00
7.177970455370944469e-01 2.700252198467095077e+00 3.479321624139724012e+00 2.313011420361077430e+00 3.783673879082285030e+00 1.559434510741857682e+00 4.471026477107649555e+00 1.036750726540433654e+00 1.651852597626037644e+00 5.682639604355218310e+00 3.974598765078719786e+00 7.095011422324801753e-01 5.373250066552491155e+00 5.843287070889524593e+00 8.211200616157031396e-02 2.931797877947515119e+00 3.942870078606552031e+00 3.504509362980992027e-01 3.878205435203419427e+00 1.199824135728187136e+00
1.719266572103460122e+00 1.524699002935679504e+00 5.565462474491024381e+00 2.414803604827137740e+00 4.213617139785830745e-01 1.707381278449589868e+00 5.697801879806132952e+00 4.206692732551032599e+00 1.389174263694895328e-01 1.309044315838176376e+00 2.052469047193002272e+00 6.038174362940473827e+00 2.065312333278834345e+00 3.986206156117250821e+00 3.869582736305102189e-02 4.910865269477767470e+00 1.484691204695009148e+00 3.557799277060573306e+00 1.223802663148097825e+00 6.074042889103951737e+00
3.851422687458593508e+00 4.093447196206881245e+00 4.417492951210956420e+00 1.223147050412253106e-01 1.284075685874456862e+00 5.613167226941274457e+00 5.210602659911367951e+00 4.598791077821210216e+00 6.138229049887999444e+00 1.922939625134337360e+00 3.298562890038947426e+00 4.107038566790686684e-01 5.981101995074166844e+00 6.225664474606059429e+00 1.901423316220072435e+00 5.277678045825121345e+00 6.593364274922468571e-01 4.857184460160114625e+00 5.830863026132739435e+00 3.221872586225348112e+00
5.823615551470857632e+00 4.510114310507006508e+00 2.873563875268060563e+00 5.525675954243588706e+00 3.645831589635274206e+00 5.438877142837589496e+00 3.055796167457267565e+00 6.146551392732088281e+00 4.393188562124351826e+00 8.371726574019238143e-01 2.395488277237419972e+00 3.261052120435326440e+00 1.309049257458872573e+00 2.356827640923957023e+00 5.571550853469336317e+00 2.311344128724751812e+00 4.483912296324203517e+00 2.658146091955192247e+00 3.430652912488474371e+00 5.779772760280660115e+00
3.262451257919429359e+00 2.745207328162842408e+00 2.965887468721322584e+00 1.391904638184580933e-01 1.838778486689782513e-02 1.966745406877155322e-01 2.335677393196568197e+00 1.846876445710987635e+00 1.958190538523254975e+00 2.902874627816848019e+00 4.772002959118312182e-01 1.562203215251312782e+00 5.137095678348460481e+00 3.058424080201087580e-01 4.336680977350476085e-01 4.558903091895425419e+00 4.547948945241110152e+00 3.314898159639156350e-01 2.926356790360751692e+00 4.686260519865207641e+00
3.203760222766153909e+00 1.910093740218756109e+00 2.966165852989628871e+00 5.137802281824983552e+00 3.802865386975655682e+00 1.538016140018960032e+00 6.196587102108385814e+00 8.198919106610421670e-01 1.892073481091171239e+00 5.820362701038589215e+00 8.491401008867922595e-01 1.008399464978305460e+00 1.712042729299332766e+00 2.887962052339480667e+00 2.944227888509241442e+00 5.033490803679616654e+00 4.223220741843497272e+00 5.403706206746770491e+00 3.282202932966717501e+00 5.290593616508550312e+00
1.494064131019636088e+00 2.782083438693720545e+00 3.403054603514182874e-01 5.509554759714130334e-02 5.555726705023595891e+00 1.424627065843999896e+00 4.103517471978526565e+00 2.647309258936923815e+00 1.893957239676646864e+00 8.263832353702982303e-01 5.407955222503501025e-01 5.718128477303328516e+00 6.772579640135366619e-01 9.186649018458019622e-01 3.229907358137462214e+00 9.805738334904080533e-01 5.495319572766622862e+00 3.955869456328423350e+00 3.718714996767244152e+00 7.923879403551089551e-01
5.603585387154311981e+00 1.691885501033231876e+00 2.175266880774540557e+00 3.392098185799426346e+00 3.746295103469231780e+00 2.527068137152043370e+00 3.477754676189412031e+00 3.003466569546482834e+00 1.965200131271886697e-01 4.297753687471915995e+00 6.161248151840150733e+00 5.184863601456880744e+00 3.126901322141181438e+00 2.970413866578464734e+00 3.092275678597067312e-01 1.814392242342590666e+00 3.133616726988175394e+00 4.795445149565989773e+00 6.160843690549235419e+00 2.177831509526967135e+00
2.825168697211778213e+00 3.392363752472982608e+00 2.683706329687083780e+00 3.875987164595959822e+00 2.176395501313415526e+00 7.524071153865126427e-02 4.993631423513562595e+00 4.542695953711552853e-02 3.070323345366673173e+00 5.368495910029128737e+00 2.767418122915048073e+00 5.267243114842384166e+00 3.681352256044748472e+00 5.991175721133387810e+00 5.181651079318867481e-01 1.588491594451680200e+00 2.965242296410544487e+00 1.875329674340622921e+00 3.349213539381787008e+00 2.314464559935646371e+00
5.027304548693000363e+00 5.219298480825181663e+00 2.557234635831629799e+00 4.808283852571342720e+00 3.379166081337734440e+00 1.779442864684634529e+00 5.540034280851842574e+00 9.284463704004731754e-01 3.916419955618665849e+00 3.977037598663822671e+00 3.678073683457872445e+00 1.951901189491922262e+00 1.361347547251478884e+00 1.395907620721177800e+00 2.574768900091895407e+00 6.248556526992113724e+00 2.029417981643191649e+00 3.496353330934588666e+00 4.471034692130291255e+00 1.923701253478535600e+00
1.563685633461759483e+00 1.223121207123560872e+00 2.925113465799691781e+00 3.557431538984189845e-01 5.197775002887476070e+00 2.053818636314971524e+00 4.386070898257282025e+00 2.993836868994400824e+00 4.168274611089583637e+00 3.135491953404391907e+00 1.833762135522921000e+00 5.629188387223153178e+00 1.166766197485064716e+00 7.719339721937615861e-01 3.930054599984738495e+00 2.405929584515005271e+00 1.946362987830083879e+00 2.961496405318256198e+00 4.391253289665402626e+00 6.199132046121240691e+00
3.392002468321300590e+00 2.994406787596164410e+00 5.100665000199647636e+00 3.297217617647799415e+00 1.628052884877069229e+00 1.909912146630990737e+00 1.875672043603521244e+00 2.865184753548298602e+00 4.367680265452145716e-01 5.299060287568285510e+00 5.118310774929313300e-01 5.520349719783329334e+00 1.936452688726649995e+00 3.290748208637802374e+00 5.280689515850196969e+00 2.684749878134407908e+00 5.102516700178089337e+00 2.077899349285900588e+00 4.835915018796165477e+00 7.055976870325660899e-01
6.739028739861218087e-01 7.732120944727112200e-01 2.415948637262100629e+00 2.995128889819898887e+00 6.267840747876351593e+00 1.348226870117555265e+00 5.452614859516373258e+00 1.117557047522902830e-01 3.400652784501966508e+00 3.011353044529595735e+00 1.833154488092496662e-02 1.540596920154059912e+00 2.527723428486926771e+00 2.585918016234201033e+00 4.698704789020215600e+00 3.170045959105468464e-02 3.951821980654110500e-01 2.146643862245286360e+00 3.643969746101767271e+00 1.728086567440410837e-01
4.098208724315114959e-01 3.526603670181060579e+00 1.082218473311367113e+00 5.288313255154694303e+00 2.483236770425381254e-02 2.347307468933229835e+00 5.486100060390194599e+00 9.882304744492556026e-01 3.381575001656588420e+00 3.307163623229399274e+00 6.102259242740301737e+00 6.242866348077047434e-01 6.226379482349291727e+00 4.769644243585713816e+00 5.572587584920347226e+00 2.010232905999160824e+00 6.126962651065577248e+00 2.033154257008208621e+00 2.103992229495737387e+00 4.082365651775702986e+00
1.228024137964611462e-01 5.011046778297473914e+00 4.495113703551247397e+00 5.840894889276087909e+00 5.035142468192582044e+00 4.820243586120907864e+00 4.518813892704798718e+00 3.158385692052613436e+00 2.271478599915998320e+00 1.798438666597558466e+00 2.603797744492930555e+00 6.032038307722399573e+00 5.765712078062517953e+00 5.596666989081405141e+00 5.840185901854611394e+00 3.276570479392960422e+00 3.180893782965442007e+00 2.055472408077761715e-01 2.614284065806262713e+00 4.402107386860389049e+00
