6.150556278122740750e+00 2.456823600402482377e+00 2.693553589078895971e+00 9.630630587885202765e-02 1.524938303994820332e+00 4.518387877421551124e+00 4.117850599758348107e-01 6.532167321293262663e-02 2.502867965010441065e+00 1.046432856033247649e+00 7.252599722035280028e-01 2.089755048087081346e-01 1.156912853058631008e+00 2.868495602746368611e+00 6.736913020975841826e-02 1.411791768849384621e+00
4.034421259359342038e+00 2.777739593493780745e+00 4.541890143039108096e+00 6.251838631193775697e+00 8.885357440396618456e-02 1.664638625859135912e+00 4.489713408956253815e+00 5.438954239449413031e+00 4.839128101297839102e+00 4.200571364524403606e+00 3.198944645763637240e+00 9.089926334676861064e-01 3.890551696606050491e+00 3.428258196523064072e+00 3.512619348074318637e+00 2.318495377857595852e+00
3.035891623390495564e+00 3.411465922668763945e-02 3.796528384792062116e+00 2.262653888727261364e+00 6.101934509055502609e+00 2.369315543235641641e+00 4.536692647232714037e-01 2.604770804951257901e+00 2.714127899679605438e+00 4.280282904059744986e+00 3.495148990836982605e-01 1.125584034390663568e+00 2.165313017505460458e+00 6.026189883234560618e+00 1.792603324326693892e+00 1.406411785243104173e+00
1.022364274139175300e-01 3.526988501221018257e+00 1.157207411036483169e+00 1.012288189503626867e+00 5.385169831795620254e+00 4.772881743593026194e+00 5.601193359484181400e+00 1.870901312949559747e+00 5.354546413123728144e+00 4.920928187784609165e+00 2.989977212927416250e+00 3.279883992163167505e+00 8.053186075718003767e-02 1.131599935241546895e+00 3.074138367290975449e+00 5.355604067316003247e-01
4.690620065862427523e-01 3.504158009288074194e+00 5.639241970270828297e+00 6.165822056772786830e+00 7.079450956689122831e-01 1.643341232681877040e+00 3.091173557357485002e+00 3.108395946788861774e+00 4.486416154191585015e+00 6.073517743968449567e-01 4.593330319972569242e+00 1.025069302613017319e+00 3.259919270931080693e+00 1.315925664260712225e+00 2.256660916682764917e+00 5.613054748550943884e+00
3.988579772232669907e+00 4.757340203333251694e+00 2.723846038181406470e+00 5.371974552067173114e+00 2.862370324483542117e+00 8.432427704608586039e-01 6.225989257164092905e+00 4.881859545822769597e+00 5.098038173168266241e+00 1.569500407776516226e+00 5.804053855500123760e+00 4.262794230551320673e+00 2.982815747426699193e+00 2.625388457912206652e-01 5.993458587199195442e+00 1.198739009757924689e+00
2.055277890556236553e+00 1.273502175921882973e+00 1.620947420083034052e+00 5.992494922749566300e+00 1.749951728660564587e+00 2.093338467128520453e+00 5.566606894242756454e+00 2.772487081362632999e+00 4.798940593879927441e+00 4.309655512409256595e+00 1.594365332555830017e+00 4.536881132997909738e-01 4.596733710939528983e+00 1.388346237632102298e+00 3.931859473202039101e+00 5.682881483295658676e+00
3.318844270986702316e+00 5.762218786722394626e+00 1.803069282605112900e+00 3.173907119517723974e+00 3.787470674394829651e+00 5.777900434036016719e+00 2.279512180625951068e+00 2.562959225546396436e+00 6.018800561678066430e+00 3.963726236626010202e+00 3.474324264489084602e+00 4.542116566023278068e+00 4.004453662570170991e-01 6.194772257251068837e+00 1.114275802678286853e+00 4.585822687568750666e+00
5.157441300738748957e+00 3.267553493018298560e+00 6.384489384525892097e-01 4.776100710969477525e+00 6.037299628637970983e-01 6.048433731649796030e+00 3.269306830449983270e+00 4.789877323600265413e+00 4.388095205140184696e+00 2.127584233778820444e+00 2.435120567268425962e+00 2.418464243146588810e+00 5.940240203793263341e+00 8.954741976157106764e-01 1.828382079826245676e-01 7.564504537983123278e-01
4.428013467069257025e+00 4.733429576039013043e+00 2.376455732098256668e+00 2.716211125654126590e+00 3.141961990266681770e+00 2.364139026006677469e+00 1.705496975577428076e+00 1.888035739062234875e+00 2.557695929296895709e+00 6.531332808768857134e-01 2.967862991636326608e+00 4.004335900207237842e+00 5.521795746741368305e+00 8.008692729009154743e-01 5.473647708015759505e+00 4.789547944811152647e+00
2.898401725291491537e+00 1.749825955383166542e+00 3.054622962898212446e+00 5.398606611610164308e+00 4.021724861760742620e+00 3.456275857289974329e+00 1.187234583441768132e+00 6.927229152884569752e-01 3.142610850462029592e+00 6.179745423701782592e+00 2.207760137173445880e+00 5.065871122801419713e-01 6.012550083763991360e+00 3.134651547895337537e-02 2.528394704574171925e+00 3.465461200702435463e+00
6.314011245032946640e-01 1.203887713403608117e+00 3.377043687576794184e+00 5.043752628818139350e+00 4.368659025986873168e+00 3.855919980581233197e+00 4.643762194531882770e+00 2.437451368689881992e+00 1.772720191956272062e+00 7.482978833171979316e-01 3.597422211754420118e+00 2.466268519740453691e+00 3.335644472891091006e+00 4.261318443746836770e+00 3.827117798423403272e+00 5.026469205980365729e+00
2.592576110220405017e+00 6.037077106962235540e+00 3.068237721170049337e+00 2.310093034443234661e+00 4.596839078550336133e+00 3.188779059098534763e+00 3.892327839419500446e+00 3.476114662086443374e+00 1.779128972767274997e+00 4.179273630709632315e+00 5.151865625349354438e+00 5.014370006172742755e+00 3.251587675179326009e-01 3.604576050938602894e+00 6.077100868482186335e+00 3.605700897752832201e+00
1.229840846226512907e+00 3.362231716743961041e+00 2.792885536549250869e+00 8.911387257174887555e-01 1.315103023569004215e+00 5.723913859141825711e+00 2.588284552043926823e+00 3.357486187334675964e+00 2.508245201024662752e+00 1.985494459660405386e+00 8.939882645006334838e-02 4.705634751738536181e+00 2.427804350175212011e+00 3.851155341782214414e+00 4.959060688431113917e+00 6.911824880353195644e-01
3.891039886344935361e+00 5.524390912032516310e-01 1.419322603880355915e+00 5.350035180640525745e+00 2.603534497153543015e+00 4.622141729072087202e+00 3.599731071032455709e+00 3.934273162905308485e+00 1.240700086338684116e-01 8.847164267057348042e-01 4.439987697387956622e+00 3.993738762931609010e+00 3.783522503830076822e-01 5.538029911586664689e+00 1.690073678227540732e+00 2.847641328493752066e+00
6.081814453614784455e+00 3.145657020472615084e+00 1.396877790351813253e+00 4.104524829967927779e+00 3.188607083647111207e+00 5.989089683409594578e+00 4.182604642639489612e+00 1.701910503160380506e+00 4.877902723453610534e+00 2.049379925691865445e+00 6.177128638085301660e+00 3.651279651570956908e+00 8.965219663231395186e-01 2.532797748615768452e+00 3.445297334811485701e+00 2.197243283541599812e+00
8.146664204955108568e-01 4.487337947517539005e-01 1.577440883210792677e+00 6.638423289117131310e-01 4.389902344288605818e+00 1.936754680917804672e+00 3.418884608076831366e+00 3.896543405885057321e-01 5.295367337459915724e+00 3.764667277252451871e+00 5.680509860476969486e+00 3.557658177666168431e+00 2.394832929806212096e+00 2.400710957972944648e+00 3.238688440522830891e+00 5.433775236114714247e+00
4.645862066011320124e+00 4.332639282870631270e+00 2.704453867351994223e+00 3.152698445496097346e+00 2.138428256259381488e+00 4.811623052796514699e+00 4.180994435333486692e+00 1.756238755807588037e+00 5.406188249207780849e+00 4.597102315943293327e+00 5.495417254873099289e+00 5.508243285819713009e+00 3.992130122506938883e-01 4.019024924772682361e+00 2.284582433235476273e+00 4.228450899434370136e+00
5.452786881218998793e+00 3.581279137821208103e+00 1.345241873377524877e+00 7.019319152425459452e-01 6.112069131799687582e+00 3.018127062261078741e+00 1.162215883505259617e+00 5.188544356698496784e+00 3.545995910161172660e-01 3.978942027368125078e+00 6.017309038103978658e+00 2.193745383242924341e+00 5.357261213736993488e-01 6.093840946792310476e-01 1.120864722554916204e+00 3.700298549801187775e+00
8.148846233055946353e-01 2.346745625257204537e+00 4.449873369171474913e+00 5.403258376633577775e+00 5.718996839953251587e+00 5.302872573497755537e-01 1.918663057341479572e+00 4.005383591806929822e+00 4.451012294162896232e+00 2.585928491140481622e+00 3.504498833778328493e+00 3.470756755374735381e+00 4.422487762433823022e+00 2.201852163730001255e+00 4.183625428262037538e+00 4.481695678659822768e+00
9.529048223281685326e-01 1.154323992290739120e+00 4.214900232104997535e+00 4.333176898798885013e+00 3.441550741236860222e+00 2.584285572792780705e+00 2.361949162335277741e+00 2.562956962467273225e+00 4.678021041681262870e-01 5.625558839868097571e+00 2.354057598341093183e+00 5.344818370706755140e+00 6.086697013016582503e+00 5.079365838852357484e+00 2.156958633644320056e+00 3.546727096813480529e+00
5.271191798658363403e+00 3.783414470231222793e-01 1.144761006563538297e+00 7.570833276231369036e-01 5.027148633134964406e+00 3.711065635386189498e+00 6.996053463717777365e-01 2.978108486770579155e+00 5.142046432600736239e+00 2.734145282603718877e-02 2.487102578061618718e+00 9.356690771793598760e-01 5.004574282164712784e+00 2.901337790623451096e-01 2.325258775917669496e+00 5.538226088720394458e+00
2.000903997562983871e+00 1.437041343652259329e+00 1.386300568133112643e+00 2.177522733474141159e+00 5.092236690029706025e+00 3.216942546671600844e+00 4.324758609593160052e+00 6.504281574844066327e-01 3.936573644240275449e+00 3.605410252546746630e+00 4.115818127803880344e+00 3.636054763939184920e+00 3.859918817083017206e+00 4.298765916729016645e+00 5.528340739632812140e-01 6.777812679128133455e-01
3.108688441215641252e+00 2.220290125938149561e+00 9.353092364245958468e-01 1.154770145656242031e+00 5.682233644383090976e+00 1.718386178319961211e+00 9.557502633675111214e-01 5.760793524746823380e+00 3.144907960134191605e+00 3.514724392719568158e+00 1.886197319306228470e+00 6.179814095930569184e-01 1.094838436540834126e+00 1.721185948235981478e+00 3.861243123620311746e+00 5.432686112855394711e+00
2.581693172117559332e+00 2.446845217236103931e+00 1.519394598284522502e+00 4.545128852854796619e+00 5.903841872873349494e+00 1.391694678688727205e+00 4.575240863478463815e+00 1.302137393667770038e+00 4.284994342433369852e+00 1.410108776925399710e+00 4.480780846974352194e+00 3.739862850823611140e+00 2.591653200295731985e+00 2.158982383860770682e+00 3.982008934792433674e+00 5.021212515003098176e+00
4.263234225429348712e+00 1.080566718941173177e+00 6.660123074717957392e-01 5.135231976403281884e+00 4.947440367418478147e+00 2.095820111498952976e+00 2.466971985224604591e+00 3.482460225440516144e+00 1.995356581657328210e+00 3.802628071896095197e+00 1.229777423147204507e+00 5.334795662995670540e+00 1.950029207065559600e+00 4.932521560445119135e+00 4.310875153562043316e+00 1.763790341075692769e+00
5.595552581211121534e+00 2.281383614642683855e-01 5.663616640267880697e+00 4.785283326598435139e+00 6.777880815984694829e-01 1.325801032187334583e+00 3.336730347744400582e+00 1.444936443167725848e+00 5.233310161842071651e+00 1.889959221933666056e+00 9.967790429482072945e-01 5.651043028501000487e-01 1.964750402320313727e+00 5.503569284773218939e+00 2.582972844887962083e+00 5.739070254092872858e+00
9.151720694260860878e-01 4.681719969266566750e+00 2.392635523327675706e+00 4.936333877694380590e+00 6.157877704740975844e+00 1.431778585799732273e-01 1.343677801426078622e-01 5.285840455789796444e+00 9.831339927417118707e-01 5.187735708728625994e+00 1.117986814814554863e+00 6.216722733586951932e+00 4.876606524732451042e+00 2.804906715752951474e+00 1.874830529961368120e+00 6.075853846797576452e+00
4.562547328294168203e+00 3.881775944729776384e+00 1.171790772025594202e-01 3.429011064352695648e+00 2.774398226890316010e+00 1.713681240598597944e+00 1.377542370186534360e+00 5.822911602196617409e+00 9.569932515433743347e-01 3.645201488054447214e+00 4.886115617554174229e+00 6.242492532251185944e-01 3.067968238666348157e-01 2.050036637787859828e+00 7.998877786212819085e-01 1.107326367016244317e+00
3.362402439877513860e+00 2.122829891003938929e+00 1.855252727471504715e+00 2.092015024208718099e+00 3.331899006409047459e+00 2.567220974896159191e+00 3.911294764239670929e+00 1.094504198546208062e+00 2.516876572502425358e+00 5.863734846786619492e+00 5.976081735478932622e+00 5.326823170746172842e+00 4.715479460452925764e+00 5.620681705279634954e+00 2.751022152726973147e+00 3.084815936625118660e+00
5.902786042569516667e+00 3.451989327990748091e+00 4.290922331091715058e+00 2.921645761266927099e+00 4.259862551991096424e+00 5.955554284065088133e+00 7.880743130539478170e-01 3.824200755682479608e-02 2.182731383279584936e+00 5.222871653167080463e-01 2.324759363331680984e+00 4.344977307176968395e+00 2.797063880329865970e+00 4.326421295664268918e+00 2.175683037558826083e+00 2.416567480585441352e+00
7.302922048811844036e-01 5.649061221130564192e+00 3.608779581294511818e+00 5.783940577568700725e+00 4.206071688324419355e+00 4.084565359593256839e-01 8.510887583294448611e-01 4.720106591543844488e+00 1.923124701189273589e+00 5.036231185637914720e+00 4.704807017113999734e+00 5.666406081839260978e+00 2.449687582886205028e+00 5.217875045924050603e+00 5.014207267721364936e+00 5.066845010904180713e-01
