4.218656012727669768e+00 2.707013427134759009e+00 6.526205535848733641e-02 5.039324470878366879e-01 3.052948884560774623e+00 1.218065674859929226e+00 4.286742764003690809e+00 2.615398801180850885e+00 5.386353508208776120e+00 2.255824189757528409e+00 3.598622392466966691e+00 4.622328011685119087e+00 5.834325790591473826e+00 1.981855991197338795e+00 1.504980637660948473e+00 1.583542603208441646e+00 2.682480358817424193e+00 3.159983322677044626e+00 1.765590318934025182e+00 1.235299993019845610e+00
3.242500912680101322e-01 9.982022360519577919e-01 4.106219731951195939e+00 3.252359744132112152e+00 4.748505592398483799e+00 2.027334556984704772e+00 1.263313208808330312e+00 2.346974185550150693e+00 2.031255975701268035e+00 5.080701630668849056e+00 2.795625198636432884e+00 1.279882781235116340e+00 5.502960206053380432e+00 4.030030495539923763e+00 2.479883031821699113e+00 4.880935209774915906e-01 2.242210856558761178e-01 5.938529172162740011e+00 1.362462112049447782e+00 4.083557075846584006e+00
3.879622236510250399e+00 2.935411733419281077e+00 1.208595366670823346e+00 1.603657787303964355e+00 5.996625054427450863e+00 3.300434584339899224e+00 2.263282493096058889e+00 3.540420161061322180e+00 6.824633786474642028e-01 1.025087699371020955e+00 4.845843924817512693e+00 5.761044063189551423e+00 3.938666964351485777e+00 5.601860255129460064e+00 6.008305158670928847e+00 4.543625428800867283e+00 4.219616276328921778e+00 4.750685893378178370e+00 1.475522223412804923e+00 4.696069331416781178e-01
4.318225959134316838e+00 5.988068219245915591e-01 5.347798915557978816e+00 2.423762228130235119e+00 3.923678255766599676e+00 2.173205572593054580e+00 4.165129897944996884e+00 9.733369564947006447e-01 2.889818182403565139e+00 3.402744625899385422e+00 9.229803029927803326e-01 1.632714841423742902e+00 4.162006820644755578e+00 5.339875732927366059e+00 4.581801548771245791e+00 2.848179271985115335e+00 1.847174147992272308e+00 1.947937742290180685e+00 1.189180396998751776e+00 3.052291011114081076e+00
4.237659474638266310e+00 5.506721910312952772e+00 5.072214678213812888e+00 1.116694865546712601e+00 1.741151268935215990e+00 6.257466615692664824e+00 3.791607934626555654e+00 3.877568243636577261e+00 4.128958675245834264e+00 1.994119353131565964e+00 2.662242801080116017e+00 4.754304976211749967e+00 5.349628385151272703e+00 6.061872351401804693e+00 9.471295427838678505e-01 1.655031754535814192e+00 4.317726923610315737e+00 2.365937952779941789e+00 6.040947949941680939e+00 5.224214544039351260e+00
3.233099799100083604e+00 2.082458045400063629e+00 5.826428962012124124e+00 6.115977335370060608e+00 3.172829963819899568e+00 5.163016964968214495e+00 7.023413336874057000e-01 7.724663638568967094e-01 2.807597989315028020e+00 5.015776018838185024e+00 2.644935611926500840e+00 9.003139572730080031e-01 4.293890657512165809e+00 8.286895684652745286e-01 1.947185670803457613e+00 3.599616143002879465e+00 8.010801780388600302e-02 5.612218670277814070e+00 3.897980091281226134e+00 5.831754055050614838e+00
4.883625145369350662e+00 1.680903864815313398e+00 2.963051923191893922e-01 8.650558399566230516e-01 5.826996238736251499e+00 1.665400574297023040e+00 2.808076889144627497e+00 2.547275038248498547e+00 5.148661975637180532e+00 1.801711699970345970e+00 5.671776981194687650e+00 5.025021965984790562e+00 5.675510766893133052e+00 2.617991726109886841e+00 2.676626811356981328e+00 5.249550968660461336e+00 5.952309569489293573e+00 5.140379332266129531e+00 1.523481709256525818e+00 3.449902842165238237e+00
1.597495977841641157e-01 2.557638592885430606e-01 2.454613773319443304e+00 1.345624864503717433e+00 5.778106590577384516e+00 1.977189426925096694e+00 9.299653775361549357e-01 4.710682505538275500e+00 5.723057018695547171e+00 5.670520819741836860e+00 3.294386234243678491e+00 5.829038412475500586e+00 4.921403803269895683e+00 5.384514018523305801e+00 2.283809735361828075e+00 1.004942494011364928e+00 1.154096478258368252e+00 5.099058466763607633e+00 3.336494388795932409e+00 1.584664914481136000e+00
5.259379460493187608e+00 4.935164898841927439e+00 6.261382808875033845e+00 1.386189322475233077e+00 4.484830532713532492e+00 5.019292958672687099e+00 5.402406925843906471e+00 5.886858471015051997e+00 5.628519406528384117e+00 5.147675415449080916e+00 6.162806334031872169e+00 1.459622262148596805e+00 5.666752320556217803e+00 1.093774312226276857e+00 5.341359205485816553e+00 2.786032325665976916e+00 3.704774260895896898e+00 3.713375149225799809e+00 3.208254010880494889e+00 4.323685303625695475e+00
1.132008255862010371e+00 6.256876988196576228e+00 5.758270552458294667e+00 3.409506768170620816e+00 5.410749459669714767e+00 2.261205814040631701e+00 3.073874471233606798e+00 2.856238639586892170e+00 2.331580980446299467e+00 2.353274885114120973e+00 5.524711009979161869e-01 1.382766685813603402e+00 3.827452444883438165e+00 5.916453689732482424e+00 4.418588000183182984e+00 1.736342682496869294e+00 6.054718783150573325e-01 4.663735843606711562e+00 5.437366065160294859e+00 1.230116779832738372e+00
6.201525027979835070e-01 5.395038688559078643e+00 4.347251019326329846e+00 4.649827644626098322e-01 3.903531792093342556e+00 3.669120136447877600e-01 4.462573699095646163e+00 6.226878589525993490e+00 4.859451887961637517e+00 3.441467390678664362e+00 8.550977229106803135e-01 4.166476490265051069e+00 2.118262748691575492e+00 1.169401810682382026e+00 1.175402904107682112e+00 1.798000565159399766e+00 6.146177005887756728e+00 1.968622999463920165e+00 5.431098222813315779e+00 5.084428593923360218e+00
4.432370123319103961e+00 2.823121674823099170e+00 5.450202239577499608e-01 2.975827000008462342e+00 4.580241946837140254e+00 6.145256395079802481e+00 3.085360003001395679e+00 6.945691284518071829e-01 5.654497980867345674e+00 4.822802063173031506e+00 3.119108209194842996e+00 4.962242469560432134e+00 4.928171806865424998e+00 4.678007793087318511e+00 1.284738443531894925e+00 1.199834124232390886e+00 4.379321141400343009e+00 1.684025403052041625e+00 1.169450164350040788e+00 4.498595213314811936e+00
3.744958711563341591e+00 3.316667078371077437e+00 2.705392732576390902e+00 4.486521138170480150e+00 5.552175234592094943e-01 2.737785955700826168e+00 4.721729069195550466e+00 2.234731871863807395e+00 2.725940446586509580e+00 3.631226599052036708e+00 5.986133763234597893e+00 3.785878504563416236e+00 6.202453511603677194e-01 3.257391479876244222e+00 3.034064148261600202e+00 2.201614964100464533e+00 4.206913296875561259e-01 4.335152621875245416e+00 5.463262899310589837e+00 5.804935975226364064e+00
3.668447852265286802e+00 1.504626337078721177e+00 9.627988957268269754e-01 4.979241150051732845e+00 1.700886769520560282e+00 2.588926687432382856e+00 4.598677971173692924e+00 2.336214880561182650e+00 5.102083429608969212e+00 8.704704015199518086e-01 3.287220037931799510e+00 1.541267692672031009e+00 7.221967659688651731e-01 1.937186099064567735e+00 5.189596399494923240e+00 5.269635099514920817e+00 9.503056223449499740e-01 3.155613871275964044e+00 2.763361658598627812e+00 3.905603907220246640e+00
3.996913980809464029e+00 6.034464534199796226e+00 1.236132270271844691e+00 1.465014381435179480e+00 3.174413805349043827e+00 4.090644954116285703e+00 3.193258201115582118e+00 4.246696010291686640e+00 5.768750460393315294e+00 3.333914076180855446e+00 6.145870604687799776e+00 5.466038971227247245e+00 5.400966025677019111e+00 6.191608274013420399e+00 2.292117070830377301e+00 5.691332357242529838e+00 5.299108433835513665e+00 3.618955650082273046e+00 3.250848284135816613e+00 2.010358037364044781e-01
1.452392221024970453e+00 4.560221745223437928e+00 3.446476851459068236e+00 3.074355359734334825e-01 2.144035092282596366e+00 4.637360687523884195e+00 3.888235003271409251e+00 3.892012998787721223e+00 6.153117748650454466e+00 1.636221777797523647e+00 1.176761123839096257e+00 5.659077832231300675e+00 1.937864885917801372e+00 5.319078060351826842e+00 2.521755159942505653e+00 1.161448700808148882e+00 2.955846739595676009e+00 4.208469911350320558e+00 6.170625805040002021e+00 2.655018230834423676e+00
6.099644663806039979e+00 7.971984544176055620e-02 2.196196459955314317e+00 4.505422647666873281e+00 2.683572864366456034e+00 1.215051715194668258e+00 5.224752394970169966e+00 1.475257017901442147e+00 6.028171552197222560e+00 3.933867207157467849e+00 3.044220190296187845e+00 5.541951806280256854e+00 4.123869021994231332e+00 4.943231074369797362e+00 2.609851741335272646e+00 3.238283304884936431e+00 8.363898594980469225e-02 7.107413316271973813e-02 3.494004084611935568e+00 5.411940297873480077e+00
3.660622915235287600e+00 2.495978837018188123e+00 2.461633510086832288e+00 3.608973153959041280e+00 4.523586633465576767e+00 4.990067012627235954e+00 5.025209154342809015e+00 5.557893744429975413e+00 1.420956380085724557e+00 1.989490791982191364e+00 2.246733526674857817e+00 1.644191667560813974e-01 2.556381693048447090e+00 5.203184602742397580e+00 1.159233105561682797e-01 4.843684498251315418e+00 2.058941721985740880e+00 3.586174913314774670e+00 1.578611237571960535e+00 2.300891654321702173e+00
4.107712320255107130e+00 2.078495160864324731e+00 1.092560458936240542e+00 5.485777252610382071e+00 3.586543403076773551e+00 4.731369660624126006e+00 6.583284323264521065e-01 6.233320880200582392e-01 3.812461425812478488e+00 1.849630849015623912e+00 5.586157537892953329e+00 1.636542801534109026e+00 5.326811489985214365e+00 3.594741127691411187e+00 2.668090209501808197e+00 4.916362171560638927e+00 5.685288900509075205e+00 3.859589095416219529e+00 4.976534040380104496e-01 2.734190414400635039e+00
4.689696938962317319e+00 3.276439648575979025e+00 2.190528653167439721e+00 1.598101447306817524e-01 4.492465069186996729e+00 3.246715677995783089e+00 3.442199563117727124e+00 1.762761636835902812e-01 2.981274474038308586e+00 5.702083809781528068e+00 2.407664680701756765e+00 3.633319581340355153e+00 2.815516566029042878e+00 6.239509394553743427e+00 3.663345382289347363e+00 2.906423486754387664e+00 3.147315469971705415e+00 5.801724729378755496e-01 2.997696202322865378e-01 4.407656550875676871e+00
4.733096784902599552e+00 3.218522963180979968e+00 5.407680673458878040e+00 3.401060686579267855e+00 5.446516097163837777e+00 6.168095784607280363e-01 3.290390745158393582e+00 1.452294390567888449e+00 1.140956882887703472e+00 5.292066925433488223e+00 2.905552116068094382e+00 2.667018166960165360e+00 5.684804839870155391e+00 2.410366518482714326e+00 4.369388712332720637e+00 3.175891841496955692e+00 2.694466964652710850e+00 2.783308181948261684e+00 3.870244173358786455e+00 4.129339753284433812e+00
4.320549849011909416e+00 2.163902777599179039e+00 7.164901639276759493e-01 6.251980122297384312e+00 5.370786644633015250e+00 3.600588613641898750e+00 5.521866209706998596e+00 4.263110882557850645e-01 5.362656452962228926e+00 7.493010109785408490e-01 1.459067937770363033e-01 5.360948739202247459e+00 3.846771554333947574e+00 4.886097513400952330e+00 5.423260999513358271e+00 5.137533226892164739e-01 4.867344717833158363e+00 2.394960132804371256e+00 5.076700906293412530e+00 2.381028873091929121e+00
4.926716338130902706e+00 5.751793894237326121e+00 2.386332912785022575e+00 4.785592863445043754e+00 2.483215867111042030e+00 8.639782169892535890e-01 5.540276325474527752e+00 1.510878984388098978e+00 5.275423155456165913e-01 6.068920298380009903e+00 1.109090126912089858e+00 3.635929875769495556e+00 4.993523869573130436e-01 3.889869921063924707e+00 5.459347483028908599e+00 6.902555791012521258e-01 3.883912737122271697e+00 5.776983850982727375e+00 5.457379769599513430e+00 2.916892309895097846e+00
2.268832229347939933e+00 4.363094586907644512e+00 4.707013493653072977e+00 2.603709852995382601e+00 1.717806592706457192e+00 5.304556405460762569e+00 5.528706411473650384e+00 2.504215311825262358e+00 2.679024744316033768e+00 1.199253821546507393e+00 1.936356044304568202e+00 2.642075648595729298e+00 4.943026882573657410e+00 5.107212148736042678e+00 1.980045684932230321e+00 5.773101773718485319e+00 5.458108338309181740e+00 2.559176345758231719e+00 1.371336585136594177e+00 3.128052745709639204e+00
2.104710877536260849e+00 1.852065022757679591e+00 1.942018251563737197e+00 4.886315343264967304e+00 4.418922255996512227e+00 5.747499400135561487e+00 3.962099368841711211e+00 5.711098539312016165e+00 2.587305408815538055e+00 4.690143617409329169e-01 2.254551603838087503e-01 4.015130782293883094e+00 4.040126044320615506e+00 3.605945798503467525e+00 3.460398018585395530e+00 4.607716090847413071e+00 4.658475682528274930e+00 8.380815992226119115e-02 4.822033675078402304e+00 1.277077549419719515e+00
6.001138634655866611e+00 3.688155411801182559e+00 3.683277734733500619e+00 1.563288310385247515e+00 4.467733320892413040e+00 3.184503509175518943e+00 2.786730992934796536e+00 2.366096792211092925e+00 1.306387512481921753e+00 1.239143048344971465e+00 1.532096609556840239e+00 4.674750011635249614e+00 3.903345573195676099e+00 5.776658776139362850e+00 1.395690946618329598e+00 4.705603568122771918e+00 8.954564075957878178e-01 3.048477145582400905e+00 5.164421067168222912e+00 5.087368638417753886e+00
2.187587560557335387e+00 2.638159900706496419e+00 3.749386027916992159e+00 1.726058786460782368e+00 5.225810806997103874e+00 1.323049829624267870e+00 3.209165793209685980e+00 4.008427467213174999e+00 3.896249290959341138e+00 5.454122423363389593e+00 2.716695908021733441e-01 6.023919125148225362e+00 4.335593725646552876e+00 6.826169245769898586e-01 3.118094391526338605e+00 6.373308348927884948e-02 5.274306988935479446e+00 4.326892813567340568e+00 2.742918049239905010e+00 2.988904895032146847e+00
5.954511796694376358e+00 3.504039248023382402e+00 3.314692469094702609e+00 4.617972037553212061e+00 5.109408686677143763e-01 5.514703474508053205e+00 1.701235595289120273e+00 2.957515645677935456e+00 8.450995980988756928e-01 1.256871047432937205e+00 5.312247173816857959e+00 9.684563139044887192e-01 6.267829671280130022e+00 3.649871156636427916e+00 3.771373831080282457e+00 1.893046784330900012e+00 4.978377315789060398e-01 8.517788769714341734e-01 1.921113312834528575e+00 2.031596947032212608e+00
6.055489876887551470e-02 3.454334818319166445e+00 2.949405845283715077e+00 3.859433211990124679e+00 5.426368360768885069e+00 3.768886409965412909e+00 4.024462024128943050e+00 3.434875694392962142e+00 4.410259842134013120e+00 2.775933685863317013e+00 1.022038420256178748e+00 7.224345736415391794e-01 2.659819775857189761e+00 3.693992395252024163e+00 2.073119525100815874e+00 1.093172261965354553e+00 1.482188017825140758e+00 2.335622499304840005e+00 5.554417564939939211e+00 4.895928259863672416e+00
3.719229328990747874e+00 5.325469081768750002e+00 3.543505855111856118e+00 6.294318300046229941e-01 4.123204448313997794e+00 3.435371860363559904e+00 2.188847890512475303e+00 5.940171228061909225e+00 4.724247298776325543e+00 4.119991752132674989e+00 2.619066622194120786e+00 1.045726220095475334e+00 6.081927186243214045e+00 5.553993093573996731e+00 3.039358796186831135e+00 1.924184282704000770e+00 1.472687370099757587e+00 9.979289672495619823e-02 1.744191711112869747e+00 4.862467455147368334e+00
6.281524371670252904e+00 2.861382742826492187e+00 1.464904076809186106e+00 2.911294073930328352e+00 1.031172183964918165e+00 4.022072486776233191e+00 4.671444873789106111e+00 3.432881464281658523e+00 9.823289872238338827e-01 1.592720401742437897e+00 1.484782490214687334e+00 1.259251395432856580e+00 4.595587225102752527e+00 6.148218504031009779e+00 1.169079310678990402e-01 2.174718263594847212e+00 1.193680323684605860e+00 4.831301041242260119e+00 8.956191182660488970e-02 3.371187409729550666e+00
6.223331805895176316e+00 3.752956476178151313e+00 2.500008981206776504e+00 4.111944555921597022e+00 2.645969848779099465e+00 1.048118331204587195e+00 3.001087244236717133e+00 3.342797788868692610e+00 9.619628524062100450e-01 1.180307866563161445e+00 2.115537105038572729e+00 4.525684920714213355e+00 2.295077958774307980e+00 4.915423027508464493e+00 4.192575447990013693e+00 1.841689787661057842e+00 4.040431239104158578e+00 3.357147660230796582e+00 3.489691893835896952e+00 2.117567453514532350e+00
