5.172402328812894190e+00 2.301268770678726927e+00 3.993045248970716443e+00 1.561460128655107082e+00 3.523247594216559753e-01 2.431539277288680356e+00 6.195283483532921132e+00 6.099608584900950703e+00 3.145154205870433817e+00 6.330768507290271963e-01 3.709841648942630243e+00 2.886401119622033384e+00 2.281653550800841312e+00 5.621314107975508456e+00 2.705181710869595246e+00 4.608382631881387859e+00
1.159954219469325976e+00 2.746688861226565859e+00 3.181822174626639299e+00 5.106135060708421047e-01 1.479098255498778047e-01 3.446892711374926588e+00 2.710881978259266134e+00 3.721309777769354898e+00 2.304291680368255602e+00 1.707564334144135332e+00 3.317679088803414444e+00 5.706491667608734275e+00 1.676337251006679185e+00 4.595946745410127932e+00 3.387644258449945545e-01 2.075393653778908831e+00
2.333437637021559041e+00 3.554301577121641298e+00 5.325222527228272718e+00 4.922331693869646863e+00 1.046252401822133526e+00 2.011236434629958936e+00 5.485679459266878943e+00 6.118224240258189894e+00 3.078539913844297038e-01 3.485814317162924336e+00 1.684000338794986007e+00 5.256231395928212535e+00 5.277351670632314473e+00 3.592464613334643619e+00 1.381281993217001736e+00 4.819399653153176644e+00
4.255555654695322154e+00 9.109252626282804410e-01 1.195689804149895119e+00 1.161627586322169607e-02 3.682174009310034357e+00 5.040340082071518069e+00 3.041945786814767239e+00 4.923718456486122719e+00 1.980655859568741350e+00 3.667822658320508467e+00 1.096794664346742776e+00 2.035606277206333914e+00 1.673091846648075087e+00 3.051305302501151839e+00 3.922022250674169541e+00 6.090572121303245545e+00
5.392803384152753843e+00 5.850470951522285468e+00 6.108701937136411075e+00 4.685715230568294309e+00 1.830549351040247519e+00 6.079266805853825950e+00 4.931704867934620040e+00 9.809907575767583543e-01 1.773700220577030029e+00 2.508436960482732125e+00 2.031510316540528827e+00 3.128814845177899429e+00 5.436725746342150778e+00 3.505005153839313881e+00 9.847336215838827789e-01 5.399799625912299561e+00
1.200166360935516874e+00 4.583499530145627610e+00 3.331832380209826194e+00 4.760468111654104995e+00 4.442154842178277718e+00 1.780896941497985164e+00 8.116351363891084469e-01 1.315948171417051782e+00 5.509751827132241431e+00 1.965567147668291659e+00 3.649456994799458620e+00 2.546235098232711019e-02 5.580907958230226784e-01 2.135090400931971111e+00 2.067423496047342990e+00 4.141382534085935596e+00
5.813499819218397313e+00 3.844072405415075000e+00 4.207571704459117434e+00 1.621048241652978561e+00 5.083322643103560523e+00 2.214347540787038771e+00 6.739779477284962850e-01 4.169796324556775957e+00 2.963716213672980881e+00 2.020527212164119568e+00 1.063037276314887647e+00 3.984416773953971536e+00 3.056774542290405794e+00 3.315879579960991919e+00 1.689141409272887584e+00 9.169099865595314869e-01
5.969441654706898248e+00 5.133651907620363275e+00 2.263513449483001150e+00 2.214595541341993989e+00 8.251725158808447258e-01 5.653103988004832381e+00 3.117571709224566501e+00 3.226447329209630510e+00 4.399407153442051133e+00 4.905768762691431029e+00 2.534921434096985671e+00 2.252723182091973531e+00 5.633639936709975871e+00 4.474365404551529757e+00 4.573805500643817190e+00 3.414162940566091153e-01
2.423947272039731704e+00 9.405068096742518202e-01 2.945543202168390273e+00 4.925371301198305574e+00 4.410741606204834575e+00 7.544057025104966563e-01 3.968032016809583062e+00 3.430808392487370462e+00 3.277019759883171623e+00 4.364714114354621088e+00 4.267276683877672561e+00 3.535868186409283798e+00 2.471629244377282042e+00 2.286722749862422521e+00 1.587380765651185799e+00 4.166024901301461192e+00
1.047934181786139840e+00 4.423477725377588321e+00 3.844176140707908473e+00 1.511378924439085614e+00 3.144536500292990588e+00 7.264657594337197155e-01 2.827452397406407414e+00 1.645672940364365289e+00 3.010047328385911047e+00 1.497297789621487851e+00 4.407549570871682754e+00 4.082577009451779482e+00 2.193491947537257403e+00 9.306254428299964854e-01 4.593152884598965535e+00 3.969025759705186562e+00
1.159017096325166696e+00 2.604528511622552500e+00 2.894202731039275722e+00 2.015655989764053135e+00 4.707286668446728939e+00 2.433348177942971535e+00 2.144990910121252981e+00 3.077682847828706159e+00 1.158864978817715885e+00 2.924469350151870928e-01 4.451660911012782051e+00 2.709480369333636673e+00 4.494423536110023321e+00 1.804733764888369008e+00 5.580054292274127192e+00 2.431200842530929052e+00
1.026715324497079695e+00 4.032348374288586612e+00 9.742195186554692965e-01 2.589218152130218886e+00 3.572154524737706893e+00 4.713035044287273934e+00 2.914225531238777922e+00 6.369085997477139660e-01 8.450107161667357314e-01 6.156695427147544031e+00 3.164092764798850155e+00 5.075126232384763902e+00 3.315253987096097976e+00 8.770535362948941316e-01 4.682356513909038398e+00 5.738829211871240510e+00
5.352316440645190632e+00 3.680098968124007719e+00 3.979444989705886560e+00 4.320843969566943166e+00 2.983886721646773488e+00 6.272509706396551366e+00 5.862113615731248117e+00 1.865490490022627235e+00 1.299187669030464620e-01 6.120568450827475360e+00 3.066504059089504963e+00 1.958165653945750595e+00 4.317728477261741915e+00 2.615217556687370770e+00 1.306280776293570645e+00 2.095776241918111182e+00
6.217960697693794003e+00 3.275983140744581412e+00 5.207612841506153778e+00 3.663636791292405270e+00 4.235686710658363552e+00 1.462340549460844352e+00 5.349993498538842651e+00 6.045638916042285871e+00 6.128477777310751939e+00 1.440441569506413000e+00 6.189810718970838010e+00 2.531969373272290880e-01 6.623656996543769715e-01 1.316694965866322509e+00 2.770742764664448465e+00 3.090161789137098935e+00
5.209679732012633124e+00 2.705425965739658878e+00 3.225012287779786213e+00 2.204596235212240796e+00 1.708280651827261520e+00 2.792248566631228890e+00 2.827397027342732350e-01 4.944347448882771445e+00 2.763720059558801623e+00 4.097608997010865117e+00 7.900103854721612917e-01 3.025516395572146688e+00 1.539941597920636118e+00 4.656231828511050885e+00 5.210814495127133128e+00 6.185017022651183360e+00
4.103692281957802557e+00 5.735187429601904086e+00 3.064857571480696041e+00 1.258439686088496101e+00 2.630479759215799795e+00 5.877031335676668355e+00 2.301116611587786576e+00 2.289774238358576852e+00 2.956068061507800770e+00 4.856680732439914716e-01 2.297410904222465522e+00 2.435886308937919242e+00 5.196840242290840628e+00 1.120218361209164737e+00 2.770539355224917344e+00 5.649088771824496646e+00
1.898310549647078682e+00 2.832118081348776073e+00 7.383529828052903810e-01 5.676437109821655724e+00 1.849703509881109875e+00 5.781853058079616581e+00 2.388239495191974537e+00 3.003799182499192533e+00 3.018677983895539985e+00 2.126031125613204953e+00 4.161281469419716217e+00 5.752322401760972426e+00 2.681386045151399333e+00 9.873119152596472325e-01 4.911635094574084093e+00 7.103095515726607356e-01
3.606303329423591997e+00 5.191069603227277618e+00 1.618139791252804383e+00 1.908546804386088702e+00 3.352538094388408219e+00 2.160542544591203817e-01 4.614845512368597191e+00 7.736681421479404408e-01 5.157405308761367380e+00 2.155793163788813083e-01 4.161589298337061926e+00 3.463702362625499909e+00 5.225269324917309000e+00 2.215903064620684315e+00 7.056725473630091061e-01 4.990509834515155063e+00
1.541750976252998395e+00 2.398471078157760505e+00 5.455804172622143788e+00 2.471438483199600800e+00 1.763056760325001360e+00 3.059369592101693680e+00 4.282989639465527354e+00 4.152789823930942426e+00 3.172879625366393785e+00 8.712406900704522394e-01 3.595532946547706388e+00 2.316675914036422146e+00 4.787634834960820207e+00 1.101356886170799410e+00 1.742788654825858874e+00 2.838253317544716214e+00
1.175704774751653359e+00 4.012274512530566106e+00 6.806465411751931871e-01 4.026417440013711158e+00 5.367159930735216911e+00 4.327523733760100910e+00 4.091540415937154229e+00 3.628222925827990775e-01 4.100045039617420173e+00 2.632666874134627299e+00 5.273227406649100502e+00 5.298794886334703413e+00 5.310848340823672853e-01 3.656921063173195652e+00 2.495469164944874585e+00 4.073360477035962823e+00
4.272572645828716986e+00 6.080804813535237052e+00 2.485157989568778647e-02 3.668603046376997856e+00 2.360302283459320360e+00 3.452712501268208278e+00 5.959024275777433211e+00 7.160260999037966201e-01 4.274402345818920423e+00 6.178083419814184296e+00 1.446080235549038973e+00 4.777936313833929027e+00 2.898200420592671911e+00 4.689587283408769736e+00 4.746295144753212014e+00 6.234778733528797190e+00
3.803480933059603664e-01 1.568872588616661845e-01 5.674584036928377095e+00 1.492798899381124533e+00 5.933301287512522393e+00 4.509970916607732860e+00 4.834326329059076777e+00 5.197089950752056264e-01 5.337988895598354766e+00 5.637952648953078238e+00 2.808761464000686381e-01 2.834578822228842832e+00 3.639091907806554005e+00 4.024667639119923201e+00 5.037916696479912027e+00 1.225431967540351774e+00
5.894745867513987214e+00 3.368241656739131784e+00 2.083738195713384478e+00 7.889267675276256941e-01 4.333374882304148024e+00 2.788613443758113153e+00 4.338438243255835935e+00 4.503560409724072677e+00 3.576363914407584055e+00 1.823334463383217141e+00 1.466750680025117326e+00 4.192622205122120249e+00 2.372365840530788805e+00 1.545156816933574095e+00 4.657460136947273455e+00 2.007748757364336278e-01
4.740084415103904547e+00 7.573476764629606395e-01 5.069354190449152142e+00 1.817974658948995348e+00 5.833314186637938548e+00 8.714052384324468825e-01 5.351159867135690362e+00 4.912747447982291682e+00 1.218291882339319843e+00 6.249223837036062434e+00 3.464024970524154590e+00 2.208452205069046936e-01 9.808147640392218536e-01 5.424290183028591450e+00 5.983498332652482432e+00 4.064609556292777981e+00
5.582743207280739917e+00 4.123106004137641278e+00 4.781122423300615765e+00 4.860121663862817520e+00 9.771631955852955187e-01 1.786384254893790685e-02 1.920151092647857549e+00 1.774102507858661693e-01 1.437789366530786532e-02 3.353247937630916553e+00 9.009414044489895135e-01 2.781736504973517099e-01 2.552836781237709740e+00 4.091630171980058961e+00 5.271739256190831391e+00 2.488972848509128699e+00
2.666358046642673507e+00 1.017295754451986278e+00 4.153246501512519728e+00 5.531290929140412871e+00 5.936106629106139287e+00 5.523581995163520553e+00 2.557839263882966119e+00 3.929912231497833530e-01 8.487518720438891329e-01 6.452502610998489541e-01 9.550491956610418498e-01 2.708484020868104025e+00 3.086397411529751889e+00 7.815386532789977414e-01 3.962171859554278974e+00 1.606160210561419666e+00
4.566918902424779603e+00 5.256933591995453625e+00 4.863135476645179089e+00 3.521426106785894294e+00 6.879909726888790988e-01 7.565761789026567152e-01 6.736688284604890331e-01 3.727504811411860963e+00 3.920302094416969751e+00 2.840534791871925258e+00 5.747921964194508959e+00 4.170495769099887617e+00 5.394767183728292004e+00 2.655885730806966660e-01 8.093091278633256502e-01 4.377242340238653995e+00
5.994175454169402784e+00 4.992462512577110267e+00 4.202547041412829643e+00 7.244200365464555924e-01 3.992613018583802020e+00 3.979850963262335117e+00 4.088907769604158027e+00 1.984794685467466735e+00 5.264058124224895607e+00 4.376948607437861405e+00 1.424777289257403323e+00 2.426412420979810469e-01 2.430836132811601491e+00 2.949421817289706649e+00 2.535156364043444466e+00 1.953088482341236720e-01
3.148656094686326234e+00 4.123723904201937351e+00 1.888506084424547149e+00 3.501844489144646300e+00 2.983867409243337487e+00 4.109758154884709525e-01 9.018297193971589465e-01 3.818625084415677495e+00 9.812650631982472449e-01 1.892022441262402044e+00 5.062558815363273013e+00 5.391185221326261434e+00 2.008444899277162410e+00 2.922479202718056168e+00 3.424983772365301160e+00 1.035038552852115767e+00
1.706761507778314702e+00 3.195276891580649981e+00 3.121434779901279821e+00 1.898469581622077351e+00 5.118685033485323110e+00 1.713144939726262805e+00 5.991468882035494659e+00 1.069339382169273600e+00 5.704193092437265022e+00 3.756846306139648206e+00 3.297235034096547945e+00 8.147638063633324546e-01 4.272557832350353801e-01 3.964530793007931653e+00 3.749648849676698870e+00 5.965262135114856257e+00
4.364407819330112126e+00 1.859991949294398816e+00 5.950209696300827744e+00 6.863194817089434130e-01 6.268126878750038600e+00 2.267223540632971268e+00 4.155278954263774693e+00 3.395417332441166280e+00 1.829527324581118997e+00 4.824979974715125408e+00 2.555640834871539369e+00 3.060674086263592386e+00 4.896908413895694756e-01 5.191605213565229526e+00 5.812157533986376023e+00 2.162328525612439822e+00
1.195345127981441324e+00 1.935707928319425175e+00 1.456402282291405781e+00 6.473238083678177768e-01 1.679830698027005464e+00 1.284660586315472086e+00 4.446889597636608293e+00 2.524159096354599008e+00 9.360869280392086766e-01 6.103429550519439140e+00 3.569809802962784051e+00 3.279510993216758208e-01 5.420278572483504753e+00 2.857838892898326932e+00 3.071141607371138615e+00 2.950466998520540951e+00
