5.801137845913959978e+00 5.453777029916414776e+00 1.591101605857470735e+00 3.806992624953537518e+00 3.941504074855765261e+00 4.976980758764892876e+00 1.353738343751872408e+00 5.211060536936506615e+00 2.464803424966965029e+00 6.261423250478133973e+00 5.260993777013692529e+00 2.057004998320363764e+00 6.159957577414670205e+00 1.407170675258916814e+00 4.625823852243611256e+00 3.506590996247863412e+00
4.963277569034953984e+00 2.153980702264872704e+00 3.229301994331540193e+00 2.121704944600786735e+00 4.098568471339712360e+00 2.842097656654232196e+00 5.224960961715296115e+00 1.643177324763529290e+00 1.427094438606677063e+00 3.129030720452607550e+00 2.916713036699915662e+00 4.492888888733369002e-01 3.355898840709774511e+00 1.911661468318694768e+00 3.088744247240430507e+00 1.737758864313824869e+00
6.200416685029201069e+00 3.222119929338524091e+00 1.891866817690867730e+00 3.903124156727944882e+00 4.912428124807866503e+00 3.336716471697516173e+00 9.743100532292169325e-01 2.614491878474705100e+00 2.935732875958576571e+00 4.398091385527681751e+00 2.663532530265957821e+00 3.530116637306702554e+00 2.673234167382906534e+00 4.396965870653529507e+00 3.600634971171636334e+00 2.247169179898313163e-01
5.024154797674613704e+00 5.153601229876195511e+00 2.943848053878000748e+00 4.701644571019223839e+00 3.140851860689070296e+00 6.019276016994663081e+00 9.070444502899133730e-05 2.037108129619487951e+00 5.076360429631523452e+00 5.673735075566406216e+00 6.250572064011699958e+00 2.135904403540061391e+00 1.982610479915129176e+00 2.896244643527217999e+00 2.217424383027314150e+00 4.066089507194540431e+00
1.431037611937375775e+00 2.525795039556327559e+00 9.171308494828764868e-01 4.635659251906661282e+00 8.545406715636940653e-01 6.032751371652516070e+00 1.415031098336977378e+00 6.262510155855371075e+00 2.693569484216130405e+00 5.682047682616662598e+00 5.188320408451760457e+00 1.483282472818760134e+00 3.975090032010776930e+00 5.090001446920571659e+00 4.590130753787454942e+00 5.329815472862898140e+00
1.613926784593553210e+00 4.859621497571751658e-01 3.238000949892073432e+00 3.107989935024257022e+00 5.055872078493727884e+00 1.027105747250629086e+00 8.922541440793695378e-01 9.030552216606514415e-01 4.455157953577976393e+00 2.387907527810451125e+00 3.136830514441167672e+00 3.622003115252583338e+00 2.953710883314249802e+00 1.619749131127566633e-01 1.178932367668783732e+00 3.336810394115014233e+00
3.364401639107929665e+00 5.711470193954675256e-01 2.541704244540708313e+00 9.821576396671614084e-01 3.205472245946072718e+00 4.336358456261639738e+00 4.786651936769424687e+00 5.664256442133468461e+00 6.760311571502845007e-01 1.622254467503181585e+00 2.279484455532284848e+00 4.128672153416428792e+00 4.868272633779294090e+00 4.535723480274520547e+00 2.056297617409152512e+00 1.787540885251682532e+00
2.496593302763994160e+00 4.824196412894758978e+00 3.797735760397647375e+00 6.597773965250582906e-01 2.025882529095150097e+00 3.313740817356791268e+00 1.547230789483630353e+00 5.562308497848317046e+00 3.281528319775779856e+00 1.789607892201068529e+00 5.005416006823012687e+00 7.881500445774716201e-01 2.950614234649993950e+00 2.415543615604099692e+00 8.151803342593398893e-01 1.924943087125505103e+00
2.996389831012669785e-02 5.143584588682281300e+00 1.615668985462951568e+00 1.947703791746046020e-01 3.882068264902888366e+00 4.261813707402584583e+00 5.908798309141677363e-01 4.184517080575278491e+00 4.165502130843953488e+00 1.380918740478159101e+00 2.120296261053025155e+00 6.003237590509084676e+00 8.296199839004653187e-01 2.896867451614753008e+00 4.310356862193362559e+00 4.867319864645953675e-01
1.321091771275755056e+00 3.303583119117017741e+00 1.220037135996871802e+00 5.498563487062938293e+00 5.171837523437639028e+00 3.202740324432606478e+00 4.148196921414860405e+00 9.563889628299145074e-02 4.062488594195916569e+00 2.915521481474133481e+00 2.126519445343023396e+00 4.288254865517338921e+00 1.609093299007612998e+00 1.781126443737296672e+00 4.480943687124341324e+00 1.228481606297856743e+00
2.283819890910748995e+00 4.522034284336838184e+00 2.356301453610221142e+00 3.419002919013687247e+00 1.077923899502173155e+00 2.571346575585026883e+00 4.351154676460991522e-01 3.270730010805168231e+00 1.414517686393405249e+00 1.674476694265183419e+00 5.737803533632763298e+00 5.570715524938322005e+00 2.581679938096411053e+00 5.554732052719436375e+00 5.702940162545945491e+00 4.202510718723024397e+00
1.658598640945659453e+00 2.674773539615394657e+00 4.536648434649298345e+00 4.755946932678693173e+00 3.186313965718257091e+00 4.248163927550796970e+00 1.884025338264898819e+00 1.088745503481126642e+00 5.345734076863531747e+00 3.617750768373833026e+00 2.269895587766041611e+00 5.761701882812809927e+00 6.247524230967998804e+00 4.586573256453566394e+00 3.936765907753750682e+00 5.958812973871826735e+00
4.597188245594783673e+00 2.241151101056788608e+00 4.201058294765680046e+00 2.257249027009951892e+00 4.289594003980749193e+00 3.154963166331104407e+00 5.634055963716494198e+00 4.316056190155967975e+00 4.697987215071186995e+00 1.871338202733212386e+00 2.577990976530512235e+00 4.131244596274839864e+00 3.276402049560892316e+00 4.112188917447032743e+00 2.999628645482776523e+00 4.210087670597092213e+00
9.042469028275358367e-01 5.195009187604640033e+00 1.403039880523504201e-01 9.869015413720443330e-01 5.211956867790294989e-01 1.630420361604292934e+00 3.868239833064668787e+00 2.113078345303015304e+00 4.493352062002379910e+00 5.528081629621127036e+00 3.066417376166375330e+00 5.159186025218256866e+00 1.471096912430682746e+00 1.349345831233779824e+00 7.747118575440967159e-02 1.793624987919232083e+00
4.305483143081127118e+00 3.336040248447664336e+00 4.931838332002419278e+00 3.075825864764209605e+00 4.549622502225625809e+00 5.562811287192777066e-01 3.224712820772141164e+00 2.574492843019803967e+00 2.652549184699535711e+00 3.423179353807406677e+00 4.453488300876282224e+00 1.286483837221520599e+00 5.163504776043997602e+00 1.815542703381477052e+00 2.558828252167678396e+00 1.661954916396752413e+00
5.377808216062470059e+00 3.534083201595157320e+00 4.208052034415183940e-01 3.024564854135067371e+00 2.198559335241770274e+00 4.202787070258201751e+00 2.038468447203874323e+00 4.060499896388316543e+00 1.644710178384212185e+00 5.364821464718304789e+00 3.175730081538495231e+00 4.907384504707463790e+00 1.371810307215133529e+00 3.604176090087120699e+00 6.010430044538057182e+00 3.938482163664089875e-01
2.903656149788454766e+00 2.294758406490792435e+00 2.332625090335003204e-01 1.375810734348472397e-01 8.569522160928446652e-01 4.552937726051650813e+00 2.063498386771673854e+00 5.800398219290634927e+00 4.855266480381529526e+00 2.210274430740488238e+00 6.109366231677646475e+00 5.768347433322767337e+00 6.124821901377628386e+00 5.815000553207998912e+00 5.570923696946666226e+00 3.438027546076100727e+00
4.573541636180639358e+00 3.056086254413849623e+00 1.792923514382100680e-01 3.041849686909381845e+00 1.592285996252840174e+00 1.661649207332670963e+00 1.990731582986093429e+00 4.254650896917989478e+00 2.147794580550525634e+00 5.236144261766726871e+00 2.033110166794989127e+00 6.825590912406833688e-01 5.993255741514964541e+00 4.723451029135001394e-02 4.349029528491000995e+00 2.771012201583608281e+00
2.355555553174451866e+00 1.180002750300795517e-01 4.454501053941388733e+00 3.563306959457060774e+00 2.935085958945733875e+00 6.241725659262234771e+00 6.604628659312035133e-01 1.859812025130064717e+00 3.834899788015248667e+00 2.467749806557652192e+00 1.716799304780804114e+00 9.717312799882165120e-01 5.396359699180008462e+00 1.614472639078857075e+00 1.137862492720800534e+00 4.618518105029926879e+00
2.445236844924223885e+00 4.038028524549255316e+00 4.184497126547368634e-02 7.920652953100612015e-01 6.138982204545502697e+00 1.570287455194757431e+00 1.538447132997084577e+00 1.656359896315211799e-01 5.300222281878611774e+00 3.330984986347055976e+00 4.364980335151845914e+00 3.121436226315053908e+00 3.863646145239017837e+00 3.991038399792141700e+00 5.508872901891989748e+00 4.661032224931272339e+00
2.558480901138036945e+00 4.186125868178343978e+00 3.368569368394067620e-01 3.612537360298447631e+00 2.194372118404231742e+00 2.297220039597525965e+00 1.104537197888453948e+00 5.453983155312765341e+00 4.865852180596950127e+00 6.196298032571206704e+00 5.023915794101498911e-01 3.525685848293970359e+00 5.993772489868321784e+00 6.192134233923366260e+00 2.330631449625139684e+00 1.581004588289572910e+00
5.438611565635600442e+00 9.713651463843449019e-01 3.180167473606421158e+00 1.202507695975689073e+00 5.388071953174105921e+00 3.664787434278342193e+00 1.490474214074677173e+00 1.174518106078819013e+00 1.694888561855417031e+00 1.781202467057318550e+00 3.864656406543606870e+00 2.200079153585648317e+00 1.619712842660574692e+00 4.013459516355654122e-01 5.989174215067220253e+00 5.192469235982807518e+00
2.093372790066078348e+00 5.275032041741760658e+00 3.972743626788890925e+00 4.794836211434229334e+00 6.149690423149309915e+00 5.930854954091098641e+00 2.969846584101015208e-01 9.952756495535807213e-01 2.385468051810346157e+00 5.734045515345978394e+00 5.719674365962275964e+00 3.363771348407796680e+00 3.922935995618880067e+00 4.973160900879713076e+00 2.494874585379783127e+00 4.075413893886648431e+00
5.243068758638098181e+00 3.158890590655744068e-01 5.771134950837635280e-01 5.950841882075222244e+00 3.973113662633489973e+00 3.222801945607389751e+00 1.267730795831708834e-01 5.151968936809046440e+00 5.125926064312609221e+00 5.206413495901079935e-01 1.516137741629454805e+00 3.908284310215697666e+00 5.099276865659383873e+00 2.400993855787760811e+00 1.830412978617447006e+00 3.111694295357627205e+00
4.357479112443674585e-01 9.828977094268129822e-01 4.958186214862002394e+00 2.794958961616349047e+00 4.156551311545218397e+00 5.801769595376664590e+00 4.971536003623877598e-01 4.237216626569815681e+00 5.019227865645877751e-01 3.055321368509540392e+00 3.500367320234463175e+00 4.342162410048952204e+00 4.107415550387596426e+00 3.486545301966656574e+00 1.972581367858154078e+00 9.670528981694110904e-01
1.836465063629493910e+00 4.723144174015107666e+00 6.002098521968839417e-01 4.332106959134926605e+00 3.415278548963700977e+00 2.846088427861190873e+00 2.776054019918362537e-01 3.585499060055821197e+00 4.481282930598824876e+00 5.813086485413038851e+00 5.652959400229253362e+00 1.893329906978401256e-01 2.559987750675936979e+00 5.366318214599985481e-01 1.189115031731828198e+00 4.209270232805002010e+00
1.497191576743577279e-01 1.295619003938998759e+00 5.782023950627591447e+00 1.712299818588993716e+00 1.207274886662478508e+00 2.043232603505789946e+00 3.077532042431904813e+00 1.432668189671822079e+00 5.059464868865258147e+00 5.295785211094625744e+00 6.280313479407382715e+00 4.154972340927766794e+00 3.417922332038295652e-01 2.268345477503617147e+00 1.228496645430672496e+00 7.894016964992291996e-01
3.182653829627498876e+00 5.709440719051314339e+00 1.395191091391690286e+00 5.609318604757136839e+00 2.127568128698646532e+00 5.399907485792167172e+00 9.083950345777643820e-01 2.031094267600471071e+00 2.610028608211473866e+00 2.573343114656468367e-01 3.202130014408654524e-01 3.613404397311836380e+00 6.002533116630946353e+00 5.571428424228683340e+00 4.557737464085075629e+00 7.523882612325998309e-01
3.726351105138451469e+00 2.746226545385245021e+00 1.963073505126240237e+00 2.629181504470766040e+00 8.053223850488461233e-01 2.107203687566067352e+00 7.132770023491561417e-01 3.400401209631586319e+00 1.311684325244738103e+00 5.937929064106339361e+00 4.385249585478398160e+00 5.922787855308470739e+00 3.513506424246102711e+00 1.480858518987740347e+00 3.894238539399828447e+00 4.372548241355972976e-01
1.290748400564279086e+00 1.151125539886039828e+00 6.150105505530167882e+00 4.990151662898044904e+00 8.493981676395310210e-01 2.551702068338268514e+00 7.327189443147607006e-01 3.105570597704528257e+00 6.101490170782146727e+00 4.639695006851261461e+00 5.829197636258806270e+00 3.576434352430880814e+00 3.762546832738540292e+00 3.482523928300387817e-01 2.734467647467464957e+00 1.769137737096969643e+00
8.851421466040965136e-01 4.603807674116460191e+00 6.050096044032513554e+00 3.435819920436012254e+00 4.780390189755368446e+00 2.182662528280964409e+00 1.197955338087741906e+00 4.572767252588425535e+00 3.154886986211982158e+00 1.590304901807854998e+00 5.760539023186787233e+00 3.745437063232802899e+00 3.205047457128352706e-01 2.874893581170352874e+00 3.128686912168625600e+00 2.384568612053695524e+00
2.113893862842593396e+00 4.597658707545209111e+00 1.781063414533635036e+00 2.947073007253137700e+00 3.578674976509915062e+00 1.833480688195644248e+00 5.501640375459043497e+00 4.801766505448630262e+00 4.464175300843719607e-01 3.231868453128801555e+00 3.561788995044168904e-01 2.008477593349074830e+00 5.873016951217924220e-01 3.313421714491585401e+00 2.053686703536080849e+00 2.318348526978534885e+00
